0 0.9109477124183006 0.7080269607843137 0.05800653594771242 0.07107843137254902
0 0.9726307189542484 0.7123161764705882 0.05473856209150327 0.06678921568627451
0 0.7810457516339869 0.6308210784313726 0.031862745098039214 0.02144607843137255
0 0.8204656862745098 0.6207107843137255 0.03390522875816993 0.01715686274509804
0 0.860702614379085 0.6418504901960784 0.03022875816993464 0.015318627450980392
0 0.8909313725490197 0.6377144607843137 0.02696078431372549 0.016237745098039217
0 0.8212826797385621 0.6371017156862745 0.03553921568627451 0.011948529411764705
0 0.8133169934640523 0.5746017156862745 0.0196078431372549 0.04932598039215686
0 0.7589869281045751 0.5736825980392157 0.021241830065359478 0.05667892156862745
0 0.7863562091503268 0.5730698529411765 0.021241830065359478 0.04932598039215686
0 0.8378267973856209 0.5744485294117647 0.017973856209150325 0.049019607843137254
0 0.8715277777777778 0.5056678921568627 0.02165032679738562 0.048100490196078434
0 0.8997140522875817 0.5068933823529411 0.023284313725490197 0.050551470588235295
0 0.8643790849673203 0.5752144607843137 0.02042483660130719 0.046875
0 0.8443627450980392 0.7087928921568627 0.06535947712418301 0.07077205882352941
0 0.9577205882352942 0.6423100490196079 0.07148692810457516 0.019301470588235295
0 0.8431372549019608 0.5059742647058824 0.02042483660130719 0.05177696078431373
0 0.7757352941176471 0.7066482843137255 0.06372549019607843 0.07138480392156862
0 0.6625816993464052 0.7083333333333334 0.03594771241830065 0.06556372549019608
0 0.2079248366013072 0.5605085784313726 0.051470588235294115 0.10692401960784313
0 0.15727124183006536 0.561734068627451 0.04330065359477124 0.10692401960784313
0 0.11029411764705882 0.561734068627451 0.042483660130718956 0.1056985294117647
0 0.4362745098039216 0.8233762254901961 0.03758169934640523 0.1014093137254902
0 0.4810049019607843 0.8241421568627451 0.042075163398692814 0.1090686274509804
0 0.5322712418300654 0.8316482843137255 0.03431372549019608 0.10508578431372549
0 0.5868055555555556 0.828125 0.06740196078431372 0.10477941176470588
0 0.6566584967320261 0.8330269607843137 0.0625 0.10477941176470588
0 0.727328431372549 0.8328737745098039 0.06740196078431372 0.10447303921568628
0 0.8386437908496732 0.8267463235294118 0.1380718954248366 0.11121323529411764
0 0.9605800653594772 0.8644301470588235 0.08129084967320262 0.04197303921568627
0 0.06004901960784314 0.5609681372549019 0.05228758169934641 0.10232843137254902
0 0.015727124183006536 0.5606617647058824 0.03145424836601307 0.10049019607843138
0 0.1840277777777778 0.41605392156862747 0.037173202614379085 0.11213235294117647
0 0.1329656862745098 0.41590073529411764 0.05841503267973856 0.1130514705882353
0 0.07516339869281045 0.41482843137254904 0.05310457516339869 0.10845588235294118
0 0.022263071895424837 0.4128370098039216 0.044526143790849675 0.10998774509803921
0 0.6889297385620915 0.6306678921568627 0.06331699346405228 0.06587009803921569
0 0.6205065359477124 0.6312806372549019 0.05392156862745098 0.06403186274509803
0 0.5676062091503268 0.6389399509803921 0.04125816993464052 0.07261029411764706
0 0.2804330065359477 0.6211703431372549 0.04779411764705882 0.0628063725490196
0 0.34048202614379086 0.6216299019607843 0.061683006535947715 0.05698529411764706
0 0.4054330065359477 0.6231617647058824 0.051879084967320264 0.0508578431372549
0 0.39889705882352944 0.8282781862745098 0.026552287581699346 0.09834558823529412
0 0.7099673202614379 0.7090992647058824 0.042483660130718956 0.06341911764705882
0 0.36703431372549017 0.8278186274509803 0.025735294117647058 0.0974264705882353
0 0.27818627450980393 0.8167892156862745 0.04330065359477124 0.11029411764705882
0 0.6188725490196079 0.7090992647058824 0.03758169934640523 0.06341911764705882
0 0.5731209150326797 0.7120098039215687 0.04003267973856209 0.05698529411764706
0 0.5181781045751634 0.7156862745098039 0.04044117647058824 0.04411764705882353
0 0.4724264705882353 0.7190563725490197 0.042075163398692814 0.042279411764705885
0 0.4311683006535948 0.7161458333333334 0.03145424836601307 0.036458333333333336
0 0.39052287581699346 0.7150735294117647 0.0392156862745098 0.04411764705882353
0 0.33231209150326796 0.7017463235294118 0.04534313725490196 0.06158088235294118
0 0.2743055555555556 0.7040441176470589 0.060866013071895424 0.0661764705882353
0 0.20833333333333334 0.7057291666666666 0.06045751633986928 0.05667892156862745
0 0.20302287581699346 0.6522671568627451 0.05392156862745098 0.04350490196078431
0 0.1488970588235294 0.6997549019607843 0.04370915032679738 0.07659313725490197
0 0.09967320261437909 0.6966911764705882 0.04656862745098039 0.07230392156862746
0 0.04636437908496732 0.6769301470588235 0.054330065359477125 0.11060049019607843
0 0.9187091503267973 0.5772058823529411 0.018790849673202614 0.04779411764705882
0 0.9266748366013072 0.5076593137254902 0.02165032679738562 0.04840686274509804
0 0.9540441176470589 0.507046568627451 0.02165032679738562 0.04718137254901961
0 0.9738562091503268 0.5093443627450981 0.010620915032679739 0.04871323529411765
0 0.029616013071895424 0.7962622549019608 0.03390522875816993 0.09803921568627451
0 0.06515522875816994 0.8169424019607843 0.03308823529411765 0.1173406862745098
0 0.1031454248366013 0.8164828431372549 0.0363562091503268 0.1133578431372549
0 0.13909313725490197 0.8340992647058824 0.028186274509803922 0.09099264705882353
0 0.1830065359477124 0.8299632352941176 0.04820261437908497 0.0857843137254902
0 0.2312091503267974 0.8172487745098039 0.042483660130718956 0.11121323529411764
0 0.3319035947712418 0.8057598039215687 0.03227124183006536 0.09803921568627451
0 0.8171977124183006 0.5038296568627451 0.01919934640522876 0.047487745098039214
0 0.8923611111111112 0.5767463235294118 0.016748366013071895 0.04993872549019608
0 0.7608251633986928 0.5026041666666666 0.020833333333333332 0.05116421568627451
0 0.9093137254901961 0.16574754901960784 0.03839869281045752 0.07230392156862746
0 0.9579248366013072 0.15395220588235295 0.03758169934640523 0.10447303921568628
0 0.028594771241830064 0.2821691176470588 0.049019607843137254 0.10661764705882353
0 0.07250816993464053 0.30744485294117646 0.030637254901960783 0.06464460784313726
0 0.11049836601307189 0.29059436274509803 0.03880718954248366 0.09895833333333333
0 0.15584150326797386 0.27941176470588236 0.04861111111111111 0.1213235294117647
0 0.8703022875816994 0.16299019607843138 0.03227124183006536 0.07475490196078431
0 0.21058006535947713 0.27925857843137253 0.05269607843137255 0.11979166666666667
0 0.3359885620915033 0.2688419117647059 0.06576797385620915 0.05667892156862745
0 0.4089052287581699 0.28109681372549017 0.058823529411764705 0.0628063725490196
0 0.4693627450980392 0.2896752450980392 0.04411764705882353 0.057904411764705885
0 0.5218545751633987 0.2853860294117647 0.051879084967320264 0.06832107843137254
0 0.5831290849673203 0.28860294117647056 0.06004901960784314 0.061887254901960786
0 0.6556372549019608 0.28324142156862747 0.056372549019607844 0.06709558823529412
0 0.7881944444444444 0.5035232843137255 0.020833333333333332 0.046875
0 0.8145424836601307 0.16222426470588236 0.056372549019607844 0.07628676470588236
0 0.7657271241830066 0.17892156862745098 0.034722222222222224 0.0428921568627451
0 0.7265114379084967 0.17846200980392157 0.03308823529411765 0.04503676470588235
0 0.018790849673202614 0.1557904411764706 0.03349673202614379 0.06341911764705882
0 0.05698529411764706 0.14200367647058823 0.03308823529411765 0.0977328431372549
0 0.0951797385620915 0.1409313725490196 0.03839869281045752 0.10355392156862746
0 0.14501633986928106 0.13357843137254902 0.05228758169934641 0.11764705882352941
0 0.20077614379084968 0.1321997549019608 0.053513071895424834 0.11182598039215687
0 0.25449346405228757 0.16482843137254902 0.04656862745098039 0.04963235294117647
0 0.304125816993464 0.1637561274509804 0.044526143790849675 0.047487745098039214
0 0.35294117647058826 0.16681985294117646 0.049019607843137254 0.04503676470588235
0 0.4042075163398693 0.16773897058823528 0.0494281045751634 0.04932598039215686
0 0.4542483660130719 0.16865808823529413 0.04330065359477124 0.050551470588235295
0 0.5026552287581699 0.16988357843137256 0.046977124183006536 0.050551470588235295
0 0.5531045751633987 0.16865808823529413 0.04656862745098039 0.05116421568627451
0 0.5986519607843137 0.17570465686274508 0.039624183006535946 0.03952205882352941
0 0.6441993464052288 0.17539828431372548 0.041666666666666664 0.045649509803921566
0 0.6879084967320261 0.17386642156862744 0.04003267973856209 0.04993872549019608
0 0.7118055555555556 0.29120710784313725 0.04616013071895425 0.06096813725490196
0 0.8784722222222222 0.27389705882352944 0.07802287581699346 0.07720588235294118
0 0.28125 0.2852328431372549 0.03227124183006536 0.058823529411764705
0 0.9464869281045751 0.2772671568627451 0.031862745098039214 0.08088235294117647
0 0.3429330065359477 0.45909926470588236 0.05841503267973856 0.0628063725490196
0 0.4054330065359477 0.46017156862745096 0.0559640522875817 0.061887254901960786
0 0.7988153594771242 0.30315563725490197 0.06331699346405228 0.02420343137254902
0 0.5124591503267973 0.45848651960784315 0.04534313725490196 0.05912990196078431
0 0.5725081699346405 0.45879289215686275 0.068218954248366 0.05912990196078431
0 0.6403186274509803 0.4597120098039216 0.06004901960784314 0.0628063725490196
0 0.7071078431372549 0.4580269607843137 0.06209150326797386 0.06066176470588235
0 0.2790032679738562 0.5390625 0.049019607843137254 0.057291666666666664
0 0.34620098039215685 0.5407475490196079 0.060866013071895424 0.05759803921568627
0 0.4113562091503268 0.5462622549019608 0.05555555555555555 0.0625
0 0.4838643790849673 0.5474877450980392 0.0690359477124183 0.05821078431372549
0 0.5629084967320261 0.5474877450980392 0.07434640522875817 0.061887254901960786
0 0.6354166666666666 0.5435049019607843 0.0625 0.05392156862745098
0 0.4591503267973856 0.6386335784313726 0.04084967320261438 0.07506127450980392
0 0.7032271241830066 0.5399816176470589 0.0625 0.053002450980392156
0 0.940359477124183 0.5768995098039216 0.0196078431372549 0.04718137254901961
0 0.9724264705882353 0.5768995098039216 0.020016339869281044 0.04411764705882353
0 0.2792075163398693 0.4528186274509804 0.04534313725490196 0.056372549019607844
0 0.7122140522875817 0.3737745098039216 0.05514705882352941 0.0661764705882353
0 0.46262254901960786 0.4580269607843137 0.04370915032679738 0.05759803921568627
0 0.511437908496732 0.6447610294117647 0.04330065359477124 0.08118872549019608
0 0.9816176470588235 0.2780330882352941 0.03431372549019608 0.07689950980392157
0 0.7761437908496732 0.41559436274509803 0.059640522875817 0.02665441176470588
0 0.8347630718954249 0.3903186274509804 0.04125816993464052 0.08088235294117647
0 0.8713235294117647 0.39200367647058826 0.025326797385620915 0.08425245098039216
0 0.8984885620915033 0.3947610294117647 0.024918300653594773 0.07873774509803921
0 0.5859885620915033 0.36672794117647056 0.06576797385620915 0.06862745098039216
0 0.9291258169934641 0.3869485294117647 0.030637254901960783 0.0974264705882353
0 0.9626225490196079 0.38863357843137253 0.025735294117647058 0.09712009803921569
0 0.28145424836601307 0.37683823529411764 0.032679738562091505 0.06372549019607843
0 0.3349673202614379 0.36504289215686275 0.06781045751633986 0.06158088235294118
0 0.40522875816993464 0.36902573529411764 0.06045751633986928 0.06709558823529412
0 0.465890522875817 0.3756127450980392 0.04534313725490196 0.061274509803921566
0 0.5163398692810458 0.36994485294117646 0.04493464052287582 0.07077205882352941
0 0.6521650326797386 0.37254901960784315 0.05759803921568627 0.06801470588235294
