0 0.5447916666666667 0.5638671875 0.04479166666666667 0.072265625
0 0.52578125 0.4556640625 0.0234375 0.072265625
0 0.49166666666666664 0.4525390625 0.028125 0.075390625
0 0.45598958333333334 0.4494140625 0.034895833333333334 0.075390625
0 0.4122395833333333 0.4470703125 0.03697916666666667 0.080078125
0 0.36223958333333334 0.444921875 0.049479166666666664 0.075
0 0.3106770833333333 0.446875 0.0453125 0.08046875
0 0.26015625 0.4484375 0.04739583333333333 0.08359375
0 0.20755208333333333 0.444921875 0.049479166666666664 0.08125
0 0.15546875 0.450390625 0.044270833333333336 0.0765625
0 0.6419270833333334 0.3408203125 0.04114583333333333 0.073046875
0 0.5942708333333333 0.3396484375 0.040625 0.072265625
0 0.5505208333333333 0.3361328125 0.042708333333333334 0.076171875
0 0.5614583333333333 0.45546875 0.030208333333333334 0.07578125
0 0.6026041666666667 0.45546875 0.03125 0.07265625
0 0.6778645833333333 0.4552734375 0.030729166666666665 0.069921875
0 0.5002604166666667 0.339453125 0.04114583333333333 0.07265625
0 0.72578125 0.45234375 0.04114583333333333 0.07578125
0 0.8111979166666666 0.4552734375 0.04010416666666667 0.069921875
0 0.86015625 0.45390625 0.0390625 0.07265625
0 0.903125 0.4564453125 0.042708333333333334 0.067578125
0 0.9578125 0.4103515625 0.053125 0.114453125
0 0.9578125 0.5572265625 0.053125 0.108203125
0 0.9497395833333333 0.698828125 0.0453125 0.121875
0 0.9408854166666667 0.878515625 0.03697916666666667 0.03984375
0 0.9807291666666667 0.8763671875 0.034375 0.047265625
0 0.027083333333333334 0.4873046875 0.04479166666666667 0.108984375
0 0.08177083333333333 0.508203125 0.021875 0.0609375
0 0.1125 0.49140625 0.027083333333333334 0.05625
0 0.10911458333333333 0.414453125 0.028645833333333332 0.07109375
0 0.6419270833333334 0.455078125 0.027604166666666666 0.0734375
0 0.45546875 0.3384765625 0.0421875 0.074609375
0 0.35651041666666666 0.33359375 0.04635416666666667 0.084375
0 0.07708333333333334 0.6455078125 0.051041666666666666 0.118359375
0 0.028385416666666666 0.188671875 0.0484375 0.12578125
0 0.09713541666666667 0.1953125 0.0390625 0.1125
0 0.15078125 0.2119140625 0.0390625 0.073046875
0 0.19895833333333332 0.2162109375 0.04479166666666667 0.070703125
0 0.24505208333333334 0.21328125 0.033854166666666664 0.0734375
0 0.28177083333333336 0.2076171875 0.030208333333333334 0.084765625
0 0.321875 0.2060546875 0.029166666666666667 0.087890625
0 0.35859375 0.2103515625 0.028645833333333332 0.088671875
0 0.39765625 0.21015625 0.0296875 0.0859375
0 0.434375 0.21484375 0.030208333333333334 0.08671875
0 0.47682291666666665 0.2099609375 0.0328125 0.089453125
0 0.5096354166666667 0.2162109375 0.0296875 0.083984375
0 0.55859375 0.2197265625 0.04635416666666667 0.069921875
0 0.6104166666666667 0.228515625 0.046875 0.065625
0 0.4078125 0.3337890625 0.041666666666666664 0.077734375
0 0.6598958333333333 0.2267578125 0.042708333333333334 0.069140625
0 0.7567708333333333 0.225 0.03854166666666667 0.07578125
0 0.8083333333333333 0.237890625 0.042708333333333334 0.04375
0 0.8481770833333333 0.219140625 0.027604166666666666 0.0875
0 0.8828125 0.22109375 0.03229166666666667 0.08671875
0 0.8986979166666667 0.3443359375 0.03802083333333333 0.069140625
0 0.8567708333333334 0.34609375 0.040625 0.065625
0 0.8119791666666667 0.3447265625 0.036458333333333336 0.065234375
0 0.7359375 0.3439453125 0.03958333333333333 0.063671875
0 0.6869791666666667 0.3451171875 0.040625 0.067578125
0 0.030208333333333334 0.3490234375 0.03854166666666667 0.108203125
0 0.15234375 0.3283203125 0.050520833333333334 0.078515625
0 0.20729166666666668 0.3310546875 0.040625 0.076953125
0 0.25703125 0.3314453125 0.0453125 0.082421875
0 0.30703125 0.33125 0.04635416666666667 0.0890625
0 0.7072916666666667 0.228125 0.03854166666666667 0.06328125
0 0.49765625 0.56171875 0.04010416666666667 0.0765625
0 0.15494791666666666 0.562109375 0.04739583333333333 0.0921875
0 0.25416666666666665 0.5599609375 0.04375 0.086328125
0 0.26067708333333334 0.79453125 0.04010416666666667 0.08203125
0 0.44869791666666664 0.5662109375 0.03697916666666667 0.080859375
0 0.1546875 0.796875 0.046875 0.07734375
0 0.09192708333333334 0.7859375 0.050520833333333334 0.11171875
0 0.03515625 0.787109375 0.044270833333333336 0.1125
0 0.896875 0.6724609375 0.03854166666666667 0.068359375
0 0.8533854166666667 0.671484375 0.03802083333333333 0.0734375
0 0.81015625 0.6728515625 0.0328125 0.070703125
0 0.7682291666666666 0.67265625 0.035416666666666666 0.07109375
0 0.7236979166666667 0.6748046875 0.03697916666666667 0.069921875
0 0.675 0.67265625 0.03854166666666667 0.07734375
0 0.6338541666666667 0.6740234375 0.0375 0.080859375
0 0.5875 0.6744140625 0.035416666666666666 0.080078125
0 0.5411458333333333 0.6734375 0.0375 0.07578125
0 0.4036458333333333 0.5572265625 0.041666666666666664 0.085546875
0 0.4942708333333333 0.6736328125 0.042708333333333334 0.078515625
0 0.3958333333333333 0.671875 0.04375 0.07890625
0 0.3455729166666667 0.6740234375 0.0421875 0.074609375
0 0.29739583333333336 0.6802734375 0.03958333333333333 0.068359375
0 0.24609375 0.6755859375 0.04010416666666667 0.080859375
0 0.2 0.6787109375 0.042708333333333334 0.081640625
0 0.15052083333333333 0.6763671875 0.042708333333333334 0.082421875
0 0.8950520833333333 0.5625 0.034895833333333334 0.065625
0 0.8533854166666667 0.5615234375 0.033854166666666664 0.070703125
0 0.8109375 0.5619140625 0.034375 0.073046875
0 0.7690104166666667 0.5609375 0.03697916666666667 0.078125
0 0.725 0.565234375 0.03958333333333333 0.07578125
0 0.6828125 0.5623046875 0.036458333333333336 0.078515625
0 0.63359375 0.5609375 0.03697916666666667 0.078125
0 0.5908854166666667 0.5642578125 0.03802083333333333 0.074609375
0 0.44375 0.6712890625 0.040625 0.076953125
0 0.2046875 0.563671875 0.04375 0.0921875
0 0.35598958333333336 0.559765625 0.04114583333333333 0.08046875
0 0.30546875 0.794921875 0.043229166666666666 0.07109375
0 0.89296875 0.883203125 0.04010416666666667 0.07265625
0 0.8515625 0.889453125 0.030208333333333334 0.06953125
0 0.8080729166666667 0.888671875 0.03802083333333333 0.07421875
0 0.7669270833333334 0.8896484375 0.0328125 0.078515625
0 0.7208333333333333 0.8939453125 0.03958333333333333 0.069921875
0 0.6708333333333333 0.8908203125 0.046875 0.076171875
0 0.62421875 0.8947265625 0.0359375 0.075390625
0 0.5830729166666667 0.90078125 0.0390625 0.06328125
0 0.49270833333333336 0.89921875 0.04791666666666667 0.07265625
0 0.44375 0.90859375 0.035416666666666666 0.06640625
0 0.4010416666666667 0.9083984375 0.036458333333333336 0.073828125
0 0.35651041666666666 0.905859375 0.0421875 0.08515625
0 0.3046875 0.9064453125 0.05 0.087109375
0 0.24791666666666667 0.9095703125 0.04895833333333333 0.080859375
0 0.15703125 0.912890625 0.0515625 0.0875
0 0.08854166666666667 0.9375 0.078125 0.06015625
0 0.022916666666666665 0.934765625 0.04583333333333333 0.0625
0 0.3546875 0.7951171875 0.03854166666666667 0.067578125
0 0.40286458333333336 0.7884765625 0.0359375 0.077734375
0 0.4505208333333333 0.7884765625 0.040625 0.074609375
0 0.5052083333333334 0.788671875 0.03854166666666667 0.07734375
0 0.54609375 0.7869140625 0.033854166666666664 0.071484375
0 0.59140625 0.7837890625 0.034895833333333334 0.077734375
0 0.30442708333333335 0.5591796875 0.0453125 0.084765625
0 0.6325520833333333 0.7837890625 0.034895833333333334 0.074609375
0 0.7205729166666667 0.78125 0.034895833333333334 0.07265625
0 0.765625 0.7857421875 0.042708333333333334 0.063671875
0 0.8111979166666666 0.7759765625 0.030729166666666665 0.073828125
0 0.8479166666666667 0.77734375 0.03125 0.07109375
0 0.88984375 0.7798828125 0.03802083333333333 0.062890625
0 0.6791666666666667 0.7828125 0.03333333333333333 0.0765625
0 0.21432291666666667 0.7943359375 0.04114583333333333 0.079296875
