0 0.9205907534246576 0.4721153846153846 0.034674657534246575 0.028365384615384615
0 0.3193493150684932 0.6015625 0.036815068493150686 0.061778846153846156
0 0.272902397260274 0.5961538461538461 0.03724315068493151 0.05336538461538461
0 0.04173801369863014 0.6623798076923076 0.027825342465753425 0.036778846153846155
0 0.15539383561643835 0.6282451923076923 0.03767123287671233 0.05985576923076923
0 0.11087328767123288 0.6306490384615384 0.046232876712328765 0.05504807692307692
0 0.9693921232876712 0.49783653846153847 0.0449486301369863 0.028846153846153848
0 0.9216609589041096 0.49951923076923077 0.045376712328767124 0.023076923076923078
0 0.3578767123287671 0.6157451923076923 0.0410958904109589 0.04927884615384615
0 0.9704623287671232 0.4673076923076923 0.06164383561643835 0.028365384615384615
0 0.19863013698630136 0.6197115384615385 0.038527397260273974 0.05
0 0.3934075342465753 0.5997596153846154 0.026541095890410957 0.06057692307692308
0 0.6663099315068494 0.5867788461538461 0.04323630136986301 0.06586538461538462
0 0.472388698630137 0.5954326923076924 0.03981164383561644 0.06394230769230769
0 0.5293236301369864 0.5979567307692307 0.05094178082191781 0.0641826923076923
0 0.5712756849315068 0.5911057692307692 0.03210616438356165 0.06490384615384616
0 0.6145119863013698 0.5894230769230769 0.05008561643835616 0.06394230769230769
0 0.7123287671232876 0.5814903846153846 0.0410958904109589 0.052884615384615384
0 0.7549229452054794 0.5493990384615385 0.0449486301369863 0.01706730769230769
0 0.7767551369863014 0.5864182692307692 0.03296232876712329 0.050721153846153846
0 0.8167808219178082 0.5801682692307693 0.04452054794520548 0.057451923076923074
0 0.8595890410958904 0.580889423076923 0.036815068493150686 0.046875
0 0.8767123287671232 0.49002403846153847 0.036815068493150686 0.04735576923076923
0 0.8940496575342466 0.5796875 0.02868150684931507 0.046875
0 0.4287243150684932 0.6001201923076923 0.04580479452054795 0.06370192307692307
0 0.8735017123287672 0.4558894230769231 0.047517123287671235 0.019471153846153846
0 0.9310787671232876 0.3691105769230769 0.038527397260273974 0.09158653846153846
0 0.8195633561643836 0.4776442307692308 0.06292808219178082 0.025
0 0.934931506849315 0.5789663461538461 0.02910958904109589 0.045432692307692306
0 0.3420376712328767 0.2731971153846154 0.04794520547945205 0.09879807692307692
0 0.2878852739726027 0.27752403846153845 0.0586472602739726 0.08966346153846154
0 0.2183219178082192 0.2763221153846154 0.06934931506849315 0.09495192307692307
0 0.1523972602739726 0.28064903846153844 0.06592465753424658 0.08870192307692308
0 0.7273116438356164 0.3828125 0.028253424657534245 0.08341346153846153
0 0.7675513698630136 0.38233173076923077 0.04452054794520548 0.08341346153846153
0 0.8084332191780822 0.3825721153846154 0.040667808219178085 0.08389423076923076
0 0.8523116438356164 0.37127403846153845 0.04794520547945205 0.08774038461538461
0 0.894263698630137 0.3717548076923077 0.03339041095890411 0.08629807692307692
0 0.9736729452054794 0.36670673076923077 0.04666095890410959 0.08581730769230769
0 0.20034246575342465 0.5347355769230769 0.06763698630136987 0.03822115384615385
0 0.2660530821917808 0.5320913461538461 0.05779109589041096 0.04350961538461538
0 0.3291952054794521 0.5283653846153846 0.06078767123287671 0.0375
0 0.3839897260273973 0.5271634615384615 0.046232876712328765 0.03701923076923077
0 0.433861301369863 0.5153846153846153 0.0389554794520548 0.052403846153846155
0 0.46875 0.5052884615384615 0.028253424657534245 0.06875
0 0.5021404109589042 0.5024038461538461 0.039383561643835614 0.06490384615384616
0 0.5423801369863014 0.5014423076923077 0.038527397260273974 0.06682692307692308
0 0.5761986301369864 0.4967548076923077 0.025684931506849314 0.06802884615384615
0 0.6138698630136986 0.4938701923076923 0.04452054794520548 0.06610576923076923
0 0.6564640410958904 0.496875 0.03638698630136986 0.046634615384615385
0 0.7016267123287672 0.4969951923076923 0.0410958904109589 0.051682692307692304
0 0.7375856164383562 0.4734375 0.0273972602739726 0.026201923076923078
0 0.7559931506849316 0.5064903846153846 0.05565068493150685 0.027403846153846154
0 0.8142123287671232 0.5038461538461538 0.06078767123287671 0.02451923076923077
0 0.9815924657534246 0.5751201923076923 0.036815068493150686 0.054086538461538464
0 0.352097602739726 0.8282451923076923 0.033818493150684935 0.042548076923076925
0 0.1344178082191781 0.7475961538461539 0.038527397260273974 0.05144230769230769
0 0.21575342465753425 0.8477163461538462 0.04280821917808219 0.071875
0 0.2602739726027397 0.8290865384615385 0.04195205479452055 0.05144230769230769
0 0.3118578767123288 0.8361778846153847 0.04323630136986301 0.05360576923076923
0 0.3032962328767123 0.7955528846153846 0.0389554794520548 0.020432692307692308
0 0.3505993150684932 0.7930288461538462 0.04366438356164384 0.022596153846153846
0 0.3968321917808219 0.2700721153846154 0.06335616438356165 0.09399038461538461
0 0.3996147260273973 0.8319711538461538 0.047517123287671235 0.05480769230769231
0 0.3983304794520548 0.7884615384615384 0.040667808219178085 0.020673076923076922
0 0.4520547945205479 0.7920673076923077 0.036815068493150686 0.0375
0 0.491652397260274 0.8241586538461538 0.03981164383561644 0.05841346153846154
0 0.5284674657534246 0.8114182692307692 0.03210616438356165 0.06899038461538462
0 0.16909246575342465 0.8525240384615385 0.04794520547945205 0.062259615384615385
0 0.5654965753424658 0.809375 0.03767123287671233 0.0673076923076923
0 0.6363441780821918 0.7903846153846154 0.033818493150684935 0.06298076923076923
0 0.7046232876712328 0.7992788461538461 0.04280821917808219 0.06634615384615385
0 0.7973030821917808 0.7871394230769231 0.04409246575342466 0.0733173076923077
0 0.8360445205479452 0.7805288461538461 0.028253424657534245 0.05048076923076923
0 0.9034674657534246 0.7588942307692308 0.05179794520547945 0.025961538461538463
0 0.8998287671232876 0.7936298076923077 0.0488013698630137 0.03581730769230769
0 0.9550513698630136 0.7949519230769231 0.052226027397260275 0.03365384615384615
0 0.9792380136986302 0.744951923076923 0.0449486301369863 0.026923076923076925
0 0.02675513698630137 0.862139423076923 0.04922945205479452 0.10552884615384615
0 0.0935359589041096 0.28305288461538464 0.05008561643835616 0.09350961538461539
0 0.03595890410958904 0.28329326923076925 0.06335616438356165 0.09158653846153846
0 0.6027397260273972 0.7939903846153846 0.030821917808219176 0.06057692307692308
0 0.9683219178082192 0.6899038461538461 0.05736301369863014 0.032692307692307694
0 0.9173801369863014 0.69375 0.0410958904109589 0.027884615384615386
0 0.872431506849315 0.6987980769230769 0.0410958904109589 0.03413461538461538
0 0.17444349315068494 0.7451923076923077 0.03296232876712329 0.05144230769230769
0 0.21575342465753425 0.7397836538461539 0.038527397260273974 0.045432692307692306
0 0.2544948630136986 0.7379807692307693 0.034674657534246575 0.04423076923076923
0 0.2887414383561644 0.7358173076923077 0.03553082191780822 0.04855769230769231
0 0.3240582191780822 0.7329326923076923 0.03339041095890411 0.04375
0 0.2761130136986301 0.6961538461538461 0.0351027397260274 0.015865384615384615
0 0.3159246575342466 0.6943509615384615 0.04280821917808219 0.019471153846153846
0 0.3589469178082192 0.7276442307692308 0.034674657534246575 0.05
0 0.3919092465753425 0.7265625 0.03210616438356165 0.05264423076923077
0 0.4252996575342466 0.7131009615384616 0.026113013698630137 0.04495192307692308
0 0.4574058219178082 0.7180288461538461 0.034674657534246575 0.04519230769230769
0 0.5002140410958904 0.6792067307692308 0.0526541095890411 0.02283653846153846
0 0.5012842465753424 0.7069711538461538 0.046232876712328765 0.023076923076923078
0 0.5059931506849316 0.7292067307692308 0.04708904109589041 0.021875
0 0.5417380136986302 0.7056490384615385 0.02440068493150685 0.04447115384615385
0 0.571917808219178 0.7051682692307693 0.03339041095890411 0.045432692307692306
0 0.6136558219178082 0.692548076923077 0.03981164383561644 0.023076923076923078
0 0.617722602739726 0.7149038461538462 0.04794520547945205 0.01971153846153846
0 0.6658818493150684 0.7111778846153847 0.04238013698630137 0.019471153846153846
0 0.7086900684931506 0.7075721153846154 0.04238013698630137 0.019471153846153846
0 0.6986301369863014 0.6801682692307692 0.05650684931506849 0.02716346153846154
0 0.7647688356164384 0.7064903846153846 0.05607876712328767 0.026923076923076925
0 0.7292380136986302 0.6550480769230769 0.040667808219178085 0.01971153846153846
0 0.8202054794520548 0.6585336538461538 0.0684931506849315 0.026682692307692307
0 0.8217037671232876 0.6990384615384615 0.054366438356164386 0.036057692307692304
0 0.07298801369863013 0.7355769230769231 0.0389554794520548 0.05144230769230769
0 0.4492722602739726 0.2686298076923077 0.03553082191780822 0.09831730769230769
0 0.7358732876712328 0.7933894230769231 0.019691780821917807 0.042548076923076925
0 0.6425513698630136 0.2671875 0.038527397260273974 0.08197115384615385
0 0.5008561643835616 0.26334134615384613 0.0625 0.08774038461538461
0 0.5560787671232876 0.26334134615384613 0.0488013698630137 0.08725961538461538
0 0.6819349315068494 0.41057692307692306 0.053082191780821915 0.03221153846153846
0 0.6725171232876712 0.37548076923076923 0.0642123287671233 0.03413461538461538
0 0.6806506849315068 0.2623798076923077 0.03767123287671233 0.07379807692307692
0 0.7178938356164384 0.2614182692307692 0.0351027397260274 0.07427884615384615
0 0.7649828767123288 0.2544471153846154 0.05650684931506849 0.06754807692307692
0 0.816138698630137 0.2515625 0.04323630136986301 0.07235576923076924
0 0.8617294520547946 0.2498798076923077 0.045376712328767124 0.06802884615384615
0 0.903681506849315 0.25060096153846156 0.039383561643835614 0.06706730769230769
0 0.9439212328767124 0.24771634615384616 0.03424657534246575 0.06370192307692307
0 0.9809503424657534 0.24579326923076922 0.03981164383561644 0.06706730769230769
0 0.09053938356164383 0.4296875 0.0997431506849315 0.04639423076923077
0 0.6018835616438356 0.2681490384615385 0.03767123287671233 0.078125
0 0.2285958904109589 0.4075721153846154 0.038527397260273974 0.08870192307692308
0 0.18279109589041095 0.4157451923076923 0.05393835616438356 0.07860576923076923
0 0.5333904109589042 0.40384615384615385 0.04195205479452055 0.06778846153846153
0 0.5 0.41009615384615383 0.026541095890410957 0.055288461538461536
0 0.4509845890410959 0.4233173076923077 0.047517123287671235 0.036057692307692304
0 0.3951198630136986 0.421875 0.05565068493150685 0.04038461538461539
0 0.5757705479452054 0.40360576923076924 0.0410958904109589 0.06634615384615385
0 0.3929794520547945 0.37908653846153845 0.05565068493150685 0.03413461538461538
0 0.3386130136986301 0.40408653846153847 0.0410958904109589 0.08413461538461539
0 0.3022260273972603 0.40408653846153847 0.032534246575342464 0.08413461538461539
0 0.2681934931506849 0.40408653846153847 0.03638698630136986 0.08413461538461539
0 0.4535530821917808 0.37716346153846153 0.056934931506849314 0.03942307692307692
