0 0.20546875 0.558984375 0.07552083333333333 0.028125
0 0.67421875 0.22890625 0.06302083333333333 0.0671875
0 0.75 0.244921875 0.07395833333333333 0.03671875
0 0.82578125 0.2451171875 0.07552083333333333 0.039453125
0 0.9140625 0.2380859375 0.05625 0.051953125
0 0.96640625 0.23828125 0.04635416666666667 0.0515625
0 0.025 0.3447265625 0.028125 0.044140625
0 0.07630208333333334 0.320703125 0.07239583333333334 0.0296875
0 0.07682291666666667 0.351171875 0.0734375 0.028125
0 0.15416666666666667 0.320703125 0.078125 0.0296875
0 0.15286458333333333 0.3498046875 0.08072916666666667 0.028515625
0 0.23619791666666667 0.31328125 0.0828125 0.03671875
0 0.23723958333333334 0.35 0.08072916666666667 0.03125
0 0.30494791666666665 0.3298828125 0.0453125 0.073046875
0 0.3697916666666667 0.3208984375 0.078125 0.032421875
0 0.36770833333333336 0.352734375 0.07708333333333334 0.03125
0 0.4440104166666667 0.3537109375 0.07239583333333334 0.030859375
0 0.5221354166666666 0.35390625 0.08489583333333334 0.02890625
0 0.446875 0.3228515625 0.071875 0.029296875
0 0.5244791666666667 0.3234375 0.08020833333333334 0.02734375
0 0.5817708333333333 0.3443359375 0.03125 0.045703125
0 0.63203125 0.3419921875 0.0421875 0.054296875
0 0.6731770833333334 0.3423828125 0.0390625 0.051953125
0 0.7197916666666667 0.3369140625 0.053125 0.062109375
0 0.7783854166666667 0.33125 0.059895833333333336 0.075
0 0.8395833333333333 0.336328125 0.06458333333333334 0.065625
0 0.5934895833333333 0.2390625 0.09635416666666667 0.04609375
0 0.9057291666666667 0.3220703125 0.06875 0.066015625
0 0.4981770833333333 0.228125 0.08489583333333334 0.06875
0 0.340625 0.23828125 0.06770833333333333 0.04609375
0 0.4083333333333333 0.6353515625 0.071875 0.023828125
0 0.09114583333333333 0.612109375 0.03229166666666667 0.02734375
0 0.32786458333333335 0.622265625 0.0828125 0.0359375
0 0.55703125 0.6578125 0.07760416666666667 0.028125
0 0.9213541666666667 0.7228515625 0.04895833333333333 0.067578125
0 0.8729166666666667 0.7232421875 0.04791666666666667 0.067578125
0 0.9833333333333333 0.6275390625 0.03229166666666667 0.037109375
0 0.94609375 0.6275390625 0.044270833333333336 0.037109375
0 0.8276041666666667 0.653125 0.059375 0.03828125
0 0.8283854166666667 0.62109375 0.0609375 0.0265625
0 0.7596354166666667 0.6564453125 0.0546875 0.023046875
0 0.3265625 0.655859375 0.084375 0.03125
0 0.26536458333333335 0.6423828125 0.03802083333333333 0.056640625
0 0.20572916666666666 0.658203125 0.071875 0.0265625
0 0.20572916666666666 0.630859375 0.07291666666666667 0.0265625
0 0.13828125 0.659765625 0.06197916666666667 0.02421875
0 0.1359375 0.6357421875 0.06354166666666666 0.022265625
0 0.07760416666666667 0.65234375 0.053125 0.0453125
0 0.05546875 0.221875 0.06302083333333333 0.0265625
0 0.054947916666666666 0.2486328125 0.06302083333333333 0.024609375
0 0.12291666666666666 0.2212890625 0.06354166666666666 0.025390625
0 0.12265625 0.248046875 0.06510416666666667 0.02578125
0 0.20338541666666668 0.2078125 0.06510416666666667 0.0171875
0 0.19505208333333332 0.240234375 0.0671875 0.04375
0 0.2669270833333333 0.2404296875 0.0765625 0.043359375
0 0.41302083333333334 0.24140625 0.078125 0.04140625
0 0.40729166666666666 0.6599609375 0.07395833333333333 0.024609375
0 0.9703125 0.33046875 0.059375 0.046875
0 0.08255208333333333 0.457421875 0.06927083333333334 0.02734375
0 0.9833333333333333 0.916796875 0.035416666666666666 0.05390625
0 0.9145833333333333 0.90859375 0.029166666666666667 0.0375
0 0.8744791666666667 0.91953125 0.051041666666666666 0.059375
0 0.8109375 0.948046875 0.07083333333333333 0.028125
0 0.20885416666666667 0.528515625 0.07604166666666666 0.03046875
0 0.28463541666666664 0.528515625 0.0765625 0.03203125
0 0.37083333333333335 0.5189453125 0.08958333333333333 0.035546875
0 0.3690104166666667 0.55546875 0.09322916666666667 0.034375
0 0.2830729166666667 0.55859375 0.0796875 0.02578125
0 0.48098958333333336 0.6587890625 0.0703125 0.025390625
0 0.13020833333333334 0.5607421875 0.071875 0.026953125
0 0.0640625 0.560546875 0.057291666666666664 0.02734375
0 0.45755208333333336 0.52890625 0.08072916666666667 0.02890625
0 0.45729166666666665 0.5578125 0.08333333333333333 0.02890625
0 0.5390625 0.5322265625 0.07395833333333333 0.028515625
0 0.5401041666666667 0.56015625 0.07395833333333333 0.0265625
0 0.6197916666666666 0.5279296875 0.08229166666666667 0.031640625
0 0.7091145833333333 0.526953125 0.09114583333333333 0.0328125
0 0.6221354166666667 0.5591796875 0.08072916666666667 0.026953125
0 0.7109375 0.559375 0.09479166666666666 0.02734375
0 0.7770833333333333 0.5314453125 0.040625 0.074609375
0 0.5580729166666667 0.6267578125 0.0734375 0.030859375
0 0.6338541666666667 0.6263671875 0.078125 0.030078125
0 0.6997395833333333 0.660546875 0.05364583333333333 0.0234375
0 0.63359375 0.6564453125 0.07447916666666667 0.030078125
0 0.13125 0.5328125 0.07083333333333333 0.028125
0 0.03046875 0.4455078125 0.034895833333333334 0.049609375
0 0.06692708333333333 0.534765625 0.05677083333333333 0.02421875
0 0.018489583333333334 0.5392578125 0.03697916666666667 0.020703125
0 0.08125 0.429296875 0.06770833333333333 0.02890625
0 0.006510416666666667 0.4458984375 0.013020833333333334 0.048046875
0 0.15651041666666668 0.4265625 0.0796875 0.0296875
0 0.15651041666666668 0.456640625 0.08072916666666667 0.028125
0 0.23854166666666668 0.4541015625 0.07708333333333334 0.030859375
0 0.025 0.633984375 0.05 0.08125
0 0.97265625 0.5181640625 0.05572916666666667 0.050390625
0 0.8265625 0.534765625 0.057291666666666664 0.07578125
0 0.321875 0.454296875 0.084375 0.03125
0 0.32109375 0.4216796875 0.08385416666666666 0.033984375
0 0.41875 0.4169921875 0.10833333333333334 0.035546875
0 0.41822916666666665 0.4533203125 0.10729166666666666 0.033984375
0 0.5114583333333333 0.457421875 0.06979166666666667 0.0296875
0 0.5096354166666667 0.426953125 0.07447916666666667 0.03125
0 0.5627604166666667 0.4455078125 0.03177083333333333 0.051953125
0 0.6127604166666667 0.458203125 0.06822916666666666 0.02578125
0 0.6127604166666667 0.4287109375 0.06927083333333334 0.032421875
0 0.6838541666666667 0.432421875 0.07291666666666667 0.02578125
0 0.7578125 0.4279296875 0.07395833333333333 0.033984375
0 0.6830729166666667 0.4607421875 0.0703125 0.028515625
0 0.7552083333333334 0.4599609375 0.075 0.030078125
0 0.8375 0.4587890625 0.08958333333333333 0.027734375
0 0.8364583333333333 0.4310546875 0.08333333333333333 0.027734375
0 0.9630208333333333 0.417578125 0.034375 0.0484375
0 0.98984375 0.4203125 0.0203125 0.04609375
0 0.016927083333333332 0.5619140625 0.033854166666666664 0.024609375
0 0.48203125 0.6341796875 0.07239583333333334 0.023828125
0 0.9690104166666667 0.72265625 0.0453125 0.06640625
0 0.5184895833333333 0.816015625 0.08177083333333333 0.03515625
0 0.6208333333333333 0.8216796875 0.05625 0.033203125
0 0.6833333333333333 0.8146484375 0.06875 0.037109375
0 0.6841145833333333 0.8515625 0.0671875 0.03671875
0 0.7489583333333333 0.8310546875 0.0625 0.024609375
0 0.75 0.8572265625 0.06354166666666666 0.023828125
0 0.8208333333333333 0.815625 0.075 0.0296875
0 0.8213541666666667 0.8494140625 0.07708333333333334 0.037109375
0 0.8802083333333334 0.82890625 0.042708333333333334 0.06953125
0 0.9296875 0.8263671875 0.053125 0.071484375
0 0.9794270833333333 0.8263671875 0.043229166666666666 0.076953125
0 0.07473958333333333 0.9263671875 0.0828125 0.027734375
0 0.07421875 0.95390625 0.08177083333333333 0.02734375
0 0.15859375 0.9220703125 0.08385416666666666 0.028515625
0 0.15885416666666666 0.9517578125 0.08541666666666667 0.028515625
0 0.21927083333333333 0.9328125 0.034375 0.06015625
0 0.26875 0.9544921875 0.06458333333333334 0.023046875
0 0.2682291666666667 0.9232421875 0.06458333333333334 0.038671875
0 0.32786458333333335 0.926171875 0.0515625 0.078125
0 0.40963541666666664 0.934375 0.0421875 0.065625
0 0.45416666666666666 0.9263671875 0.04479166666666667 0.070703125
0 0.5140625 0.9232421875 0.071875 0.030859375
0 0.6216145833333333 0.853515625 0.05677083333333333 0.03125
0 0.5755208333333334 0.8421875 0.03229166666666667 0.05390625
0 0.5174479166666667 0.850390625 0.08072916666666667 0.034375
0 0.44140625 0.856640625 0.0703125 0.02265625
0 0.37942708333333336 0.8548828125 0.05260416666666667 0.028515625
0 0.3809895833333333 0.8205078125 0.0484375 0.022265625
0 0.22317708333333333 0.81484375 0.08802083333333334 0.03515625
0 0.31015625 0.8255859375 0.0828125 0.030078125
0 0.3106770833333333 0.85546875 0.08385416666666666 0.02734375
0 0.22552083333333334 0.8509765625 0.08645833333333333 0.035546875
0 0.13489583333333333 0.8505859375 0.0875 0.042578125
0 0.052083333333333336 0.8576171875 0.078125 0.029296875
0 0.05364583333333333 0.821875 0.075 0.0390625
0 0.8125 0.7388671875 0.04895833333333333 0.067578125
0 0.58515625 0.913671875 0.0671875 0.03984375
0 0.7536458333333333 0.7333984375 0.04895833333333333 0.078515625
0 0.69375 0.730078125 0.06770833333333333 0.03359375
0 0.61796875 0.7544921875 0.08177083333333333 0.033984375
0 0.6182291666666667 0.7181640625 0.08229166666666667 0.037890625
0 0.54453125 0.76015625 0.06197916666666667 0.02421875
0 0.5447916666666667 0.7349609375 0.06354166666666666 0.026171875
0 0.47890625 0.7537109375 0.06927083333333334 0.034765625
0 0.41432291666666665 0.7591796875 0.0578125 0.022265625
0 0.47682291666666665 0.719140625 0.06822916666666666 0.0328125
0 0.41458333333333336 0.7345703125 0.05520833333333333 0.023046875
0 0.44166666666666665 0.8328125 0.07083333333333333 0.025
0 0.6940104166666666 0.759375 0.0671875 0.025
0 0.6567708333333333 0.9158203125 0.07604166666666666 0.033203125
0 0.7013020833333333 0.6345703125 0.05677083333333333 0.022265625
0 0.3497395833333333 0.734375 0.06927083333333334 0.025
0 0.10963541666666667 0.757421875 0.08177083333333333 0.03515625
0 0.19583333333333333 0.75390625 0.090625 0.03984375
0 0.27734375 0.735546875 0.06197916666666667 0.025
0 0.2760416666666667 0.758984375 0.06458333333333334 0.021875
0 0.039322916666666666 0.76171875 0.05260416666666667 0.025
0 0.3494791666666667 0.7591796875 0.06875 0.024609375
0 0.7333333333333333 0.9478515625 0.07916666666666666 0.027734375
0 0.6567708333333333 0.9486328125 0.07291666666666667 0.026953125
0 0.5848958333333333 0.949609375 0.06666666666666667 0.02890625
0 0.5140625 0.9525390625 0.06875 0.022265625
0 0.11276041666666667 0.721484375 0.07864583333333333 0.03515625
0 0.038802083333333334 0.7373046875 0.05572916666666667 0.023828125
0 0.8109375 0.914453125 0.06770833333333333 0.03515625
0 0.7356770833333334 0.913671875 0.07760416666666667 0.0375
0 0.19817708333333334 0.7142578125 0.0921875 0.039453125
