0 0.5281862745098039 0.750765931372549 0.04411764705882353 0.017463235294117647
0 0.10334967320261437 0.7973345588235294 0.02369281045751634 0.06464460784313726
0 0.9863153594771242 0.7547487745098039 0.02900326797385621 0.0272671568627451
0 0.07598039215686274 0.7985600490196079 0.02696078431372549 0.057291666666666664
0 0.028186274509803922 0.7889093137254902 0.056372549019607844 0.08088235294117647
0 0.02062908496732026 0.5575980392156863 0.03799019607843137 0.05759803921568627
0 0.9926470588235294 0.6315870098039216 0.015522875816993464 0.022365196078431373
0 0.9910130718954249 0.6602328431372549 0.018790849673202614 0.028799019607843136
0 0.948937908496732 0.6603860294117647 0.05065359477124183 0.021752450980392156
0 0.8929738562091504 0.6608455882352942 0.05392156862745098 0.025122549019607844
0 0.9505718954248366 0.6344975490196079 0.05392156862745098 0.023284313725490197
0 0.8950163398692811 0.6340379901960784 0.049019607843137254 0.022365196078431373
0 0.9575163398692811 0.6061580882352942 0.061274509803921566 0.02665441176470588
0 0.8946078431372549 0.6056985294117647 0.051470588235294115 0.025735294117647058
0 0.8261846405228758 0.6536458333333334 0.061683006535947715 0.04197303921568627
0 0.7598039215686274 0.6539522058823529 0.06454248366013073 0.04503676470588235
0 0.8288398692810458 0.6136642156862745 0.06699346405228758 0.031862745098039214
0 0.7589869281045751 0.6089154411764706 0.06535947712418301 0.03462009803921569
0 0.13133169934640523 0.7958026960784313 0.02165032679738562 0.0664828431372549
0 0.20588235294117646 0.7931985294117647 0.119281045751634 0.056372549019607844
0 0.32455065359477125 0.7850796568627451 0.11233660130718955 0.047487745098039214
0 0.42116013071895425 0.7545955882352942 0.07107843137254902 0.031862745098039214
0 0.5353349673202614 0.7772671568627451 0.051879084967320264 0.031862745098039214
0 0.47937091503267976 0.7450980392156863 0.039624183006535946 0.02267156862745098
0 0.5782271241830066 0.719515931372549 0.044526143790849675 0.012561274509803922
0 0.4728349673202614 0.7907475490196079 0.05269607843137255 0.03431372549019608
0 0.5859885620915033 0.7360600490196079 0.03799019607843137 0.009497549019607842
0 0.590890522875817 0.7549019607843137 0.05759803921568627 0.00857843137254902
0 0.5974264705882353 0.7795649509803921 0.05759803921568627 0.03155637254901961
0 0.6582924836601307 0.7435661764705882 0.044526143790849675 0.024509803921568627
0 0.6607434640522876 0.7774203431372549 0.0559640522875817 0.02971813725490196
0 0.7240604575163399 0.7738970588235294 0.053513071895424834 0.03002450980392157
0 0.7138480392156863 0.7424938725490197 0.04616013071895425 0.0272671568627451
0 0.6924019607843137 0.6576286764705882 0.06781045751633986 0.045649509803921566
0 0.7763480392156863 0.7657781862745098 0.04616013071895425 0.021752450980392156
0 0.8002450980392157 0.7408088235294118 0.061274509803921566 0.016544117647058824
0 0.8335375816993464 0.7668504901960784 0.05106209150326797 0.02267156862745098
0 0.8698937908496732 0.7435661764705882 0.03390522875816993 0.022058823529411766
0 0.9274918300653595 0.7475490196078431 0.0625 0.015318627450980392
0 0.9311683006535948 0.7633272058823529 0.04370915032679738 0.013174019607843137
0 0.41360294117647056 0.7892156862745098 0.0559640522875817 0.03370098039215686
0 0.5296160130718954 0.7259497549019608 0.046977124183006536 0.015625
0 0.6926062091503268 0.6132046568627451 0.06495098039215687 0.035845588235294115
0 0.12418300653594772 0.6881127450980392 0.06535947712418301 0.0508578431372549
0 0.6196895424836601 0.6155024509803921 0.07026143790849673 0.03125
0 0.4944852941176471 0.5502450980392157 0.0763888888888889 0.052083333333333336
0 0.4959150326797386 0.4960171568627451 0.07598039215686274 0.04718137254901961
0 0.411968954248366 0.5496323529411765 0.0755718954248366 0.05575980392156863
0 0.4150326797385621 0.4966299019607843 0.0718954248366013 0.04840686274509804
0 0.33108660130718953 0.5534620098039216 0.07720588235294118 0.05912990196078431
0 0.24754901960784315 0.555453431372549 0.08088235294117647 0.05575980392156863
0 0.3349673202614379 0.49831495098039214 0.07516339869281045 0.04258578431372549
0 0.24387254901960784 0.5010723039215687 0.08333333333333333 0.048100490196078434
0 0.1721813725490196 0.5583639705882353 0.061683006535947715 0.05667892156862745
0 0.1017156862745098 0.5594362745098039 0.06535947712418301 0.056372549019607844
0 0.16727941176470587 0.5015318627450981 0.061683006535947715 0.04656862745098039
0 0.0959967320261438 0.5027573529411765 0.07026143790849673 0.049019607843137254
0 0.9387254901960784 0.43167892156862747 0.05555555555555555 0.031862745098039214
0 0.9848856209150327 0.43014705882352944 0.029411764705882353 0.028799019607843136
0 0.9883578431372549 0.39797794117647056 0.020016339869281044 0.027573529411764705
0 0.9458741830065359 0.39797794117647056 0.05106209150326797 0.027573529411764705
0 0.9458741830065359 0.3633578431372549 0.05106209150326797 0.032475490196078434
0 0.8729575163398693 0.41942401960784315 0.06535947712418301 0.05575980392156863
0 0.8813316993464052 0.3700980392156863 0.07230392156862746 0.03676470588235294
0 0.5696486928104575 0.5359987745098039 0.06331699346405228 0.0744485294117647
0 0.6190767973856209 0.6611519607843137 0.0690359477124183 0.05024509803921569
0 0.6397058823529411 0.5347732843137255 0.07352941176470588 0.0701593137254902
0 0.7883986928104575 0.4934129901960784 0.07026143790849673 0.04442401960784314
0 0.5488153594771242 0.6622242647058824 0.06658496732026144 0.05238970588235294
0 0.5435049019607843 0.6127450980392157 0.0625 0.025735294117647058
0 0.47263071895424835 0.6683517156862745 0.07107843137254902 0.047487745098039214
0 0.3972630718954248 0.6734068627450981 0.07148692810457516 0.04350490196078431
0 0.47549019607843135 0.6222426470588235 0.07026143790849673 0.03982843137254902
0 0.3980800653594771 0.6251531862745098 0.07475490196078431 0.04442401960784314
0 0.18974673202614378 0.6830575980392157 0.05841503267973856 0.048100490196078434
0 0.28880718954248363 0.6729473039215687 0.12173202614379085 0.06158088235294118
0 0.1895424836601307 0.6346507352941176 0.06454248366013073 0.04013480392156863
0 0.12071078431372549 0.6363357843137255 0.068218954248366 0.04595588235294118
0 0.7890114379084967 0.5441176470588235 0.068218954248366 0.0545343137254902
0 0.7144607843137255 0.5490196078431373 0.07026143790849673 0.052083333333333336
0 0.9787581699346405 0.5490196078431373 0.042483660130718956 0.028186274509803922
0 0.926062091503268 0.5494791666666666 0.05555555555555555 0.027879901960784315
0 0.9797794117647058 0.5206801470588235 0.04125816993464052 0.02420343137254902
0 0.926062091503268 0.5206801470588235 0.056372549019607844 0.02420343137254902
0 0.9301470588235294 0.4883578431372549 0.05800653594771242 0.03431372549019608
0 0.8560049019607843 0.5413602941176471 0.061683006535947715 0.0508578431372549
0 0.860498366013072 0.4912683823529412 0.06658496732026144 0.04503676470588235
0 0.7156862745098039 0.49387254901960786 0.06944444444444445 0.04779411764705882
0 0.9820261437908496 0.4912683823529412 0.03594771241830065 0.02849264705882353
0 0.6991421568627451 0.7219669117647058 0.068218954248366 0.007659313725490196
0 0.049223856209150325 0.28262867647058826 0.06985294117647059 0.04013480392156863
0 0.2749183006535948 0.2852328431372549 0.08415032679738563 0.04044117647058824
0 0.19444444444444445 0.2841605392156863 0.07107843137254902 0.040747549019607844
0 0.12152777777777778 0.2835477941176471 0.06985294117647059 0.0389093137254902
0 0.6000816993464052 0.26348039215686275 0.0727124183006536 0.08823529411764706
0 0.6768790849673203 0.26776960784313725 0.06862745098039216 0.08762254901960784
0 0.7522467320261438 0.26868872549019607 0.07475490196078431 0.08946078431372549
0 0.8004493464052288 0.40640318627450983 0.06495098039215687 0.08057598039215687
0 0.7267156862745098 0.40609681372549017 0.06862745098039216 0.07751225490196079
0 0.6523692810457516 0.4053308823529412 0.07107843137254902 0.08026960784313726
0 0.579248366013072 0.40640318627450983 0.06944444444444445 0.078125
0 0.1954656862745098 0.42264093137254904 0.06658496732026144 0.057291666666666664
0 0.2681781045751634 0.4212622549019608 0.06413398692810457 0.0545343137254902
0 0.35723039215686275 0.2867647058823529 0.07802287581699346 0.03860294117647059
0 0.34395424836601307 0.3909313725490196 0.07761437908496732 0.037377450980392156
0 0.9021650326797386 0.2711397058823529 0.0690359477124183 0.08700980392156862
0 0.9750816993464052 0.2584252450980392 0.04820261437908497 0.03952205882352941
0 0.9703839869281046 0.29518995098039214 0.060866013071895424 0.029105392156862746
0 0.04779411764705882 0.4181985294117647 0.07026143790849673 0.06556372549019608
0 0.12091503267973856 0.3584558823529412 0.0718954248366013 0.0545343137254902
0 0.1934232026143791 0.35983455882352944 0.06576797385620915 0.0548406862745098
0 0.2624591503267974 0.3633578431372549 0.06576797385620915 0.0545343137254902
0 0.12295751633986927 0.42049632352941174 0.0661764705882353 0.060355392156862746
0 0.4236111111111111 0.3912377450980392 0.07598039215686274 0.03308823529411765
0 0.3431372549019608 0.43121936274509803 0.07924836601307189 0.03829656862745098
0 0.4223856209150327 0.42953431372549017 0.07352941176470588 0.037377450980392156
0 0.5022467320261438 0.40778186274509803 0.07312091503267974 0.08333333333333333
0 0.8280228758169934 0.26761642156862747 0.06535947712418301 0.08731617647058823
0 0.4401552287581699 0.2902879901960784 0.07720588235294118 0.040747549019607844
0 0.963031045751634 0.7127757352941176 0.05269607843137255 0.02542892156862745
0 0.5196078431372549 0.24662990196078433 0.0784313725490196 0.0428921568627451
0 0.037377450980392156 0.09911151960784313 0.07148692810457516 0.07506127450980392
0 0.11458333333333333 0.10033700980392157 0.07475490196078431 0.07077205882352941
0 0.207312091503268 0.06724877450980392 0.09681372549019608 0.047487745098039214
0 0.2048611111111111 0.11810661764705882 0.0951797385620915 0.048100490196078434
0 0.3098447712418301 0.07337622549019608 0.09272875816993464 0.048100490196078434
0 0.3082107843137255 0.12025122549019608 0.09272875816993464 0.043198529411764705
0 0.4985702614379085 0.08287377450980392 0.08455882352941177 0.04258578431372549
0 0.5861928104575164 0.08838848039215687 0.08333333333333333 0.04932598039215686
0 0.6711601307189542 0.09375 0.08006535947712418 0.04779411764705882
0 0.7555147058823529 0.0977328431372549 0.07802287581699346 0.04350490196078431
0 0.5204248366013072 0.28952205882352944 0.07679738562091504 0.03676470588235294
0 0.5882352941176471 0.13679534313725492 0.07761437908496732 0.04197303921568627
0 0.6703431372549019 0.14231004901960784 0.07516339869281045 0.0389093137254902
0 0.7536764705882353 0.1401654411764706 0.07761437908496732 0.0352328431372549
0 0.49468954248366015 0.13189338235294118 0.08986928104575163 0.04442401960784314
0 0.8366013071895425 0.14537377450980393 0.07352941176470588 0.04013480392156863
0 0.43709150326797386 0.24479166666666666 0.08088235294117647 0.04350490196078431
0 0.3545751633986928 0.2428002450980392 0.07924836601307189 0.04197303921568627
0 0.8359885620915033 0.10049019607843138 0.0690359477124183 0.041666666666666664
0 0.18709150326797386 0.2417279411764706 0.0718954248366013 0.03982843137254902
0 0.11254084967320262 0.23988970588235295 0.06985294117647059 0.03615196078431373
0 0.036968954248366014 0.23697916666666666 0.07393790849673203 0.04013480392156863
0 0.26838235294117646 0.2418811274509804 0.08660130718954248 0.04013480392156863
0 0.9761029411764706 0.11121323529411764 0.04861111111111111 0.03676470588235294
0 0.9142156862745098 0.15027573529411764 0.06781045751633986 0.04258578431372549
0 0.9095179738562091 0.10355392156862746 0.068218954248366 0.04105392156862745
0 0.9761029411764706 0.15165441176470587 0.046977124183006536 0.03370098039215686
