0 0.5041360294117647 0.26062091503267976 0.021752450980392156 0.07924836601307189
0 0.07552083333333333 0.2638888888888889 0.022365196078431373 0.07516339869281045
0 0.4111519607843137 0.25980392156862747 0.0196078431372549 0.07598039215686274
0 0.4352022058823529 0.2604166666666667 0.021752450980392156 0.07883986928104575
0 0.39077818627450983 0.2610294117647059 0.01991421568627451 0.07598039215686274
0 0.3700980392156863 0.2618464052287582 0.0196078431372549 0.07598039215686274
0 0.4808517156862745 0.2589869281045752 0.021752450980392156 0.07924836601307189
0 0.34911151960784315 0.26286764705882354 0.01991421568627451 0.0755718954248366
0 0.30453431372549017 0.26062091503267976 0.0196078431372549 0.07598039215686274
0 0.28339460784313725 0.26266339869281047 0.0196078431372549 0.07598039215686274
0 0.2611825980392157 0.26409313725490197 0.022365196078431373 0.0755718954248366
0 0.23682598039215685 0.26266339869281047 0.022058823529411766 0.07516339869281045
0 0.19669117647058823 0.26429738562091504 0.022058823529411766 0.07516339869281045
0 0.17279411764705882 0.2632761437908497 0.022058823529411766 0.0755718954248366
0 0.4577205882352941 0.26062091503267976 0.02022058823529412 0.07761437908496732
0 0.10018382352941177 0.26572712418300654 0.022058823529411766 0.0755718954248366
0 0.6352634803921569 0.2555147058823529 0.018688725490196078 0.07720588235294118
0 0.6150428921568627 0.2555147058823529 0.01991421568627451 0.08047385620915033
0 0.5919117647058824 0.2577614379084967 0.020833333333333332 0.08006535947712418
0 0.5701593137254902 0.2589869281045752 0.02022058823529412 0.08006535947712418
0 0.5482536764705882 0.2587826797385621 0.021139705882352942 0.07965686274509803
0 0.5265012254901961 0.25980392156862747 0.021752450980392156 0.07924836601307189
0 0.32598039215686275 0.2622549019607843 0.0196078431372549 0.07598039215686274
0 0.15012254901960784 0.2622549019607843 0.022058823529411766 0.07516339869281045
0 0.7129289215686274 0.25102124183006536 0.026348039215686275 0.08047385620915033
0 0.6227022058823529 0.4991830065359477 0.04258578431372549 0.09395424836601307
0 0.5692401960784313 0.3815359477124183 0.028799019607843136 0.09558823529411764
0 0.5997242647058824 0.37969771241830064 0.029105392156862746 0.0959967320261438
0 0.6285232843137255 0.37806372549019607 0.02542892156862745 0.09191176470588236
0 0.6596200980392157 0.37806372549019607 0.029411764705882353 0.0959967320261438
0 0.6917892156862745 0.3756127450980392 0.03308823529411765 0.09763071895424837
0 0.7594975490196079 0.37459150326797386 0.03860294117647059 0.0988562091503268
0 0.7990196078431373 0.37520424836601307 0.03860294117647059 0.09844771241830065
0 0.8334865196078431 0.37683823529411764 0.0272671568627451 0.09763071895424837
0 0.8622855392156863 0.37602124183006536 0.0272671568627451 0.09763071895424837
0 0.8923100490196079 0.37459150326797386 0.030943627450980393 0.10049019607843138
0 0.5390625 0.38092320261437906 0.029105392156862746 0.0959967320261438
0 0.9269301470588235 0.3741830065359477 0.033394607843137254 0.10049019607843138
0 0.1018688725490196 0.4977532679738562 0.03952205882352941 0.09763071895424837
0 0.14384191176470587 0.4993872549019608 0.03952205882352941 0.09763071895424837
0 0.9774816176470589 0.7455065359477124 0.03952205882352941 0.08496732026143791
0 0.9309129901960784 0.7450980392156863 0.04871323529411765 0.08496732026143791
0 0.8806678921568627 0.7418300653594772 0.04932598039215686 0.08496732026143791
0 0.8298100490196079 0.7420343137254902 0.04871323529411765 0.08455882352941177
0 0.7775735294117647 0.7401960784313726 0.0508578431372549 0.08415032679738563
0 0.7267156862745098 0.7422385620915033 0.04656862745098039 0.08088235294117647
0 0.6796875 0.7422385620915033 0.04442401960784314 0.07679738562091504
0 0.632046568627451 0.741421568627451 0.04411764705882353 0.07679738562091504
0 0.9833026960784313 0.3762254901960784 0.033394607843137254 0.10049019607843138
0 0.9952512254901961 0.24877450980392157 0.009497549019607842 0.07516339869281045
0 0.5079656862745098 0.3805147058823529 0.028799019607843136 0.0959967320261438
0 0.44776348039215685 0.3819444444444444 0.026041666666666668 0.09477124183006536
0 0.08363970588235294 0.3819444444444444 0.02696078431372549 0.09722222222222222
0 0.38863357843137253 0.38255718954248363 0.0272671568627451 0.09354575163398693
0 0.3596813725490196 0.38255718954248363 0.027573529411764705 0.09354575163398693
0 0.32965686274509803 0.38235294117647056 0.029411764705882353 0.09640522875816994
0 0.29963235294117646 0.38296568627450983 0.029411764705882353 0.0959967320261438
0 0.26868872549019607 0.383374183006536 0.029411764705882353 0.0959967320261438
0 0.23774509803921567 0.3839869281045752 0.029411764705882353 0.09640522875816994
0 0.20649509803921567 0.3845996732026144 0.029411764705882353 0.0959967320261438
0 0.17463235294117646 0.383374183006536 0.029411764705882353 0.0959967320261438
0 0.14307598039215685 0.38174019607843135 0.029411764705882353 0.0959967320261438
0 0.47671568627450983 0.38092320261437906 0.028799019607843136 0.0959967320261438
0 0.11289828431372549 0.383374183006536 0.0272671568627451 0.09763071895424837
0 0.18535539215686275 0.4991830065359477 0.03982843137254902 0.09803921568627451
0 0.22778799019607843 0.5034722222222222 0.03952205882352941 0.09763071895424837
0 0.27037377450980393 0.5014297385620915 0.03952205882352941 0.09763071895424837
0 0.31357230392156865 0.5006127450980392 0.03952205882352941 0.09763071895424837
0 0.35830269607843135 0.49959150326797386 0.04442401960784314 0.09722222222222222
0 0.40579044117647056 0.494281045751634 0.03462009803921569 0.09477124183006536
0 0.44485294117647056 0.497140522875817 0.0392156862745098 0.10049019607843138
0 0.4886642156862745 0.49754901960784315 0.04044117647058824 0.10049019607843138
0 0.5759803921568627 0.49836601307189543 0.042279411764705885 0.09395424836601307
0 0.41911764705882354 0.3827614379084967 0.027573529411764705 0.09395424836601307
0 0.6784620098039216 0.4959150326797386 0.046262254901960786 0.09477124183006536
0 0.9799325980392157 0.24693627450980393 0.018688725490196078 0.0763888888888889
0 0.5337009803921569 0.49080882352941174 0.03799019607843137 0.09354575163398693
0 0.5378370098039216 0.738562091503268 0.04442401960784314 0.07679738562091504
0 0.3581495098039216 0.6098856209150327 0.03982843137254902 0.09395424836601307
0 0.5848651960784313 0.7377450980392157 0.04411764705882353 0.07679738562091504
0 0.27267156862745096 0.6098856209150327 0.03982843137254902 0.09395424836601307
0 0.23161764705882354 0.6094771241830066 0.03982843137254902 0.09395424836601307
0 0.7382046568627451 0.2555147058823529 0.019301470588235295 0.07475490196078431
0 0.18964460784313725 0.6070261437908496 0.03982843137254902 0.09395424836601307
0 0.14338235294117646 0.6053921568627451 0.03982843137254902 0.09395424836601307
0 0.10202205882352941 0.6074346405228758 0.03982843137254902 0.09395424836601307
0 0.9859068627450981 0.49468954248366015 0.02144607843137255 0.0915032679738562
0 0.9503676470588235 0.4987745098039216 0.04350490196078431 0.09395424836601307
0 0.4022671568627451 0.6090686274509803 0.041666666666666664 0.09395424836601307
0 0.9030330882352942 0.49530228758169936 0.046262254901960786 0.09681372549019608
0 0.7709865196078431 0.25102124183006536 0.030943627450980393 0.08292483660130719
0 0.8313419117647058 0.24979575163398693 0.030943627450980393 0.08292483660130719
0 0.8606004901960784 0.2479575163398693 0.02696078431372549 0.08169934640522876
0 0.8893995098039216 0.24877450980392157 0.02696078431372549 0.08169934640522876
0 0.9162071078431373 0.2479575163398693 0.02297794117647059 0.07679738562091504
0 0.938265931372549 0.2479575163398693 0.019301470588235295 0.07516339869281045
0 0.9589460784313726 0.24836601307189543 0.020833333333333332 0.07761437908496732
0 0.7158394607843137 0.49407679738562094 0.02542892156862745 0.09436274509803921
0 0.8097426470588235 0.49693627450980393 0.04718137254901961 0.09926470588235294
0 0.7581188725490197 0.49673202614379086 0.05116421568627451 0.09967320261437909
0 0.8570772058823529 0.49673202614379086 0.043198529411764705 0.09803921568627451
0 0.4485294117647059 0.6098856209150327 0.041666666666666664 0.09395424836601307
0 0.31495098039215685 0.6098856209150327 0.03982843137254902 0.09395424836601307
0 0.5363051470588235 0.6074346405228758 0.04197303921568627 0.09395424836601307
0 0.6568627450980392 0.25612745098039214 0.02144607843137255 0.07679738562091504
0 0.6824448529411765 0.2549019607843137 0.02665441176470588 0.08006535947712418
0 0.4886642156862745 0.7377450980392157 0.04411764705882353 0.07679738562091504
0 0.4417892156862745 0.7348856209150327 0.04411764705882353 0.07679738562091504
0 0.39368872549019607 0.7381535947712419 0.04411764705882353 0.08169934640522876
0 0.34558823529411764 0.738562091503268 0.04411764705882353 0.08169934640522876
0 0.49172794117647056 0.6070261437908496 0.041666666666666664 0.09395424836601307
0 0.25183823529411764 0.7361111111111112 0.04411764705882353 0.08169934640522876
0 0.20526960784313725 0.7352941176470589 0.04411764705882353 0.08169934640522876
0 0.1568627450980392 0.7328431372549019 0.04411764705882353 0.08169934640522876
0 0.11182598039215687 0.7305964052287581 0.04105392156862745 0.0821078431372549
0 0.29871323529411764 0.7348856209150327 0.04411764705882353 0.08169934640522876
0 0.9837622549019608 0.608251633986928 0.03308823529411765 0.09967320261437909
0 0.5801164215686274 0.608251633986928 0.04197303921568627 0.09395424836601307
0 0.06602328431372549 0.7285539215686274 0.043198529411764705 0.08374183006535947
0 0.6678921568627451 0.6115196078431373 0.041666666666666664 0.09395424836601307
0 0.7129289215686274 0.6086601307189542 0.04350490196078431 0.09640522875816994
0 0.6233149509803921 0.6098856209150327 0.04197303921568627 0.09395424836601307
0 0.8016237745098039 0.608047385620915 0.050551470588235295 0.1017156862745098
0 0.8526348039215687 0.6084558823529411 0.04595588235294118 0.09763071895424837
0 0.8996629901960784 0.6078431372549019 0.04442401960784314 0.0988562091503268
0 0.9448529411764706 0.6064133986928104 0.042279411764705885 0.09844771241830065
0 0.7533700980392157 0.6019199346405228 0.030637254901960783 0.08455882352941177
