0 0.5619140625 0.76484375 0.035546875 0.0421875
0 0.3095703125 0.77421875 0.038671875 0.0296875
0 0.2716796875 0.77265625 0.037109375 0.03177083333333333
0 0.23359375 0.7721354166666666 0.03828125 0.034895833333333334
0 0.15859375 0.7770833333333333 0.028125 0.028125
0 0.140625 0.7216145833333333 0.0265625 0.0171875
0 0.1103515625 0.7622395833333333 0.039453125 0.06614583333333333
0 0.0685546875 0.7536458333333333 0.036328125 0.06875
0 0.037109375 0.7549479166666667 0.025 0.0671875
0 0.03515625 0.6731770833333334 0.03515625 0.0421875
0 0.070703125 0.6760416666666667 0.03359375 0.0375
0 0.1068359375 0.6776041666666667 0.037890625 0.041666666666666664
0 0.143359375 0.6802083333333333 0.03203125 0.03854166666666667
0 0.1787109375 0.6791666666666667 0.037109375 0.0375
0 0.194140625 0.7734375 0.03828125 0.035416666666666666
0 0.264453125 0.2872395833333333 0.01953125 0.0640625
0 0.3328125 0.67890625 0.0375 0.0296875
0 0.3498046875 0.15 0.091796875 0.078125
0 0.526171875 0.7653645833333333 0.0359375 0.0390625
0 0.4916015625 0.7671875 0.031640625 0.03854166666666667
0 0.458203125 0.7677083333333333 0.034375 0.03854166666666667
0 0.38828125 0.77421875 0.03828125 0.03177083333333333
0 0.348828125 0.7729166666666667 0.03828125 0.029166666666666667
0 0.627734375 0.7809895833333333 0.028125 0.021354166666666667
0 0.6275390625 0.7580729166666667 0.027734375 0.024479166666666666
0 0.6568359375 0.78125 0.028515625 0.016666666666666666
0 0.9048828125 0.3151041666666667 0.093359375 0.12916666666666668
0 0.65703125 0.7614583333333333 0.03046875 0.01875
0 0.6927734375 0.70625 0.032421875 0.020833333333333332
0 0.653515625 0.70078125 0.0453125 0.03697916666666667
0 0.60703125 0.6994791666666667 0.0421875 0.034375
0 0.2146484375 0.6802083333333333 0.031640625 0.036458333333333336
0 0.525390625 0.6994791666666667 0.034375 0.036458333333333336
0 0.2921875 0.6817708333333333 0.03828125 0.03125
0 0.596875 0.7721354166666666 0.0328125 0.0421875
0 0.3720703125 0.6830729166666667 0.035546875 0.0234375
0 0.6919921875 0.68515625 0.035546875 0.021354166666666667
0 0.5662109375 0.6986979166666667 0.038671875 0.03697916666666667
0 0.2431640625 0.2890625 0.021484375 0.057291666666666664
0 0.2517578125 0.6799479166666667 0.040234375 0.033854166666666664
0 0.5775390625 0.6330729166666667 0.013671875 0.0421875
0 0.053125 0.5744791666666667 0.02734375 0.040625
0 0.0275390625 0.57734375 0.022265625 0.044270833333333336
0 0.008203125 0.5765625 0.01640625 0.04479166666666667
0 0.686328125 0.47161458333333334 0.04296875 0.0484375
0 0.6439453125 0.4669270833333333 0.038671875 0.0546875
0 0.59921875 0.47291666666666665 0.04296875 0.052083333333333336
0 0.5576171875 0.46796875 0.038671875 0.0546875
0 0.515625 0.46875 0.0421875 0.058333333333333334
0 0.4732421875 0.46796875 0.040234375 0.06197916666666667
0 0.4326171875 0.47213541666666664 0.033984375 0.06197916666666667
0 0.39765625 0.47604166666666664 0.028125 0.058333333333333334
0 0.3666015625 0.5083333333333333 0.026171875 0.040625
0 0.3310546875 0.5114583333333333 0.043359375 0.034375
0 0.2984375 0.48385416666666664 0.021875 0.08854166666666667
0 0.275390625 0.4859375 0.01953125 0.078125
0 0.2490234375 0.48385416666666664 0.025390625 0.08125
0 0.21953125 0.47708333333333336 0.03046875 0.07708333333333334
0 0.1970703125 0.47734375 0.011328125 0.07552083333333333
0 0.1767578125 0.4825520833333333 0.027734375 0.0859375
0 0.153515625 0.48385416666666664 0.01953125 0.08958333333333333
0 0.1310546875 0.484375 0.023828125 0.08958333333333333
0 0.1083984375 0.4830729166666667 0.019140625 0.0890625
0 0.0763671875 0.4861979166666667 0.046484375 0.08385416666666666
0 0.0314453125 0.48802083333333335 0.037109375 0.084375
0 0.106640625 0.57421875 0.025 0.044270833333333336
0 0.133984375 0.575 0.0265625 0.041666666666666664
0 0.1603515625 0.5708333333333333 0.020703125 0.04791666666666667
0 0.1921875 0.5786458333333333 0.03828125 0.034375
0 0.5958984375 0.63515625 0.019921875 0.0390625
0 0.615234375 0.6294270833333333 0.0140625 0.043229166666666666
0 0.635546875 0.63203125 0.021875 0.03802083333333333
0 0.536328125 0.6315104166666666 0.0140625 0.0421875
0 0.51796875 0.6325520833333333 0.02109375 0.04114583333333333
0 0.4876953125 0.6372395833333333 0.037890625 0.03177083333333333
0 0.4462890625 0.6338541666666667 0.042578125 0.034375
0 0.406640625 0.6333333333333333 0.03671875 0.035416666666666666
0 0.6953125 0.5645833333333333 0.0390625 0.035416666666666666
0 0.655859375 0.565625 0.03671875 0.036458333333333336
0 0.6181640625 0.5653645833333333 0.036328125 0.03697916666666667
0 0.5833984375 0.5614583333333333 0.033203125 0.040625
0 0.2865234375 0.3815104166666667 0.023828125 0.07239583333333334
0 0.545703125 0.5627604166666667 0.03828125 0.03697916666666667
0 0.679296875 0.6354166666666666 0.03828125 0.03854166666666667
0 0.4123046875 0.7018229166666666 0.041015625 0.030729166666666665
0 0.4544921875 0.6994791666666667 0.042578125 0.034375
0 0.4923828125 0.6989583333333333 0.028515625 0.0375
0 0.5099609375 0.5598958333333334 0.029296875 0.042708333333333334
0 0.4767578125 0.5463541666666667 0.033984375 0.05
0 0.43984375 0.5552083333333333 0.03515625 0.046875
0 0.4025390625 0.5588541666666667 0.037890625 0.03854166666666667
0 0.3583984375 0.5768229166666666 0.041015625 0.030729166666666665
0 0.3171875 0.5796875 0.0390625 0.0375
0 0.275390625 0.5796875 0.04140625 0.036458333333333336
0 0.232421875 0.5794270833333334 0.04140625 0.0328125
0 0.65390625 0.6328125 0.0109375 0.04479166666666667
0 0.2587890625 0.3809895833333333 0.030078125 0.0734375
0 0.55703125 0.63046875 0.02421875 0.043229166666666666
0 0.2033203125 0.38359375 0.023828125 0.06927083333333334
0 0.56015625 0.3888020833333333 0.046875 0.059895833333333336
0 0.5181640625 0.38958333333333334 0.036328125 0.058333333333333334
0 0.4794921875 0.39114583333333336 0.037890625 0.057291666666666664
0 0.43671875 0.3455729166666667 0.0328125 0.015104166666666667
0 0.4384765625 0.38958333333333334 0.037890625 0.05625
0 0.40234375 0.3888020833333333 0.03203125 0.059895833333333336
0 0.36640625 0.3971354166666667 0.03671875 0.043229166666666666
0 0.3234375 0.4005208333333333 0.0421875 0.036458333333333336
0 0.616015625 0.33567708333333335 0.0578125 0.0515625
0 0.5537109375 0.28515625 0.050390625 0.059895833333333336
0 0.1236328125 0.2942708333333333 0.016796875 0.05416666666666667
0 0.6140625 0.3924479166666667 0.0265625 0.0546875
0 0.103125 0.2890625 0.0234375 0.065625
0 0.0607421875 0.29192708333333334 0.019140625 0.058854166666666666
0 0.023828125 0.29192708333333334 0.03828125 0.0609375
0 0.28125 0.28619791666666666 0.01328125 0.06510416666666667
0 0.301171875 0.2869791666666667 0.021875 0.065625
0 0.3216796875 0.2903645833333333 0.016796875 0.058854166666666666
0 0.3396484375 0.29010416666666666 0.019921875 0.057291666666666664
0 0.367578125 0.28567708333333336 0.03359375 0.06614583333333333
0 0.4052734375 0.2859375 0.039453125 0.06354166666666666
0 0.502734375 0.28463541666666664 0.04921875 0.0609375
0 0.451171875 0.28567708333333336 0.05078125 0.0640625
0 0.6939453125 0.2716145833333333 0.059765625 0.0890625
0 0.08125 0.28854166666666664 0.01953125 0.065625
0 0.6345703125 0.27317708333333335 0.051171875 0.043229166666666666
0 0.5923828125 0.39114583333333336 0.014453125 0.057291666666666664
0 0.0224609375 0.39296875 0.028515625 0.0484375
0 0.1763671875 0.2890625 0.016015625 0.06041666666666667
0 0.1580078125 0.29322916666666665 0.017578125 0.053125
0 0.141015625 0.29322916666666665 0.01796875 0.052083333333333336
0 0.13515625 0.38515625 0.0375 0.06197916666666667
0 0.10078125 0.38776041666666666 0.02734375 0.06927083333333334
0 0.0658203125 0.4002604166666667 0.037890625 0.043229166666666666
0 0.58984375 0.15989583333333332 0.03671875 0.06354166666666666
0 0.628515625 0.15833333333333333 0.0359375 0.057291666666666664
0 0.666796875 0.15729166666666666 0.040625 0.06354166666666666
0 0.195703125 0.2875 0.02109375 0.06458333333333334
0 0.6716796875 0.08177083333333333 0.041015625 0.051041666666666666
0 0.59296875 0.08723958333333333 0.03359375 0.0546875
0 0.686328125 0.39817708333333335 0.04140625 0.033854166666666664
0 0.6849609375 0.3567708333333333 0.040234375 0.03958333333333333
0 0.65234375 0.39088541666666665 0.01875 0.050520833333333334
0 0.6349609375 0.39036458333333335 0.015234375 0.050520833333333334
0 0.173046875 0.3846354166666667 0.034375 0.06302083333333333
0 0.229296875 0.38177083333333334 0.028125 0.071875
0 0.628125 0.08671875 0.03671875 0.05572916666666667
0 0.220703125 0.2859375 0.0234375 0.06354166666666666
