0 0.4381127450980392 0.3869485294117647 0.04534313725490196 0.0857843137254902
0 0.39215686274509803 0.3864889705882353 0.04003267973856209 0.08118872549019608
0 0.06719771241830065 0.3002450980392157 0.09109477124183006 0.0974264705882353
0 0.3459967320261438 0.3903186274509804 0.05555555555555555 0.07904411764705882
0 0.2977941176470588 0.3903186274509804 0.041666666666666664 0.07598039215686274
0 0.21854575163398693 0.39261642156862747 0.056372549019607844 0.08057598039215687
0 0.14358660130718953 0.4387254901960784 0.07965686274509803 0.05269607843137255
0 0.0625 0.43014705882352944 0.0727124183006536 0.0778186274509804
0 0.9660947712418301 0.1174938725490196 0.07107843137254902 0.0272671568627451
0 0.6603349673202614 0.12316176470588236 0.051879084967320264 0.0545343137254902
0 0.8321078431372549 0.11397058823529412 0.05392156862745098 0.05575980392156863
0 0.7722630718954249 0.11810661764705882 0.05514705882352941 0.05116421568627451
0 0.7154820261437909 0.11243872549019608 0.053513071895424834 0.06433823529411764
0 0.5657679738562091 0.12760416666666666 0.04493464052287582 0.057291666666666664
0 0.5208333333333334 0.1334252450980392 0.041666666666666664 0.04932598039215686
0 0.3349673202614379 0.12607230392156862 0.07434640522875817 0.08241421568627451
0 0.3952205882352941 0.12821691176470587 0.04125816993464052 0.08425245098039216
0 0.4505718954248366 0.12300857843137254 0.06862745098039216 0.07873774509803921
0 0.4987745098039216 0.3794424019607843 0.04493464052287582 0.08057598039215687
0 0.8931781045751634 0.1055453431372549 0.053513071895424834 0.0585171568627451
0 0.2246732026143791 0.1331188725490196 0.07679738562091504 0.08118872549019608
0 0.5604575163398693 0.38174019607843135 0.07352941176470588 0.08823529411764706
0 0.7326388888888888 0.3762254901960784 0.07965686274509803 0.08884803921568628
0 0.5302287581699346 0.7262561274509803 0.01715686274509804 0.033394607843137254
0 0.5071486928104575 0.7239583333333334 0.023284313725490197 0.032475490196078434
0 0.46875 0.741421568627451 0.028186274509803922 0.06740196078431372
0 0.41605392156862747 0.7378982843137255 0.02246732026143791 0.04381127450980392
0 0.39276960784313725 0.7392769607843137 0.023284313725490197 0.04350490196078431
0 0.3321078431372549 0.7207414215686274 0.02369281045751634 0.0389093137254902
0 0.553921568627451 0.7397365196078431 0.025326797385620915 0.03462009803921569
0 0.3008578431372549 0.7297794117647058 0.030637254901960783 0.04718137254901961
0 0.21098856209150327 0.6662071078431373 0.05841503267973856 0.043198529411764705
0 0.9626225490196079 0.6655943627450981 0.05106209150326797 0.08425245098039216
0 0.860702614379085 0.655484068627451 0.0457516339869281 0.057904411764705885
0 0.7553104575163399 0.6671262254901961 0.04330065359477124 0.06158088235294118
0 0.7126225490196079 0.6643688725490197 0.039624183006535946 0.07199754901960784
0 0.6713643790849673 0.6626838235294118 0.03553921568627451 0.06556372549019608
0 0.10110294117647059 0.6655943627450981 0.05106209150326797 0.045649509803921566
0 0.6315359477124183 0.6603860294117647 0.042483660130718956 0.06096813725490196
0 0.5782271241830066 0.7411151960784313 0.02246732026143791 0.037377450980392156
0 0.6750408496732027 0.7369791666666666 0.020833333333333332 0.0389093137254902
0 0.6029411764705882 0.8665747549019608 0.032679738562091505 0.09650735294117647
0 0.5281862745098039 0.8671875 0.04330065359477124 0.08486519607843138
0 0.48876633986928103 0.8486519607843137 0.03390522875816993 0.10661764705882353
0 0.45812908496732024 0.8311887254901961 0.024101307189542485 0.0778186274509804
0 0.42463235294117646 0.8521752450980392 0.026552287581699346 0.09099264705882353
0 0.3937908496732026 0.8468137254901961 0.03022875816993464 0.08946078431372549
0 0.6178513071895425 0.7446384803921569 0.04534313725490196 0.047487745098039214
0 0.3619281045751634 0.8471200980392157 0.03104575163398693 0.0900735294117647
0 0.24897875816993464 0.8120404411764706 0.0821078431372549 0.06893382352941177
0 0.167687908496732 0.8314950980392157 0.06658496732026144 0.09803921568627451
0 0.8249591503267973 0.7607230392156863 0.026552287581699346 0.04411764705882353
0 0.7918709150326797 0.7438725490196079 0.020833333333333332 0.03982843137254902
0 0.7393790849673203 0.7515318627450981 0.028594771241830064 0.032475490196078434
0 0.7091503267973857 0.7438725490196079 0.028594771241830064 0.03982843137254902
0 0.3276143790849673 0.8419117647058824 0.031862745098039214 0.09926470588235294
0 0.6441993464052288 0.3782169117647059 0.09803921568627451 0.08425245098039216
0 0.5788398692810458 0.6536458333333334 0.06209150326797386 0.07322303921568628
0 0.45241013071895425 0.6467524509803921 0.051879084967320264 0.0661764705882353
0 0.05841503267973856 0.5499387254901961 0.03022875816993464 0.09987745098039216
0 0.20772058823529413 0.5712316176470589 0.03880718954248366 0.10814950980392157
0 0.9366830065359477 0.22993259803921567 0.059640522875817 0.07996323529411764
0 0.8055555555555556 0.25183823529411764 0.16993464052287582 0.09803921568627451
0 0.6887254901960784 0.25980392156862747 0.04411764705882353 0.0974264705882353
0 0.6423611111111112 0.26761642156862747 0.05106209150326797 0.09037990196078431
0 0.015522875816993464 0.5606617647058824 0.029411764705882353 0.10845588235294118
0 0.5892565359477124 0.2650122549019608 0.04861111111111111 0.08517156862745098
0 0.4660947712418301 0.3013174019607843 0.05800653594771242 0.024816176470588234
0 0.5116421568627451 0.2587316176470588 0.10580065359477124 0.04013480392156863
0 0.3415032679738562 0.2584252450980392 0.07679738562091504 0.11427696078431372
0 0.9297385620915033 0.3431372549019608 0.0718954248366013 0.030637254901960783
0 0.9287173202614379 0.3869485294117647 0.07802287581699346 0.05330882352941176
0 0.8245506535947712 0.3740808823529412 0.0951797385620915 0.0857843137254902
0 0.5290032679738562 0.29840686274509803 0.06209150326797386 0.028799019607843136
0 0.5147058823529411 0.6544117647058824 0.05555555555555555 0.06556372549019608
0 0.15625 0.5484068627450981 0.06576797385620915 0.051470588235294115
0 0.258374183006536 0.5369178921568627 0.0625 0.0934436274509804
0 0.3991013071895425 0.6430759803921569 0.049019607843137254 0.06556372549019608
0 0.3349673202614379 0.6433823529411765 0.04656862745098039 0.0661764705882353
0 0.2818627450980392 0.6418504901960784 0.05310457516339869 0.06924019607843138
0 0.9644607843137255 0.553921568627451 0.0718954248366013 0.10477941176470588
0 0.883578431372549 0.5568321078431373 0.07434640522875817 0.08792892156862746
0 0.8147467320261438 0.5502450980392157 0.060866013071895424 0.0974264705882353
0 0.1511437908496732 0.5081188725490197 0.06862745098039216 0.026041666666666668
0 0.7549019607843137 0.5765931372549019 0.05555555555555555 0.05269607843137255
0 0.539828431372549 0.5730698529411765 0.06658496732026144 0.045649509803921566
0 0.6172385620915033 0.5490196078431373 0.07434640522875817 0.08517156862745098
0 0.5502450980392157 0.5087316176470589 0.05310457516339869 0.07261029411764706
0 0.47998366013071897 0.5548406862745098 0.042483660130718956 0.07720588235294118
0 0.4438316993464052 0.5139399509803921 0.034722222222222224 0.06709558823529412
0 0.3770424836601307 0.5055147058823529 0.09640522875816994 0.08272058823529412
0 0.7148692810457516 0.49831495098039214 0.10049019607843138 0.09099264705882353
0 0.14276960784313725 0.13572303921568626 0.0494281045751634 0.08884803921568628
0 0.6407271241830066 0.8380821078431373 0.034722222222222224 0.07199754901960784
0 0.06290849673202614 0.1412377450980392 0.04330065359477124 0.09068627450980392
0 0.022058823529411766 0.14353553921568626 0.035130718954248366 0.08915441176470588
0 0.7271241830065359 0.8506433823529411 0.056372549019607844 0.08425245098039216
0 0.6770833333333334 0.8569240196078431 0.03390522875816993 0.1096813725490196
0 0.7857434640522876 0.8564644607843137 0.0559640522875817 0.09589460784313726
0 0.9616013071895425 0.9033394607843137 0.07924836601307189 0.0860906862745098
0 0.9491421568627451 0.8302696078431373 0.1017156862745098 0.04718137254901961
0 0.23713235294117646 0.07582720588235294 0.05841503267973856 0.02849264705882353
0 0.1017156862745098 0.14384191176470587 0.03022875816993464 0.07322303921568628
