0 0.3313356164383562 0.6098557692307692 0.05051369863013699 0.017788461538461538
0 0.16738013698630136 0.8034855769230769 0.04452054794520548 0.03341346153846154
0 0.10809075342465753 0.7975961538461539 0.03724315068493151 0.05721153846153846
0 0.0642123287671233 0.7969951923076923 0.038527397260273974 0.05456730769230769
0 0.03125 0.7954326923076923 0.028253424657534245 0.051923076923076926
0 0.022688356164383562 0.7146634615384615 0.04452054794520548 0.057692307692307696
0 0.5366010273972602 0.5108173076923077 0.07148972602739725 0.021634615384615384
0 0.21147260273972604 0.8009615384615385 0.029965753424657533 0.057692307692307696
0 0.5378852739726028 0.5325721153846154 0.06977739726027397 0.018990384615384614
0 0.4670376712328767 0.5326923076923077 0.06506849315068493 0.022115384615384617
0 0.4608304794520548 0.5084134615384616 0.07148972602739725 0.02403846153846154
0 0.6804366438356164 0.5199519230769231 0.03125 0.04423076923076923
0 0.08433219178082192 0.7169471153846154 0.07448630136986302 0.048317307692307694
0 0.2360873287671233 0.7962740384615384 0.014982876712328766 0.048317307692307694
0 0.7264554794520548 0.5661057692307693 0.06506849315068493 0.025961538461538463
0 0.7949486301369864 0.5625 0.07534246575342465 0.010096153846153847
0 0.382277397260274 0.6091346153846153 0.04708904109589041 0.021634615384615384
0 0.2872431506849315 0.8098557692307692 0.0702054794520548 0.023076923076923078
0 0.432791095890411 0.6058894230769231 0.04794520547945205 0.018509615384615385
0 0.4792380136986301 0.6140625 0.03638698630136986 0.03341346153846154
0 0.5169092465753424 0.6135817307692307 0.033818493150684935 0.02716346153846154
0 0.5603595890410958 0.6134615384615385 0.04965753424657534 0.03221153846153846
0 0.6127996575342466 0.6140625 0.05094178082191781 0.02860576923076923
0 0.6643835616438356 0.6129807692307693 0.046232876712328765 0.01875
0 0.2724743150684932 0.6044471153846154 0.0526541095890411 0.023798076923076922
0 0.7236729452054794 0.6192307692307693 0.06035958904109589 0.020673076923076922
0 0.8107876712328768 0.6177884615384616 0.039383561643835614 0.03076923076923077
0 0.8493150684931506 0.6165865384615384 0.0351027397260274 0.028365384615384615
0 0.8839897260273972 0.6158653846153846 0.029965753424657533 0.02980769230769231
0 0.9235873287671232 0.6185096153846154 0.04922945205479452 0.04375
0 0.9753852739726028 0.6193509615384616 0.05008561643835616 0.039663461538461536
0 0.2091181506849315 0.6096153846153847 0.05607876712328767 0.023076923076923078
0 0.794306506849315 0.5802884615384616 0.06378424657534247 0.007211538461538462
0 0.794306506849315 0.5721153846153846 0.0723458904109589 0.006730769230769231
0 0.7735445205479452 0.6146634615384615 0.03339041095890411 0.02980769230769231
0 0.870291095890411 0.5748798076923077 0.07534246575342465 0.013221153846153846
0 0.7414383561643836 0.4266826923076923 0.052226027397260275 0.06201923076923077
0 0.3934075342465753 0.8067307692307693 0.04366438356164384 0.022115384615384617
0 0.5389554794520548 0.4326923076923077 0.04023972602739726 0.052884615384615384
0 0.502568493150685 0.43737980769230766 0.0273972602739726 0.04495192307692308
0 0.4715325342465753 0.43509615384615385 0.033818493150684935 0.04326923076923077
0 0.4387842465753425 0.43509615384615385 0.031678082191780824 0.04519230769230769
0 0.4064640410958904 0.4342548076923077 0.03125 0.04495192307692308
0 0.3914811643835616 0.5308894230769231 0.08433219178082192 0.019951923076923075
0 0.3285530821917808 0.5216346153846154 0.03809931506849315 0.026442307692307692
0 0.09653253424657535 0.5917067307692307 0.02183219178082192 0.025240384615384616
0 0.5761986301369864 0.434375 0.03339041095890411 0.05576923076923077
0 0.10081335616438356 0.6138221153846154 0.022688356164383562 0.012259615384615384
0 0.125 0.6549278846153846 0.023972602739726026 0.01610576923076923
0 0.1466181506849315 0.5686298076923076 0.07148972602739725 0.023317307692307693
0 0.2226027397260274 0.5704326923076923 0.0779109589041096 0.023557692307692307
0 0.2906678082191781 0.5688701923076923 0.05565068493150685 0.025240384615384616
0 0.3912671232876712 0.5722355769230769 0.06078767123287671 0.011298076923076923
0 0.4794520547945205 0.5686298076923076 0.05821917808219178 0.025721153846153845
0 0.603595890410959 0.5680288461538462 0.05393835616438356 0.01971153846153846
0 0.662029109589041 0.5682692307692307 0.0646404109589041 0.021634615384615384
0 0.1115154109589041 0.6344951923076924 0.009845890410958904 0.018990384615384614
0 0.3461044520547945 0.8120192307692308 0.04323630136986301 0.023557692307692307
0 0.6125856164383562 0.4346153846153846 0.03339041095890411 0.05625
0 0.6928510273972602 0.4266826923076923 0.0449486301369863 0.0625
0 0.4471318493150685 0.8091346153846154 0.0526541095890411 0.02451923076923077
0 0.7829623287671232 0.4366586538461538 0.028253424657534245 0.04735576923076923
0 0.817208904109589 0.4388221153846154 0.02910958904109589 0.05024038461538462
0 0.853167808219178 0.43149038461538464 0.0410958904109589 0.055288461538461536
0 0.8936215753424658 0.4263221153846154 0.03638698630136986 0.06322115384615384
0 0.9511986301369864 0.42560096153846155 0.0702054794520548 0.06947115384615385
0 0.9306506849315068 0.5123798076923077 0.02482876712328767 0.059375
0 0.8591609589041096 0.5063701923076923 0.04452054794520548 0.061778846153846156
0 0.6506849315068494 0.4326923076923077 0.03767123287671233 0.058653846153846154
0 0.8103595890410958 0.5090144230769231 0.04452054794520548 0.06610576923076923
0 0.7172517123287672 0.5070913461538461 0.034674657534246575 0.06514423076923077
0 0.8623715753424658 0.8018028846153846 0.033818493150684935 0.03293269230769231
0 0.815068493150685 0.8020432692307692 0.045376712328767124 0.03389423076923077
0 0.7677654109589042 0.8039663461538461 0.0449486301369863 0.03245192307692308
0 0.6678082191780822 0.8108173076923076 0.059075342465753425 0.01875
0 0.5340325342465754 0.8003605769230769 0.05179794520547945 0.025240384615384616
0 0.5922517123287672 0.7995192307692308 0.0526541095890411 0.022115384615384617
0 0.662457191780822 0.7913461538461538 0.048373287671232876 0.021634615384615384
0 0.7517123287671232 0.4972355769230769 0.025684931506849314 0.04639423076923077
0 0.152611301369863 0.6157451923076923 0.05779109589041096 0.03245192307692308
0 0.650042808219178 0.5210336538461539 0.027825342465753425 0.04447115384615385
0 0.049443493150684935 0.6382211538461539 0.05950342465753425 0.016346153846153847
0 0.1464041095890411 0.42560096153846155 0.07534246575342465 0.021875
0 0.09267979452054795 0.5147836538461539 0.018407534246575343 0.10889423076923077
0 0.07063356164383562 0.40841346153846153 0.025684931506849314 0.05384615384615385
0 0.054366438356164386 0.3454326923076923 0.06678082191780822 0.047596153846153844
0 0.12585616438356165 0.3580528846153846 0.05136986301369863 0.036778846153846155
0 0.1273544520547945 0.33533653846153844 0.0526541095890411 0.010576923076923078
0 0.17722602739726026 0.35889423076923077 0.04708904109589041 0.0375
0 0.24293664383561644 0.3334134615384615 0.0586472602739726 0.03317307692307692
0 0.24272260273972604 0.3644230769230769 0.06078767123287671 0.028846153846153848
0 0.3039383561643836 0.3346153846153846 0.05736301369863014 0.029326923076923077
0 0.3056506849315068 0.3655048076923077 0.059075342465753425 0.031490384615384615
0 0.1055222602739726 0.10384615384615385 0.0783390410958904 0.022596153846153846
0 0.1819349315068493 0.10444711538461539 0.07363013698630137 0.024278846153846154
0 0.2654109589041096 0.08569711538461539 0.06506849315068493 0.02283653846153846
0 0.3625856164383562 0.3471153846153846 0.04794520547945205 0.061057692307692306
0 0.1468321917808219 0.4486778846153846 0.0821917808219178 0.018509615384615385
0 0.2718321917808219 0.10901442307692308 0.0625 0.021875
0 0.2202482876712329 0.4450721153846154 0.05607876712328767 0.023317307692307693
0 0.289597602739726 0.44879807692307694 0.0783390410958904 0.020673076923076922
0 0.14704623287671234 0.7370192307692308 0.047517123287671235 0.008173076923076924
0 0.20055650684931506 0.739423076923077 0.047517123287671235 0.010576923076923078
0 0.24293664383561644 0.7382211538461538 0.03981164383561644 0.03653846153846154
0 0.3056506849315068 0.7384615384615385 0.03767123287671233 0.038461538461538464
0 0.5892551369863014 0.5192307692307693 0.034674657534246575 0.040865384615384616
0 0.3424657534246575 0.7385817307692307 0.036815068493150686 0.03822115384615385
0 0.3842037671232877 0.7384615384615385 0.0389554794520548 0.038461538461538464
0 0.4229452054794521 0.7355769230769231 0.036815068493150686 0.041826923076923074
0 0.4623287671232877 0.7387019230769231 0.038527397260273974 0.028365384615384615
0 0.5032106164383562 0.7415865384615384 0.04409246575342466 0.03221153846153846
0 0.5325342465753424 0.7254807692307692 0.01113013698630137 0.028846153846153848
0 0.5836900684931506 0.7425480769230769 0.0526541095890411 0.009134615384615385
0 0.5674229452054794 0.7314903846153846 0.048373287671232876 0.009615384615384616
0 0.6337756849315068 0.7253605769230769 0.034674657534246575 0.019471153846153846
0 0.3602311643835616 0.4332932692307692 0.0586472602739726 0.05360576923076923
0 0.2938784246575342 0.42584134615384617 0.07491438356164383 0.018990384615384614
0 0.1487585616438356 0.7443509615384616 0.03981164383561644 0.005528846153846154
0 0.3279109589041096 0.09471153846153846 0.0410958904109589 0.038461538461538464
0 0.4419948630136986 0.08858173076923077 0.05094178082191781 0.05552884615384615
0 0.442208904109589 0.3527644230769231 0.03767123287671233 0.059375
0 0.4873715753424658 0.35252403846153846 0.041523972602739725 0.054086538461538464
0 0.5295376712328768 0.36658653846153844 0.029965753424657533 0.029326923076923077
0 0.045376712328767124 0.6602163461538462 0.07363013698630137 0.024759615384615383
0 0.5736301369863014 0.3605769230769231 0.05736301369863014 0.041346153846153845
0 0.638056506849315 0.37572115384615384 0.05607876712328767 0.011057692307692308
0 0.6943493150684932 0.3483173076923077 0.052226027397260275 0.025
0 0.6954195205479452 0.3703125 0.056934931506849314 0.019471153846153846
0 0.747431506849315 0.36730769230769234 0.03424657534246575 0.020673076923076922
0 0.7915239726027398 0.37572115384615384 0.0410958904109589 0.011057692307692308
0 0.8540239726027398 0.3691105769230769 0.038527397260273974 0.019471153846153846
0 0.902611301369863 0.34362980769230766 0.03296232876712329 0.051201923076923075
0 0.9773116438356164 0.32103365384615384 0.045376712328767124 0.10600961538461538
0 0.889554794520548 0.2670673076923077 0.04023972602739726 0.06875
0 0.846318493150685 0.2723557692307692 0.04452054794520548 0.06201923076923077
0 0.4068921232876712 0.35 0.023544520547945206 0.057692307692307696
0 0.3848458904109589 0.08725961538461538 0.04794520547945205 0.06057692307692308
0 0.6960616438356164 0.26466346153846154 0.05136986301369863 0.07596153846153846
0 0.5888270547945206 0.265625 0.041523972602739725 0.07067307692307692
0 0.5081335616438356 0.096875 0.07705479452054795 0.05096153846153846
0 0.9122431506849316 0.09699519230769231 0.06506849315068493 0.05552884615384615
0 0.9747431506849316 0.09627403846153847 0.04452054794520548 0.05456730769230769
0 0.023544520547945206 0.2837740384615385 0.04280821917808219 0.02235576923076923
0 0.023330479452054794 0.25685096153846154 0.04323630136986301 0.030528846153846153
0 0.06571061643835617 0.28329326923076925 0.041523972602739725 0.03293269230769231
0 0.11857876712328767 0.27247596153846154 0.04965753424657534 0.04735576923076923
0 0.206763698630137 0.2640625 0.1232876712328767 0.025721153846153845
0 0.2048373287671233 0.28894230769230766 0.12029109589041095 0.02403846153846154
0 0.2934503424657534 0.2628605769230769 0.040667808219178085 0.07379807692307692
0 0.3351883561643836 0.26466346153846154 0.04280821917808219 0.07596153846153846
0 0.375 0.2653846153846154 0.036815068493150686 0.07355769230769231
0 0.4156678082191781 0.26526442307692305 0.036815068493150686 0.07379807692307692
0 0.4535530821917808 0.2640625 0.03981164383561644 0.07235576923076924
0 0.5455907534246576 0.2644230769230769 0.040667808219178085 0.07548076923076923
0 0.6455479452054794 0.265625 0.04794520547945205 0.07788461538461539
0 0.7990154109589042 0.26742788461538464 0.05179794520547945 0.07427884615384615
0 0.747431506849315 0.2658653846153846 0.05136986301369863 0.07259615384615385
0 0.855736301369863 0.73125 0.04195205479452055 0.04567307692307692
0 0.6712328767123288 0.7262019230769231 0.015410958904109588 0.03221153846153846
0 0.715111301369863 0.7284855769230769 0.05607876712328767 0.04639423076923077
0 0.7660530821917808 0.7292067307692308 0.04409246575342466 0.04495192307692308
0 0.8118578767123288 0.7362980769230769 0.04580479452054795 0.035576923076923075
0 0.9197345890410958 0.786298076923077 0.0586472602739726 0.06298076923076923
0 0.978595890410959 0.7859375 0.04366438356164384 0.06129807692307692
0 0.947345890410959 0.6987980769230769 0.07962328767123288 0.07259615384615385
0 0.8672945205479452 0.6836538461538462 0.052226027397260275 0.01875
0 0.8050085616438356 0.6800480769230769 0.06806506849315068 0.025961538461538463
0 0.748929794520548 0.6759615384615385 0.041523972602739725 0.03413461538461538
0 0.7039811643835616 0.674639423076923 0.04580479452054795 0.036778846153846155
0 0.8700770547945206 0.6608173076923077 0.05779109589041096 0.021153846153846155
0 0.626070205479452 0.6802884615384616 0.07320205479452055 0.015865384615384615
0 0.14576198630136986 0.6771634615384615 0.048373287671232876 0.02451923076923077
0 0.2035530821917808 0.6716346153846153 0.0526541095890411 0.025961538461538463
0 0.6217893835616438 0.6554086538461539 0.06292808219178082 0.01514423076923077
0 0.3043664383561644 0.6713942307692308 0.0410958904109589 0.038461538461538464
0 0.3523116438356164 0.6697115384615384 0.05136986301369863 0.0375
0 0.2559931506849315 0.6663461538461538 0.03767123287671233 0.041346153846153845
0 0.4387842465753425 0.6609375 0.0488013698630137 0.03293269230769231
0 0.5107020547945206 0.6876201923076923 0.052226027397260275 0.025240384615384616
0 0.5605736301369864 0.6760817307692307 0.04922945205479452 0.01706730769230769
0 0.394263698630137 0.6556490384615384 0.028253424657534245 0.024278846153846154
