0 0.353125 0.22578125 0.09895833333333333 0.078125
0 0.9291666666666667 0.3115234375 0.017708333333333333 0.108203125
0 0.9143229166666667 0.358984375 0.0140625 0.103125
0 0.023697916666666666 0.22734375 0.04739583333333333 0.1109375
0 0.07630208333333334 0.233984375 0.0546875 0.09765625
0 0.15442708333333333 0.2232421875 0.09635416666666667 0.076171875
0 0.2515625 0.2240234375 0.09895833333333333 0.077734375
0 0.4510416666666667 0.2271484375 0.09479166666666666 0.077734375
0 0.5890625 0.33046875 0.18333333333333332 0.06796875
0 0.775 0.331640625 0.184375 0.06796875
0 0.40130208333333334 0.3271484375 0.19114583333333332 0.069921875
0 0.041666666666666664 0.8869140625 0.07916666666666666 0.085546875
0 0.08229166666666667 0.34921875 0.058333333333333334 0.1
0 0.025 0.3537109375 0.05 0.091015625
0 0.96328125 0.416015625 0.07552083333333333 0.0453125
0 0.96328125 0.4587890625 0.07552083333333333 0.042578125
0 0.8924479166666667 0.405859375 0.027604166666666666 0.096875
0 0.8294270833333334 0.437890625 0.06822916666666666 0.090625
0 0.7463541666666667 0.4142578125 0.09375 0.043359375
0 0.74765625 0.4591796875 0.0921875 0.044921875
0 0.6533854166666667 0.413671875 0.0921875 0.04453125
0 0.6544270833333333 0.458984375 0.09010416666666667 0.0453125
0 0.5471354166666667 0.228125 0.09114583333333333 0.07734375
0 0.2109375 0.3267578125 0.18958333333333333 0.068359375
0 0.6416666666666667 0.2267578125 0.096875 0.081640625
0 0.9604166666666667 0.341015625 0.040625 0.04609375
0 0.8403645833333333 0.2283203125 0.09427083333333333 0.081640625
0 0.95859375 0.2951171875 0.044270833333333336 0.045703125
0 0.5604166666666667 0.4134765625 0.09375 0.044921875
0 0.9583333333333334 0.05078125 0.08541666666666667 0.07890625
0 0.9559895833333333 0.128515625 0.0890625 0.0765625
0 0.8645833333333334 0.0498046875 0.09791666666666667 0.080859375
0 0.86015625 0.1294921875 0.09739583333333333 0.080078125
0 0.7645833333333333 0.0521484375 0.09791666666666667 0.079296875
0 0.7619791666666667 0.130859375 0.096875 0.07734375
0 0.6643229166666667 0.0505859375 0.0984375 0.082421875
0 0.6651041666666667 0.1296875 0.09479166666666666 0.07421875
0 0.5653645833333333 0.0478515625 0.10052083333333334 0.084765625
0 0.5682291666666667 0.1271484375 0.096875 0.076171875
0 0.44244791666666666 0.070703125 0.14322916666666666 0.0359375
0 0.44427083333333334 0.1107421875 0.146875 0.041796875
0 0.44609375 0.14765625 0.1421875 0.03203125
0 0.34869791666666666 0.139453125 0.0453125 0.0453125
0 0.2794270833333333 0.090625 0.0890625 0.0484375
0 0.2791666666666667 0.1373046875 0.08541666666666667 0.046484375
0 0.19479166666666667 0.0796875 0.071875 0.15859375
0 0.12682291666666667 0.08046875 0.0578125 0.15703125
0 0.07890625 0.1171875 0.03177083333333333 0.06328125
0 0.0375 0.1158203125 0.046875 0.065234375
0 0.9341145833333333 0.222265625 0.09010416666666667 0.04453125
0 0.7421875 0.22734375 0.09791666666666667 0.08046875
0 0.5622395833333333 0.458203125 0.0890625 0.04375
0 0.02734375 0.464453125 0.0546875 0.08359375
0 0.46822916666666664 0.4578125 0.09270833333333334 0.04453125
0 0.8736979166666666 0.7935546875 0.08385416666666666 0.042578125
0 0.871875 0.749609375 0.084375 0.0453125
0 0.7854166666666667 0.794921875 0.09270833333333334 0.04296875
0 0.7828125 0.74765625 0.08541666666666667 0.04921875
0 0.46640625 0.412890625 0.09427083333333333 0.04609375
0 0.6932291666666667 0.7494140625 0.08541666666666667 0.042578125
0 0.6075520833333333 0.7962890625 0.0859375 0.040234375
0 0.6072916666666667 0.75 0.08541666666666667 0.05390625
0 0.9442708333333333 0.777734375 0.05625 0.07109375
0 0.51875 0.7970703125 0.0875 0.041796875
0 0.42734375 0.7951171875 0.08697916666666666 0.045703125
0 0.42734375 0.747265625 0.08802083333333334 0.05
0 0.027864583333333335 0.787109375 0.05572916666666667 0.08359375
0 0.09401041666666667 0.788671875 0.0734375 0.08515625
0 0.18307291666666667 0.79453125 0.0890625 0.04375
0 0.27317708333333335 0.79453125 0.09010416666666667 0.04140625
0 0.2716145833333333 0.753125 0.0890625 0.04453125
0 0.18333333333333332 0.7505859375 0.08958333333333333 0.039453125
0 0.5182291666666666 0.74921875 0.08645833333333333 0.05234375
0 0.034895833333333334 0.6845703125 0.06145833333333333 0.080078125
0 0.9744791666666667 0.85390625 0.053125 0.04453125
0 0.9026041666666667 0.853125 0.084375 0.04609375
0 0.13802083333333334 0.8765625 0.022916666666666665 0.0875
0 0.19557291666666668 0.859375 0.0890625 0.05234375
0 0.19661458333333334 0.9046875 0.08802083333333334 0.0390625
0 0.28541666666666665 0.9052734375 0.08541666666666667 0.039453125
0 0.2869791666666667 0.858984375 0.08854166666666667 0.05234375
0 0.3768229166666667 0.8578125 0.08489583333333334 0.05234375
0 0.37552083333333336 0.9021484375 0.08854166666666667 0.036328125
0 0.46510416666666665 0.9037109375 0.08645833333333333 0.039453125
0 0.9744791666666667 0.8962890625 0.053125 0.039453125
0 0.46432291666666664 0.8572265625 0.08697916666666666 0.053515625
0 0.5578125 0.8544921875 0.08333333333333333 0.049609375
0 0.6419270833333334 0.8982421875 0.08072916666666667 0.041796875
0 0.7263020833333333 0.9001953125 0.0828125 0.038671875
0 0.8138020833333334 0.8962890625 0.0859375 0.042578125
0 0.8151041666666666 0.8515625 0.08645833333333333 0.04609375
0 0.7299479166666667 0.8548828125 0.0859375 0.048828125
0 0.64296875 0.853515625 0.08385416666666666 0.0484375
0 0.9033854166666667 0.8962890625 0.0859375 0.039453125
0 0.5567708333333333 0.9 0.08645833333333333 0.040625
0 0.09453125 0.6802734375 0.0546875 0.088671875
0 0.69453125 0.7921875 0.08697916666666666 0.0421875
0 0.17369791666666667 0.6408203125 0.0890625 0.042578125
0 0.10364583333333334 0.887109375 0.04375 0.07734375
0 0.9184895833333333 0.5291015625 0.08802083333333334 0.048828125
0 0.91640625 0.575 0.08385416666666666 0.04296875
0 0.8260416666666667 0.5328125 0.09479166666666666 0.05078125
0 0.8216145833333334 0.578515625 0.09739583333333333 0.04140625
0 0.7255208333333333 0.5326171875 0.090625 0.044921875
0 0.7260416666666667 0.5763671875 0.090625 0.043359375
0 0.6328125 0.532421875 0.09166666666666666 0.0453125
0 0.09088541666666666 0.46484375 0.059895833333333336 0.0828125
0 0.6338541666666667 0.5763671875 0.08958333333333333 0.043359375
0 0.54296875 0.5759765625 0.09114583333333333 0.044140625
0 0.44869791666666664 0.5310546875 0.09322916666666667 0.044921875
0 0.17369791666666667 0.6853515625 0.09010416666666667 0.044921875
0 0.4518229166666667 0.5765625 0.0921875 0.0453125
0 0.3546875 0.53046875 0.09375 0.04609375
0 0.3567708333333333 0.5763671875 0.09375 0.043359375
0 0.26145833333333335 0.57421875 0.090625 0.04453125
0 0.17161458333333332 0.527734375 0.09739583333333333 0.0484375
0 0.54140625 0.53125 0.09114583333333333 0.04453125
0 0.3458333333333333 0.4361328125 0.14895833333333333 0.086328125
0 0.19635416666666666 0.434375 0.14375 0.08515625
0 0.090625 0.575 0.05520833333333333 0.0734375
0 0.26510416666666664 0.684765625 0.08958333333333333 0.04296875
0 0.2638020833333333 0.6390625 0.0921875 0.04609375
0 0.35546875 0.68515625 0.09114583333333333 0.0421875
0 0.35625 0.64140625 0.090625 0.04453125
0 0.4479166666666667 0.685546875 0.08854166666666667 0.04140625
0 0.44505208333333335 0.6400390625 0.08802083333333334 0.047265625
0 0.5213541666666667 0.68359375 0.05625 0.04296875
0 0.5213541666666667 0.6390625 0.058333333333333334 0.04609375
0 0.16822916666666668 0.574609375 0.09583333333333334 0.046875
0 0.5955729166666667 0.638671875 0.0890625 0.04375
0 0.59609375 0.683203125 0.08697916666666666 0.04375
0 0.7395833333333334 0.683203125 0.084375 0.0421875
0 0.8276041666666667 0.6853515625 0.08541666666666667 0.041796875
0 0.9151041666666667 0.6861328125 0.08541666666666667 0.041796875
0 0.6705729166666666 0.640234375 0.05677083333333333 0.04375
0 0.7416666666666667 0.639453125 0.084375 0.04375
0 0.8302083333333333 0.6419921875 0.08645833333333333 0.043359375
0 0.9192708333333334 0.643359375 0.08958333333333333 0.0421875
0 0.0296875 0.5705078125 0.059375 0.085546875
0 0.6690104166666667 0.682421875 0.05364583333333333 0.0421875
