0 0.8574346405228758 0.5219056372549019 0.026143790849673203 0.08792892156862746
0 0.49264705882352944 0.532015931372549 0.0392156862745098 0.0744485294117647
0 0.45302287581699346 0.5327818627450981 0.029411764705882353 0.07720588235294118
0 0.10191993464052287 0.3935355392156863 0.0363562091503268 0.09957107843137254
0 0.6560457516339869 0.2679227941176471 0.04820261437908497 0.09528186274509803
0 0.14910130718954248 0.4024203431372549 0.03349673202614379 0.08915441176470588
0 0.21956699346405228 0.40456495098039214 0.03880718954248366 0.09099264705882353
0 0.25857843137254904 0.40640318627450983 0.02369281045751634 0.07751225490196079
0 0.29248366013071897 0.4039522058823529 0.03104575163398693 0.08118872549019608
0 0.3478349673202614 0.3903186274509804 0.05759803921568627 0.03615196078431373
0 0.9814133986928104 0.6387867647058824 0.03880718954248366 0.015318627450980392
0 0.3480392156862745 0.42769607843137253 0.05228758169934641 0.032475490196078434
0 0.18178104575163398 0.40471813725490197 0.03022875816993464 0.08272058823529412
0 0.40931372549019607 0.40670955882352944 0.05800653594771242 0.08241421568627451
0 0.5814950980392157 0.25536151960784315 0.0821078431372549 0.11917892156862746
0 0.4554738562091503 0.26547181372549017 0.04656862745098039 0.09957107843137254
0 0.9799836601307189 0.6536458333333334 0.041666666666666664 0.009497549019607842
0 0.980187908496732 0.6619178921568627 0.042075163398692814 0.008272058823529412
0 0.9767156862745098 0.6948529411764706 0.04738562091503268 0.007352941176470588
0 0.9771241830065359 0.6833639705882353 0.04820261437908497 0.008884803921568627
0 0.9803921568627451 0.6724877450980392 0.04003267973856209 0.00857843137254902
0 0.9642565359477124 0.7438725490196079 0.07148692810457516 0.027573529411764705
0 0.5073529411764706 0.26485906862745096 0.04411764705882353 0.0940563725490196
0 0.9583333333333334 0.7634803921568627 0.08006535947712418 0.012254901960784314
0 0.9712009803921569 0.8553921568627451 0.05923202614379085 0.03002450980392157
0 0.9585375816993464 0.8877144607843137 0.07720588235294118 0.022365196078431373
0 0.14399509803921567 0.6453737745098039 0.026552287581699346 0.08915441176470588
0 0.3278186274509804 0.25965073529411764 0.03145424836601307 0.09528186274509803
0 0.36968954248366015 0.2731311274509804 0.042483660130718956 0.08425245098039216
0 0.4105392156862745 0.26393995098039214 0.03022875816993464 0.10202205882352941
0 0.9654820261437909 0.7807904411764706 0.07066993464052287 0.020526960784313725
0 0.8868464052287581 0.5208333333333334 0.029411764705882353 0.0857843137254902
0 0.04493464052287582 0.40762867647058826 0.061274509803921566 0.078125
0 0.4965277777777778 0.40609681372549017 0.03227124183006536 0.08547794117647059
0 0.13459967320261437 0.5445772058823529 0.08047385620915033 0.04442401960784314
0 0.05555555555555555 0.5389093137254902 0.03022875816993464 0.07659313725490197
0 0.025531045751633986 0.5324754901960784 0.028186274509803922 0.0704656862745098
0 0.9238153594771242 0.40625 0.04861111111111111 0.08149509803921569
0 0.8754084967320261 0.4065563725490196 0.0392156862745098 0.08333333333333333
0 0.8402777777777778 0.4146752450980392 0.029411764705882353 0.07628676470588236
0 0.2099673202614379 0.5333946078431373 0.06045751633986928 0.07904411764705882
0 0.7765522875816994 0.4074754901960784 0.06454248366013073 0.14276960784313725
0 0.6370506535947712 0.5196078431372549 0.02900326797385621 0.1053921568627451
0 0.6713643790849673 0.5291053921568627 0.03145424836601307 0.08884803921568628
0 0.704248366013072 0.5263480392156863 0.02696078431372549 0.09620098039215687
0 0.7367238562091504 0.5344669117647058 0.03390522875816993 0.07567401960784313
0 0.7816584967320261 0.5329350490196079 0.0428921568627451 0.0744485294117647
0 0.8220996732026143 0.5261948529411765 0.030637254901960783 0.08792892156862746
0 0.6006944444444444 0.5232843137254902 0.02900326797385621 0.10232843137254902
0 0.4609885620915033 0.40640318627450983 0.03145424836601307 0.0818014705882353
0 0.25388071895424835 0.5338541666666666 0.023284313725490197 0.08118872549019608
0 0.3241421568627451 0.5375306372549019 0.0298202614379085 0.078125
0 0.5392156862745098 0.40487132352941174 0.03349673202614379 0.08915441176470588
0 0.5941584967320261 0.4039522058823529 0.05106209150326797 0.08547794117647059
0 0.6409313725490197 0.4099264705882353 0.03431372549019608 0.06801470588235294
0 0.7169117647058824 0.26393995098039214 0.05555555555555555 0.09957107843137254
0 0.7837009803921569 0.26608455882352944 0.05841503267973856 0.09160539215686274
0 0.8545751633986928 0.25965073529411764 0.08251633986928104 0.109375
0 0.28880718954248363 0.5367647058823529 0.03758169934640523 0.08088235294117647
0 0.4201388888888889 0.5323223039215687 0.028186274509803922 0.08425245098039216
0 0.7118055555555556 0.40318627450980393 0.039624183006535946 0.07475490196078431
0 0.04963235294117647 0.6361825980392157 0.04125816993464052 0.06832107843137254
0 0.9193218954248366 0.5407475490196079 0.030637254901960783 0.0545343137254902
0 0.943218954248366 0.3002450980392157 0.06781045751633986 0.09313725490196079
0 0.38991013071895425 0.5401348039215687 0.025735294117647058 0.07291666666666667
0 0.35355392156862747 0.5370710784313726 0.024918300653594773 0.08639705882352941
0 0.6762663398692811 0.41207107843137253 0.02900326797385621 0.06433823529411764
0 0.983047385620915 0.6171875 0.0363562091503268 0.02420343137254902
0 0.3329248366013072 0.6470588235294118 0.03022875816993464 0.07904411764705882
0 0.8127042483660131 0.9099264705882353 0.06413398692810457 0.041666666666666664
0 0.03165849673202614 0.7591911764705882 0.04861111111111111 0.0974264705882353
0 0.07066993464052287 0.7697610294117647 0.03431372549019608 0.09221813725490197
0 0.1343954248366013 0.7708333333333334 0.06862745098039216 0.042279411764705885
0 0.12765522875816993 0.8022365196078431 0.07230392156862746 0.015625
0 0.2867647058823529 0.765625 0.06535947712418301 0.06678921568627451
0 0.36213235294117646 0.7561274509803921 0.06576797385620915 0.04350490196078431
0 0.3672385620915033 0.7922794117647058 0.07026143790849673 0.013480392156862746
0 0.4309640522875817 0.7645526960784313 0.06372549019607843 0.021139705882352942
0 0.4325980392156863 0.7795649509803921 0.058823529411764705 0.007659313725490196
0 0.4319852941176471 0.7878370098039216 0.054330065359477125 0.006433823529411764
0 0.4944852941176471 0.7786458333333334 0.05759803921568627 0.02542892156862745
0 0.5526960784313726 0.7558210784313726 0.05800653594771242 0.023284313725490197
0 0.5569852941176471 0.7745098039215687 0.060866013071895424 0.012867647058823529
0 0.5551470588235294 0.7869178921568627 0.05718954248366013 0.01133578431372549
0 0.6182598039215687 0.7748161764705882 0.05514705882352941 0.030637254901960783
0 0.6785130718954249 0.7380514705882353 0.05718954248366013 0.024509803921568627
0 0.6752450980392157 0.7545955882352942 0.05065359477124183 0.007352941176470588
0 0.3662173202614379 0.6505821078431373 0.027369281045751634 0.0701593137254902
0 0.39685457516339867 0.6525735294117647 0.030637254901960783 0.0778186274509804
0 0.5667892156862745 0.5248161764705882 0.024918300653594773 0.09313725490196079
0 0.8553921568627451 0.7680759803921569 0.05392156862745098 0.011029411764705883
0 0.858251633986928 0.7564338235294118 0.05392156862745098 0.00857843137254902
0 0.8008578431372549 0.7584252450980392 0.05841503267973856 0.008884803921568627
0 0.8862336601307189 0.6721813725490197 0.0428921568627451 0.016544117647058824
0 0.7969771241830066 0.7694546568627451 0.05310457516339869 0.008272058823529412
0 0.7994281045751634 0.742953431372549 0.06372549019607843 0.01715686274509804
0 0.7377450980392157 0.7833946078431373 0.05065359477124183 0.011029411764705883
0 0.7399918300653595 0.7712928921568627 0.05269607843137255 0.01133578431372549
0 0.7377450980392157 0.7573529411764706 0.05392156862745098 0.012867647058823529
0 0.6774918300653595 0.7829350490196079 0.05514705882352941 0.011948529411764705
0 0.678921568627451 0.7682291666666666 0.05473856209150327 0.015012254901960785
0 0.7977941176470589 0.7789522058823529 0.05228758169934641 0.008884803921568627
0 0.8856209150326797 0.6470588235294118 0.041666666666666664 0.027573529411764705
0 0.8394607843137255 0.6470588235294118 0.0392156862745098 0.07965686274509803
0 0.7988153594771242 0.649203431372549 0.03390522875816993 0.07720588235294118
0 0.2479575163398693 0.27068014705882354 0.04738562091503268 0.07322303921568628
0 0.28799019607843135 0.2633272058823529 0.029411764705882353 0.0860906862745098
0 0.06311274509803921 0.8918504901960784 0.042075163398692814 0.1213235294117647
0 0.13419117647058823 0.9027267156862745 0.053513071895424834 0.09283088235294118
0 0.2062908496732026 0.8949142156862745 0.04411764705882353 0.10110294117647059
0 0.2616421568627451 0.8772977941176471 0.0559640522875817 0.06587009803921569
0 0.20179738562091504 0.27068014705882354 0.04084967320261438 0.07628676470588236
0 0.26205065359477125 0.9235600490196079 0.06004901960784314 0.01011029411764706
0 0.3257761437908497 0.9004289215686274 0.04779411764705882 0.09926470588235294
0 0.39276960784313725 0.9028799019607843 0.0690359477124183 0.07107843137254902
0 0.46854575163398693 0.9197303921568627 0.06944444444444445 0.0508578431372549
0 0.5951797385620915 0.9120710784313726 0.07598039215686274 0.061274509803921566
0 0.6738153594771242 0.9125306372549019 0.0625 0.05116421568627451
0 0.7455065359477124 0.9080882352941176 0.06372549019607843 0.05330882352941176
0 0.2624591503267974 0.9358149509803921 0.051879084967320264 0.010723039215686275
0 0.8776552287581699 0.9048713235294118 0.06331699346405228 0.04932598039215686
0 0.15400326797385622 0.25995710784313725 0.035130718954248366 0.08547794117647059
0 0.05555555555555555 0.2568933823529412 0.0457516339869281 0.08547794117647059
0 0.7628676470588235 0.6449142156862745 0.03145424836601307 0.09313725490196079
0 0.7142565359477124 0.6447610294117647 0.04125816993464052 0.07689950980392157
0 0.6715686274509803 0.6436887254901961 0.031862745098039214 0.09068627450980392
0 0.6405228758169934 0.6522671568627451 0.024509803921568627 0.07536764705882353
0 0.6109068627450981 0.6515012254901961 0.02900326797385621 0.08241421568627451
0 0.579452614379085 0.6424632352941176 0.027369281045751634 0.08639705882352941
0 0.1076388888888889 0.2621017156862745 0.03145424836601307 0.0897671568627451
0 0.5459558823529411 0.6392463235294118 0.027369281045751634 0.0860906862745098
0 0.8576388888888888 0.7801776960784313 0.05514705882352941 0.010723039215686275
0 0.2945261437908497 0.6485906862745098 0.026143790849673203 0.08272058823529412
0 0.26000816993464054 0.6488970588235294 0.0298202614379085 0.08394607843137254
0 0.2252859477124183 0.6481311274509803 0.026552287581699346 0.08363970588235294
0 0.18137254901960784 0.6427696078431373 0.031862745098039214 0.0857843137254902
0 0.4775326797385621 0.6479779411764706 0.032679738562091505 0.08149509803921569
0 0.5124591503267973 0.6490502450980392 0.0298202614379085 0.07322303921568628
0 0.53125 0.5234375 0.03553921568627451 0.0977328431372549
0 0.10273692810457516 0.6420036764705882 0.03390522875816993 0.09589460784313726
