0 0.9268790849673203 0.21323529411764705 0.11601307189542484 0.1017156862745098
0 0.01511437908496732 0.3584558823529412 0.03022875816993464 0.05821078431372549
0 0.04820261437908497 0.3587622549019608 0.03022875816993464 0.061887254901960786
0 0.11540032679738563 0.3581495098039216 0.028186274509803922 0.06004901960784314
0 0.15502450980392157 0.3440563725490196 0.03145424836601307 0.0900735294117647
0 0.18790849673202614 0.3460477941176471 0.03431372549019608 0.08731617647058823
0 0.24775326797385622 0.3481924019607843 0.0690359477124183 0.08731617647058823
0 0.477124183006536 0.34987745098039214 0.08496732026143791 0.09191176470588236
0 0.4089052287581699 0.35171568627450983 0.049836601307189546 0.08762254901960784
0 0.5720996732026143 0.3472732843137255 0.060866013071895424 0.09037990196078431
0 0.6370506535947712 0.36565563725490197 0.023284313725490197 0.06525735294117647
0 0.6660539215686274 0.36534926470588236 0.027369281045751634 0.06096813725490196
0 0.6926062091503268 0.3639705882352941 0.023284313725490197 0.06433823529411764
0 0.7847222222222222 0.21461397058823528 0.10947712418300654 0.10447303921568628
0 0.3229166666666667 0.3483455882352941 0.08047385620915033 0.08762254901960784
0 0.7083333333333334 0.20818014705882354 0.03594771241830065 0.12040441176470588
0 0.7422385620915033 0.35738357843137253 0.0661764705882353 0.05361519607843137
0 0.6143790849673203 0.20618872549019607 0.0392156862745098 0.12622549019607843
0 0.015727124183006536 0.23820465686274508 0.028186274509803922 0.08057598039215687
0 0.04738562091503268 0.23789828431372548 0.028594771241830064 0.07751225490196079
0 0.0806781045751634 0.23697916666666666 0.0298202614379085 0.07935049019607843
0 0.19117647058823528 0.23023897058823528 0.022058823529411766 0.09099264705882353
0 0.21875 0.22886029411764705 0.030637254901960783 0.0974264705882353
0 0.25020424836601307 0.22778799019607843 0.03145424836601307 0.09895833333333333
0 0.6631944444444444 0.20572916666666666 0.04370915032679738 0.12714460784313725
0 0.29125816993464054 0.22212009803921567 0.042483660130718956 0.11029411764705882
0 0.37193627450980393 0.23115808823529413 0.023284313725490197 0.08547794117647059
0 0.4144199346405229 0.21277573529411764 0.04534313725490196 0.11979166666666667
0 0.45526960784313725 0.21292892156862744 0.03390522875816993 0.1213235294117647
0 0.494281045751634 0.20909926470588236 0.04084967320261438 0.12898284313725492
0 0.5318627450980392 0.20940563725490197 0.03022875816993464 0.12285539215686274
0 0.5718954248366013 0.20526960784313725 0.04411764705882353 0.13357843137254902
0 0.34354575163398693 0.23161764705882354 0.03022875816993464 0.08884803921568628
0 0.8143382352941176 0.35723039215686275 0.07066993464052287 0.05821078431372549
0 0.11764705882352941 0.5580575980392157 0.032679738562091505 0.08057598039215687
0 0.965890522875817 0.3558517156862745 0.056781045751633986 0.060355392156862746
0 0.07577614379084967 0.7725183823529411 0.028186274509803922 0.078125
0 0.0457516339869281 0.7697610294117647 0.025326797385620915 0.07751225490196079
0 0.02022058823529412 0.7670036764705882 0.024918300653594773 0.0744485294117647
0 0.9673202614379085 0.7446384803921569 0.06699346405228758 0.05545343137254902
0 0.8956290849673203 0.7401960784313726 0.06331699346405228 0.049019607843137254
0 0.8280228758169934 0.7352941176470589 0.06372549019607843 0.05330882352941176
0 0.7573529411764706 0.7302389705882353 0.05800653594771242 0.048100490196078434
0 0.6919934640522876 0.7231924019607843 0.06045751633986928 0.050551470588235295
0 0.627859477124183 0.7182904411764706 0.061274509803921566 0.045649509803921566
0 0.5690359477124183 0.7143075980392157 0.05473856209150327 0.046875
0 0.10457516339869281 0.7749693627450981 0.026143790849673203 0.078125
0 0.5081699346405228 0.7089460784313726 0.05555555555555555 0.04840686274509804
0 0.39869281045751637 0.7006740196078431 0.05473856209150327 0.04350490196078431
0 0.3425245098039216 0.6968443627450981 0.05024509803921569 0.04258578431372549
0 0.289624183006536 0.694546568627451 0.051470588235294115 0.0428921568627451
0 0.2312091503267974 0.6885723039215687 0.05473856209150327 0.04013480392156863
0 0.17585784313725492 0.6868872549019608 0.04861111111111111 0.042279411764705885
0 0.9650735294117647 0.6907169117647058 0.0690359477124183 0.047487745098039214
0 0.8946078431372549 0.6890318627450981 0.06372549019607843 0.0508578431372549
0 0.8265931372549019 0.6845894607843137 0.06985294117647059 0.040747549019607844
0 0.7595996732026143 0.6793811274509803 0.0625 0.048100490196078434
0 0.6926062091503268 0.6740196078431373 0.06413398692810457 0.04044117647058824
0 0.4520016339869281 0.7048100490196079 0.05106209150326797 0.043198529411764705
0 0.6266339869281046 0.6698835784313726 0.06209150326797386 0.048100490196078434
0 0.13051470588235295 0.7768075980392157 0.023284313725490197 0.07996323529411764
0 0.190359477124183 0.766390931372549 0.05555555555555555 0.04442401960784314
0 0.9799836601307189 0.8831188725490197 0.0392156862745098 0.048100490196078434
0 0.9268790849673203 0.8748468137254902 0.06535947712418301 0.04442401960784314
0 0.8625408496732027 0.8734681372549019 0.06004901960784314 0.04779411764705882
0 0.9850898692810458 0.8313419117647058 0.0298202614379085 0.05116421568627451
0 0.9336192810457516 0.8261335784313726 0.06658496732026144 0.04197303921568627
0 0.869281045751634 0.8221507352941176 0.05800653594771242 0.05177696078431373
0 0.7487745098039216 0.8618259803921569 0.059640522875817 0.04105392156862745
0 0.6113153594771242 0.842984068627451 0.06331699346405228 0.046262254901960786
0 0.5488153594771242 0.8382352941176471 0.05514705882352941 0.041666666666666664
0 0.48733660130718953 0.8308823529411765 0.061274509803921566 0.04350490196078431
0 0.15155228758169934 0.7783394607843137 0.018790849673202614 0.078125
0 0.4256535947712418 0.8256740196078431 0.05800653594771242 0.044730392156862746
0 0.3118872549019608 0.8166360294117647 0.05514705882352941 0.040747549019607844
0 0.6156045751633987 0.7988664215686274 0.06209150326797386 0.04197303921568627
0 0.5496323529411765 0.7924325980392157 0.056781045751633986 0.046875
0 0.4867238562091503 0.7866115196078431 0.056781045751633986 0.04258578431372549
0 0.4266748366013072 0.7797181372549019 0.056781045751633986 0.03982843137254902
0 0.36764705882352944 0.7765012254901961 0.056372549019607844 0.04381127450980392
0 0.31066176470588236 0.7728247549019608 0.0559640522875817 0.043198529411764705
0 0.8935866013071896 0.3567708333333333 0.08129084967320262 0.05974264705882353
0 0.19138071895424835 0.8092830882352942 0.05106209150326797 0.03829656862745098
0 0.24836601307189543 0.7673100490196079 0.05718954248366013 0.0389093137254902
0 0.3680555555555556 0.8206188725490197 0.05392156862745098 0.04197303921568627
0 0.5661764705882353 0.6681985294117647 0.051470588235294115 0.0428921568627451
0 0.24734477124183007 0.811734068627451 0.05514705882352941 0.043198529411764705
0 0.4499591503267974 0.6591605392156863 0.053513071895424834 0.03952205882352941
0 0.4158496732026144 0.5943627450980392 0.05800653594771242 0.051470588235294115
0 0.3500816993464052 0.5433517156862745 0.07107843137254902 0.06770833333333333
0 0.2526552287581699 0.5459558823529411 0.09436274509803921 0.06801470588235294
0 0.05024509803921569 0.4408700980392157 0.03431372549019608 0.07352941176470588
0 0.09803921568627451 0.44224877450980393 0.04738562091503268 0.07383578431372549
0 0.19955065359477125 0.45955882352941174 0.05759803921568627 0.056372549019607844
0 0.2928921568627451 0.45955882352941174 0.0457516339869281 0.05392156862745098
0 0.34211601307189543 0.45986519607843135 0.05269607843137255 0.05392156862745098
0 0.5104166666666666 0.4650735294117647 0.05106209150326797 0.05821078431372549
0 0.5645424836601307 0.46629901960784315 0.051470588235294115 0.05575980392156863
0 0.49754901960784315 0.5459558823529411 0.059640522875817 0.04718137254901961
0 0.6196895424836601 0.46798406862745096 0.05800653594771242 0.05912990196078431
0 0.7689950980392157 0.4753370098039216 0.037173202614379085 0.0664828431372549
0 0.860498366013072 0.4408700980392157 0.09027777777777778 0.05024509803921569
0 0.8637663398692811 0.4892769607843137 0.09109477124183006 0.04718137254901961
0 0.9569035947712419 0.4417892156862745 0.08782679738562091 0.04963235294117647
0 0.9556781045751634 0.49065563725490197 0.0886437908496732 0.047487745098039214
0 0.00959967320261438 0.5510110294117647 0.01919934640522876 0.07996323529411764
0 0.032883986928104576 0.5528492647058824 0.028186274509803922 0.0818014705882353
0 0.059640522875817 0.5553002450980392 0.024509803921568627 0.08241421568627451
0 0.0872140522875817 0.5575980392156863 0.025735294117647058 0.07965686274509803
0 0.5073529411764706 0.6623774509803921 0.05718954248366013 0.04534313725490196
0 0.6838235294117647 0.46890318627450983 0.0661764705882353 0.057291666666666664
0 0.5639297385620915 0.5447303921568627 0.06658496732026144 0.05024509803921569
0 0.4383169934640523 0.45266544117647056 0.049019607843137254 0.04993872549019608
0 0.6930147058823529 0.5526960784313726 0.07148692810457516 0.04840686274509804
0 0.3946078431372549 0.6550245098039216 0.056372549019607844 0.04718137254901961
0 0.6268382352941176 0.5487132352941176 0.05841503267973856 0.04779411764705882
0 0.28656045751633985 0.6469056372549019 0.051879084967320264 0.04993872549019608
0 0.23161764705882354 0.6432291666666666 0.05228758169934641 0.043198529411764705
0 0.17708333333333334 0.6427696078431373 0.054330065359477125 0.04411764705882353
0 0.12663398692810457 0.6642156862745098 0.026143790849673203 0.07475490196078431
0 0.09967320261437909 0.6640625 0.025326797385620915 0.07689950980392157
0 0.07169117647058823 0.6602328431372549 0.023284313725490197 0.08088235294117647
0 0.04595588235294118 0.6560968137254902 0.02246732026143791 0.08486519607843138
0 0.019812091503267973 0.6560968137254902 0.024101307189542485 0.07996323529411764
0 0.9662990196078431 0.6173406862745098 0.068218954248366 0.052083333333333336
0 0.33905228758169936 0.6528799019607843 0.05228758169934641 0.04044117647058824
0 0.8237336601307189 0.6127450980392157 0.061683006535947715 0.05024509803921569
0 0.7608251633986928 0.5557598039215687 0.061683006535947715 0.0545343137254902
0 0.8929738562091504 0.6151960784313726 0.07026143790849673 0.05269607843137255
0 0.894812091503268 0.5625 0.07393790849673203 0.04779411764705882
0 0.9669117647058824 0.5643382352941176 0.0661764705882353 0.05269607843137255
0 0.5010212418300654 0.5951286764705882 0.05759803921568627 0.048100490196078434
0 0.827001633986928 0.5608149509803921 0.061683006535947715 0.050551470588235295
0 0.6229575163398693 0.5994178921568627 0.05800653594771242 0.046875
0 0.6866830065359477 0.6035539215686274 0.06209150326797386 0.04840686274509804
0 0.7555147058823529 0.6102941176470589 0.06413398692810457 0.052083333333333336
0 0.5612745098039216 0.5969669117647058 0.061274509803921566 0.045649509803921566
