0 0.28513071895424835 0.6381740196078431 0.031862745098039214 0.05330882352941176
0 0.315359477124183 0.6393995098039216 0.02696078431372549 0.04840686274509804
0 0.04534313725490196 0.5540747549019608 0.021241830065359478 0.06893382352941177
0 0.01838235294117647 0.5543811274509803 0.032679738562091505 0.06893382352941177
0 0.1454248366013072 0.7043504901960784 0.03431372549019608 0.0508578431372549
0 0.34620098039215685 0.6421568627450981 0.03553921568627451 0.05514705882352941
0 0.3786764705882353 0.6427696078431373 0.027777777777777776 0.05392156862745098
0 0.41094771241830064 0.6433823529411765 0.035130718954248366 0.05759803921568627
0 0.1235702614379085 0.6344975490196079 0.03880718954248366 0.06433823529411764
0 0.08251633986928104 0.703125 0.026143790849673203 0.0545343137254902
0 0.11049836601307189 0.7074142156862745 0.024918300653594773 0.05024509803921569
0 0.2508169934640523 0.6387867647058824 0.032679738562091505 0.05269607843137255
0 0.056372549019607844 0.7058823529411765 0.02696078431372549 0.05943627450980392
0 0.4456699346405229 0.6415441176470589 0.03104575163398693 0.05024509803921569
0 0.028594771241830064 0.6344975490196079 0.032679738562091505 0.06433823529411764
0 0.05800653594771242 0.6372549019607843 0.026143790849673203 0.058823529411764705
0 0.08782679738562091 0.6366421568627451 0.032679738562091505 0.05943627450980392
0 0.027369281045751634 0.7071078431372549 0.03022875816993464 0.05943627450980392
0 0.2181372549019608 0.6397058823529411 0.032679738562091505 0.05024509803921569
0 0.24632352941176472 0.5549938725490197 0.027777777777777776 0.07935049019607843
0 0.39950980392156865 0.5577512254901961 0.04084967320261438 0.08302696078431372
0 0.2696078431372549 0.20404411764705882 0.029411764705882353 0.05698529411764706
0 0.3084150326797386 0.20435049019607843 0.03758169934640523 0.06004901960784314
0 0.34824346405228757 0.19638480392156862 0.03145424836601307 0.06924019607843138
0 0.20098039215686275 0.2913602941176471 0.032679738562091505 0.0704656862745098
0 0.238562091503268 0.29105392156862747 0.04084967320261438 0.07536764705882353
0 0.28022875816993464 0.2913602941176471 0.03839869281045752 0.08149509803921569
0 0.3088235294117647 0.29151348039215685 0.017973856209150325 0.08363970588235294
0 0.34987745098039214 0.3075980392156863 0.0428921568627451 0.03125
0 0.23815359477124182 0.20036764705882354 0.03594771241830065 0.06433823529411764
0 0.4089052287581699 0.2899816176470588 0.03104575163398693 0.08425245098039216
0 0.19117647058823528 0.38465073529411764 0.027777777777777776 0.078125
0 0.21772875816993464 0.3840379901960784 0.027777777777777776 0.07873774509803921
0 0.2569444444444444 0.3861825980392157 0.032679738562091505 0.078125
0 0.28880718954248363 0.3815870098039216 0.03104575163398693 0.08670343137254902
0 0.3611111111111111 0.4693627450980392 0.025326797385620915 0.0661764705882353
0 0.3278186274509804 0.47089460784313725 0.03553921568627451 0.0704656862745098
0 0.1977124183006536 0.47150735294117646 0.04493464052287582 0.06556372549019608
0 0.32169117647058826 0.38005514705882354 0.030637254901960783 0.07873774509803921
0 0.44362745098039214 0.28691789215686275 0.03104575163398693 0.08670343137254902
0 0.19975490196078433 0.20067401960784315 0.04084967320261438 0.06372549019607843
0 0.16380718954248366 0.20557598039215685 0.026143790849673203 0.06556372549019608
0 0.823937908496732 0.14460784313725492 0.029411764705882353 0.04718137254901961
0 0.3611111111111111 0.5574448529411765 0.031862745098039214 0.08302696078431372
0 0.3257761437908497 0.5693933823529411 0.03553921568627451 0.0628063725490196
0 0.29044117647058826 0.5791973039215687 0.042483660130718956 0.04503676470588235
0 0.07352941176470588 0.5510110294117647 0.032679738562091505 0.06525735294117647
0 0.21405228758169934 0.5580575980392157 0.03676470588235294 0.07322303921568628
0 0.4616013071895425 0.46875 0.03431372549019608 0.06311274509803921
0 0.4272875816993464 0.47181372549019607 0.03104575163398693 0.06556372549019608
0 0.3909313725490196 0.4693627450980392 0.04003267973856209 0.0704656862745098
0 0.5492238562091504 0.6666666666666666 0.03390522875816993 0.09191176470588236
0 0.45588235294117646 0.7037377450980392 0.035130718954248366 0.05759803921568627
0 0.41748366013071897 0.7058823529411765 0.03594771241830065 0.06004901960784314
0 0.3831699346405229 0.7055759803921569 0.024509803921568627 0.05698529411764706
0 0.3574346405228758 0.7034313725490197 0.026143790849673203 0.061274509803921566
0 0.3314950980392157 0.7046568627450981 0.026552287581699346 0.061887254901960786
0 0.2994281045751634 0.7049632352941176 0.03594771241830065 0.05821078431372549
0 0.2651143790849673 0.7046568627450981 0.032679738562091505 0.05575980392156863
0 0.23080065359477125 0.7034313725490197 0.03349673202614379 0.05821078431372549
0 0.7561274509803921 0.15257352941176472 0.031862745098039214 0.04963235294117647
0 0.7910539215686274 0.14736519607843138 0.0363562091503268 0.04411764705882353
0 0.44199346405228757 0.5592830882352942 0.03594771241830065 0.07261029411764706
0 0.1068218954248366 0.5556066176470589 0.025735294117647058 0.06893382352941177
0 0.4285130718954248 0.37714460784313725 0.03104575163398693 0.07904411764705882
0 0.04125816993464052 0.47120098039215685 0.029411764705882353 0.06495098039215687
0 0.5943627450980392 0.47671568627450983 0.03104575163398693 0.06985294117647059
0 0.6282679738562091 0.47640931372549017 0.03349673202614379 0.07169117647058823
0 0.6703431372549019 0.47640931372549017 0.04003267973856209 0.07536764705882353
0 0.7026143790849673 0.47610294117647056 0.02696078431372549 0.07536764705882353
0 0.7348856209150327 0.47549019607843135 0.03431372549019608 0.07352941176470588
0 0.7718545751633987 0.47487745098039214 0.034722222222222224 0.07475490196078431
0 0.8075980392156863 0.47181372549019607 0.03758169934640523 0.06924019607843138
0 0.5245098039215687 0.37224264705882354 0.041666666666666664 0.07475490196078431
0 0.5590277777777778 0.3710171568627451 0.02900326797385621 0.0778186274509804
0 0.6017156862745098 0.3697916666666667 0.041666666666666664 0.07598039215686274
0 0.636437908496732 0.3700980392156863 0.029411764705882353 0.07659313725490197
0 0.6695261437908496 0.36917892156862747 0.03022875816993464 0.0778186274509804
0 0.7046568627450981 0.36795343137254904 0.035130718954248366 0.08088235294117647
0 0.7438725490196079 0.36703431372549017 0.03594771241830065 0.08272058823529412
0 0.786968954248366 0.36917892156862747 0.04044117647058824 0.0784313725490196
0 0.5573937908496732 0.4788602941176471 0.03390522875816993 0.07598039215686274
0 0.5241013071895425 0.4794730392156863 0.032679738562091505 0.07536764705882353
0 0.8316993464052288 0.5804227941176471 0.03676470588235294 0.078125
0 0.7890114379084967 0.5782781862745098 0.044526143790849675 0.07261029411764706
0 0.015727124183006536 0.2931985294117647 0.0298202614379085 0.0741421568627451
0 0.5845588235294118 0.6666666666666666 0.03594771241830065 0.09191176470588236
0 0.6290849673202614 0.6780024509803921 0.03104575163398693 0.07169117647058823
0 0.6601307189542484 0.680453431372549 0.027777777777777776 0.0704656862745098
0 0.6944444444444444 0.6813725490196079 0.03104575163398693 0.0784313725490196
0 0.7234477124183006 0.6807598039215687 0.027777777777777776 0.07904411764705882
0 0.7577614379084967 0.6822916666666666 0.035130718954248366 0.08333333333333333
0 0.8288398692810458 0.3710171568627451 0.0392156862745098 0.08762254901960784
0 0.7902369281045751 0.6856617647058824 0.026552287581699346 0.0784313725490196
0 0.5379901960784313 0.5742953431372549 0.031862745098039214 0.07199754901960784
0 0.5700571895424836 0.5758272058823529 0.030637254901960783 0.06832107843137254
0 0.6017156862745098 0.5749080882352942 0.029411764705882353 0.0701593137254902
0 0.633578431372549 0.577359068627451 0.03594771241830065 0.06525735294117647
0 0.6715686274509803 0.5804227941176471 0.03839869281045752 0.07199754901960784
0 0.7144607843137255 0.5758272058823529 0.03839869281045752 0.07138480392156862
0 0.7512254901960784 0.5807291666666666 0.03022875816993464 0.06954656862745098
0 0.8263888888888888 0.6819852941176471 0.03839869281045752 0.07352941176470588
0 0.511437908496732 0.26577818627450983 0.031862745098039214 0.08486519607843138
0 0.5392156862745098 0.26669730392156865 0.026143790849673203 0.08425245098039216
0 0.5696486928104575 0.2633272058823529 0.0298202614379085 0.08302696078431372
0 0.07107843137254902 0.4699754901960784 0.027777777777777776 0.07230392156862746
0 0.1068218954248366 0.4696691176470588 0.03390522875816993 0.06801470588235294
0 0.015727124183006536 0.38556985294117646 0.0298202614379085 0.07261029411764706
0 0.39338235294117646 0.3789828431372549 0.03104575163398693 0.07904411764705882
0 0.053513071895424834 0.38465073529411764 0.03758169934640523 0.06587009803921569
0 0.08741830065359477 0.38556985294117646 0.03594771241830065 0.06954656862745098
0 0.060866013071895424 0.21537990196078433 0.031862745098039214 0.058823529411764705
0 0.014093137254901961 0.4678308823529412 0.024918300653594773 0.0704656862745098
0 0.08088235294117647 0.2928921568627451 0.02696078431372549 0.06556372549019608
0 0.04738562091503268 0.2956495098039216 0.03758169934640523 0.06862745098039216
0 0.7193627450980392 0.15441176470588236 0.04003267973856209 0.04595588235294118
0 0.681781045751634 0.15471813725490197 0.03431372549019608 0.04534313725490196
0 0.6462418300653595 0.15410539215686275 0.032679738562091505 0.04534313725490196
0 0.026552287581699346 0.21629901960784315 0.032679738562091505 0.0625
0 0.5729166666666666 0.15931372549019607 0.0363562091503268 0.04656862745098039
0 0.6021241830065359 0.26087622549019607 0.03431372549019608 0.08670343137254902
0 0.6401143790849673 0.2578125 0.03676470588235294 0.08118872549019608
0 0.676062091503268 0.25566789215686275 0.035130718954248366 0.08486519607843138
0 0.7116013071895425 0.25965073529411764 0.03676470588235294 0.09099264705882353
0 0.7475490196078431 0.2568933823529412 0.035130718954248366 0.09466911764705882
0 0.6102941176470589 0.15839460784313725 0.03431372549019608 0.05024509803921569
0 0.3568218954248366 0.38082107843137253 0.030637254901960783 0.07904411764705882
0 0.7832924836601307 0.24800857843137256 0.03308823529411765 0.09834558823529412
0 0.8214869281045751 0.2424938725490196 0.03676470588235294 0.09895833333333333
0 0.5032679738562091 0.1639093137254902 0.031862745098039214 0.04963235294117647
0 0.5371732026143791 0.1636029411764706 0.03431372549019608 0.052083333333333336
