0 0.9627604166666667 0.88515625 0.033854166666666664 0.10078125
0 0.02421875 0.692578125 0.0484375 0.0765625
0 0.07265625 0.693359375 0.043229166666666666 0.075
0 0.11614583333333334 0.693359375 0.040625 0.075
0 0.159375 0.693359375 0.0375 0.075
0 0.20390625 0.69453125 0.04114583333333333 0.07421875
0 0.24661458333333333 0.694921875 0.04114583333333333 0.075
0 0.28984375 0.6935546875 0.04114583333333333 0.075390625
0 0.6966145833333334 0.6951171875 0.0390625 0.065234375
0 0.33151041666666664 0.6935546875 0.0390625 0.074609375
0 0.45416666666666666 0.6919921875 0.03958333333333333 0.075390625
0 0.4953125 0.6919921875 0.040625 0.074609375
0 0.53828125 0.69296875 0.04114583333333333 0.07421875
0 0.5794270833333334 0.6916015625 0.033854166666666664 0.071484375
0 0.6200520833333333 0.6923828125 0.03697916666666667 0.069921875
0 0.04296875 0.7982421875 0.04114583333333333 0.070703125
0 0.125 0.798828125 0.0375 0.06875
0 0.37265625 0.69296875 0.04010416666666667 0.07421875
0 0.6575520833333334 0.69375 0.034895833333333334 0.06328125
0 0.7393229166666667 0.693359375 0.034895833333333334 0.065625
0 0.984375 0.431640625 0.03229166666666667 0.1078125
0 0.31744791666666666 0.58515625 0.04010416666666667 0.07734375
0 0.36223958333333334 0.5845703125 0.043229166666666666 0.077734375
0 0.40598958333333335 0.5849609375 0.03697916666666667 0.077734375
0 0.4484375 0.586328125 0.040625 0.075
0 0.4942708333333333 0.58515625 0.042708333333333334 0.07734375
0 0.5369791666666667 0.5857421875 0.03854166666666667 0.073828125
0 0.58046875 0.5857421875 0.04010416666666667 0.073828125
0 0.9494791666666667 0.2294921875 0.04375 0.058203125
0 0.6239583333333333 0.58515625 0.040625 0.07890625
0 0.6661458333333333 0.586328125 0.035416666666666666 0.075
0 0.7065104166666667 0.5875 0.0390625 0.07421875
0 0.7854166666666667 0.585546875 0.0375 0.0703125
0 0.7455729166666667 0.58828125 0.0359375 0.07578125
0 0.8559895833333333 0.5671875 0.05260416666666667 0.08515625
0 0.85625 0.6935546875 0.036458333333333336 0.066015625
0 0.8200520833333333 0.6943359375 0.033854166666666664 0.070703125
0 0.7796875 0.691796875 0.03854166666666667 0.06875
0 0.16380208333333332 0.798828125 0.033854166666666664 0.071875
0 0.20755208333333333 0.80078125 0.04010416666666667 0.07265625
0 0.24817708333333333 0.80078125 0.0359375 0.07421875
0 0.28802083333333334 0.7994140625 0.03854166666666667 0.073046875
0 0.7502604166666667 0.8962890625 0.03697916666666667 0.067578125
0 0.59375 0.89765625 0.0375 0.0671875
0 0.0265625 0.8990234375 0.040625 0.069921875
0 0.06796875 0.8978515625 0.03802083333333333 0.067578125
0 0.11302083333333333 0.898046875 0.03854166666666667 0.06640625
0 0.153125 0.8970703125 0.0375 0.066015625
0 0.19505208333333332 0.898046875 0.034895833333333334 0.06484375
0 0.23619791666666667 0.8986328125 0.04010416666666667 0.066015625
0 0.2752604166666667 0.9001953125 0.0328125 0.069140625
0 0.31536458333333334 0.8994140625 0.0359375 0.067578125
0 0.3541666666666667 0.898046875 0.035416666666666666 0.06484375
0 0.39348958333333334 0.8966796875 0.03697916666666667 0.065234375
0 0.4328125 0.8966796875 0.0375 0.068359375
0 0.4734375 0.896875 0.0375 0.065625
0 0.5140625 0.896484375 0.0375 0.06796875
0 0.5526041666666667 0.8970703125 0.036458333333333336 0.066015625
0 0.9833333333333333 0.1599609375 0.034375 0.062890625
0 0.7885416666666667 0.8951171875 0.035416666666666666 0.065234375
0 0.271875 0.5845703125 0.042708333333333334 0.074609375
0 0.8390625 0.894921875 0.03854166666666667 0.06796875
0 0.9236979166666667 0.8828125 0.0328125 0.10234375
0 0.32760416666666664 0.7986328125 0.035416666666666666 0.071484375
0 0.37057291666666664 0.798828125 0.044270833333333336 0.071875
0 0.4505208333333333 0.7970703125 0.036458333333333336 0.071484375
0 0.4903645833333333 0.796875 0.0390625 0.07265625
0 0.5296875 0.797265625 0.035416666666666666 0.071875
0 0.5705729166666667 0.7970703125 0.0359375 0.071484375
0 0.61015625 0.7861328125 0.03802083333333333 0.049609375
0 0.6872395833333333 0.7970703125 0.04114583333333333 0.068359375
0 0.7286458333333333 0.7974609375 0.034375 0.066015625
0 0.7677083333333333 0.7966796875 0.035416666666666666 0.067578125
0 0.8059895833333334 0.7931640625 0.03802083333333333 0.069140625
0 0.8486979166666667 0.7943359375 0.03802083333333333 0.069140625
0 0.92890625 0.626171875 0.034895833333333334 0.10546875
0 0.9682291666666667 0.6275390625 0.03229166666666667 0.105078125
0 0.9325520833333333 0.7619140625 0.033854166666666664 0.108203125
0 0.9677083333333333 0.7595703125 0.027083333333333334 0.103515625
0 0.8986979166666667 0.7595703125 0.027604166666666666 0.112109375
0 0.8861979166666667 0.8830078125 0.03177083333333333 0.102734375
0 0.22864583333333333 0.5828125 0.041666666666666664 0.07578125
0 0.9869791666666666 0.238671875 0.025 0.05234375
0 0.13515625 0.584375 0.04635416666666667 0.07734375
0 0.3372395833333333 0.3685546875 0.050520833333333334 0.070703125
0 0.2838541666666667 0.3681640625 0.05 0.073828125
0 0.23203125 0.3671875 0.0484375 0.0734375
0 0.17578125 0.36484375 0.05364583333333333 0.071875
0 0.1203125 0.3658203125 0.053125 0.070703125
0 0.06848958333333334 0.3646484375 0.04739583333333333 0.069140625
0 0.020833333333333332 0.3654296875 0.041666666666666664 0.069921875
0 0.8921875 0.258984375 0.05520833333333333 0.06953125
0 0.83984375 0.257421875 0.044270833333333336 0.07421875
0 0.7841145833333333 0.253125 0.04739583333333333 0.08125
0 0.73125 0.2537109375 0.04791666666666667 0.079296875
0 0.6807291666666667 0.257421875 0.04895833333333333 0.07109375
0 0.9833333333333333 0.526171875 0.034375 0.03671875
0 0.578125 0.2525390625 0.051041666666666666 0.083203125
0 0.525 0.251171875 0.051041666666666666 0.08046875
0 0.47109375 0.2552734375 0.050520833333333334 0.073046875
0 0.41901041666666666 0.2552734375 0.0515625 0.073046875
0 0.3846354166666667 0.369921875 0.0390625 0.0671875
0 0.3651041666666667 0.25390625 0.051041666666666666 0.0734375
0 0.4239583333333333 0.3705078125 0.036458333333333336 0.065234375
0 0.5114583333333333 0.369921875 0.040625 0.0671875
0 0.18307291666666667 0.587890625 0.044270833333333336 0.071875
0 0.73671875 0.4802734375 0.03802083333333333 0.070703125
0 0.6971354166666667 0.4802734375 0.0328125 0.067578125
0 0.65546875 0.4802734375 0.043229166666666666 0.067578125
0 0.7791666666666667 0.4822265625 0.041666666666666664 0.068359375
0 0.83671875 0.4837890625 0.03802083333333333 0.062109375
0 0.878125 0.484375 0.035416666666666666 0.0578125
0 0.9385416666666667 0.434375 0.04583333333333333 0.11015625
0 0.88125 0.3701171875 0.041666666666666664 0.064453125
0 0.8369791666666667 0.3708984375 0.03854166666666667 0.062890625
0 0.796875 0.3712890625 0.03229166666666667 0.063671875
0 0.7578125 0.3712890625 0.035416666666666666 0.066796875
0 0.7169270833333333 0.3724609375 0.0390625 0.066015625
0 0.6755208333333333 0.3708984375 0.03854166666666667 0.066015625
0 0.6372395833333333 0.3732421875 0.034895833333333334 0.067578125
0 0.5973958333333333 0.372265625 0.040625 0.065625
0 0.5549479166666667 0.3716796875 0.04114583333333333 0.067578125
0 0.4635416666666667 0.3689453125 0.041666666666666664 0.066015625
0 0.31223958333333335 0.25234375 0.049479166666666664 0.0734375
0 0.6294270833333333 0.2564453125 0.04739583333333333 0.072265625
0 0.48359375 0.4775390625 0.04114583333333333 0.074609375
0 0.946875 0.159765625 0.034375 0.059375
0 0.9328125 0.5326171875 0.05520833333333333 0.028515625
0 0.6111979166666667 0.480078125 0.04010416666666667 0.0703125
0 0.5708333333333333 0.4798828125 0.036458333333333336 0.069921875
0 0.52734375 0.476953125 0.0390625 0.0734375
0 0.2596354166666667 0.2521484375 0.050520833333333334 0.076171875
0 0.03411458333333333 0.47109375 0.04010416666666667 0.0796875
0 0.07890625 0.4732421875 0.043229166666666666 0.074609375
0 0.12708333333333333 0.4732421875 0.041666666666666664 0.080859375
0 0.17395833333333333 0.4765625 0.041666666666666664 0.07578125
0 0.21875 0.4755859375 0.041666666666666664 0.073828125
0 0.26276041666666666 0.4740234375 0.04010416666666667 0.073046875
0 0.30885416666666665 0.474609375 0.042708333333333334 0.071875
0 0.3528645833333333 0.4763671875 0.04114583333333333 0.072265625
0 0.39739583333333334 0.4767578125 0.040625 0.073046875
0 0.440625 0.47890625 0.041666666666666664 0.07734375
0 0.045572916666666664 0.5822265625 0.0421875 0.075390625
0 0.8359375 0.14296875 0.029166666666666667 0.065625
0 0.7966145833333333 0.1419921875 0.04010416666666667 0.063671875
0 0.8947916666666667 0.150390625 0.04479166666666667 0.053125
0 0.6479166666666667 0.1021484375 0.08125 0.017578125
0 0.20572916666666666 0.2501953125 0.04895833333333333 0.078515625
0 0.1515625 0.247265625 0.05 0.07578125
0 0.09817708333333333 0.24765625 0.05364583333333333 0.0765625
0 0.04192708333333333 0.2484375 0.0515625 0.078125
0 0.03984375 0.110546875 0.034895833333333334 0.1078125
0 0.7541666666666667 0.143359375 0.040625 0.06015625
0 0.25286458333333334 0.111328125 0.03697916666666667 0.103125
0 0.30026041666666664 0.114453125 0.03802083333333333 0.10625
0 0.08958333333333333 0.5833984375 0.040625 0.074609375
0 0.4205729166666667 0.1150390625 0.03802083333333333 0.105078125
0 0.4703125 0.1373046875 0.04791666666666667 0.063671875
0 0.521875 0.1408203125 0.04479166666666667 0.064453125
0 0.57421875 0.1404296875 0.04739583333333333 0.060546875
0 0.6669270833333333 0.1427734375 0.04114583333333333 0.059765625
0 0.6234375 0.142578125 0.03958333333333333 0.05859375
0 0.7106770833333333 0.1447265625 0.043229166666666666 0.062890625
0 0.3692708333333333 0.1150390625 0.04583333333333333 0.107421875
