0 0.8118872549019608 0.9163602941176471 0.07475490196078431 0.052083333333333336
0 0.35927287581699346 0.7264093137254902 0.0298202614379085 0.03982843137254902
0 0.8047385620915033 0.9744178921568627 0.07924836601307189 0.0389093137254902
0 0.6409313725490197 0.5108762254901961 0.027777777777777776 0.08854166666666667
0 0.6740196078431373 0.5108762254901961 0.03594771241830065 0.1014093137254902
0 0.7099673202614379 0.5180759803921569 0.035130718954248366 0.09068627450980392
0 0.7389705882352942 0.5237438725490197 0.02287581699346405 0.0977328431372549
0 0.4054330065359477 0.6063112745098039 0.0363562091503268 0.04105392156862745
0 0.35641339869281047 0.7714460784313726 0.024101307189542485 0.04963235294117647
0 0.8080065359477124 0.860140931372549 0.06372549019607843 0.046875
0 0.8939950980392157 0.9469975490196079 0.07965686274509803 0.07659313725490197
0 0.8149509803921569 0.8065257352941176 0.07434640522875817 0.05667892156862745
0 0.3617238562091503 0.46369485294117646 0.01184640522875817 0.07261029411764706
0 0.6584967320261438 0.9146752450980392 0.059640522875817 0.05361519607843137
0 0.5377859477124183 0.8625919117647058 0.0494281045751634 0.06158088235294118
0 0.5379901960784313 0.8072916666666666 0.04411764705882353 0.04350490196078431
0 0.5400326797385621 0.7602634803921569 0.04084967320261438 0.046875
0 0.548202614379085 0.7066482843137255 0.03431372549019608 0.05422794117647059
0 0.48366013071895425 0.8402267156862745 0.03839869281045752 0.057904411764705885
0 0.4826388888888889 0.7869178921568627 0.0298202614379085 0.04136029411764706
0 0.49142156862745096 0.7401960784313726 0.03431372549019608 0.0428921568627451
0 0.4936683006535948 0.6884191176470589 0.03553921568627451 0.056372549019607844
0 0.4352532679738562 0.8114276960784313 0.03880718954248366 0.05667892156862745
0 0.43790849673202614 0.7630208333333334 0.03758169934640523 0.03768382352941176
0 0.44607843137254904 0.7185968137254902 0.04084967320261438 0.04871323529411765
0 0.44607843137254904 0.6698835784313726 0.03758169934640523 0.04381127450980392
0 0.45302287581699346 0.6243872549019608 0.0392156862745098 0.04534313725490196
0 0.3903186274509804 0.7905943627450981 0.037173202614379085 0.04871323529411765
0 0.39133986928104575 0.7455575980392157 0.032679738562091505 0.03216911764705882
0 0.40175653594771243 0.7009803921568627 0.037173202614379085 0.04779411764705882
0 0.4011437908496732 0.6518075980392157 0.031862745098039214 0.03952205882352941
0 0.599468954248366 0.8327205882352942 0.0559640522875817 0.0428921568627451
0 0.5962009803921569 0.8892463235294118 0.0494281045751634 0.06341911764705882
0 0.6603349673202614 0.8008578431372549 0.04779411764705882 0.05943627450980392
0 0.661968954248366 0.8602941176470589 0.06331699346405228 0.04963235294117647
0 0.8216911764705882 0.7405024509803921 0.068218954248366 0.0704656862745098
0 0.6039624183006536 0.7807904411764706 0.05841503267973856 0.04871323529411765
0 0.8964460784313726 0.5488664215686274 0.03880718954248366 0.10876225490196079
0 0.8133169934640523 0.5337009803921569 0.041666666666666664 0.10784313725490197
0 0.2922794117647059 0.5790441176470589 0.03227124183006536 0.042279411764705885
0 0.2604166666666667 0.5217524509803921 0.027369281045751634 0.034926470588235295
0 0.26205065359477125 0.5663296568627451 0.027369281045751634 0.036458333333333336
0 0.25919117647058826 0.6092218137254902 0.020833333333333332 0.035845588235294115
0 0.2602124183006536 0.6490502450980392 0.02042483660130719 0.03707107843137255
0 0.25980392156862747 0.686734068627451 0.02287581699346405 0.03462009803921569
0 0.2565359477124183 0.7248774509803921 0.026143790849673203 0.03125
0 0.22937091503267973 0.7132352941176471 0.023284313725490197 0.030637254901960783
0 0.23100490196078433 0.6776960784313726 0.026552287581699346 0.032475490196078434
0 0.22937091503267973 0.6358762254901961 0.023284313725490197 0.04381127450980392
0 0.18709150326797386 0.6001838235294118 0.049019607843137254 0.2261029411764706
0 0.13337418300653595 0.5755208333333334 0.05269607843137255 0.20067401960784315
0 0.051674836601307186 0.5579044117647058 0.10334967320261437 0.21384803921568626
0 0.6094771241830066 0.5053615196078431 0.03022875816993464 0.078125
0 0.5790441176470589 0.5024509803921569 0.027369281045751634 0.08394607843137254
0 0.548202614379085 0.47732843137254904 0.024509803921568627 0.0974264705882353
0 0.5243055555555556 0.4600183823529412 0.01919934640522876 0.043198529411764705
0 0.49264705882352944 0.46308210784313725 0.01715686274509804 0.050551470588235295
0 0.4665032679738562 0.47043504901960786 0.03022875816993464 0.07628676470588236
0 0.434640522875817 0.47181372549019607 0.027777777777777776 0.07475490196078431
0 0.4056372549019608 0.47150735294117646 0.025326797385620915 0.07598039215686274
0 0.29697712418300654 0.4534313725490196 0.012254901960784314 0.06372549019607843
0 0.31290849673202614 0.45557598039215685 0.015522875816993464 0.06066176470588235
0 0.3284313725490196 0.45925245098039214 0.01715686274509804 0.06862745098039216
0 0.3464052287581699 0.45940563725490197 0.01715686274509804 0.06770833333333333
0 0.2920751633986928 0.6202512254901961 0.031862745098039214 0.03216911764705882
0 0.7714460784313726 0.5255821078431373 0.042075163398692814 0.0940563725490196
0 0.29534313725490197 0.6619178921568627 0.031862745098039214 0.04013480392156863
0 0.2890114379084967 0.7434129901960784 0.02900326797385621 0.0352328431372549
0 0.8541666666666666 0.5402879901960784 0.0392156862745098 0.0934436274509804
0 0.37969771241830064 0.46706495098039214 0.025735294117647058 0.06709558823529412
0 0.9444444444444444 0.5580575980392157 0.05392156862745098 0.09712009803921569
0 0.4150326797385621 0.15517769607843138 0.04084967320261438 0.13511029411764705
0 0.45894607843137253 0.14736519607843138 0.04125816993464052 0.14399509803921567
0 0.49836601307189543 0.14399509803921567 0.03839869281045752 0.13909313725490197
0 0.545547385620915 0.13189338235294118 0.04861111111111111 0.15778186274509803
0 0.5984477124183006 0.13112745098039216 0.05718954248366013 0.15747549019607843
0 0.6564542483660131 0.11917892156862746 0.05555555555555555 0.17585784313725492
0 0.7207924836601307 0.11397058823529412 0.060866013071895424 0.16727941176470587
0 0.7959558823529411 0.0974264705882353 0.06495098039215687 0.19240196078431374
0 0.8696895424836601 0.0939031862745098 0.06045751633986928 0.1871936274509804
0 0.9558823529411765 0.0896139705882353 0.08986928104575163 0.17861519607843138
0 0.6033496732026143 0.672640931372549 0.05065359477124183 0.04932598039215686
0 0.6151960784313726 0.6170343137254902 0.0661764705882353 0.04534313725490196
0 0.36213235294117646 0.6862745098039216 0.025735294117647058 0.034926470588235295
0 0.36519607843137253 0.6432291666666666 0.031862745098039214 0.04381127450980392
0 0.3686683006535948 0.5981924019607843 0.02900326797385621 0.03462009803921569
0 0.3723447712418301 0.5510110294117647 0.0363562091503268 0.04013480392156863
0 0.3206699346405229 0.7568933823529411 0.025326797385620915 0.043198529411764705
0 0.32536764705882354 0.7135416666666666 0.030637254901960783 0.028799019607843136
0 0.3255718954248366 0.6763174019607843 0.03104575163398693 0.03216911764705882
0 0.3276143790849673 0.6318933823529411 0.025326797385620915 0.045649509803921566
0 0.3329248366013072 0.5886948529411765 0.029411764705882353 0.03216911764705882
0 0.3347630718954248 0.5481004901960784 0.026552287581699346 0.04411764705882353
0 0.29064542483660133 0.7037377450980392 0.02900326797385621 0.03615196078431373
0 0.6041666666666666 0.7256433823529411 0.05228758169934641 0.050551470588235295
0 0.2193627450980392 0.43933823529411764 0.013071895424836602 0.05759803921568627
0 0.04411764705882353 0.3929227941176471 0.010620915032679739 0.027879901960784315
0 0.17136437908496732 0.30943627450980393 0.014297385620915032 0.09987745098039216
0 0.21834150326797386 0.3313419117647059 0.024101307189542485 0.06587009803921569
0 0.25183823529411764 0.3330269607843137 0.042075163398692814 0.0625
0 0.29983660130718953 0.3362438725490196 0.03758169934640523 0.06832107843137254
0 0.3443627450980392 0.3356311274509804 0.042483660130718956 0.07689950980392157
0 0.3925653594771242 0.33547794117647056 0.04820261437908497 0.07720588235294118
0 0.44669117647058826 0.31234681372549017 0.03553921568627451 0.12775735294117646
0 0.4854983660130719 0.31004901960784315 0.042075163398692814 0.13480392156862744
0 0.5241013071895425 0.31295955882352944 0.031862745098039214 0.1412377450980392
0 0.5690359477124183 0.31096813725490197 0.056372549019607844 0.14522058823529413
0 0.6213235294117647 0.31525735294117646 0.04738562091503268 0.15318627450980393
0 0.6738153594771242 0.31449142156862747 0.05841503267973856 0.15287990196078433
0 0.7320261437908496 0.3163296568627451 0.03839869281045752 0.16758578431372548
0 0.792687908496732 0.31357230392156865 0.07475490196078431 0.17677696078431374
0 0.14787581699346405 0.3095894607843137 0.032679738562091505 0.09957107843137254
0 0.8660130718954249 0.3170955882352941 0.06535947712418301 0.18382352941176472
0 0.015931372549019607 0.39016544117647056 0.012254901960784314 0.02542892156862745
0 0.025939542483660132 0.38863357843137253 0.009395424836601307 0.02665441176470588
0 0.1284722222222222 0.4378063725490196 0.013480392156862746 0.027573529411764705
0 0.12336601307189543 0.4071691176470588 0.00980392156862745 0.026348039215686275
0 0.10804738562091504 0.40379901960784315 0.01511437908496732 0.025735294117647058
0 0.10947712418300654 0.43244485294117646 0.02042483660130719 0.02420343137254902
0 0.08884803921568628 0.43183210784313725 0.01838235294117647 0.02542892156862745
0 0.0718954248366013 0.42769607843137253 0.010620915032679739 0.02144607843137255
0 0.05555555555555555 0.42233455882352944 0.010620915032679739 0.026041666666666668
0 0.04493464052287582 0.41973039215686275 0.008986928104575163 0.02267156862745098
0 0.024509803921568627 0.41559436274509803 0.013071895424836602 0.023590686274509803
0 0.010620915032679739 0.4166666666666667 0.011437908496732025 0.022058823529411766
0 0.07965686274509803 0.3981311274509804 0.0196078431372549 0.03155637254901961
0 0.056372549019607844 0.39368872549019607 0.012254901960784314 0.027573529411764705
0 0.946078431372549 0.3180147058823529 0.08660130718954248 0.1875
0 0.11315359477124183 0.3079044117647059 0.03431372549019608 0.08823529411764706
0 0.19056372549019607 0.3086703431372549 0.024101307189542485 0.1014093137254902
0 0.0545343137254902 0.30667892156862747 0.03145424836601307 0.0857843137254902
0 0.07965686274509803 0.19837622549019607 0.0196078431372549 0.0897671568627451
0 0.09844771241830065 0.19408700980392157 0.014705882352941176 0.09650735294117647
0 0.11683006535947713 0.19408700980392157 0.02287581699346405 0.09589460784313726
0 0.1380718954248366 0.18872549019607843 0.0196078431372549 0.10723039215686274
0 0.16156045751633988 0.18489583333333334 0.027369281045751634 0.10202205882352941
0 0.18790849673202614 0.18321078431372548 0.022058823529411766 0.10845588235294118
0 0.21180555555555555 0.1799938725490196 0.024101307189542485 0.10202205882352941
0 0.08537581699346405 0.3085171568627451 0.021241830065359478 0.08823529411764706
0 0.28288398692810457 0.45143995098039214 0.016748366013071895 0.05912990196078431
0 0.26715686274509803 0.4508272058823529 0.011437908496732025 0.06341911764705882
0 0.05514705882352941 0.19975490196078433 0.02287581699346405 0.08394607843137254
0 0.23386437908496732 0.4408700980392157 0.015931372549019607 0.05392156862745098
0 0.2520424836601307 0.4479166666666667 0.01715686274509804 0.05698529411764706
0 0.18484477124183007 0.43581495098039214 0.009395424836601307 0.057904411764705885
0 0.025122549019607844 0.30943627450980393 0.027369281045751634 0.08026960784313726
0 0.3723447712418301 0.15885416666666666 0.0363562091503268 0.12837009803921567
0 0.3396650326797386 0.16590073529411764 0.026552287581699346 0.1246936274509804
0 0.3084150326797386 0.16559436274509803 0.035130718954248366 0.11917892156862746
0 0.27369281045751637 0.17356004901960784 0.03431372549019608 0.11550245098039216
0 0.23937908496732027 0.17356004901960784 0.03022875816993464 0.11060049019607843
0 0.20098039215686275 0.43504901960784315 0.022058823529411766 0.05330882352941176
0 0.02267156862745098 0.20235906862745098 0.03880718954248366 0.07996323529411764
0 0.14276960784313725 0.43933823529411764 0.009395424836601307 0.027573529411764705
0 0.14338235294117646 0.40900735294117646 0.013071895424836602 0.03431372549019608
0 0.15727124183006536 0.4322916666666667 0.012254901960784314 0.0508578431372549
0 0.1721813725490196 0.4319852941176471 0.015931372549019607 0.04963235294117647
