0 0.38643790849673204 0.47962622549019607 0.04411764705882353 0.0744485294117647
0 0.4334150326797386 0.47809436274509803 0.051470588235294115 0.07383578431372549
0 0.48304738562091504 0.4774816176470588 0.04861111111111111 0.07628676470588236
0 0.5279820261437909 0.47870710784313725 0.042075163398692814 0.07751225490196079
0 0.5706699346405228 0.47855392156862747 0.04493464052287582 0.07659313725490197
0 0.6219362745098039 0.4799325980392157 0.054330065359477125 0.07751225490196079
0 0.6725898692810458 0.47962622549019607 0.04370915032679738 0.07689950980392157
0 0.434640522875817 0.8659620098039216 0.031862745098039214 0.07383578431372549
0 0.34763071895424835 0.8676470588235294 0.05555555555555555 0.09987745098039216
0 0.39705882352941174 0.8607536764705882 0.0392156862745098 0.0860906862745098
0 0.47120098039215685 0.8661151960784313 0.04044117647058824 0.0821078431372549
0 0.5128676470588235 0.8668811274509803 0.044526143790849675 0.0818014705882353
0 0.5506535947712419 0.8710171568627451 0.03022875816993464 0.07536764705882353
0 0.5814950980392157 0.8788296568627451 0.03145424836601307 0.06219362745098039
0 0.6260212418300654 0.8727022058823529 0.037173202614379085 0.07873774509803921
0 0.6640114379084967 0.8700980392156863 0.0363562091503268 0.08455882352941177
0 0.35110294117647056 0.7614889705882353 0.046977124183006536 0.08915441176470588
0 0.3966503267973856 0.7643995098039216 0.04493464052287582 0.08272058823529412
0 0.4395424836601307 0.7622549019607843 0.03839869281045752 0.09313725490196079
0 0.7252859477124183 0.4834558823529412 0.056781045751633986 0.08455882352941177
0 0.7064950980392157 0.8719362745098039 0.044526143790849675 0.08455882352941177
0 0.1881127450980392 0.5759803921568627 0.05024509803921569 0.041666666666666664
0 0.19301470588235295 0.6775428921568627 0.04370915032679738 0.0628063725490196
0 0.4838643790849673 0.7643995098039216 0.05024509803921569 0.08762254901960784
0 0.058823529411764705 0.5212928921568627 0.025326797385620915 0.05912990196078431
0 0.09252450980392157 0.5206801470588235 0.03799019607843137 0.06158088235294118
0 0.13194444444444445 0.5209865196078431 0.04003267973856209 0.06096813725490196
0 0.17320261437908496 0.5205269607843137 0.042483660130718956 0.05698529411764706
0 0.22651143790849673 0.5272671568627451 0.053513071895424834 0.03799019607843137
0 0.2232434640522876 0.4736519607843137 0.053513071895424834 0.06495098039215687
0 0.06719771241830065 0.4725796568627451 0.044526143790849675 0.03155637254901961
0 0.11274509803921569 0.4716605392156863 0.04656862745098039 0.0352328431372549
0 0.1636029411764706 0.47349877450980393 0.05514705882352941 0.040747549019607844
0 0.0494281045751634 0.39828431372549017 0.05392156862745098 0.11090686274509803
0 0.14726307189542484 0.6780024509803921 0.04534313725490196 0.06372549019607843
0 0.10151143790849673 0.3993566176470588 0.05269607843137255 0.10753676470588236
0 0.19444444444444445 0.3975183823529412 0.05310457516339869 0.09712009803921569
0 0.3410947712418301 0.47671568627450983 0.0457516339869281 0.0784313725490196
0 0.23651960784313725 0.5752144607843137 0.04738562091503268 0.04381127450980392
0 0.13480392156862744 0.5756740196078431 0.05555555555555555 0.04044117647058824
0 0.08251633986928104 0.5752144607843137 0.049836601307189546 0.04258578431372549
0 0.2595996732026144 0.6237745098039216 0.03308823529411765 0.04840686274509804
0 0.21875 0.6220894607843137 0.0494281045751634 0.04258578431372549
0 0.1729983660130719 0.6214767156862745 0.039624183006535946 0.046262254901960786
0 0.1294934640522876 0.6225490196078431 0.04493464052287582 0.04963235294117647
0 0.088031045751634 0.6230085784313726 0.03880718954248366 0.05177696078431373
0 0.24509803921568626 0.6773897058823529 0.05228758169934641 0.06004901960784314
0 0.1468545751633987 0.39568014705882354 0.03799019607843137 0.10079656862745098
0 0.5267565359477124 0.7650122549019608 0.0363562091503268 0.08884803921568628
0 0.9618055555555556 0.6844362745098039 0.027369281045751634 0.08088235294117647
0 0.6149918300653595 0.7682291666666666 0.046977124183006536 0.09037990196078431
0 0.5806781045751634 0.1092218137254902 0.051879084967320264 0.11979166666666667
0 0.6319444444444444 0.11090686274509803 0.049019607843137254 0.12377450980392157
0 0.6913807189542484 0.10860906862745098 0.06576797385620915 0.12591911764705882
0 0.7475490196078431 0.10677083333333333 0.04656862745098039 0.12224264705882353
0 0.03451797385620915 0.27297794117647056 0.030637254901960783 0.1329656862745098
0 0.07577614379084967 0.27159926470588236 0.0428921568627451 0.13082107843137256
0 0.11968954248366014 0.2697610294117647 0.04084967320261438 0.13449754901960784
0 0.16789215686274508 0.26761642156862747 0.051470588235294115 0.13020833333333334
0 0.03758169934640523 0.14139093137254902 0.02696078431372549 0.09099264705882353
0 0.061070261437908495 0.13878676470588236 0.020016339869281044 0.09681372549019608
0 0.08476307189542484 0.13955269607843138 0.025735294117647058 0.09712009803921569
0 0.11233660130718955 0.1400122549019608 0.029411764705882353 0.09620098039215687
0 0.13664215686274508 0.1410845588235294 0.020833333333333332 0.0977328431372549
0 0.15890522875816993 0.13771446078431374 0.02369281045751634 0.10324754901960784
0 0.8617238562091504 0.8802083333333334 0.03799019607843137 0.06985294117647059
0 0.5261437908496732 0.11090686274509803 0.051470588235294115 0.12377450980392157
0 0.4724264705882353 0.11504289215686274 0.04616013071895425 0.1173406862745098
0 0.4305555555555556 0.11611519607843138 0.0392156862745098 0.12193627450980392
0 0.3764297385620915 0.11611519607843138 0.0625 0.12009803921568628
0 0.4297385620915033 0.3710171568627451 0.05392156862745098 0.08026960784313726
0 0.47937091503267976 0.3714767156862745 0.04779411764705882 0.07935049019607843
0 0.5243055555555556 0.36887254901960786 0.04125816993464052 0.07598039215686274
0 0.5706699346405228 0.36672794117647056 0.04820261437908497 0.0821078431372549
0 0.6215277777777778 0.36917892156862747 0.053513071895424834 0.0857843137254902
0 0.6787173202614379 0.3665747549019608 0.05269607843137255 0.08670343137254902
0 0.7299836601307189 0.3665747549019608 0.04656862745098039 0.07383578431372549
0 0.9058415032679739 0.8841911764705882 0.05269607843137255 0.061274509803921566
0 0.36499183006535946 0.2590379901960784 0.068218954248366 0.07935049019607843
0 0.4724264705882353 0.25934436274509803 0.05269607843137255 0.08731617647058823
0 0.5214460784313726 0.25505514705882354 0.04534313725490196 0.08915441176470588
0 0.5714869281045751 0.25199142156862747 0.049836601307189546 0.0818014705882353
0 0.6233660130718954 0.25076593137254904 0.05392156862745098 0.08363970588235294
0 0.6801470588235294 0.25183823529411764 0.05555555555555555 0.08394607843137254
0 0.735702614379085 0.2529105392156863 0.05473856209150327 0.0818014705882353
0 0.3125 0.11856617647058823 0.05555555555555555 0.11948529411764706
0 0.42197712418300654 0.2565870098039216 0.04493464052287582 0.0818014705882353
0 0.9618055555555556 0.8857230392156863 0.053513071895424834 0.05698529411764706
0 0.8705065359477124 0.7729779411764706 0.049836601307189546 0.0784313725490196
0 0.9178921568627451 0.7740502450980392 0.04493464052287582 0.07751225490196079
0 0.525531045751634 0.5744485294117647 0.046977124183006536 0.07475490196078431
0 0.47937091503267976 0.5723039215686274 0.044526143790849675 0.07107843137254902
0 0.4352532679738562 0.5724571078431373 0.04534313725490196 0.07322303921568628
0 0.3895016339869281 0.5716911764705882 0.046977124183006536 0.07230392156862746
0 0.33905228758169936 0.5690870098039216 0.05800653594771242 0.08057598039215687
0 0.7146650326797386 0.6749387254901961 0.044526143790849675 0.0741421568627451
0 0.6660539215686274 0.6714154411764706 0.053513071895424834 0.06954656862745098
0 0.6227532679738562 0.578890931372549 0.0428921568627451 0.07628676470588236
0 0.6186683006535948 0.6701899509803921 0.04125816993464052 0.0744485294117647
0 0.5300245098039216 0.6686580882352942 0.04616013071895425 0.08302696078431372
0 0.48366013071895425 0.6681985294117647 0.04330065359477124 0.07598039215686274
0 0.44076797385620914 0.6657475490196079 0.04738562091503268 0.0821078431372549
0 0.39215686274509803 0.6631433823529411 0.0457516339869281 0.08118872549019608
0 0.34538398692810457 0.6606924019607843 0.04779411764705882 0.08425245098039216
0 0.7099673202614379 0.7670036764705882 0.04493464052287582 0.08792892156862746
0 0.6629901960784313 0.7679227941176471 0.04738562091503268 0.0897671568627451
0 0.5749591503267973 0.6708026960784313 0.046977124183006536 0.07567401960784313
0 0.5684232026143791 0.7653186274509803 0.04616013071895425 0.0857843137254902
0 0.6695261437908496 0.5798100490196079 0.05392156862745098 0.07322303921568628
0 0.32802287581699346 0.36933210784313725 0.051470588235294115 0.0744485294117647
0 0.9660947712418301 0.7735906862745098 0.05228758169934641 0.07720588235294118
0 0.8815359477124183 0.6813725490196079 0.049019607843137254 0.07230392156862746
0 0.9270833333333334 0.6807598039215687 0.04125816993464052 0.07230392156862746
0 0.10212418300653595 0.6786151960784313 0.04738562091503268 0.0625
0 0.8829656862745098 0.5854779411764706 0.04861111111111111 0.07720588235294118
0 0.9285130718954249 0.5870098039215687 0.04411764705882353 0.0704656862745098
0 0.8986928104575164 0.46691176470588236 0.04820261437908497 0.08700980392156862
0 0.7222222222222222 0.5810355392156863 0.05065359477124183 0.07567401960784313
0 0.9450571895424836 0.46660539215686275 0.04534313725490196 0.08823529411764706
0 0.9015522875816994 0.3428308823529412 0.03839869281045752 0.08823529411764706
0 0.9466911764705882 0.34329044117647056 0.051879084967320264 0.08792892156862746
0 0.8954248366013072 0.22012867647058823 0.03839869281045752 0.09466911764705882
0 0.9736519607843137 0.22028186274509803 0.054330065359477125 0.10232843137254902
0 0.9211601307189542 0.11642156862745098 0.04820261437908497 0.08884803921568628
0 0.9730392156862745 0.11473651960784313 0.05310457516339869 0.08486519607843138
0 0.37806372549019607 0.3694852941176471 0.0494281045751634 0.07659313725490197
0 0.9848856209150327 0.4696691176470588 0.031862745098039214 0.09497549019607843
0 0.2549019607843137 0.7522977941176471 0.06209150326797386 0.07077205882352941
0 0.5743464052287581 0.5746017156862745 0.049019607843137254 0.07383578431372549
0 0.16115196078431374 0.7571997549019608 0.044526143790849675 0.07567401960784313
0 0.12683823529411764 0.8489583333333334 0.0428921568627451 0.1053921568627451
0 0.16891339869281047 0.8466605392156863 0.04370915032679738 0.10998774509803921
0 0.20383986928104575 0.7538296568627451 0.04003267973856209 0.06893382352941177
0 0.26981209150326796 0.8408394607843137 0.034722222222222224 0.10018382352941177
0 0.11254084967320262 0.7578125 0.05269607843137255 0.0744485294117647
0 0.22181372549019607 0.842984068627451 0.06290849673202614 0.10324754901960784
