0 0.4096200980392157 0.5943627450980392 0.03553921568627451 0.07679738562091504
0 0.5372242647058824 0.8129084967320261 0.04136029411764706 0.0915032679738562
0 0.32337622549019607 0.1642156862745098 0.04197303921568627 0.18382352941176472
0 0.39797794117647056 0.3727532679738562 0.03982843137254902 0.18668300653594772
0 0.27542892156862747 0.17626633986928106 0.04534313725490196 0.17933006535947713
0 0.4482230392156863 0.670751633986928 0.03615196078431373 0.08660130718954248
0 0.23314950980392157 0.190359477124183 0.031862745098039214 0.1527777777777778
0 0.375 0.5921160130718954 0.03002450980392157 0.08700980392156862
0 0.5390625 0.9456699346405228 0.040747549019607844 0.0923202614379085
0 0.31954656862745096 0.6211192810457516 0.024509803921568627 0.06985294117647059
0 0.6343443627450981 0.9344362745098039 0.050551470588235295 0.10253267973856209
0 0.3414522058823529 0.5191993464052288 0.030943627450980393 0.08088235294117647
0 0.34589460784313725 0.6290849673202614 0.02696078431372549 0.07107843137254902
0 0.4898897058823529 0.6862745098039216 0.04105392156862745 0.09967320261437909
0 0.3118872549019608 0.5014297385620915 0.02267156862745098 0.0559640522875817
0 0.09466911764705882 0.5418709150326797 0.01715686274509804 0.0428921568627451
0 0.09053308823529412 0.4965277777777778 0.01991421568627451 0.042075163398692814
0 0.10631127450980392 0.4520016339869281 0.0196078431372549 0.0428921568627451
0 0.11167279411764706 0.49959150326797386 0.015012254901960785 0.04820261437908497
0 0.7676164215686274 0.8080065359477124 0.10079656862745098 0.12990196078431374
0 0.13005514705882354 0.5475898692810458 0.021752450980392156 0.05269607843137255
0 0.13449754901960784 0.4665032679738562 0.015318627450980392 0.05310457516339869
0 0.15931372549019607 0.5196078431372549 0.015931372549019607 0.04411764705882353
0 0.5837928921568627 0.9056372549019608 0.046262254901960786 0.09967320261437909
0 0.4814644607843137 0.5555555555555556 0.04258578431372549 0.09313725490196079
0 0.23728553921568626 0.6527777777777778 0.02297794117647059 0.05800653594771242
0 0.5327818627450981 0.7060866013071896 0.04350490196078431 0.09354575163398693
0 0.4088541666666667 0.1556372549019608 0.02297794117647059 0.17973856209150327
0 0.43612132352941174 0.15196078431372548 0.02420343137254902 0.18382352941176472
0 0.46308210784313725 0.14113562091503268 0.02665441176470588 0.18913398692810457
0 0.49754901960784315 0.1417483660130719 0.0392156862745098 0.20833333333333334
0 0.5350796568627451 0.1337826797385621 0.027879901960784315 0.23243464052287582
0 0.5799632352941176 0.13174019607843138 0.05821078431372549 0.2193627450980392
0 0.6614583333333334 0.11621732026143791 0.04534313725490196 0.23243464052287582
0 0.710171568627451 0.1147875816993464 0.04779411764705882 0.2295751633986928
0 0.8152573529411765 0.11213235294117647 0.030637254901960783 0.22099673202614378
0 0.7682291666666666 0.11499183006535947 0.06219362745098039 0.22998366013071894
0 0.8700980392156863 0.11172385620915033 0.07720588235294118 0.2193627450980392
0 0.9546568627450981 0.10580065359477124 0.07598039215686274 0.2099673202614379
0 0.577359068627451 0.5788398692810458 0.05422794117647059 0.09640522875816994
0 0.5261948529411765 0.5723039215686274 0.046262254901960786 0.10620915032679738
0 0.6259191176470589 0.7497957516339869 0.0545343137254902 0.10743464052287582
0 0.49923406862745096 0.7902369281045751 0.030330882352941176 0.07230392156862746
0 0.49831495098039214 0.917687908496732 0.03768382352941176 0.09027777777777778
0 0.38848039215686275 0.8508986928104575 0.032475490196078434 0.07598039215686274
0 0.35799632352941174 0.8284313725490197 0.024816176470588234 0.0727124183006536
0 0.3541666666666667 0.7150735294117647 0.03125 0.07393790849673203
0 0.3249080882352941 0.7048611111111112 0.026041666666666668 0.07230392156862746
0 0.29993872549019607 0.6897467320261438 0.02144607843137255 0.0625
0 0.2775735294117647 0.6752450980392157 0.020833333333333332 0.05473856209150327
0 0.26286764705882354 0.764297385620915 0.02389705882352941 0.06372549019607843
0 0.23805147058823528 0.7526552287581699 0.023284313725490197 0.06331699346405228
0 0.15272671568627452 0.46875 0.018688725490196078 0.05106209150326797
0 0.21308210784313725 0.6926062091503268 0.018688725490196078 0.054330065359477125
0 0.1959252450980392 0.7271241830065359 0.015625 0.049836601307189546
0 0.6839767156862745 0.7757352941176471 0.06096813725490196 0.12173202614379085
0 0.20143995098039216 0.19505718954248366 0.02665441176470588 0.15155228758169934
0 0.17601102941176472 0.5224673202614379 0.01685049019607843 0.0457516339869281
0 0.1334252450980392 0.20710784313725492 0.02420343137254902 0.13480392156862744
0 0.10340073529411764 0.5945669934640523 0.015625 0.042075163398692814
0 0.10799632352941177 0.6386846405228758 0.013786764705882353 0.03799019607843137
0 0.7775735294117647 0.6282679738562091 0.11948529411764706 0.119281045751634
0 0.8866421568627451 0.7694035947712419 0.11825980392156862 0.14910130718954248
0 0.24325980392156862 0.4891748366013072 0.027573529411764705 0.060866013071895424
0 0.14476102941176472 0.6958741830065359 0.015625 0.05024509803921569
0 0.22794117647058823 0.5874183006535948 0.02022058823529412 0.06535947712418301
0 0.24877450980392157 0.5927287581699346 0.018995098039215685 0.06045751633986928
0 0.2725183823529412 0.608251633986928 0.02297794117647059 0.06045751633986928
0 0.2696078431372549 0.5447303921568627 0.02022058823529412 0.05514705882352941
0 0.29549632352941174 0.613562091503268 0.021752450980392156 0.06535947712418301
0 0.08532475490196079 0.3545751633986928 0.01991421568627451 0.11764705882352941
0 0.5984987745098039 0.377859477124183 0.03707107843137255 0.21405228758169934
0 0.5600490196078431 0.3743872549019608 0.03676470588235294 0.20955882352941177
0 0.5203737745098039 0.38255718954248363 0.03155637254901961 0.21200980392156862
0 0.48973651960784315 0.36744281045751637 0.02971813725490196 0.1875
0 0.4563419117647059 0.366625816993464 0.03155637254901961 0.17933006535947713
0 0.3648897058823529 0.36499183006535946 0.02267156862745098 0.17197712418300654
0 0.34099264705882354 0.3680555555555556 0.022058823529411766 0.18218954248366012
0 0.30943627450980393 0.35580065359477125 0.026348039215686275 0.1511437908496732
0 0.2841605392156863 0.34967320261437906 0.01991421568627451 0.1388888888888889
0 0.21583946078431374 0.36151960784313725 0.046262254901960786 0.1315359477124183
0 0.11274509803921569 0.6811683006535948 0.014093137254901961 0.04125816993464052
0 0.12837009803921567 0.6872957516339869 0.015318627450980392 0.04779411764705882
0 0.10845588235294118 0.3596813725490196 0.02267156862745098 0.11723856209150327
0 0.13939950980392157 0.3588643790849673 0.028186274509803922 0.13031045751633988
0 0.17310049019607843 0.3613153594771242 0.026348039215686275 0.13357843137254902
0 0.12193627450980392 0.6004901960784313 0.013480392156862746 0.04330065359477124
0 0.17018995098039216 0.1983251633986928 0.02542892156862745 0.13766339869281047
0 0.13725490196078433 0.6121323529411765 0.014093137254901961 0.0494281045751634
0 0.15303308823529413 0.6176470588235294 0.015625 0.05473856209150327
0 0.10386029411764706 0.21037581699346405 0.025735294117647058 0.12826797385620914
0 0.18106617647058823 0.5731209150326797 0.015931372549019607 0.04656862745098039
0 0.3711703431372549 0.1613562091503268 0.043198529411764705 0.17647058823529413
0 0.21492034313725492 0.47181372549019607 0.0272671568627451 0.049019607843137254
0 0.17310049019607843 0.4707924836601307 0.020833333333333332 0.05024509803921569
0 0.19883578431372548 0.5243055555555556 0.028799019607843136 0.04779411764705882
0 0.2925857843137255 0.5537173202614379 0.023284313725490197 0.04616013071895425
0 0.07705269607843138 0.21446078431372548 0.017463235294117647 0.119281045751634
0 0.9768688725490197 0.42626633986928103 0.04442401960784314 0.30514705882352944
0 0.9142156862745098 0.4158496732026144 0.07107843137254902 0.3006535947712418
0 0.8434436274509803 0.4131944444444444 0.0625 0.2675653594771242
0 0.7810968137254902 0.40379901960784315 0.06219362745098039 0.26838235294117646
0 0.6905637254901961 0.383374183006536 0.061274509803921566 0.23570261437908496
0 0.6392463235294118 0.3790849673202614 0.03829656862745098 0.22549019607843138
0 0.20159313725490197 0.576797385620915 0.023284313725490197 0.05392156862745098
0 0.19454656862745098 0.6350081699346405 0.024509803921568627 0.05024509803921569
0 0.1715686274509804 0.6288807189542484 0.01838235294117647 0.0559640522875817
0 0.17800245098039216 0.7150735294117647 0.01715686274509804 0.05106209150326797
0 0.16069240196078433 0.7015931372549019 0.014399509803921568 0.04861111111111111
0 0.5770526960784313 0.7179330065359477 0.04258578431372549 0.09436274509803921
