0 0.7014126712328768 0.8491586538461539 0.041523972602739725 0.019471153846153846
0 0.653681506849315 0.8539663461538461 0.04965753424657534 0.02283653846153846
0 0.603167808219178 0.8551682692307693 0.05136986301369863 0.018990384615384614
0 0.5565068493150684 0.8542067307692308 0.045376712328767124 0.019471153846153846
0 0.510916095890411 0.8506009615384615 0.041523972602739725 0.01610576923076923
0 0.2975171232876712 0.2953125 0.039383561643835614 0.05841346153846154
0 0.2581335616438356 0.29302884615384617 0.036815068493150686 0.05625
0 0.016267123287671232 0.2828125 0.032534246575342464 0.07043269230769231
0 0.0627140410958904 0.2795673076923077 0.054366438356164386 0.07596153846153846
0 0.20590753424657535 0.2918269230769231 0.0684931506849315 0.057692307692307696
0 0.740582191780822 0.8211538461538461 0.016267123287671232 0.02451923076923077
0 0.12821061643835616 0.2979567307692308 0.05779109589041096 0.042548076923076925
0 0.4201626712328767 0.8774038461538461 0.0449486301369863 0.01875
0 0.3767123287671233 0.3152644230769231 0.11643835616438356 0.018028846153846152
0 0.3313356164383562 0.8155048076923077 0.04708904109589041 0.014182692307692308
0 0.24315068493150685 0.8176682692307692 0.039383561643835614 0.01610576923076923
0 0.724529109589041 0.6920673076923077 0.04409246575342466 0.03461538461538462
0 0.770333904109589 0.6914663461538462 0.048373287671232876 0.034375
0 0.819777397260274 0.6924278846153846 0.04965753424657534 0.03389423076923077
0 0.8788527397260274 0.6903846153846154 0.04794520547945205 0.03221153846153846
0 0.9223030821917808 0.6918269230769231 0.040667808219178085 0.02980769230769231
0 0.957833904109589 0.6876201923076923 0.03125 0.026682692307692307
0 0.1855736301369863 0.7653846153846153 0.06035958904109589 0.025961538461538463
0 0.2872431506849315 0.7620192307692307 0.05736301369863014 0.03798076923076923
0 0.3454623287671233 0.7608173076923077 0.04794520547945205 0.040865384615384616
0 0.4128852739726027 0.3737980769230769 0.06892123287671233 0.010576923076923078
0 0.4629708904109589 0.7530048076923077 0.04922945205479452 0.05360576923076923
0 0.2861729452054795 0.815625 0.04409246575342466 0.013461538461538462
0 0.5244006849315068 0.7568509615384615 0.052226027397260275 0.039663461538461536
0 0.6245719178082192 0.7558894230769231 0.0351027397260274 0.04399038461538462
0 0.6613869863013698 0.7561298076923076 0.038527397260273974 0.04447115384615385
0 0.6986301369863014 0.7552884615384615 0.03595890410958904 0.04278846153846154
0 0.7377996575342466 0.7552884615384615 0.03809931506849315 0.04278846153846154
0 0.880779109589041 0.7384615384615385 0.040667808219178085 0.02451923076923077
0 0.936429794520548 0.7558894230769231 0.048373287671232876 0.04399038461538462
0 0.07898116438356165 0.8003605769230769 0.04922945205479452 0.062259615384615385
0 0.12778253424657535 0.8007211538461538 0.048373287671232876 0.06538461538461539
0 0.08882705479452055 0.8775240384615385 0.09631849315068493 0.030048076923076924
0 0.09332191780821918 0.9057692307692308 0.09931506849315068 0.02548076923076923
0 0.1997003424657534 0.8173076923076923 0.04580479452054795 0.016826923076923076
0 0.5787671232876712 0.7549278846153846 0.046232876712328765 0.04350961538461538
0 0.3782106164383562 0.29302884615384617 0.1151541095890411 0.02548076923076923
0 0.3223458904109589 0.3688701923076923 0.08818493150684932 0.011298076923076923
0 0.4901541095890411 0.3183894230769231 0.10873287671232877 0.01610576923076923
0 0.709332191780822 0.29951923076923076 0.0351027397260274 0.06153846153846154
0 0.746361301369863 0.2997596153846154 0.0389554794520548 0.061057692307692306
0 0.7866010273972602 0.2977163461538462 0.03724315068493151 0.06658653846153846
0 0.4167380136986301 0.8151442307692308 0.03809931506849315 0.014903846153846155
0 0.4597602739726027 0.8140625 0.04280821917808219 0.013221153846153846
0 0.1716609589041096 0.8877403846153846 0.04366438356164384 0.01730769230769231
0 0.23180650684931506 0.8730769230769231 0.04409246575342466 0.015384615384615385
0 0.2791095890410959 0.8712740384615385 0.0410958904109589 0.015625
0 0.6712328767123288 0.30516826923076923 0.0351027397260274 0.04783653846153846
0 0.3261986301369863 0.8658653846153846 0.036815068493150686 0.019230769230769232
0 0.8867722602739726 0.2979567307692308 0.09032534246575342 0.06706730769230769
0 0.9681078767123288 0.3027644230769231 0.06806506849315068 0.06129807692307692
0 0.019049657534246575 0.3814903846153846 0.03296232876712329 0.03221153846153846
0 0.05843321917808219 0.3792067307692308 0.040667808219178085 0.036778846153846155
0 0.0918236301369863 0.384375 0.026113013698630137 0.028846153846153848
0 0.12350171232876712 0.38040865384615385 0.034674657534246575 0.034375
0 0.20612157534246575 0.3782451923076923 0.1014554794520548 0.01658653846153846
0 0.307791095890411 0.3813701923076923 0.1035958904109589 0.014182692307692308
0 0.823416095890411 0.29735576923076923 0.034674657534246575 0.06586538461538462
0 0.6309931506849316 0.2953125 0.04195205479452055 0.024278846153846154
0 0.6337756849315068 0.3167067307692308 0.03125 0.020913461538461537
0 0.050299657534246575 0.45661057692307694 0.02868150684931507 0.04399038461538462
0 0.558861301369863 0.2926682692307692 0.033818493150684935 0.025721153846153845
0 0.5595034246575342 0.31682692307692306 0.029965753424657533 0.022115384615384617
0 0.598458904109589 0.31790865384615385 0.036815068493150686 0.018028846153846152
0 0.3700770547945205 0.8789663461538462 0.048373287671232876 0.018028846153846152
0 0.409888698630137 0.38629807692307694 0.07919520547945205 0.011057692307692308
0 0.4128852739726027 0.39807692307692305 0.09032534246575342 0.013461538461538462
0 0.2046232876712329 0.39459134615384617 0.10445205479452055 0.015625
0 0.3097174657534247 0.39627403846153847 0.10231164383561644 0.011778846153846154
0 0.3777825342465753 0.8161057692307693 0.04238013698630137 0.014423076923076924
0 0.6282106164383562 0.3973557692307692 0.12371575342465753 0.02403846153846154
0 0.6705907534246576 0.6896634615384616 0.0449486301369863 0.03365384615384615
0 0.747431506849315 0.38076923076923075 0.10102739726027397 0.01826923076923077
0 0.7508561643835616 0.39831730769230766 0.09417808219178082 0.016826923076923076
0 0.8214897260273972 0.38353365384615384 0.036815068493150686 0.051682692307692304
0 0.8839897260273972 0.3847355769230769 0.03595890410958904 0.050721153846153846
0 0.9186643835616438 0.38545673076923076 0.03339041095890411 0.051682692307692304
0 0.9544092465753424 0.384375 0.040667808219178085 0.05
0 0.9899400684931506 0.38245192307692305 0.02440068493150685 0.05480769230769231
0 0.02011986301369863 0.4561298076923077 0.02910958904109589 0.04399038461538462
0 0.4903681506849315 0.3004807692307692 0.10402397260273973 0.016826923076923076
0 0.620291095890411 0.6891826923076924 0.053082191780821915 0.03125
0 0.4060359589041096 0.7578125 0.04409246575342466 0.03870192307692308
0 0.5196917808219178 0.6865384615384615 0.04280821917808219 0.015384615384615385
0 0.2110445205479452 0.6085336538461539 0.046232876712328765 0.02139423076923077
0 0.14897260273972604 0.6231971153846154 0.036815068493150686 0.04783653846153846
0 0.1016695205479452 0.6286057692307693 0.034674657534246575 0.04326923076923077
0 0.6654537671232876 0.8853365384615385 0.04580479452054795 0.01826923076923077
0 0.7112585616438356 0.8844951923076924 0.0449486301369863 0.019951923076923075
0 0.7641267123287672 0.8820913461538461 0.052226027397260275 0.018028846153846152
0 0.570847602739726 0.6884615384615385 0.04666095890410959 0.03461538461538462
0 0.8863441780821918 0.877764423076923 0.05179794520547945 0.02139423076923077
0 0.9434931506849316 0.8778846153846154 0.05736301369863014 0.017788461538461538
0 0.882277397260274 0.8996394230769231 0.0547945205479452 0.019471153846153846
0 0.940068493150685 0.9006009615384616 0.05565068493150685 0.018509615384615385
0 0.6172945205479452 0.8842548076923077 0.053082191780821915 0.017548076923076923
0 0.5691352739726028 0.8841346153846154 0.04323630136986301 0.019230769230769232
0 0.5211900684931506 0.8847355769230769 0.05094178082191781 0.019471153846153846
0 0.4717465753424658 0.8860576923076923 0.04452054794520548 0.016826923076923076
0 0.8229880136986302 0.9056490384615384 0.05607876712328767 0.01610576923076923
0 0.7643407534246576 0.9048076923076923 0.0586472602739726 0.015865384615384615
0 0.7116866438356164 0.9054086538461539 0.04580479452054795 0.015625
0 0.665667808219178 0.9061298076923077 0.046232876712328765 0.01658653846153846
0 0.6196489726027398 0.9067307692307692 0.041523972602739725 0.015384615384615385
0 0.5702054794520548 0.9070913461538461 0.045376712328767124 0.01610576923076923
0 0.5246147260273972 0.9099759615384615 0.041523972602739725 0.018028846153846152
0 0.4711044520547945 0.9075721153846154 0.04922945205479452 0.019951923076923075
0 0.4227311643835616 0.9080528846153846 0.05008561643835616 0.021875
0 0.3760702054794521 0.9087740384615385 0.04409246575342466 0.019471153846153846
0 0.258347602739726 0.6094951923076923 0.048373287671232876 0.019471153846153846
0 0.3103595890410959 0.6135817307692307 0.04366438356164384 0.025240384615384616
0 0.3587328767123288 0.6150240384615384 0.053082191780821915 0.023798076923076922
0 0.2065496575342466 0.6403846153846153 0.048373287671232876 0.02403846153846154
0 0.4783818493150685 0.6855769230769231 0.041523972602739725 0.03461538461538462
0 0.4289383561643836 0.6882211538461539 0.046232876712328765 0.03173076923076923
0 0.3799229452054795 0.6891826923076924 0.05179794520547945 0.02980769230769231
0 0.3313356164383562 0.6895432692307693 0.04708904109589041 0.030528846153846153
0 0.2818921232876712 0.6876201923076923 0.05179794520547945 0.03293269230769231
0 0.23351883561643835 0.6842548076923077 0.04238013698630137 0.026201923076923078
0 0.18857020547945205 0.6846153846153846 0.05008561643835616 0.026923076923076925
0 0.12821061643835616 0.7115384615384616 0.04409246575342466 0.06298076923076923
0 0.07898116438356165 0.7098557692307692 0.04922945205479452 0.06201923076923077
0 0.9336472602739726 0.6072115384615384 0.04280821917808219 0.017788461538461538
0 0.886986301369863 0.6064903846153846 0.04794520547945205 0.020192307692307693
0 0.9683219178082192 0.6432692307692308 0.04708904109589041 0.022115384615384617
0 0.3251284246575342 0.9087740384615385 0.05094178082191781 0.023317307692307693
0 0.9216609589041096 0.6442307692307693 0.046232876712328765 0.022596153846153846
0 0.8092893835616438 0.6371394230769231 0.0449486301369863 0.023317307692307693
0 0.7559931506849316 0.6395432692307692 0.052226027397260275 0.023798076923076922
0 0.7069777397260274 0.6393028846153846 0.04666095890410959 0.021875
0 0.6545376712328768 0.6413461538461539 0.05136986301369863 0.025961538461538463
0 0.6048801369863014 0.6394230769230769 0.04452054794520548 0.027884615384615386
0 0.5507277397260274 0.6288461538461538 0.0449486301369863 0.023557692307692307
0 0.5042808219178082 0.6263221153846154 0.039383561643835614 0.023317307692307693
0 0.4584760273972603 0.635576923076923 0.04023972602739726 0.022596153846153846
0 0.4092465753424658 0.6409855769230769 0.05051369863013699 0.025240384615384616
0 0.3574486301369863 0.6415865384615385 0.05051369863013699 0.022596153846153846
0 0.3095034246575342 0.6408653846153847 0.04708904109589041 0.025
0 0.2564212328767123 0.6408653846153847 0.04965753424657534 0.02403846153846154
0 0.8503852739726028 0.6341346153846154 0.03553082191780822 0.023076923076923078
0 0.2754708904109589 0.909014423076923 0.05094178082191781 0.020432692307692308
0 0.828125 0.8838942307692308 0.055222602739726026 0.01875
0 0.06528253424657535 0.6299278846153846 0.03809931506849315 0.04591346153846154
0 0.7981592465753424 0.4617788461538462 0.04409246575342466 0.04567307692307692
0 0.7529965753424658 0.4609375 0.046232876712328765 0.04735576923076923
0 0.6842893835616438 0.4736778846153846 0.07491438356164383 0.017548076923076923
0 0.6862157534246576 0.4564903846153846 0.07106164383561644 0.016826923076923076
0 0.6076626712328768 0.45625 0.08090753424657535 0.01730769230769231
0 0.6080907534246576 0.47307692307692306 0.0783390410958904 0.01730769230769231
0 0.5295376712328768 0.47415865384615385 0.07876712328767123 0.015625
0 0.5310359589041096 0.45072115384615385 0.054366438356164386 0.014423076923076924
0 0.6044520547945206 0.4358173076923077 0.09246575342465753 0.020673076923076922
0 0.5284674657534246 0.4330528846153846 0.055222602739726026 0.01610576923076923
0 0.4629708904109589 0.4391826923076923 0.07063356164383562 0.019230769230769232
0 0.3852739726027397 0.43954326923076925 0.08476027397260275 0.019951923076923075
0 0.8720034246575342 0.47271634615384617 0.08818493150684932 0.021875
0 0.3071489726027397 0.4387019230769231 0.07491438356164383 0.02403846153846154
0 0.3615154109589041 0.4679086538461538 0.0860445205479452 0.027644230769230768
0 0.2722602739726027 0.4673076923076923 0.08732876712328767 0.02548076923076923
0 0.1851455479452055 0.4674278846153846 0.08690068493150685 0.026682692307692307
0 0.11472602739726027 0.4573317307692308 0.03339041095890411 0.045432692307692306
0 0.0821917808219178 0.45709134615384617 0.03339041095890411 0.04591346153846154
0 0.2226027397260274 0.9091346153846154 0.04794520547945205 0.022596153846153846
0 0.941138698630137 0.8481971153846154 0.05779109589041096 0.018990384615384614
0 0.8801369863013698 0.848798076923077 0.05565068493150685 0.01875
0 0.8144263698630136 0.8477163461538462 0.055222602739726026 0.019471153846153846
0 0.8321917808219178 0.8243990384615385 0.05821917808219178 0.021875
0 0.7671232876712328 0.8209134615384616 0.0136986301369863 0.028846153846153848
0 0.7542808219178082 0.8204326923076923 0.01113013698630137 0.02403846153846154
0 0.4469178082191781 0.46887019230769234 0.0821917808219178 0.025721153846153845
0 0.9552654109589042 0.471875 0.07491438356164383 0.022596153846153846
0 0.17251712328767124 0.9102163461538462 0.05136986301369863 0.018990384615384614
0 0.11451198630136987 0.5308894230769231 0.02183219178082192 0.04350961538461538
0 0.7311643835616438 0.5703125 0.07363013698630137 0.018509615384615385
0 0.06292808219178082 0.5331730769230769 0.038527397260273974 0.04471153846153846
0 0.806720890410959 0.5711538461538461 0.07748287671232877 0.016826923076923076
0 0.881207191780822 0.5711538461538461 0.06892123287671233 0.016826923076923076
0 0.9488441780821918 0.5703125 0.06806506849315068 0.01514423076923077
0 0.8424657534246576 0.5087740384615385 0.06763698630136987 0.014663461538461538
0 0.8550941780821918 0.5409855769230769 0.02696917808219178 0.017548076923076923
0 0.8330479452054794 0.5233173076923077 0.059931506849315065 0.012980769230769231
0 0.7686215753424658 0.5222355769230769 0.061215753424657536 0.013701923076923077
0 0.8043664383561644 0.5504807692307693 0.07277397260273973 0.01826923076923077
0 0.7311643835616438 0.5512019230769231 0.07363013698630137 0.016826923076923076
0 0.6553938356164384 0.5514423076923077 0.07277397260273973 0.022596153846153846
0 0.6545376712328768 0.5695913461538461 0.07277397260273973 0.013701923076923077
0 0.029965753424657533 0.6284855769230769 0.032534246575342464 0.04879807692307692
0 0.5759845890410958 0.544110576923077 0.056934931506849314 0.02716346153846154
0 0.5809075342465754 0.5669471153846154 0.07277397260273973 0.017548076923076923
0 0.13955479452054795 0.5310096153846153 0.028253424657534245 0.04519230769230769
0 0.2542808219178082 0.5609375 0.06763698630136987 0.024759615384615383
0 0.3229880136986301 0.5317307692307692 0.05779109589041096 0.026923076923076925
0 0.3199914383561644 0.5623798076923077 0.056934931506849314 0.026682692307692307
0 0.2555650684931507 0.5342548076923077 0.06078767123287671 0.02956730769230769
0 0.3884845890410959 0.5275240384615385 0.062071917808219176 0.027644230769230768
0 0.445847602739726 0.5347355769230769 0.047517123287671235 0.014663461538461538
0 0.4415667808219178 0.5631009615384616 0.055222602739726026 0.025240384615384616
0 0.4965753424657534 0.5549278846153847 0.045376712328767124 0.04158653846153846
0 0.3773544520547945 0.5631009615384616 0.05779109589041096 0.023798076923076922
0 0.19049657534246575 0.5598557692307692 0.059931506849315065 0.027884615384615386
