0 0.9793981481481482 0.47356770833333334 0.04490740740740741 0.054427083333333334
0 0.9469907407407407 0.7936197916666666 0.11064814814814815 0.13463541666666667
0 0.7560185185185185 0.7778645833333333 0.22870370370370371 0.103125
0 0.5650462962962963 0.7766927083333334 0.0587962962962963 0.10390625
0 0.5013888888888889 0.244921875 0.05092592592592592 0.06171875
0 0.43703703703703706 0.24153645833333334 0.037037037037037035 0.061197916666666664
0 0.38981481481481484 0.24036458333333333 0.03981481481481482 0.06770833333333333
0 0.3398148148148148 0.23645833333333333 0.03796296296296296 0.08125
0 0.38333333333333336 0.4609375 0.032407407407407406 0.026041666666666668
0 0.9583333333333334 0.6690104166666667 0.08425925925925926 0.044270833333333336
0 0.6217592592592592 0.23919270833333334 0.037037037037037035 0.08671875
0 0.8685185185185185 0.5424479166666667 0.024074074074074074 0.051041666666666666
0 0.9168981481481482 0.5662760416666667 0.04490740740740741 0.06848958333333334
0 0.9740740740740741 0.562890625 0.05648148148148148 0.06744791666666666
0 0.1326388888888889 0.6498697916666667 0.08564814814814815 0.09765625
0 0.2162037037037037 0.6501302083333333 0.07314814814814814 0.09557291666666666
0 0.2881944444444444 0.671484375 0.059722222222222225 0.05546875
0 0.3527777777777778 0.6731770833333334 0.06388888888888888 0.05260416666666667
0 0.3106481481481482 0.45455729166666664 0.028703703703703703 0.04348958333333333
0 0.2641203703703704 0.46341145833333336 0.04953703703703704 0.030989583333333334
0 0.2050925925925926 0.4669270833333333 0.05092592592592592 0.022395833333333334
0 0.18472222222222223 0.44036458333333334 0.053703703703703705 0.018229166666666668
0 0.14305555555555555 0.465625 0.041666666666666664 0.022916666666666665
0 0.08657407407407407 0.46731770833333336 0.04259259259259259 0.023177083333333334
0 0.08425925925925926 0.438671875 0.049074074074074076 0.02734375
0 0.9717592592592592 0.21822916666666667 0.05740740740740741 0.0359375
0 0.9516203703703704 0.30703125 0.06527777777777778 0.030208333333333334
0 0.937037037037037 0.364453125 0.06388888888888888 0.04401041666666667
0 0.8752314814814814 0.3703125 0.04861111111111111 0.034375
0 0.8125 0.362890625 0.04814814814814815 0.04088541666666667
0 0.836574074074074 0.5462239583333334 0.025925925925925925 0.04973958333333333
0 0.8046296296296296 0.5451822916666667 0.032407407407407406 0.05390625
0 0.7625 0.5375 0.040740740740740744 0.06875
0 0.7166666666666667 0.5391927083333333 0.041666666666666664 0.06901041666666667
0 0.42615740740740743 0.4609375 0.03657407407407407 0.029166666666666667
0 0.47129629629629627 0.4571614583333333 0.04537037037037037 0.03671875
0 0.5266203703703703 0.4610677083333333 0.04212962962962963 0.03828125
0 0.5928240740740741 0.43020833333333336 0.0875 0.028645833333333332
0 0.5960648148148148 0.460546875 0.07731481481481481 0.028385416666666666
0 0.6506944444444445 0.4490885416666667 0.018055555555555554 0.05130208333333333
0 0.6833333333333333 0.4485677083333333 0.024074074074074074 0.05026041666666667
0 0.7620370370370371 0.44361979166666665 0.12685185185185185 0.021614583333333333
0 0.7648148148148148 0.4640625 0.13796296296296295 0.016666666666666666
0 0.41944444444444445 0.673046875 0.05555555555555555 0.05234375
0 0.8451388888888889 0.444921875 0.020833333333333332 0.054947916666666666
0 0.9243055555555556 0.484765625 0.059722222222222225 0.03359375
0 0.12337962962962963 0.5384114583333334 0.07824074074074074 0.06744791666666666
0 0.24930555555555556 0.5513020833333333 0.08564814814814815 0.06614583333333333
0 0.3439814814814815 0.5513020833333333 0.0787037037037037 0.050520833333333334
0 0.44351851851851853 0.5658854166666667 0.1037037037037037 0.01875
0 0.5604166666666667 0.547265625 0.0875 0.01484375
0 0.5706018518518519 0.5673177083333333 0.08657407407407407 0.015364583333333333
0 0.6222222222222222 0.553515625 0.01574074074074074 0.03359375
0 0.6673611111111111 0.5579427083333334 0.04583333333333333 0.04244791666666667
0 0.8800925925925925 0.4440104166666667 0.020370370370370372 0.05625
0 0.4789351851851852 0.6190104166666667 0.04953703703703704 0.030208333333333334
0 0.7717592592592593 0.36171875 0.021296296296296296 0.04479166666666667
0 0.7451388888888889 0.3625 0.01712962962962963 0.043229166666666666
0 0.3840277777777778 0.8111979166666666 0.03935185185185185 0.050520833333333334
0 0.28726851851851853 0.749609375 0.04212962962962963 0.04973958333333333
0 0.4652777777777778 0.7748697916666667 0.0824074074074074 0.10026041666666667
0 0.5037037037037037 0.37330729166666665 0.06666666666666667 0.024739583333333332
0 0.5002314814814814 0.3424479166666667 0.06527777777777778 0.027604166666666666
0 0.4462962962962963 0.36184895833333336 0.03888888888888889 0.04765625
0 0.4041666666666667 0.36028645833333334 0.03611111111111111 0.038802083333333334
0 0.3659722222222222 0.362890625 0.03564814814814815 0.04401041666666667
0 0.37199074074074073 0.328125 0.03194444444444444 0.0171875
0 0.3287037037037037 0.8084635416666667 0.04351851851851852 0.054427083333333334
0 0.3199074074074074 0.3553385416666667 0.03611111111111111 0.055989583333333336
0 0.27685185185185185 0.32513020833333334 0.037037037037037035 0.04453125
0 0.24513888888888888 0.373046875 0.02824074074074074 0.03359375
0 0.19791666666666666 0.3697916666666667 0.05324074074074074 0.0484375
0 0.13032407407407406 0.3736979166666667 0.059722222222222225 0.03802083333333333
0 0.1136574074074074 0.33671875 0.03657407407407407 0.01875
0 0.06412037037037037 0.35625 0.04675925925925926 0.0734375
0 0.9166666666666666 0.22174479166666666 0.044444444444444446 0.03984375
0 0.8458333333333333 0.2421875 0.0824074074074074 0.07447916666666667
0 0.7388888888888889 0.22291666666666668 0.09166666666666666 0.08489583333333334
0 0.27870370370370373 0.3684895833333333 0.02962962962962963 0.03958333333333333
0 0.5657407407407408 0.2421875 0.05 0.08072916666666667
0 0.2738425925925926 0.8134114583333333 0.03657407407407407 0.054947916666666666
0 0.16157407407407406 0.8126302083333333 0.040740740740740744 0.053385416666666664
0 0.7159722222222222 0.359375 0.02361111111111111 0.04583333333333333
0 0.6893518518518519 0.36549479166666665 0.030555555555555555 0.03671875
0 0.6555555555555556 0.36627604166666666 0.027777777777777776 0.03203125
0 0.6215277777777778 0.334375 0.01990740740740741 0.011458333333333333
0 0.6261574074074074 0.36432291666666666 0.018055555555555554 0.0375
0 0.5766203703703704 0.3729166666666667 0.06620370370370371 0.023958333333333335
0 0.5724537037037037 0.341796875 0.06342592592592593 0.03203125
0 0.48009259259259257 0.6532552083333333 0.04722222222222222 0.025260416666666667
0 0.47962962962962963 0.6833333333333333 0.05092592592592592 0.027083333333333334
0 0.2238425925925926 0.8078125 0.04583333333333333 0.06197916666666667
0 0.5435185185185185 0.6196614583333333 0.053703703703703705 0.031510416666666666
0 0.5439814814814815 0.6833333333333333 0.044444444444444446 0.027083333333333334
0 0.611574074074074 0.64609375 0.07037037037037037 0.029166666666666667
0 0.6886574074074074 0.6473958333333333 0.06712962962962964 0.022395833333333334
0 0.6898148148148148 0.6813802083333333 0.06944444444444445 0.029427083333333333
0 0.617824074074074 0.6833333333333333 0.07175925925925926 0.03333333333333333
0 0.7652777777777777 0.6786458333333333 0.07314814814814814 0.030208333333333334
0 0.8416666666666667 0.6760416666666667 0.06851851851851852 0.033854166666666664
0 0.34375 0.45286458333333335 0.03009259259259259 0.043229166666666666
0 0.11180555555555556 0.8100260416666667 0.04953703703703704 0.05755208333333333
0 0.5416666666666666 0.6524739583333333 0.05 0.026822916666666665
0 0.2826388888888889 0.237890625 0.059722222222222225 0.08151041666666667
0 0.669675925925926 0.24440104166666668 0.034722222222222224 0.07265625
0 0.15324074074074073 0.25052083333333336 0.04537037037037037 0.06041666666666667
0 0.15 0.20182291666666666 0.03888888888888889 0.024479166666666666
0 0.08796296296296297 0.23528645833333334 0.05648148148148148 0.07890625
0 0.02939814814814815 0.26028645833333336 0.04212962962962963 0.06484375
0 0.21134259259259258 0.24401041666666667 0.0587962962962963 0.06927083333333334
