0 0.7618464052287581 0.8624387254901961 0.025326797385620915 0.07107843137254902
0 0.6883169934640523 0.8612132352941176 0.04003267973856209 0.08455882352941177
0 0.9379084967320261 0.8575367647058824 0.03758169934640523 0.0661764705882353
0 0.7289624183006536 0.866421568627451 0.03553921568627451 0.07230392156862746
0 0.5275735294117647 0.8628982843137255 0.039624183006535946 0.08363970588235294
0 0.6047794117647058 0.8534007352941176 0.02900326797385621 0.06464460784313726
0 0.5698529411764706 0.8609068627450981 0.03839869281045752 0.07965686274509803
0 0.4812091503267974 0.8630514705882353 0.041666666666666664 0.07904411764705882
0 0.4325980392156863 0.8613664215686274 0.0392156862745098 0.07567401960784313
0 0.38480392156862747 0.8655024509803921 0.041666666666666664 0.07720588235294118
0 0.3374183006535948 0.8682598039215687 0.041666666666666664 0.07352941176470588
0 0.2943218954248366 0.8714767156862745 0.03799019607843137 0.07751225490196079
0 0.8314950980392157 0.8613664215686274 0.0298202614379085 0.06893382352941177
0 0.8651960784313726 0.8606004901960784 0.03022875816993464 0.06740196078431372
0 0.644812091503268 0.8602941176470589 0.03880718954248366 0.0784313725490196
0 0.8984885620915033 0.8563112745098039 0.03227124183006536 0.06556372549019608
0 0.41973039215686275 0.47931985294117646 0.05024509803921569 0.06893382352941177
0 0.7953431372549019 0.8636642156862745 0.03431372549019608 0.06924019607843138
0 0.8425245098039216 0.2665441176470588 0.06413398692810457 0.06066176470588235
0 0.9133986928104575 0.25995710784313725 0.07434640522875817 0.08425245098039216
0 0.9810049019607843 0.27175245098039214 0.03880718954248366 0.05943627450980392
0 0.026756535947712417 0.38848039215686275 0.023284313725490197 0.05698529411764706
0 0.05269607843137255 0.38786764705882354 0.026143790849673203 0.05575980392156863
0 0.0872140522875817 0.38449754901960786 0.030637254901960783 0.05330882352941176
0 0.14297385620915032 0.38863357843137253 0.03839869281045752 0.07322303921568628
0 0.3860294117647059 0.37607230392156865 0.031862745098039214 0.07567401960784313
0 0.4242238562091503 0.3789828431372549 0.03799019607843137 0.08394607843137254
0 0.5292075163398693 0.3792892156862745 0.05514705882352941 0.0661764705882353
0 0.5857843137254902 0.37775735294117646 0.05228758169934641 0.07659313725490197
0 0.15400326797385622 0.6798406862745098 0.0392156862745098 0.0704656862745098
0 0.2013888888888889 0.6810661764705882 0.041666666666666664 0.07107843137254902
0 0.24775326797385622 0.6815257352941176 0.039624183006535946 0.07628676470588236
0 0.29534313725490197 0.6766237745098039 0.049019607843137254 0.07567401960784313
0 0.3474264705882353 0.6744791666666666 0.0494281045751634 0.078125
0 0.4462826797385621 0.6680453431372549 0.04534313725490196 0.06525735294117647
0 0.494281045751634 0.6747855392156863 0.04084967320261438 0.060355392156862746
0 0.5396241830065359 0.6741727941176471 0.0457516339869281 0.06158088235294118
0 0.6058006535947712 0.6778492647058824 0.027777777777777776 0.06219362745098039
0 0.6415441176470589 0.6775428921568627 0.03880718954248366 0.06464460784313726
0 0.6774918300653595 0.6796875 0.030637254901960783 0.06832107843137254
0 0.7181372549019608 0.6822916666666666 0.041666666666666664 0.061887254901960786
0 0.8004493464052288 0.6691176470588235 0.044526143790849675 0.08394607843137254
0 0.8433415032679739 0.672640931372549 0.03227124183006536 0.07873774509803921
0 0.8745915032679739 0.6708026960784313 0.024509803921568627 0.07567401960784313
0 0.9003267973856209 0.6701899509803921 0.02696078431372549 0.07689950980392157
0 0.7886029411764706 0.25857843137254904 0.03553921568627451 0.07659313725490197
0 0.7387663398692811 0.25168504901960786 0.06004901960784314 0.08854166666666667
0 0.6582924836601307 0.2763480392156863 0.0959967320261438 0.05269607843137255
0 0.6515522875816994 0.22886029411764705 0.06290849673202614 0.03308823529411765
0 0.024101307189542485 0.1251531862745098 0.04820261437908497 0.057904411764705885
0 0.06781045751633986 0.12591911764705882 0.03431372549019608 0.05759803921568627
0 0.12193627450980392 0.10386029411764706 0.06004901960784314 0.1017156862745098
0 0.17626633986928106 0.1253063725490196 0.037173202614379085 0.06004901960784314
0 0.2222222222222222 0.12622549019607843 0.04411764705882353 0.061887254901960786
0 0.2757352941176471 0.12408088235294118 0.04411764705882353 0.05759803921568627
0 0.3241421568627451 0.12454044117647059 0.04616013071895425 0.06341911764705882
0 0.3700980392156863 0.12882965686274508 0.04003267973856209 0.05361519607843137
0 0.4293300653594771 0.12591911764705882 0.06045751633986928 0.06004901960784314
0 0.5571895424836601 0.12898284313725492 0.03758169934640523 0.05392156862745098
0 0.6002859477124183 0.13878676470588236 0.04125816993464052 0.0392156862745098
0 0.6464460784313726 0.11565563725490197 0.04861111111111111 0.08731617647058823
0 0.7040441176470589 0.11397058823529412 0.056781045751633986 0.028186274509803922
0 0.9328022875816994 0.6683517156862745 0.03390522875816993 0.07322303921568628
0 0.764501633986928 0.11443014705882353 0.04861111111111111 0.029105392156862746
0 0.7659313725490197 0.14552696078431374 0.042483660130718956 0.025122549019607844
0 0.8133169934640523 0.12362132352941177 0.0457516339869281 0.06709558823529412
0 0.8645833333333334 0.11381740196078431 0.053513071895424834 0.09099264705882353
0 0.9307598039215687 0.11565563725490197 0.06658496732026144 0.02971813725490196
0 0.9338235294117647 0.14460784313725492 0.06944444444444445 0.023284313725490197
0 0.016339869281045753 0.26868872549019607 0.032679738562091505 0.05821078431372549
0 0.07352941176470588 0.28170955882352944 0.07679738562091504 0.033394607843137254
0 0.15216503267973855 0.2855392156862745 0.07475490196078431 0.027573529411764705
0 0.23223039215686275 0.28431372549019607 0.0763888888888889 0.031862745098039214
0 0.3159722222222222 0.2650122549019608 0.09027777777777778 0.07107843137254902
0 0.4042075163398693 0.26363357843137253 0.08047385620915033 0.07567401960784313
0 0.4869281045751634 0.2643995098039216 0.08088235294117647 0.0741421568627451
0 0.5674019607843137 0.2627144607843137 0.07352941176470588 0.07383578431372549
0 0.7060866013071896 0.14261642156862744 0.06658496732026144 0.02420343137254902
0 0.9709967320261438 0.6681985294117647 0.04003267973856209 0.0741421568627451
0 0.3993055555555556 0.6721813725490197 0.04616013071895425 0.07598039215686274
0 0.0778186274509804 0.7754289215686274 0.030637254901960783 0.05514705882352941
0 0.5261437908496732 0.5814950980392157 0.04330065359477124 0.061887254901960786
0 0.5745506535947712 0.5827205882352942 0.04534313725490196 0.0625
0 0.7015931372549019 0.5750612745098039 0.051879084967320264 0.07904411764705882
0 0.7536764705882353 0.5713848039215687 0.042483660130718956 0.08088235294117647
0 0.7996323529411765 0.5707720588235294 0.039624183006535946 0.08639705882352941
0 0.8500816993464052 0.5770526960784313 0.05800653594771242 0.08731617647058823
0 0.4777369281045752 0.5834865196078431 0.044526143790849675 0.06587009803921569
0 0.9172794117647058 0.5736825980392157 0.06985294117647059 0.09099264705882353
0 0.11315359477124183 0.6816789215686274 0.04003267973856209 0.06740196078431372
0 0.3206699346405229 0.4840686274509804 0.04820261437908497 0.061887254901960786
0 0.2708333333333333 0.48575367647058826 0.049019607843137254 0.05606617647058824
0 0.21977124183006536 0.48743872549019607 0.04820261437908497 0.05514705882352941
0 0.9775326797385621 0.8572303921568627 0.03431372549019608 0.06985294117647059
0 0.37030228758169936 0.4810049019607843 0.04044117647058824 0.06311274509803921
0 0.0392156862745098 0.7861519607843137 0.03594771241830065 0.056372549019607844
0 0.17933006535947713 0.48161764705882354 0.028594771241830064 0.05698529411764706
0 0.429125816993464 0.5840992647058824 0.044526143790849675 0.06525735294117647
0 0.3020833333333333 0.577359068627451 0.04861111111111111 0.0818014705882353
0 0.47038398692810457 0.47870710784313725 0.044526143790849675 0.06954656862745098
0 0.519812091503268 0.47671568627450983 0.04861111111111111 0.07291666666666667
0 0.5774101307189542 0.4653799019607843 0.06331699346405228 0.0704656862745098
0 0.6640114379084967 0.4420955882352941 0.0559640522875817 0.04044117647058824
0 0.6405228758169934 0.4966299019607843 0.042483660130718956 0.04595588235294118
0 0.6303104575163399 0.5623468137254902 0.049836601307189546 0.046875
0 0.37459150326797386 0.5876225490196079 0.0457516339869281 0.06495098039215687
0 0.7348856209150327 0.4681372549019608 0.05392156862745098 0.08762254901960784
0 0.8406862745098039 0.4800857843137255 0.04820261437908497 0.061274509803921566
0 0.8927696078431373 0.47549019607843135 0.04534313725490196 0.0704656862745098
0 0.9509803921568627 0.46568627450980393 0.06699346405228758 0.08026960784313726
0 0.10334967320261437 0.5848651960784313 0.04738562091503268 0.07598039215686274
0 0.16094771241830066 0.5825674019607843 0.05555555555555555 0.07567401960784313
0 0.21507352941176472 0.5811887254901961 0.044526143790849675 0.0778186274509804
0 0.7888071895424836 0.48284313725490197 0.0457516339869281 0.061887254901960786
0 0.12091503267973856 0.47472426470588236 0.05228758169934641 0.078125
0 0.9783496732026143 0.5791973039215687 0.042483660130718956 0.07567401960784313
0 0.026756535947712417 0.4727328431372549 0.025735294117647058 0.0784313725490196
0 0.1766748366013072 0.8834252450980392 0.0690359477124183 0.05116421568627451
0 0.23651960784313725 0.8723958333333334 0.04493464052287582 0.07751225490196079
0 0.6370506535947712 0.3759191176470588 0.04779411764705882 0.0784313725490196
0 0.06576797385620915 0.4733455882352941 0.049019607843137254 0.07965686274509803
0 0.9867238562091504 0.7873774509803921 0.028186274509803922 0.042279411764705885
0 0.9575163398692811 0.7855392156862745 0.025326797385620915 0.04595588235294118
0 0.9203431372549019 0.7774203431372549 0.03349673202614379 0.048100490196078434
0 0.8588643790849673 0.7815563725490197 0.04779411764705882 0.04963235294117647
0 0.7990196078431373 0.78125 0.056372549019607844 0.05330882352941176
0 0.7289624183006536 0.7809436274509803 0.054330065359477125 0.05514705882352941
0 0.6611519607843137 0.7826286764705882 0.0559640522875817 0.05606617647058824
0 0.4401552287581699 0.772671568627451 0.06985294117647059 0.07965686274509803
0 0.37193627450980393 0.7849264705882353 0.037173202614379085 0.049019607843137254
0 0.11049836601307189 0.8788296568627451 0.05269607843137255 0.0628063725490196
0 0.3276143790849673 0.7893688725490197 0.04330065359477124 0.04871323529411765
0 0.18668300653594772 0.7818627450980392 0.03431372549019608 0.05698529411764706
0 0.14869281045751634 0.7792585784313726 0.03104575163398693 0.0628063725490196
0 0.11294934640522876 0.7810968137254902 0.0298202614379085 0.05974264705882353
0 0.7132352941176471 0.3662683823529412 0.04411764705882353 0.03768382352941176
0 0.7708333333333334 0.38128063725490197 0.061274509803921566 0.06096813725490196
0 0.84375 0.36044730392156865 0.06658496732026144 0.1014093137254902
0 0.9076797385620915 0.38066789215686275 0.05392156862745098 0.06219362745098039
0 0.9683415032679739 0.36473651960784315 0.061683006535947715 0.09650735294117647
0 0.22732843137254902 0.7899816176470589 0.039624183006535946 0.04932598039215686
0 0.05106209150326797 0.8792892156862745 0.059640522875817 0.06372549019607843
