0 0.5081699346405228 0.3877144607843137 0.04330065359477124 0.06464460784313726
0 0.46405228758169936 0.3864889705882353 0.04330065359477124 0.07261029411764706
0 0.3515114379084967 0.38419117647058826 0.07475490196078431 0.0704656862745098
0 0.2747140522875817 0.3840379901960784 0.0494281045751634 0.08792892156862746
0 0.22998366013071894 0.38909313725490197 0.0392156862745098 0.0778186274509804
0 0.8903186274509803 0.22089460784313725 0.03880718954248366 0.08455882352941177
0 0.7577614379084967 0.22089460784313725 0.05065359477124183 0.09375
0 0.8159722222222222 0.2190563725490196 0.042075163398692814 0.09252450980392157
0 0.8549836601307189 0.22089460784313725 0.031862745098039214 0.08455882352941177
0 0.957312091503268 0.21737132352941177 0.08700980392156862 0.08670343137254902
0 0.04125816993464052 0.3785232843137255 0.0457516339869281 0.08425245098039216
0 0.08619281045751634 0.3783700980392157 0.04084967320261438 0.08517156862745098
0 0.13786764705882354 0.38587622549019607 0.046977124183006536 0.06464460784313726
0 0.18647875816993464 0.38449754901960786 0.0494281045751634 0.06862745098039216
0 0.4127859477124183 0.38357843137254904 0.04779411764705882 0.0704656862745098
0 0.9808006535947712 0.37484681372549017 0.03839869281045752 0.07383578431372549
0 0.5931372549019608 0.38526348039215685 0.04820261437908497 0.07138480392156862
0 0.6913807189542484 0.5006127450980392 0.05269607843137255 0.022058823529411766
0 0.75 0.49892769607843135 0.05392156862745098 0.02297794117647059
0 0.8031045751633987 0.5136335784313726 0.04411764705882353 0.08915441176470588
0 0.84375 0.5130208333333334 0.039624183006535946 0.08854166666666667
0 0.8866421568627451 0.5121017156862745 0.04616013071895425 0.0860906862745098
0 0.9364787581699346 0.5122549019607843 0.05106209150326797 0.08517156862745098
0 0.9805964052287581 0.5153186274509803 0.03880718954248366 0.09497549019607843
0 0.05269607843137255 0.6513480392156863 0.09967320261437909 0.09191176470588236
0 0.12969771241830066 0.6588541666666666 0.039624183006535946 0.07261029411764706
0 0.17197712418300654 0.6631433823529411 0.0392156862745098 0.06525735294117647
0 0.21180555555555555 0.663296568627451 0.03880718954248366 0.06372549019607843
0 0.2514297385620915 0.6625306372549019 0.03880718954248366 0.06403186274509803
0 0.29554738562091504 0.6636029411764706 0.04534313725490196 0.0661764705882353
0 0.35580065359477125 0.6519607843137255 0.04656862745098039 0.0784313725490196
0 0.4027777777777778 0.6527267156862745 0.03676470588235294 0.07873774509803921
0 0.46629901960784315 0.6515012254901961 0.053513071895424834 0.07628676470588236
0 0.5271650326797386 0.6522671568627451 0.053513071895424834 0.0778186274509804
0 0.5980392156862745 0.6504289215686274 0.05473856209150327 0.08333333333333333
0 0.6550245098039216 0.6548713235294118 0.05024509803921569 0.07873774509803921
0 0.7463235294117647 0.5287990196078431 0.05228758169934641 0.02696078431372549
0 0.6926062091503268 0.5281862745098039 0.051879084967320264 0.026348039215686275
0 0.7446895424836601 0.5563725490196079 0.04656862745098039 0.023284313725490197
0 0.6938316993464052 0.5537683823529411 0.05269607843137255 0.023590686274509803
0 0.6403186274509803 0.38495710784313725 0.042075163398692814 0.07199754901960784
0 0.6926062091503268 0.3788296568627451 0.05514705882352941 0.08425245098039216
0 0.7473447712418301 0.3791360294117647 0.042075163398692814 0.08118872549019608
0 0.9360702614379085 0.3756127450980392 0.044526143790849675 0.0741421568627451
0 0.7034313725490197 0.22120098039215685 0.05800653594771242 0.09252450980392157
0 0.027777777777777776 0.5137867647058824 0.03758169934640523 0.08455882352941177
0 0.07291666666666667 0.5130208333333334 0.042075163398692814 0.07935049019607843
0 0.1170343137254902 0.5176164215686274 0.042075163398692814 0.07506127450980392
0 0.16748366013071894 0.4875919117647059 0.051470588235294115 0.03462009803921569
0 0.5494281045751634 0.38817401960784315 0.03431372549019608 0.06924019607843138
0 0.16237745098039216 0.5361519607843137 0.03799019607843137 0.058823529411764705
0 0.24754901960784315 0.5327818627450981 0.04330065359477124 0.05392156862745098
0 0.2902369281045752 0.5326286764705882 0.04044117647058824 0.05361519607843137
0 0.23447712418300654 0.48422181372549017 0.026143790849673203 0.03462009803921569
0 0.27818627450980393 0.48268995098039214 0.049836601307189546 0.0389093137254902
0 0.3527369281045752 0.5228247549019608 0.05841503267973856 0.07567401960784313
0 0.40788398692810457 0.5223651960784313 0.05024509803921569 0.07659313725490197
0 0.4554738562091503 0.5200674019607843 0.041666666666666664 0.0744485294117647
0 0.5046977124183006 0.5215992647058824 0.05759803921568627 0.07322303921568628
0 0.602328431372549 0.5134803921568627 0.11805555555555555 0.0821078431372549
0 0.2013888888888889 0.5364583333333334 0.042483660130718956 0.05759803921568627
0 0.6480800653594772 0.23284313725490197 0.05106209150326797 0.08333333333333333
0 0.13357843137254902 0.24325980392156862 0.05392156862745098 0.07904411764705882
0 0.5241013071895425 0.22349877450980393 0.059640522875817 0.09283088235294118
0 0.6491013071895425 0.7751225490196079 0.05310457516339869 0.07904411764705882
0 0.7005718954248366 0.7830882352941176 0.04003267973856209 0.06066176470588235
0 0.7426470588235294 0.7832414215686274 0.04493464052287582 0.060355392156862746
0 0.7922794117647058 0.7677696078431373 0.03799019607843137 0.08455882352941177
0 0.8321078431372549 0.7651654411764706 0.04084967320261438 0.0897671568627451
0 0.8729575163398693 0.7637867647058824 0.04003267973856209 0.08823529411764706
0 0.9066584967320261 0.764859068627451 0.025735294117647058 0.0860906862745098
0 0.9385212418300654 0.7640931372549019 0.04044117647058824 0.08639705882352941
0 0.980187908496732 0.7660845588235294 0.04125816993464052 0.08118872549019608
0 0.06209150326797386 0.9087009803921569 0.1184640522875817 0.09681372549019608
0 0.14644607843137256 0.9276960784313726 0.0363562091503268 0.0661764705882353
0 0.18504901960784315 0.9295343137254902 0.04084967320261438 0.06066176470588235
0 0.22834967320261437 0.9280024509803921 0.03839869281045752 0.061887254901960786
0 0.2645016339869281 0.9267769607843137 0.034722222222222224 0.061887254901960786
0 0.30514705882352944 0.9296875 0.042483660130718956 0.06770833333333333
0 0.37336601307189543 0.9149816176470589 0.05718954248366013 0.0860906862745098
0 0.4417892156862745 0.9215686274509803 0.053513071895424834 0.08333333333333333
0 0.8441584967320261 0.3746936274509804 0.12622549019607843 0.08149509803921569
0 0.9620098039215687 0.9030330882352942 0.06862745098039216 0.09895833333333333
0 0.8997140522875817 0.9034926470588235 0.042075163398692814 0.09926470588235294
0 0.8455882352941176 0.9082414215686274 0.05555555555555555 0.09099264705882353
0 0.7847222222222222 0.9053308823529411 0.04411764705882353 0.08517156862745098
0 0.7269199346405228 0.9159007352941176 0.05923202614379085 0.0860906862745098
0 0.5912990196078431 0.7738970588235294 0.053513071895424834 0.08088235294117647
0 0.6752450980392157 0.9162071078431373 0.04738562091503268 0.08670343137254902
0 0.5639297385620915 0.9142156862745098 0.053513071895424834 0.09375
0 0.01919934640522876 0.07291666666666667 0.026143790849673203 0.08639705882352941
0 0.06372549019607843 0.06755514705882353 0.06372549019607843 0.09834558823529412
0 0.12745098039215685 0.049479166666666664 0.06290849673202614 0.06219362745098039
0 0.1294934640522876 0.10845588235294118 0.05800653594771242 0.04779411764705882
0 0.5046977124183006 0.9258578431372549 0.03880718954248366 0.06433823529411764
0 0.6225490196078431 0.9159007352941176 0.05800653594771242 0.0860906862745098
0 0.5943627450980392 0.23345588235294118 0.056372549019607844 0.08455882352941177
0 0.5349264705882353 0.7743566176470589 0.056781045751633986 0.08057598039215687
0 0.41544117647058826 0.7693014705882353 0.06535947712418301 0.06985294117647059
0 0.46343954248366015 0.22150735294117646 0.06331699346405228 0.0974264705882353
0 0.3991013071895425 0.22288602941176472 0.0661764705882353 0.1014093137254902
0 0.3349673202614379 0.22181372549019607 0.059640522875817 0.10477941176470588
0 0.2710375816993464 0.23820465686274508 0.04779411764705882 0.0818014705882353
0 0.22446895424836602 0.23544730392156862 0.04044117647058824 0.08670343137254902
0 0.1815767973856209 0.24479166666666666 0.039624183006535946 0.07536764705882353
0 0.8412990196078431 0.6467524509803921 0.046977124183006536 0.08639705882352941
0 0.07904411764705882 0.22227328431372548 0.04534313725490196 0.109375
0 0.030433006535947712 0.22166053921568626 0.051879084967320264 0.109375
0 0.9585375816993464 0.07383578431372549 0.08374183006535947 0.125
0 0.8590686274509803 0.0857843137254902 0.10375816993464053 0.11887254901960784
0 0.7655228758169934 0.0897671568627451 0.05392156862745098 0.07904411764705882
0 0.7093545751633987 0.0900735294117647 0.05514705882352941 0.08884803921568628
0 0.6535947712418301 0.0897671568627451 0.056372549019607844 0.08823529411764706
0 0.602328431372549 0.09160539215686274 0.042075163398692814 0.08700980392156862
0 0.4973447712418301 0.07659313725490197 0.15236928104575165 0.1213235294117647
0 0.3772467320261438 0.08639705882352941 0.037173202614379085 0.0900735294117647
0 0.35641339869281047 0.7706801470588235 0.053513071895424834 0.06770833333333333
0 0.29901960784313725 0.7847732843137255 0.0457516339869281 0.06403186274509803
0 0.2569444444444444 0.7853860294117647 0.03758169934640523 0.0628063725490196
0 0.2152777777777778 0.7867647058823529 0.0457516339869281 0.06495098039215687
0 0.17483660130718953 0.7864583333333334 0.035130718954248366 0.06495098039215687
0 0.13786764705882354 0.7864583333333334 0.03799019607843137 0.06556372549019608
0 0.4812091503267974 0.7723651960784313 0.05310457516339869 0.08455882352941177
0 0.06147875816993464 0.7717524509803921 0.10743464052287582 0.0974264705882353
0 0.9470996732026143 0.6415441176470589 0.03880718954248366 0.09558823529411764
0 0.9040032679738562 0.6418504901960784 0.03839869281045752 0.09375
0 0.7340686274509803 0.6518075980392157 0.05228758169934641 0.07506127450980392
0 0.19444444444444445 0.05024509803921569 0.06209150326797386 0.04534313725490196
0 0.2555147058823529 0.04963235294117647 0.05923202614379085 0.04718137254901961
0 0.32659313725490197 0.07705269607843138 0.060866013071895424 0.11060049019607843
0 0.9840686274509803 0.6400122549019608 0.03349673202614379 0.0974264705882353
0 0.7994281045751634 0.6456801470588235 0.03676470588235294 0.08792892156862746
