0 0.26153846153846155 0.7384615384615385 0.028205128205128206 0.052403846153846155
0 0.5534188034188035 0.6395432692307692 0.035897435897435895 0.039663461538461536
0 0.5123931623931623 0.6419471153846154 0.03247863247863248 0.042067307692307696
0 0.4735042735042735 0.6390625 0.037606837606837605 0.05024038461538462
0 0.43012820512820515 0.6498798076923077 0.02863247863247863 0.03341346153846154
0 0.391025641025641 0.6507211538461538 0.041025641025641026 0.03653846153846154
0 0.34636752136752136 0.6501201923076924 0.0405982905982906 0.03533653846153846
0 0.3072649572649573 0.6554086538461539 0.037606837606837605 0.036778846153846155
0 0.2655982905982906 0.6566105769230769 0.03974358974358974 0.03918269230769231
0 0.21581196581196582 0.6592548076923077 0.0547008547008547 0.031490384615384615
0 0.057692307692307696 0.6407451923076923 0.02564102564102564 0.03245192307692308
0 0.022863247863247862 0.637860576923077 0.04145299145299145 0.04783653846153846
0 0.06688034188034188 0.7424278846153847 0.09102564102564102 0.05456730769230769
0 0.12585470085470085 0.7574519230769231 0.021794871794871794 0.03413461538461538
0 0.14871794871794872 0.7604567307692308 0.024786324786324785 0.025721153846153845
0 0.17478632478632478 0.7420673076923077 0.02564102564102564 0.04326923076923077
0 0.20256410256410257 0.7442307692307693 0.02564102564102564 0.047115384615384615
0 0.23141025641025642 0.7399038461538462 0.027777777777777776 0.05480769230769231
0 0.28867521367521365 0.7385817307692307 0.023504273504273504 0.05264423076923077
0 0.31303418803418803 0.737139423076923 0.02094017094017094 0.04975961538461538
0 0.5891025641025641 0.7189903846153847 0.09102564102564102 0.041826923076923074
0 0.3873931623931624 0.8158653846153846 0.03974358974358974 0.03990384615384615
0 0.5149572649572649 0.7199519230769231 0.028205128205128206 0.035096153846153846
0 0.47115384615384615 0.7106971153846153 0.02863247863247863 0.04927884615384615
0 0.3401709401709402 0.8121394230769231 0.04871794871794872 0.061778846153846156
0 0.29081196581196583 0.8311298076923077 0.04487179487179487 0.04495192307692308
0 0.18205128205128204 0.8375 0.03247863247863248 0.05144230769230769
0 0.14978632478632478 0.8319711538461538 0.03290598290598291 0.055288461538461536
0 0.07222222222222222 0.8430288461538461 0.046153846153846156 0.07163461538461538
0 0.02606837606837607 0.8477163461538462 0.04358974358974359 0.071875
0 0.4388888888888889 0.7175480769230769 0.024786324786324785 0.05913461538461538
0 0.37264957264957266 0.7286057692307693 0.0905982905982906 0.017788461538461538
0 0.37564102564102564 0.7451923076923077 0.08632478632478632 0.012980769230769231
0 0.7032051282051283 0.703125 0.03803418803418803 0.04230769230769231
0 0.7581196581196581 0.6951923076923077 0.0452991452991453 0.05576923076923077
0 0.8047008547008547 0.6938701923076923 0.044444444444444446 0.05456730769230769
0 0.8611111111111112 0.6856971153846154 0.038461538461538464 0.036298076923076926
0 0.9014957264957265 0.6868990384615384 0.04230769230769231 0.03822115384615385
0 0.9506410256410256 0.6915865384615385 0.05512820512820513 0.026923076923076925
0 0.95 0.6682692307692307 0.05641025641025641 0.01826923076923077
0 0.9395299145299145 0.7753605769230769 0.03717948717948718 0.02235576923076923
0 0.8905982905982905 0.7709134615384615 0.04786324786324787 0.026442307692307692
0 0.8032051282051282 0.7715144230769231 0.09444444444444444 0.037259615384615384
0 0.5950854700854701 0.6366586538461538 0.03803418803418803 0.040625
0 0.7064102564102565 0.7828125 0.10085470085470086 0.036298076923076926
0 0.5944444444444444 0.8061298076923077 0.08547008547008547 0.03293269230769231
0 0.5299145299145299 0.7991586538461538 0.044444444444444446 0.05889423076923077
0 0.48376068376068376 0.8024038461538462 0.04700854700854701 0.05480769230769231
0 0.4376068376068376 0.8213942307692308 0.0452991452991453 0.036057692307692304
0 0.6542735042735043 0.7085336538461539 0.038461538461538464 0.04591346153846154
0 0.6322649572649572 0.6348557692307693 0.031196581196581197 0.03461538461538462
0 0.23653846153846153 0.8467548076923077 0.06794871794871794 0.028125
0 0.7243589743589743 0.6268028846153846 0.05213675213675214 0.04639423076923077
0 0.29444444444444445 0.44098557692307694 0.0811965811965812 0.059375
0 0.36944444444444446 0.4425480769230769 0.06965811965811966 0.05721153846153846
0 0.4585470085470085 0.43569711538461536 0.0811965811965812 0.05841346153846154
0 0.5262820512820513 0.44519230769230766 0.04658119658119658 0.0375
0 0.5794871794871795 0.4394230769230769 0.037606837606837605 0.04423076923076923
0 0.6286324786324786 0.43401442307692306 0.044444444444444446 0.054086538461538464
0 0.6856837606837607 0.43040865384615384 0.05854700854700855 0.062259615384615385
0 0.736965811965812 0.428125 0.02863247863247863 0.05721153846153846
0 0.7837606837606838 0.4260817307692308 0.04957264957264957 0.04927884615384615
0 0.8303418803418804 0.4264423076923077 0.028205128205128206 0.05096153846153846
0 0.8707264957264957 0.4092548076923077 0.04487179487179487 0.020913461538461537
0 0.8673076923076923 0.4503605769230769 0.04658119658119658 0.017548076923076923
0 0.8666666666666667 0.46935096153846156 0.03247863247863248 0.018028846153846152
0 0.8728632478632479 0.48870192307692306 0.057692307692307696 0.017788461538461538
0 0.8589743589743589 0.5092548076923077 0.04700854700854701 0.010336538461538461
0 0.9132478632478632 0.39627403846153847 0.03162393162393162 0.015625
0 0.9711538461538461 0.3920673076923077 0.057692307692307696 0.016826923076923076
0 0.9258547008547009 0.34603365384615387 0.0952991452991453 0.02716346153846154
0 0.9897435897435898 0.34302884615384616 0.023076923076923078 0.023557692307692307
0 0.20961538461538462 0.4425480769230769 0.08675213675213675 0.06201923076923077
0 0.08461538461538462 0.46862980769230766 0.04786324786324787 0.026682692307692307
0 0.08739316239316239 0.4911057692307692 0.04230769230769231 0.017788461538461538
0 0.019658119658119658 0.48125 0.037606837606837605 0.03028846153846154
0 0.36688034188034185 0.3528846153846154 0.02606837606837607 0.051923076923076926
0 0.3299145299145299 0.3540865384615385 0.037606837606837605 0.05336538461538461
0 0.29594017094017094 0.3528846153846154 0.029487179487179487 0.051923076923076926
0 0.2621794871794872 0.3513221153846154 0.029487179487179487 0.062259615384615385
0 0.2222222222222222 0.35384615384615387 0.029914529914529916 0.05673076923076923
0 0.18632478632478633 0.3543269230769231 0.03162393162393162 0.05625
0 0.15128205128205127 0.3513221153846154 0.029914529914529916 0.054086538461538464
0 0.11623931623931624 0.35721153846153847 0.041025641025641026 0.05
0 0.0829059829059829 0.35925480769230766 0.024786324786324785 0.05360576923076923
0 0.9179487179487179 0.43533653846153847 0.028205128205128206 0.021634615384615384
0 0.03418803418803419 0.39855769230769234 0.029914529914529916 0.04951923076923077
0 0.6713675213675213 0.6308894230769231 0.038461538461538464 0.03341346153846154
0 0.5017094017094017 0.35372596153846153 0.07863247863247863 0.057451923076923074
0 0.39487179487179486 0.35420673076923076 0.026495726495726495 0.05360576923076923
0 0.5920940170940171 0.34951923076923075 0.03290598290598291 0.05384615384615385
0 0.6260683760683761 0.34723557692307694 0.03247863247863248 0.05841346153846154
0 0.6549145299145299 0.3546875 0.02264957264957265 0.04591346153846154
0 0.6948717948717948 0.3532451923076923 0.038461538461538464 0.04158653846153846
0 0.7653846153846153 0.33990384615384617 0.0641025641025641 0.07067307692307692
0 0.8252136752136752 0.3471153846153846 0.05128205128205128 0.05144230769230769
0 0.010042735042735043 0.3948317307692308 0.018376068376068377 0.05024038461538462
0 0.9598290598290599 0.42956730769230766 0.039316239316239315 0.013942307692307693
0 0.5579059829059829 0.3471153846153846 0.02863247863247863 0.061057692307692306
0 0.9670940170940171 0.4560096153846154 0.03675213675213675 0.020673076923076922
0 0.1123931623931624 0.6081730769230769 0.04188034188034188 0.007692307692307693
0 0.1232905982905983 0.6305288461538462 0.04230769230769231 0.016346153846153847
0 0.13226495726495727 0.6507211538461538 0.04316239316239316 0.013461538461538462
0 0.14465811965811967 0.6682692307692307 0.03376068376068376 0.012980769230769231
0 0.17692307692307693 0.5956730769230769 0.04700854700854701 0.04855769230769231
0 0.22927350427350426 0.588701923076923 0.051709401709401706 0.04807692307692308
0 0.30277777777777776 0.5945913461538461 0.047435897435897434 0.019471153846153846
0 0.3903846153846154 0.5947115384615385 0.03888888888888889 0.009615384615384616
0 0.4346153846153846 0.5881009615384616 0.037606837606837605 0.015625
0 0.4861111111111111 0.5736778846153846 0.03461538461538462 0.039663461538461536
0 0.5269230769230769 0.5735576923076923 0.04358974358974359 0.03942307692307692
0 0.5811965811965812 0.5729567307692308 0.05811965811965812 0.04110576923076923
0 0.638034188034188 0.5729567307692308 0.05641025641025641 0.040625
0 0.698076923076923 0.5746394230769231 0.03632478632478633 0.023317307692307693
0 0.9245726495726496 0.46057692307692305 0.04145299145299145 0.023557692307692307
0 0.739957264957265 0.5657451923076923 0.04316239316239316 0.03870192307692308
0 0.7784188034188034 0.5645432692307693 0.03461538461538462 0.04014423076923077
0 0.8262820512820512 0.5639423076923077 0.057692307692307696 0.04230769230769231
0 0.9128205128205128 0.5224759615384615 0.04358974358974359 0.02235576923076923
0 0.9683760683760684 0.5061298076923076 0.05213675213675214 0.018990384615384614
0 0.8995726495726496 0.5800480769230769 0.04700854700854701 0.03413461538461538
0 0.9698717948717949 0.5751201923076923 0.04230769230769231 0.02235576923076923
0 0.8839743589743589 0.6283653846153846 0.02863247863247863 0.052403846153846155
0 0.9230769230769231 0.6246394230769231 0.03418803418803419 0.04350961538461538
0 0.9534188034188035 0.6224759615384615 0.022222222222222223 0.031009615384615385
0 0.8192307692307692 0.6206730769230769 0.02735042735042735 0.03221153846153846
0 0.7707264957264958 0.6265625 0.03632478632478633 0.039663461538461536
0 0.11132478632478632 0.5858173076923077 0.031196581196581197 0.013461538461538462
0 0.04807692307692308 0.5667067307692307 0.03205128205128205 0.051682692307692304
0 0.42799145299145297 0.3564903846153846 0.03290598290598291 0.05
0 0.08803418803418804 0.5373798076923076 0.023931623931623933 0.01658653846153846
0 0.017094017094017096 0.5665865384615385 0.029914529914529916 0.05144230769230769
0 0.523931623931624 0.5221153846153846 0.03504273504273504 0.01826923076923077
0 0.6177350427350428 0.5045673076923077 0.06025641025641026 0.03894230769230769
0 0.6797008547008547 0.5006009615384616 0.06452991452991454 0.04447115384615385
0 0.7397435897435898 0.5033653846153846 0.05555555555555555 0.03894230769230769
0 0.7858974358974359 0.4933894230769231 0.03247863247863248 0.039663461538461536
0 0.5574786324786325 0.5087740384615385 0.03205128205128205 0.028125
0 0.41581196581196583 0.5157451923076923 0.05128205128205128 0.03822115384615385
0 0.36367521367521366 0.5189903846153846 0.05299145299145299 0.03894230769230769
0 0.3034188034188034 0.5253605769230769 0.06666666666666667 0.036298076923076926
0 0.2361111111111111 0.5252403846153846 0.054273504273504275 0.036057692307692304
0 0.17307692307692307 0.5239182692307692 0.06495726495726496 0.031490384615384615
0 0.12350427350427351 0.5236778846153847 0.029914529914529916 0.03918269230769231
0 0.4756410256410256 0.5158653846153847 0.03333333333333333 0.013942307692307693
