0 0.9395299145299145 0.5448317307692307 0.03290598290598291 0.06370192307692307
0 0.23995726495726497 0.5480769230769231 0.0405982905982906 0.06778846153846153
0 0.03824786324786325 0.6814903846153846 0.05854700854700855 0.01826923076923077
0 0.05854700854700855 0.6580528846153846 0.08205128205128205 0.010817307692307692
0 0.19145299145299147 0.8140625 0.06666666666666667 0.04110576923076923
0 0.20235042735042735 0.7721153846153846 0.057692307692307696 0.01875
0 0.1282051282051282 0.7731971153846153 0.05897435897435897 0.023317307692307693
0 0.1032051282051282 0.8165865384615385 0.07905982905982906 0.036057692307692304
0 0.9664529914529915 0.715625 0.03461538461538462 0.05432692307692308
0 0.8047008547008547 0.7258413461538461 0.044444444444444446 0.057451923076923074
0 0.7514957264957265 0.7245192307692307 0.03974358974358974 0.052403846153846155
0 0.6920940170940171 0.7179086538461539 0.03461538461538462 0.06370192307692307
0 0.6480769230769231 0.7248798076923076 0.03461538461538462 0.050721153846153846
0 0.575 0.7300480769230769 0.07735042735042735 0.038461538461538464
0 0.4888888888888889 0.7299278846153846 0.07692307692307693 0.03341346153846154
0 0.566025641025641 0.6959134615384616 0.06880341880341881 0.022115384615384617
0 0.49038461538461536 0.6965144230769231 0.06623931623931624 0.02860576923076923
0 0.05149572649572649 0.6362980769230769 0.08076923076923077 0.016826923076923076
0 0.38974358974358975 0.39302884615384615 0.0547008547008547 0.03221153846153846
0 0.2848290598290598 0.5481971153846154 0.03803418803418803 0.06802884615384615
0 0.33076923076923076 0.5472355769230769 0.04188034188034188 0.06850961538461539
0 0.37948717948717947 0.546875 0.02905982905982906 0.06057692307692308
0 0.4153846153846154 0.5478365384615385 0.03076923076923077 0.0673076923076923
0 0.19038461538461537 0.3752403846153846 0.03803418803418803 0.06298076923076923
0 0.12435897435897436 0.38293269230769234 0.05982905982905983 0.041346153846153845
0 0.8735042735042735 0.5507211538461538 0.04188034188034188 0.07307692307692308
0 0.4576923076923077 0.13473557692307692 0.04957264957264957 0.04447115384615385
0 0.4442307692307692 0.08846153846153847 0.03547008547008547 0.04567307692307692
0 0.49166666666666664 0.14555288461538463 0.04316239316239316 0.029086538461538462
0 0.49188034188034185 0.11442307692307692 0.04358974358974359 0.025961538461538463
0 0.48995726495726494 0.08485576923076923 0.03974358974358974 0.026442307692307692
0 0.12564102564102564 0.6967548076923077 0.07094017094017094 0.031490384615384615
0 0.45405982905982906 0.3814903846153846 0.03803418803418803 0.05336538461538461
0 0.12777777777777777 0.7294471153846154 0.06666666666666667 0.025240384615384616
0 0.2230769230769231 0.7307692307692307 0.07264957264957266 0.04230769230769231
0 0.31666666666666665 0.728125 0.07521367521367521 0.03990384615384615
0 0.39850427350427353 0.6963942307692308 0.07222222222222222 0.02548076923076923
0 0.40512820512820513 0.7302884615384615 0.06752136752136752 0.03653846153846154
0 0.9361111111111111 0.8180288461538462 0.052564102564102565 0.026442307692307692
0 0.03504273504273504 0.7697115384615385 0.05726495726495726 0.04855769230769231
0 0.32884615384615384 0.3890625 0.03376068376068376 0.04399038461538462
0 0.28525641025641024 0.38461538461538464 0.03034188034188034 0.03990384615384615
0 0.031196581196581197 0.8157451923076923 0.04957264957264957 0.024759615384615383
0 0.2222222222222222 0.6962740384615385 0.07094017094017094 0.018028846153846152
0 0.4935897435897436 0.3799278846153846 0.02905982905982906 0.05264423076923077
0 0.5324786324786325 0.38100961538461536 0.03247863247863248 0.05480769230769231
0 0.5694444444444444 0.38040865384615385 0.031196581196581197 0.05600961538461539
0 0.16602564102564102 0.4653846153846154 0.03290598290598291 0.06298076923076923
0 0.20277777777777778 0.4637019230769231 0.027777777777777776 0.05961538461538462
0 0.23034188034188033 0.4740384615384615 0.017094017094017096 0.040865384615384616
0 0.2561965811965812 0.4735576923076923 0.020085470085470087 0.04230769230769231
0 0.2824786324786325 0.47439903846153847 0.015384615384615385 0.04399038461538462
0 0.30405982905982903 0.47644230769230766 0.019230769230769232 0.04326923076923077
0 0.3262820512820513 0.4753605769230769 0.010683760683760684 0.04110576923076923
0 0.3542735042735043 0.4778846153846154 0.023076923076923078 0.04375
0 0.3886752136752137 0.46923076923076923 0.02606837606837607 0.05576923076923077
0 0.12692307692307692 0.4653846153846154 0.03418803418803419 0.06057692307692308
0 0.4284188034188034 0.4700721153846154 0.04401709401709402 0.05504807692307692
0 0.5585470085470086 0.4748798076923077 0.035897435897435895 0.04975961538461538
0 0.6072649572649572 0.4736778846153846 0.041025641025641026 0.04975961538461538
0 0.9117521367521367 0.47716346153846156 0.03034188034188034 0.05673076923076923
0 0.8792735042735043 0.4751201923076923 0.02264957264957265 0.05552884615384615
0 0.8487179487179487 0.4734375 0.02735042735042735 0.05456730769230769
0 0.8076923076923077 0.4908653846153846 0.04188034188034188 0.022596153846153846
0 0.7579059829059829 0.4911057692307692 0.03888888888888889 0.020673076923076922
0 0.8096153846153846 0.46442307692307694 0.04658119658119658 0.02403846153846154
0 0.7576923076923077 0.46466346153846155 0.038461538461538464 0.02451923076923077
0 0.5072649572649572 0.4712740384615385 0.038461538461538464 0.05985576923076923
0 0.22606837606837607 0.3841346153846154 0.021367521367521368 0.03894230769230769
0 0.09123931623931623 0.4623798076923077 0.02863247863247863 0.059375
0 0.9735042735042735 0.40685096153846156 0.05299145299145299 0.01514423076923077
0 0.6021367521367521 0.3950721153846154 0.022222222222222223 0.031009615384615385
0 0.630982905982906 0.39302884615384615 0.018376068376068377 0.03701923076923077
0 0.6638888888888889 0.3855769230769231 0.026923076923076925 0.051923076923076926
0 0.3997863247863248 0.12247596153846153 0.04401709401709402 0.061778846153846156
0 0.3138888888888889 0.13016826923076924 0.1047008547008547 0.05504807692307692
0 0.7064102564102565 0.37091346153846155 0.04188034188034188 0.022596153846153846
0 0.7085470085470086 0.3984375 0.03675213675213675 0.025721153846153845
0 0.755982905982906 0.37151442307692306 0.039316239316239315 0.020913461538461537
0 0.7561965811965812 0.39903846153846156 0.03974358974358974 0.026923076923076925
0 0.04316239316239316 0.4543269230769231 0.037606837606837605 0.04567307692307692
0 0.8079059829059829 0.3719951923076923 0.04658119658119658 0.019471153846153846
0 0.045085470085470085 0.6139423076923077 0.06367521367521367 0.016346153846153847
0 0.15683760683760684 0.5532451923076923 0.041025641025641026 0.05841346153846154
0 0.10790598290598291 0.5508413461538462 0.026923076923076925 0.05600961538461539
0 0.8083333333333333 0.39855769230769234 0.04316239316239316 0.023557692307692307
0 0.03568376068376068 0.5752403846153846 0.06709401709401709 0.052884615384615384
0 0.9581196581196582 0.4653846153846154 0.03504273504273504 0.04326923076923077
0 0.8615384615384616 0.3893028846153846 0.026495726495726495 0.046875
0 0.8980769230769231 0.39002403846153844 0.03803418803418803 0.050721153846153846
0 0.9683760683760684 0.36622596153846154 0.0641025641025641 0.057451923076923074
0 0.09337606837606838 0.10480769230769231 0.18247863247863247 0.09567307692307692
0 0.2547008547008547 0.3817307692307692 0.021367521367521368 0.04423076923076923
0 0.5675213675213675 0.12127403846153846 0.08461538461538462 0.07427884615384615
0 0.35106837606837604 0.7759615384615385 0.055982905982905985 0.026442307692307692
0 0.7724358974358975 0.1391826923076923 0.02863247863247863 0.04855769230769231
0 0.7042735042735043 0.1389423076923077 0.0811965811965812 0.03798076923076923
0 0.7094017094017094 0.08822115384615385 0.08717948717948718 0.04278846153846154
0 0.6369658119658119 0.12475961538461539 0.03034188034188034 0.06923076923076923
0 0.27521367521367524 0.8149038461538461 0.062393162393162394 0.0375
0 0.275 0.7740384615384616 0.06196581196581197 0.022596153846153846
0 0.358974358974359 0.8126201923076923 0.06752136752136752 0.040625
0 0.43504273504273505 0.7846153846153846 0.06153846153846154 0.02403846153846154
0 0.45427350427350427 0.55 0.029914529914529916 0.05432692307692308
0 0.43824786324786325 0.8177884615384615 0.06367521367521367 0.03125
0 0.5211538461538462 0.8206730769230769 0.06196581196581197 0.02451923076923077
0 0.5908119658119658 0.7849759615384615 0.06538461538461539 0.024759615384615383
0 0.6047008547008547 0.8186298076923076 0.06666666666666667 0.027644230769230768
0 0.6829059829059829 0.8057692307692308 0.07606837606837606 0.03942307692307692
0 0.7707264957264958 0.8146634615384616 0.06025641025641026 0.022596153846153846
0 0.7527777777777778 0.7763221153846154 0.0594017094017094 0.01514423076923077
0 0.861965811965812 0.7885817307692308 0.08461538461538462 0.024759615384615383
0 0.8655982905982906 0.8219951923076924 0.07393162393162393 0.02956730769230769
0 0.5175213675213676 0.7882211538461539 0.07264957264957266 0.028846153846153848
0 0.4995726495726496 0.5411057692307693 0.03675213675213675 0.05625
0 0.5427350427350427 0.5510817307692307 0.03504273504273504 0.054086538461538464
0 0.5878205128205128 0.5592548076923077 0.04145299145299145 0.06033653846153846
0 0.8254273504273504 0.5521634615384615 0.04658119658119658 0.07596153846153846
0 0.7264957264957265 0.5558894230769231 0.024786324786324785 0.04879807692307692
0 0.9777777777777777 0.5450721153846154 0.03076923076923077 0.056971153846153845
0 0.930982905982906 0.6340144230769231 0.04658119658119658 0.05889423076923077
0 0.9816239316239316 0.6322115384615384 0.038461538461538464 0.058173076923076925
0 0.6628205128205128 0.6475961538461539 0.024786324786324785 0.04423076923076923
0 0.7006410256410256 0.6350961538461538 0.03888888888888889 0.019230769230769232
0 0.7034188034188035 0.6615384615384615 0.035897435897435895 0.022596153846153846
0 0.7378205128205129 0.6489182692307692 0.025213675213675214 0.046875
0 0.7735042735042735 0.6348557692307693 0.03076923076923077 0.021153846153846155
0 0.8162393162393162 0.6289663461538462 0.05042735042735043 0.024278846153846154
0 0.7764957264957265 0.6594951923076923 0.03247863247863248 0.020913461538461537
0 0.03675213675213675 0.3921875 0.06923076923076923 0.07235576923076924
0 0.04038461538461539 0.26358173076923075 0.05 0.04014423076923077
0 0.8121794871794872 0.13677884615384617 0.03803418803418803 0.04855769230769231
0 0.8192307692307692 0.6575721153846154 0.038461538461538464 0.02956730769230769
0 0.864957264957265 0.6580528846153846 0.037606837606837605 0.025721153846153845
0 0.6662393162393162 0.5674278846153846 0.07948717948717948 0.03245192307692308
0 0.6908119658119658 0.475 0.023504273504273504 0.052403846153846155
0 0.1450854700854701 0.6522836538461538 0.07051282051282051 0.031490384615384615
0 0.2326923076923077 0.6574519230769231 0.07393162393162393 0.03942307692307692
0 0.7194444444444444 0.475 0.023504273504273504 0.052403846153846155
0 0.4027777777777778 0.6418269230769231 0.019230769230769232 0.05480769230769231
0 0.44017094017094016 0.6407451923076923 0.03247863247863248 0.06274038461538461
0 0.37286324786324787 0.6409855769230769 0.02094017094017094 0.053125
0 0.597008547008547 0.6375 0.03333333333333333 0.061057692307692306
0 0.5564102564102564 0.6347355769230769 0.02735042735042735 0.06033653846153846
0 0.5183760683760684 0.6373798076923077 0.017094017094017096 0.05600961538461539
0 0.4829059829059829 0.6389423076923076 0.029914529914529916 0.06153846153846154
