0 0.11499183006535947 0.8881740196078431 0.08619281045751634 0.0508578431372549
0 0.3872549019607843 0.9335171568627451 0.08088235294117647 0.04779411764705882
0 0.2113970588235294 0.19041053921568626 0.05269607843137255 0.043198529411764705
0 0.20445261437908496 0.8877144607843137 0.08700980392156862 0.05361519607843137
0 0.2979983660130719 0.8828125 0.09436274509803921 0.04932598039215686
0 0.477124183006536 0.8765318627450981 0.08823529411764706 0.04840686274509804
0 0.47487745098039214 0.9307598039215687 0.08374183006535947 0.051470588235294115
0 0.5651552287581699 0.8756127450980392 0.08619281045751634 0.04963235294117647
0 0.6499183006535948 0.8727022058823529 0.07761437908496732 0.04993872549019608
0 0.6241830065359477 0.03814338235294118 0.1576797385620915 0.07383578431372549
0 0.6456290849673203 0.9252450980392157 0.08455882352941177 0.04963235294117647
0 0.20588235294117646 0.14644607843137256 0.061274509803921566 0.03982843137254902
0 0.5622957516339869 0.9270833333333334 0.08374183006535947 0.049019607843137254
0 0.7440767973856209 0.10094975490196079 0.17197712418300654 0.04258578431372549
0 0.6247957516339869 0.10049019607843138 0.06495098039215687 0.04044117647058824
0 0.5032679738562091 0.09926470588235294 0.1781045751633987 0.04350490196078431
0 0.11744281045751634 0.9414828431372549 0.09109477124183006 0.05392156862745098
0 0.1736111111111111 0.04779411764705882 0.15931372549019607 0.04656862745098039
0 0.2093545751633987 0.9422487745098039 0.08455882352941177 0.05116421568627451
0 0.2986111111111111 0.938265931372549 0.08741830065359477 0.05238970588235294
0 0.38929738562091504 0.8809742647058824 0.07516339869281045 0.053002450980392156
0 0.9156454248366013 0.09819240196078431 0.17116013071895425 0.047487745098039214
0 0.5690359477124183 0.8218443627450981 0.08415032679738563 0.05606617647058824
0 0.1999591503267974 0.1017156862745098 0.0625 0.041666666666666664
0 0.2152777777777778 0.23299632352941177 0.061274509803921566 0.03952205882352941
0 0.05759803921568627 0.10860906862745098 0.05555555555555555 0.04136029411764706
0 0.11499183006535947 0.11136642156862746 0.05269607843137255 0.0352328431372549
0 0.017769607843137254 0.15088848039215685 0.03553921568627451 0.03707107843137255
0 0.0647467320261438 0.15042892156862744 0.05759803921568627 0.03799019607843137
0 0.12479575163398693 0.15012254901960784 0.061683006535947715 0.037377450980392156
0 0.02042483660130719 0.1873468137254902 0.03758169934640523 0.03400735294117647
0 0.38439542483660133 0.7711397058823529 0.08496732026143791 0.04963235294117647
0 0.5669934640522876 0.7651654411764706 0.27450980392156865 0.050551470588235295
0 0.1119281045751634 0.8327205882352942 0.0988562091503268 0.052083333333333336
0 0.2062908496732026 0.8308823529411765 0.08741830065359477 0.0545343137254902
0 0.2963643790849673 0.8290441176470589 0.09272875816993464 0.04963235294117647
0 0.38643790849673204 0.8276654411764706 0.08823529411764706 0.05422794117647059
0 0.47855392156862747 0.8246017156862745 0.09109477124183006 0.0548406862745098
0 0.6546160130718954 0.8178615196078431 0.08047385620915033 0.05545343137254902
0 0.07026143790849673 0.18826593137254902 0.059640522875817 0.03400735294117647
0 0.13133169934640523 0.18550857843137256 0.05923202614379085 0.03216911764705882
0 0.07312091503267974 0.22273284313725492 0.05555555555555555 0.030637254901960783
0 0.13194444444444445 0.22212009803921567 0.05718954248366013 0.031862745098039214
0 0.02022058823529412 0.22242647058823528 0.04044117647058824 0.03002450980392157
0 0.025122549019607844 0.25704656862745096 0.046977124183006536 0.03553921568627451
0 0.0784313725490196 0.2581188725490196 0.05392156862745098 0.030943627450980393
0 0.13664215686274508 0.25566789215686275 0.060866013071895424 0.0352328431372549
0 0.32189542483660133 0.09849877450980392 0.1781045751633987 0.04932598039215686
0 0.21956699346405228 0.2685355392156863 0.05514705882352941 0.03278186274509804
0 0.7518382352941176 0.31035539215686275 0.07475490196078431 0.05575980392156863
0 0.33108660130718953 0.19041053921568626 0.16952614379084968 0.040747549019607844
0 0.30269607843137253 0.42800245098039214 0.08006535947712418 0.052083333333333336
0 0.2207924836601307 0.42830882352941174 0.0821078431372549 0.05269607843137255
0 0.13602941176470587 0.4290747549019608 0.08741830065359477 0.04932598039215686
0 0.6160130718954249 0.37025122549019607 0.06944444444444445 0.05361519607843137
0 0.5375816993464052 0.3694852941176471 0.07516339869281045 0.0545343137254902
0 0.4579248366013072 0.3716299019607843 0.07516339869281045 0.056372549019607844
0 0.3770424836601307 0.37331495098039214 0.08169934640522876 0.0548406862745098
0 0.29616013071895425 0.37300857843137253 0.07924836601307189 0.05422794117647059
0 0.21384803921568626 0.37362132352941174 0.08047385620915033 0.05116421568627451
0 0.12867647058823528 0.37515318627450983 0.0857843137254902 0.05606617647058824
0 0.6188725490196079 0.31204044117647056 0.07516339869281045 0.05422794117647059
0 0.5373774509803921 0.3131127450980392 0.07720588235294118 0.056372549019607844
0 0.45322712418300654 0.31403186274509803 0.07802287581699346 0.05575980392156863
0 0.37397875816993464 0.3151041666666667 0.07230392156862746 0.05667892156862745
0 0.289624183006536 0.31418504901960786 0.08823529411764706 0.05606617647058824
0 0.20588235294117646 0.3158700980392157 0.08006535947712418 0.06004901960784314
0 0.11825980392156862 0.3166360294117647 0.08619281045751634 0.05912990196078431
0 0.025326797385620915 0.2959558823529412 0.05065359477124183 0.03125
0 0.9399509803921569 0.24295343137254902 0.12009803921568628 0.06372549019607843
0 0.3261846405228758 0.14613970588235295 0.17687908496732027 0.04350490196078431
0 0.9095179738562091 0.18458946078431374 0.15890522875816993 0.040747549019607844
0 0.3827614379084967 0.42723651960784315 0.07434640522875817 0.053002450980392156
0 0.4609885620915033 0.42815563725490197 0.08129084967320262 0.05422794117647059
0 0.5402369281045751 0.42754289215686275 0.07066993464052287 0.0548406862745098
0 0.6217320261437909 0.42662377450980393 0.07434640522875817 0.04932598039215686
0 0.7530637254901961 0.3681066176470588 0.07883986928104575 0.05177696078431373
0 0.9485294117647058 0.31556372549019607 0.09640522875816994 0.07291666666666667
0 0.9387254901960784 0.3869485294117647 0.09558823529411764 0.0704656862745098
0 0.8263888888888888 0.45327818627450983 0.09558823529411764 0.06954656862745098
0 0.9307598039215687 0.4560355392156863 0.09191176470588236 0.06587009803921569
0 0.8962418300653595 0.5209865196078431 0.20751633986928106 0.05974264705882353
0 0.8302696078431373 0.5862438725490197 0.0821078431372549 0.06096813725490196
0 0.8243464052287581 0.6472120098039216 0.09558823529411764 0.06096813725490196
0 0.8206699346405228 0.7057291666666666 0.09068627450980392 0.05606617647058824
0 0.9115604575163399 0.7032781862745098 0.09109477124183006 0.06096813725490196
0 0.9158496732026143 0.14322916666666666 0.16830065359477125 0.04013480392156863
0 0.9201388888888888 0.5845588235294118 0.08946078431372549 0.0625
0 0.8874591503267973 0.7584252450980392 0.2275326797385621 0.04932598039215686
0 0.8131127450980392 0.8167892156862745 0.0755718954248366 0.05575980392156863
0 0.8986928104575164 0.8128063725490197 0.09068627450980392 0.06004901960784314
0 0.9742647058823529 0.8112745098039216 0.05392156862745098 0.056372549019607844
0 0.8080065359477124 0.8717830882352942 0.07516339869281045 0.048100490196078434
0 0.8890931372549019 0.8702512254901961 0.08700980392156862 0.050551470588235295
0 0.9665032679738562 0.8650428921568627 0.06699346405228758 0.043198529411764705
0 0.03553921568627451 0.33026960784313725 0.05555555555555555 0.031862745098039214
0 0.5512663398692811 0.5231311274509803 0.289624183006536 0.06158088235294118
0 0.21793300653594772 0.48391544117647056 0.24223856209150327 0.05116421568627451
0 0.920751633986928 0.6438419117647058 0.09068627450980392 0.05667892156862745
0 0.7318218954248366 0.2650122549019608 0.1597222222222222 0.028186274509803922
0 0.6233660130718954 0.23192401960784315 0.05718954248366013 0.04411764705882353
0 0.8870506535947712 0.9221813725490197 0.08700980392156862 0.05024509803921569
0 0.08129084967320262 0.7205882352941176 0.09967320261437909 0.06004901960784314
0 0.6462418300653595 0.6473651960784313 0.08251633986928104 0.05698529411764706
0 0.5533088235294118 0.6504289215686274 0.08782679738562091 0.058823529411764705
0 0.460375816993464 0.6501225490196079 0.09558823529411764 0.05759803921568627
0 0.366625816993464 0.6542585784313726 0.09272875816993464 0.0585171568627451
0 0.26838235294117646 0.6556372549019608 0.0988562091503268 0.0545343137254902
0 0.16993464052287582 0.6571691176470589 0.09313725490196079 0.05943627450980392
0 0.0718954248366013 0.6587009803921569 0.10294117647058823 0.05821078431372549
0 0.1854575163398693 0.7193627450980392 0.0923202614379085 0.05943627450980392
0 0.6491013071895425 0.5868566176470589 0.08823529411764706 0.057904411764705885
0 0.7391748366013072 0.18903186274509803 0.17197712418300654 0.04044117647058824
0 0.7363153594771242 0.22886029411764705 0.16462418300653595 0.03860294117647059
0 0.45874183006535946 0.5890012254901961 0.09803921568627451 0.05974264705882353
0 0.3602941176470588 0.5911458333333334 0.09558823529411764 0.0628063725490196
0 0.26409313725490197 0.5935968137254902 0.09354575163398693 0.057291666666666664
0 0.16666666666666666 0.5962009803921569 0.09558823529411764 0.061887254901960786
0 0.06515522875816994 0.5966605392156863 0.10498366013071896 0.06096813725490196
0 0.9679330065359477 0.9136029411764706 0.06658496732026144 0.05024509803921569
0 0.5533088235294118 0.5886948529411765 0.09354575163398693 0.060355392156862746
0 0.28165849673202614 0.7155330882352942 0.09763071895424837 0.0548406862745098
0 0.8004493464052288 0.9206495098039216 0.07802287581699346 0.04779411764705882
0 0.46691176470588236 0.7092524509803921 0.09558823529411764 0.056372549019607844
0 0.33619281045751637 0.23268995098039216 0.1781045751633987 0.040747549019607844
0 0.33986928104575165 0.2685355392156863 0.1707516339869281 0.030330882352941176
0 0.5049019607843137 0.14568014705882354 0.1715686274509804 0.04258578431372549
0 0.5061274509803921 0.1879595588235294 0.16911764705882354 0.043198529411764705
0 0.5079656862745098 0.23131127450980393 0.16380718954248366 0.03982843137254902
0 0.5100081699346405 0.26807598039215685 0.16625816993464052 0.029411764705882353
0 0.6209150326797386 0.14430147058823528 0.05392156862745098 0.042279411764705885
0 0.6243872549019608 0.18872549019607843 0.05759803921568627 0.03982843137254902
0 0.0392156862745098 0.3645833333333333 0.05310457516339869 0.03308823529411765
0 0.6215277777777778 0.26868872549019607 0.04861111111111111 0.026348039215686275
0 0.37683823529411764 0.7144607843137255 0.08455882352941177 0.05759803921568627
0 0.19566993464052287 0.7768075980392157 0.2883986928104575 0.050551470588235295
0 0.6515522875816994 0.7072610294117647 0.08986928104575163 0.05667892156862745
0 0.7412173202614379 0.14476102941176472 0.16625816993464052 0.040747549019607844
0 0.5602532679738562 0.7089460784313726 0.0886437908496732 0.0545343137254902
