0 0.8017769607843137 0.19812091503267973 0.04411764705882353 0.09640522875816994
0 0.9748774509803921 0.1636029411764706 0.05024509803921569 0.15318627450980393
0 0.8938419117647058 0.1940359477124183 0.04932598039215686 0.09722222222222222
0 0.8474264705882353 0.19219771241830066 0.04350490196078431 0.10498366013071896
0 0.6585477941176471 0.22058823529411764 0.029105392156862746 0.05310457516339869
0 0.6875 0.20445261437908496 0.026348039215686275 0.08619281045751634
0 0.7164522058823529 0.20241013071895425 0.03155637254901961 0.08374183006535947
0 0.9750306372549019 0.33108660130718953 0.04993872549019608 0.14501633986928106
0 0.7552083333333334 0.19117647058823528 0.044730392156862746 0.11029411764705882
0 0.3759191176470588 0.18995098039215685 0.05759803921568627 0.0392156862745098
0 0.6233149509803921 0.12295751633986927 0.021752450980392156 0.07516339869281045
0 0.9134497549019608 0.3329248366013072 0.0744485294117647 0.14133986928104575
0 0.28707107843137253 0.9669117647058824 0.08639705882352941 0.06290849673202614
0 0.34880514705882354 0.9679330065359477 0.03707107843137255 0.060866013071895424
0 0.3993566176470588 0.9558823529411765 0.05238970588235294 0.08823529411764706
0 0.45174632352941174 0.9552696078431373 0.050551470588235295 0.09109477124183006
0 0.5479473039215687 0.9609885620915033 0.03707107843137255 0.07230392156862746
0 0.5828737745098039 0.9381127450980392 0.03400735294117647 0.12050653594771242
0 0.033854166666666664 0.21160130718954248 0.06770833333333333 0.08986928104575163
0 0.10707720588235294 0.21262254901960784 0.07628676470588236 0.0886437908496732
0 0.1792279411764706 0.15359477124183007 0.05575980392156863 0.035130718954248366
0 0.1796875 0.1895424836601307 0.04871323529411765 0.03349673202614379
0 0.18152573529411764 0.23100490196078433 0.05361519607843137 0.0494281045751634
0 0.23912377450980393 0.23039215686274508 0.06096813725490196 0.049836601307189546
0 0.23866421568627452 0.18443627450980393 0.061887254901960786 0.04370915032679738
0 0.24693627450980393 0.12152777777777778 0.04411764705882353 0.044526143790849675
0 0.29932598039215685 0.07700163398692811 0.061887254901960786 0.044526143790849675
0 0.30422794117647056 0.11764705882352941 0.06372549019607843 0.03676470588235294
0 0.30637254901960786 0.1542075163398693 0.06924019607843138 0.03308823529411765
0 0.30974264705882354 0.18586601307189543 0.06372549019607843 0.03022875816993464
0 0.3125 0.22937091503267973 0.06556372549019608 0.051879084967320264
0 0.37637867647058826 0.23345588235294118 0.057904411764705885 0.046977124183006536
0 0.3737745098039216 0.15073529411764705 0.05269607843137255 0.04084967320261438
0 0.49050245098039214 0.19750816993464052 0.09129901960784313 0.11070261437908496
0 0.5750612745098039 0.19750816993464052 0.07230392156862746 0.10334967320261437
0 0.6288296568627451 0.20445261437908496 0.02849264705882353 0.08455882352941177
0 0.6577818627450981 0.17177287581699346 0.028799019607843136 0.04370915032679738
0 0.8495710784313726 0.3417075163398693 0.05024509803921569 0.12377450980392157
0 0.7904411764705882 0.6480800653594772 0.04963235294117647 0.10334967320261437
0 0.727328431372549 0.33394607843137253 0.05698529411764706 0.13602941176470587
0 0.7166053921568627 0.9442401960784313 0.03002450980392157 0.10825163398692811
0 0.7452512254901961 0.9415849673202614 0.0272671568627451 0.10947712418300654
0 0.7738970588235294 0.9281045751633987 0.03002450980392157 0.10130718954248366
0 0.8115808823529411 0.9452614379084967 0.03308823529411765 0.10457516339869281
0 0.8446691176470589 0.9428104575163399 0.03308823529411765 0.10212418300653595
0 0.8759191176470589 0.9395424836601307 0.028186274509803922 0.10866013071895425
0 0.9085477941176471 0.9379084967320261 0.03400735294117647 0.10294117647058823
0 0.9440870098039216 0.9391339869281046 0.035845588235294115 0.0988562091503268
0 0.9659926470588235 0.7879901960784313 0.04656862745098039 0.08496732026143791
0 0.9163602941176471 0.7890114379084967 0.05269607843137255 0.08537581699346405
0 0.8681066176470589 0.7816584967320261 0.04136029411764706 0.09844771241830065
0 0.8227634803921569 0.7834967320261438 0.04932598039215686 0.10294117647058823
0 0.7460171568627451 0.7790032679738562 0.05821078431372549 0.1119281045751634
0 0.7901348039215687 0.3374183006535948 0.06862745098039216 0.1323529411764706
0 0.1133578431372549 0.41544117647058826 0.07536764705882353 0.08986928104575163
0 0.03722426470588235 0.4166666666666667 0.0744485294117647 0.08415032679738563
0 0.23560049019607843 0.47794117647058826 0.05392156862745098 0.09313725490196079
0 0.6852022058823529 0.9473039215686274 0.030943627450980393 0.1053921568627451
0 0.8832720588235294 0.6399101307189542 0.0428921568627451 0.10253267973856209
0 0.9264705882352942 0.6323529411764706 0.041666666666666664 0.1111111111111111
0 0.9690563725490197 0.6333741830065359 0.04105392156862745 0.11070261437908496
0 0.29503676470588236 0.5065359477124183 0.041666666666666664 0.10294117647058823
0 0.33762254901960786 0.5046977124183006 0.042279411764705885 0.10089869281045752
0 0.3795955882352941 0.508578431372549 0.04105392156862745 0.09313725490196079
0 0.42892156862745096 0.49080882352941174 0.05759803921568627 0.11968954248366014
0 0.47870710784313725 0.5108251633986928 0.04197303921568627 0.09109477124183006
0 0.5171568627450981 0.44485294117647056 0.03860294117647059 0.03676470588235294
0 0.5597426470588235 0.44955065359477125 0.04595588235294118 0.0428921568627451
0 0.5634191176470589 0.5128676470588235 0.04044117647058824 0.08374183006535947
0 0.23575367647058823 0.36560457516339867 0.05238970588235294 0.11437908496732026
0 0.5222120098039216 0.511437908496732 0.04013480392156863 0.08088235294117647
0 0.6625306372549019 0.5034722222222222 0.04503676470588235 0.09681372549019608
0 0.7081801470588235 0.5014297385620915 0.04503676470588235 0.09436274509803921
0 0.7584252450980392 0.4912173202614379 0.046875 0.1156045751633987
0 0.8034620098039216 0.49264705882352944 0.043198529411764705 0.11683006535947713
0 0.8494178921568627 0.48999183006535946 0.04503676470588235 0.11805555555555555
0 0.8972120098039216 0.48876633986928103 0.046875 0.1213235294117647
0 0.9422487745098039 0.4895833333333333 0.04258578431372549 0.1156045751633987
0 0.9819240196078431 0.49019607843137253 0.03615196078431373 0.12091503267973856
0 0.6124387254901961 0.4889705882352941 0.05514705882352941 0.12908496732026145
0 0.2498468137254902 0.7910539215686274 0.022365196078431373 0.1213235294117647
0 0.24004289215686275 0.5649509803921569 0.05606617647058824 0.07516339869281045
0 0.6531862745098039 0.7773692810457516 0.03125 0.11437908496732026
0 0.17080269607843138 0.5949754901960784 0.05238970588235294 0.08537581699346405
0 0.05713848039215686 0.6860702614379085 0.07138480392156862 0.1294934640522876
0 0.12729779411764705 0.7156862745098039 0.06954656862745098 0.11029411764705882
0 0.19178921568627452 0.7193627450980392 0.061274509803921566 0.09967320261437909
0 0.24479166666666666 0.6527777777777778 0.05269607843137255 0.09722222222222222
0 0.32046568627450983 0.6484885620915033 0.044730392156862746 0.11315359477124183
0 0.6997549019607843 0.7949346405228758 0.03002450980392157 0.06781045751633986
0 0.42861519607843135 0.6435866013071896 0.049019607843137254 0.11642156862745098
0 0.4799325980392157 0.6348039215686274 0.05361519607843137 0.11683006535947713
0 0.5284926470588235 0.6415441176470589 0.0392156862745098 0.10498366013071896
0 0.5795036764705882 0.6390931372549019 0.06341911764705882 0.12214052287581699
0 0.6355698529411765 0.6352124183006536 0.047487745098039214 0.11519607843137254
0 0.6913296568627451 0.6323529411764706 0.06219362745098039 0.12091503267973856
0 0.7447916666666666 0.6405228758169934 0.042279411764705885 0.11683006535947713
0 0.8386948529411765 0.6386846405228758 0.047487745098039214 0.10498366013071896
0 0.6513480392156863 0.9338235294117647 0.03431372549019608 0.12336601307189543
0 0.6170343137254902 0.9358660130718954 0.03431372549019608 0.12581699346405228
0 0.2939644607843137 0.34129901960784315 0.06096813725490196 0.13684640522875818
0 0.3425245098039216 0.36294934640522875 0.037377450980392156 0.09272875816993464
0 0.3935355392156863 0.34272875816993464 0.06158088235294118 0.13071895424836602
0 0.4408700980392157 0.36213235294117646 0.03370098039215686 0.09109477124183006
0 0.48682598039215685 0.3429330065359477 0.05821078431372549 0.14011437908496732
0 0.5484068627450981 0.335375816993464 0.05943627450980392 0.13970588235294118
0 0.6236213235294118 0.3372140522875817 0.060355392156862746 0.13276143790849673
0 0.6740196078431373 0.3500816993464052 0.03982843137254902 0.10375816993464053
0 0.03324142156862745 0.8780637254901961 0.05974264705882353 0.09844771241830065
0 0.27496936274509803 0.7910539215686274 0.0272671568627451 0.12050653594771242
0 0.37300857843137253 0.6427696078431373 0.05912990196078431 0.12377450980392157
0 0.3293504901960784 0.7865604575163399 0.025735294117647058 0.1147875816993464
0 0.30315563725490197 0.7902369281045751 0.026041666666666668 0.11968954248366014
0 0.6234681372549019 0.7775735294117647 0.02696078431372549 0.11151960784313726
0 0.15456495098039216 0.9044117647058824 0.06587009803921569 0.06290849673202614
0 0.20726102941176472 0.8312908496732027 0.05422794117647059 0.07107843137254902
0 0.14583333333333334 0.8276143790849673 0.06678921568627451 0.07761437908496732
0 0.08762254901960784 0.8784722222222222 0.044730392156862746 0.0959967320261438
0 0.5833333333333334 0.7914624183006536 0.052083333333333336 0.08946078431372549
0 0.21614583333333334 0.9072712418300654 0.05606617647058824 0.05718954248366013
0 0.5332414215686274 0.7922794117647058 0.048100490196078434 0.08619281045751634
0 0.44745710784313725 0.7853349673202614 0.027879901960784315 0.11151960784313726
0 0.38388480392156865 0.7851307189542484 0.03125 0.1119281045751634
0 0.3561580882352941 0.7875816993464052 0.02420343137254902 0.12091503267973856
