0 0.40318627450980393 0.7098651960784313 0.05310457516339869 0.03431372549019608
0 0.40625 0.7552083333333334 0.0494281045751634 0.03308823529411765
0 0.7083333333333334 0.5795036764705882 0.032679738562091505 0.029105392156862746
0 0.672998366013072 0.5883884803921569 0.0363562091503268 0.027879901960784315
0 0.6370506535947712 0.5928308823529411 0.03308823529411765 0.027573529411764705
0 0.5988562091503268 0.6015625 0.03758169934640523 0.033394607843137254
0 0.4693627450980392 0.6280637254901961 0.04493464052287582 0.03431372549019608
0 0.5128676470588235 0.6200980392156863 0.04125816993464052 0.030637254901960783
0 0.4193218954248366 0.6401654411764706 0.046977124183006536 0.04258578431372549
0 0.36519607843137253 0.6501225490196079 0.05473856209150327 0.03676470588235294
0 0.9869281045751634 0.4934129901960784 0.013888888888888888 0.02542892156862745
0 0.9685457516339869 0.49923406862745096 0.02042483660130719 0.02542892156862745
0 0.9479166666666666 0.5018382352941176 0.020016339869281044 0.028186274509803922
0 0.5561683006535948 0.6116727941176471 0.04616013071895425 0.03462009803921569
0 0.31004901960784315 0.6597732843137255 0.05392156862745098 0.04381127450980392
0 0.16973039215686275 0.9203431372549019 0.06413398692810457 0.03982843137254902
0 0.1650326797385621 0.8734681372549019 0.06454248366013073 0.04840686274509804
0 0.23039215686274508 0.899203431372549 0.05473856209150327 0.04044117647058824
0 0.2916666666666667 0.8805147058823529 0.04820261437908497 0.03615196078431373
0 0.3539624183006536 0.8590686274509803 0.05759803921568627 0.03002450980392157
0 0.7369281045751634 0.5741421568627451 0.02369281045751634 0.027573529411764705
0 0.7659313725490197 0.5692401960784313 0.027777777777777776 0.02696078431372549
0 0.7941176470588235 0.5649509803921569 0.028594771241830064 0.03002450980392157
0 0.8251633986928104 0.5588235294117647 0.024509803921568627 0.027573529411764705
0 0.852328431372549 0.5511642156862745 0.02246732026143791 0.026348039215686275
0 0.8760212418300654 0.5473345588235294 0.024918300653594773 0.027879901960784315
0 0.2951388888888889 0.8363970588235294 0.0559640522875817 0.03860294117647059
0 0.9025735294117647 0.5447303921568627 0.020016339869281044 0.027573529411764705
0 0.9240196078431373 0.5378370098039216 0.0196078431372549 0.02542892156862745
0 0.9442401960784313 0.5324754901960784 0.01919934640522876 0.02144607843137255
0 0.9634395424836601 0.5280330882352942 0.016748366013071895 0.022365196078431373
0 0.9816176470588235 0.524203431372549 0.018790849673202614 0.018995098039215685
0 0.08517156862745098 0.8428308823529411 0.0821078431372549 0.044730392156862746
0 0.16380718954248366 0.8261335784313726 0.07026143790849673 0.043198529411764705
0 0.22181372549019607 0.7594975490196079 0.0718954248366013 0.041666666666666664
0 0.2883986928104575 0.7461703431372549 0.061274509803921566 0.0389093137254902
0 0.34824346405228757 0.7305453431372549 0.056781045751633986 0.04013480392156863
0 0.0923202614379085 0.8912377450980392 0.07516339869281045 0.04840686274509804
0 0.09497549019607843 0.9408700980392157 0.0763888888888889 0.044730392156862746
0 0.23141339869281047 0.8065257352941176 0.0625 0.04136029411764706
0 0.2916666666666667 0.7904411764705882 0.05473856209150327 0.03799019607843137
0 0.3492647058823529 0.7728247549019608 0.051470588235294115 0.0389093137254902
0 0.35110294117647056 0.8193933823529411 0.05841503267973856 0.0352328431372549
0 0.23223039215686275 0.8535539215686274 0.06413398692810457 0.042279411764705885
0 0.13602941176470587 0.5238970588235294 0.025326797385620915 0.014093137254901961
0 0.9037990196078431 0.5105698529411765 0.01919934640522876 0.03155637254901961
0 0.05780228758169935 0.5131740196078431 0.020016339869281044 0.0196078431372549
0 0.09089052287581699 0.5078125 0.025735294117647058 0.014399509803921568
0 0.12214052287581699 0.5047487745098039 0.028594771241830064 0.01991421568627451
0 0.1527777777777778 0.5004595588235294 0.02696078431372549 0.018688725490196078
0 0.07393790849673203 0.5321691176470589 0.026143790849673203 0.014093137254901961
0 0.10559640522875817 0.5286458333333334 0.026552287581699346 0.021139705882352942
0 0.07434640522875817 0.5614276960784313 0.03022875816993464 0.016237745098039217
0 0.9264705882352942 0.5053615196078431 0.024509803921568627 0.030943627450980393
0 0.1076388888888889 0.5585171568627451 0.028186274509803922 0.02267156862745098
0 0.14052287581699346 0.5503982843137255 0.021241830065359478 0.017463235294117647
0 0.1909722222222222 0.5330882352941176 0.04125816993464052 0.07230392156862746
0 0.23080065359477125 0.5315563725490197 0.03676470588235294 0.0741421568627451
0 0.3903186274509804 0.4996936274509804 0.0363562091503268 0.08700980392156862
0 0.41687091503267976 0.49816176470588236 0.014297385620915032 0.08946078431372549
0 0.43709150326797386 0.49371936274509803 0.02696078431372549 0.07996323529411764
0 0.5061274509803921 0.4866727941176471 0.03676470588235294 0.07506127450980392
0 0.5343137254901961 0.4837622549019608 0.021241830065359478 0.08026960784313726
0 0.5582107843137255 0.48131127450980393 0.025735294117647058 0.0741421568627451
0 0.5806781045751634 0.4806985294117647 0.017565359477124183 0.07965686274509803
0 0.15461601307189543 0.47441789215686275 0.030637254901960783 0.019301470588235295
0 0.6252042483660131 0.4771752450980392 0.03145424836601307 0.0701593137254902
0 0.11968954248366014 0.4765625 0.032679738562091505 0.01991421568627451
0 0.05392156862745098 0.48223039215686275 0.032679738562091505 0.022058823529411766
0 0.44342320261437906 0.36825980392156865 0.04044117647058824 0.11274509803921569
0 0.4846813725490196 0.36917892156862747 0.04125816993464052 0.11274509803921569
0 0.5234885620915033 0.36611519607843135 0.02900326797385621 0.10845588235294118
0 0.5524918300653595 0.3678002450980392 0.026552287581699346 0.10631127450980392
0 0.5837418300653595 0.36642156862745096 0.03594771241830065 0.10416666666666667
0 0.6262254901960784 0.36565563725490197 0.042483660130718956 0.0934436274509804
0 0.6693218954248366 0.36534926470588236 0.04125816993464052 0.09466911764705882
0 0.7081290849673203 0.3638174019607843 0.034722222222222224 0.09221813725490197
0 0.7375408496732027 0.3639705882352941 0.02165032679738562 0.09252450980392157
0 0.7610294117647058 0.3622855392156863 0.024509803921568627 0.08915441176470588
0 0.7834967320261438 0.3638174019607843 0.0196078431372549 0.0860906862745098
0 0.8061683006535948 0.3625919117647059 0.027369281045751634 0.08486519607843138
0 0.8296568627450981 0.36182598039215685 0.017973856209150325 0.08762254901960784
0 0.8484477124183006 0.35983455882352944 0.021241830065359478 0.08425245098039216
0 0.9113562091503268 0.3584558823529412 0.03758169934640523 0.07904411764705882
0 0.9417892156862745 0.3590686274509804 0.023284313725490197 0.07659313725490197
0 0.9685457516339869 0.3581495098039216 0.03022875816993464 0.0741421568627451
0 0.9912173202614379 0.35784313725490197 0.015931372549019607 0.07475490196078431
0 0.028390522875816993 0.5522365196078431 0.03308823529411765 0.08425245098039216
0 0.08843954248366014 0.4806985294117647 0.0298202614379085 0.025735294117647058
0 0.6503267973856209 0.47487745098039214 0.015522875816993464 0.07475490196078431
0 0.6695261437908496 0.4721200980392157 0.02287581699346405 0.06740196078431372
0 0.6897467320261438 0.47120098039215685 0.016748366013071895 0.07291666666666667
0 0.16380718954248366 0.6907169117647058 0.017973856209150325 0.03768382352941176
0 0.18627450980392157 0.6842830882352942 0.025326797385620915 0.03216911764705882
0 0.21241830065359477 0.6783088235294118 0.027777777777777776 0.04105392156862745
0 0.24142156862745098 0.6731004901960784 0.029411764705882353 0.03308823529411765
0 0.3118872549019608 0.6089154411764706 0.051879084967320264 0.043198529411764705
0 0.36825980392156865 0.5977328431372549 0.04861111111111111 0.04779411764705882
0 0.4238153594771242 0.5916053921568627 0.053513071895424834 0.0392156862745098
0 0.47467320261437906 0.5824142156862745 0.04411764705882353 0.041666666666666664
0 0.5191993464052288 0.5742953431372549 0.04738562091503268 0.04197303921568627
0 0.5627042483660131 0.5658700980392157 0.037173202614379085 0.0392156862745098
0 0.6019199346405228 0.5595894607843137 0.04125816993464052 0.03829656862745098
0 0.6403186274509803 0.5530024509803921 0.03308823529411765 0.0392156862745098
0 0.6754493464052288 0.5465686274509803 0.03799019607843137 0.03553921568627451
0 0.7124183006535948 0.5412071078431373 0.03022875816993464 0.036458333333333336
0 0.7422385620915033 0.5386029411764706 0.027777777777777776 0.03370098039215686
0 0.7718545751633987 0.5329350490196079 0.030637254901960783 0.03400735294117647
0 0.801062091503268 0.5280330882352942 0.026143790849673203 0.03400735294117647
0 0.8265931372549019 0.5222120098039216 0.02165032679738562 0.03400735294117647
0 0.8527369281045751 0.5179227941176471 0.023284313725490197 0.03216911764705882
0 0.23897058823529413 0.6297487745098039 0.024509803921568627 0.05361519607843137
0 0.21303104575163398 0.6344975490196079 0.024918300653594773 0.04534313725490196
0 0.1840277777777778 0.6384803921568627 0.020833333333333332 0.05269607843137255
0 0.15236928104575165 0.6433823529411765 0.03594771241830065 0.04656862745098039
0 0.7069035947712419 0.4684436274509804 0.01919934640522876 0.06678921568627451
0 0.7252859477124183 0.46660539215686275 0.015931372549019607 0.0704656862745098
0 0.7438725490196079 0.46308210784313725 0.018790849673202614 0.0585171568627451
0 0.7600081699346405 0.4600183823529412 0.013480392156862746 0.06464460784313726
0 0.7787990196078431 0.45925245098039214 0.02246732026143791 0.0625
0 0.8231209150326797 0.4537377450980392 0.02696078431372549 0.06311274509803921
0 0.8449754901960784 0.4518995098039216 0.017565359477124183 0.06678921568627451
0 0.9021650326797386 0.44362745098039214 0.02246732026143791 0.05514705882352941
0 0.9219771241830066 0.44424019607843135 0.01715686274509804 0.05392156862745098
0 0.40379901960784315 0.3713235294117647 0.03553921568627451 0.11764705882352941
0 0.9350490196078431 0.4427083333333333 0.013071895424836602 0.05514705882352941
0 0.9673202614379085 0.43995098039215685 0.011437908496732025 0.05269607843137255
0 0.9805964052287581 0.43673406862745096 0.013480392156862746 0.045649509803921566
0 0.9940767973856209 0.43244485294117646 0.012663398692810458 0.05422794117647059
0 0.0392156862745098 0.7215073529411765 0.04084967320261438 0.05269607843137255
0 0.07536764705882353 0.7127757352941176 0.03227124183006536 0.0548406862745098
0 0.1090686274509804 0.7066482843137255 0.03104575163398693 0.05116421568627451
0 0.14072712418300654 0.6996017156862745 0.028186274509803922 0.05238970588235294
0 0.04595588235294118 0.6378676470588235 0.03553921568627451 0.042279411764705885
0 0.08129084967320262 0.6363357843137255 0.03104575163398693 0.0392156862745098
0 0.954452614379085 0.4397977941176471 0.01184640522875817 0.05361519607843137
0 0.35580065359477125 0.37193627450980393 0.05800653594771242 0.12009803921568628
0 0.3075980392156863 0.3743872549019608 0.03676470588235294 0.1256127450980392
0 0.25674019607843135 0.3711703431372549 0.06331699346405228 0.1326593137254902
0 0.7610294117647058 0.7182904411764706 0.027777777777777776 0.02297794117647059
0 0.8047385620915033 0.6089154411764706 0.03349673202614379 0.03829656862745098
0 0.8339460784313726 0.6043198529411765 0.023284313725490197 0.03400735294117647
0 0.8588643790849673 0.5965073529411765 0.024918300653594773 0.032475490196078434
0 0.8825571895424836 0.5931372549019608 0.020833333333333332 0.030637254901960783
0 0.9066584967320261 0.5886948529411765 0.024918300653594773 0.033394607843137254
0 0.9305555555555556 0.5821078431372549 0.0196078431372549 0.031862745098039214
0 0.8022875816993464 0.6443014705882353 0.026143790849673203 0.029411764705882353
0 0.8298611111111112 0.6400122549019608 0.02165032679738562 0.023284313725490197
0 0.8531454248366013 0.6331188725490197 0.024101307189542485 0.023590686274509803
0 0.8796977124183006 0.6254595588235294 0.020016339869281044 0.022365196078431373
0 0.9021650326797386 0.6188725490196079 0.02246732026143791 0.023284313725490197
0 0.9254493464052288 0.6130514705882353 0.02246732026143791 0.01838235294117647
0 0.8002450980392157 0.6755514705882353 0.027777777777777776 0.03125
0 0.8282271241830066 0.6688112745098039 0.02165032679738562 0.029411764705882353
0 0.8511029411764706 0.6606924019607843 0.020016339869281044 0.02849264705882353
0 0.7996323529411765 0.7052696078431373 0.026552287581699346 0.025122549019607844
0 0.8261846405228758 0.6954656862745098 0.020833333333333332 0.02144607843137255
0 0.8535539215686274 0.6870404411764706 0.024918300653594773 0.021139705882352942
0 0.7295751633986928 0.7270220588235294 0.02696078431372549 0.02389705882352941
0 0.6970996732026143 0.7406556372549019 0.03390522875816993 0.02542892156862745
0 0.6646241830065359 0.7516850490196079 0.028594771241830064 0.026041666666666668
0 0.6323529411764706 0.7627144607843137 0.032679738562091505 0.024816176470588234
0 0.6352124183006536 0.6518075980392157 0.04493464052287582 0.03768382352941176
0 0.6717728758169934 0.6433823529411765 0.027369281045751634 0.0392156862745098
0 0.7038398692810458 0.6374080882352942 0.035130718954248366 0.03707107843137255
0 0.7363153594771242 0.6279105392156863 0.03145424836601307 0.0389093137254902
0 0.7677696078431373 0.6207107843137255 0.02900326797385621 0.03615196078431373
0 0.5917075163398693 0.7029718137254902 0.039624183006535946 0.024816176470588234
0 0.627859477124183 0.6911764705882353 0.0392156862745098 0.031862745098039214
0 0.6640114379084967 0.6858149509803921 0.037173202614379085 0.026041666666666668
0 0.6983251633986928 0.6744791666666666 0.03390522875816993 0.02665441176470588
0 0.8782679738562091 0.6534926470588235 0.021241830065359478 0.02696078431372549
0 0.7310049019607843 0.6671262254901961 0.0298202614379085 0.021139705882352942
0 0.5541258169934641 0.7512254901960784 0.03880718954248366 0.03002450980392157
0 0.5951797385620915 0.7359068627450981 0.03676470588235294 0.03002450980392157
0 0.6309232026143791 0.7256433823529411 0.03308823529411765 0.030330882352941176
0 0.6654411764705882 0.7156862745098039 0.03022875816993464 0.029411764705882353
0 0.6979166666666666 0.7064950980392157 0.0298202614379085 0.029411764705882353
0 0.7303921568627451 0.6968443627450981 0.028594771241830064 0.02665441176470588
0 0.7595996732026143 0.6897977941176471 0.028186274509803922 0.02420343137254902
0 0.5555555555555556 0.7858455882352942 0.03594771241830065 0.022058823529411766
0 0.5972222222222222 0.7755821078431373 0.03758169934640523 0.0272671568627451
0 0.7634803921568627 0.6574754901960784 0.03104575163398693 0.022058823529411766
0 0.8794934640522876 0.5151654411764706 0.03022875816993464 0.029105392156862746
0 0.9025735294117647 0.6443014705882353 0.023284313725490197 0.025122549019607844
0 0.877859477124183 0.6803002450980392 0.02369281045751634 0.021752450980392156
0 0.43361928104575165 0.22426470588235295 0.037173202614379085 0.11887254901960784
0 0.3827614379084967 0.22012867647058823 0.06209150326797386 0.12591911764705882
0 0.3029003267973856 0.21001838235294118 0.0559640522875817 0.1332720588235294
0 0.24448529411764705 0.20235906862745098 0.05759803921568627 0.14675245098039216
0 0.18913398692810457 0.2028186274509804 0.05310457516339869 0.14767156862745098
0 0.12765522875816993 0.19684436274509803 0.06740196078431372 0.15900735294117646
0 0.061274509803921566 0.19117647058823528 0.059640522875817 0.14767156862745098
0 0.016952614379084966 0.19837622549019607 0.030637254901960783 0.13388480392156862
0 0.5079656862745098 0.8000919117647058 0.05024509803921569 0.0389093137254902
0 0.508578431372549 0.7640931372549019 0.041666666666666664 0.034926470588235295
0 0.5518790849673203 0.7138480392156863 0.03758169934640523 0.031862745098039214
0 0.5095996732026143 0.7251838235294118 0.04370915032679738 0.03431372549019608
0 0.5573937908496732 0.6734068627450981 0.039624183006535946 0.04105392156862745
0 0.5118464052287581 0.6812193627450981 0.051470588235294115 0.04503676470588235
0 0.4571078431372549 0.7377450980392157 0.051470588235294115 0.03615196078431373
0 0.4074754901960784 0.8363970588235294 0.0494281045751634 0.03370098039215686
0 0.4074754901960784 0.7970281862745098 0.051879084967320264 0.03462009803921569
0 0.13725490196078433 0.37392769607843135 0.049019607843137254 0.14307598039215685
0 0.19281045751633988 0.3710171568627451 0.061274509803921566 0.13725490196078433
0 0.4889705882352941 0.22931985294117646 0.05555555555555555 0.1210171568627451
0 0.5381944444444444 0.23207720588235295 0.04125816993464052 0.11488970588235294
0 0.5757761437908496 0.23651960784313725 0.03553921568627451 0.10845588235294118
0 0.6158088235294118 0.23881740196078433 0.04044117647058824 0.10386029411764706
0 0.9031862745098039 0.672640931372549 0.021241830065359478 0.02542892156862745
0 0.9262663398692811 0.6652879901960784 0.020833333333333332 0.017463235294117647
0 0.9679330065359477 0.5707720588235294 0.044526143790849675 0.027573529411764705
0 0.9644607843137255 0.5980392156862745 0.03758169934640523 0.02389705882352941
0 0.9660947712418301 0.6243872549019608 0.04084967320261438 0.02267156862745098
0 0.9677287581699346 0.649203431372549 0.04084967320261438 0.02267156862745098
0 0.06842320261437909 0.3740808823529412 0.08374183006535947 0.1409313725490196
0 0.9846813725490197 0.2708333333333333 0.01838235294117647 0.07475490196078431
0 0.9671160130718954 0.2700674019607843 0.017565359477124183 0.07567401960784313
0 0.9234068627450981 0.6395526960784313 0.01838235294117647 0.024816176470588234
0 0.948937908496732 0.2702205882352941 0.018790849673202614 0.0741421568627451
0 0.8799019607843137 0.2633272058823529 0.021241830065359478 0.07567401960784313
0 0.858047385620915 0.25827205882352944 0.02165032679738562 0.08149509803921569
0 0.8282271241830066 0.2565870098039216 0.037173202614379085 0.08670343137254902
0 0.7971813725490197 0.25582107843137253 0.02165032679738562 0.09313725490196079
0 0.7722630718954249 0.25275735294117646 0.028186274509803922 0.0974264705882353
0 0.7424428104575164 0.2498468137254902 0.03145424836601307 0.09099264705882353
0 0.7156862745098039 0.24601715686274508 0.024509803921568627 0.09803921568627451
0 0.6909722222222222 0.24586397058823528 0.024918300653594773 0.09589460784313726
0 0.65625 0.24371936274509803 0.04044117647058824 0.09895833333333333
0 0.9244281045751634 0.2693014705882353 0.029411764705882353 0.07536764705882353
