0 0.10559640522875817 0.8857230392156863 0.04616013071895425 0.08149509803921569
0 0.1460375816993464 0.8867953431372549 0.037173202614379085 0.078125
0 0.2763480392156863 0.8265931372549019 0.03553921568627451 0.06311274509803921
0 0.31638071895424835 0.8284313725490197 0.03553921568627451 0.06311274509803921
0 0.35723039215686275 0.8290441176470589 0.03553921568627451 0.06311274509803921
0 0.39889705882352944 0.8272058823529411 0.03553921568627451 0.06311274509803921
0 0.025326797385620915 0.14292279411764705 0.05065359477124183 0.09957107843137254
0 0.13357843137254902 0.2734375 0.05310457516339869 0.11366421568627451
0 0.13357843137254902 0.13985906862745098 0.051470588235294115 0.09895833333333333
0 0.36070261437908496 0.13541666666666666 0.042483660130718956 0.12009803921568628
0 0.4113562091503268 0.14154411764705882 0.05392156862745098 0.11580882352941177
0 0.46772875816993464 0.14231004901960784 0.05473856209150327 0.11427696078431372
0 0.5222630718954249 0.14307598039215685 0.04861111111111111 0.11642156862745098
0 0.5745506535947712 0.14384191176470587 0.056781045751633986 0.11366421568627451
0 0.6282679738562091 0.14920343137254902 0.049019607843137254 0.11519607843137254
0 0.0573937908496732 0.8872549019607843 0.03880718954248366 0.0784313725490196
0 0.07741013071895425 0.1407781862745098 0.05024509803921569 0.1014093137254902
0 0.018995098039215685 0.8871017156862745 0.03799019607843137 0.08118872549019608
0 0.9728349673202614 0.7691482843137255 0.044526143790849675 0.06954656862745098
0 0.1096813725490196 0.7539828431372549 0.039624183006535946 0.08762254901960784
0 0.5998774509803921 0.7509191176470589 0.04370915032679738 0.06678921568627451
0 0.6464460784313726 0.7503063725490197 0.03880718954248366 0.06678921568627451
0 0.7953431372549019 0.7555147058823529 0.02696078431372549 0.04718137254901961
0 0.7606209150326797 0.7691482843137255 0.029411764705882353 0.0744485294117647
0 0.8470179738562091 0.7679227941176471 0.046977124183006536 0.05422794117647059
0 0.889297385620915 0.7806372549019608 0.031862745098039214 0.027573529411764705
0 0.6850490196078431 0.15747549019607843 0.05473856209150327 0.10294117647058823
0 0.9691584967320261 0.6764705882352942 0.046977124183006536 0.08455882352941177
0 0.9203431372549019 0.6758578431372549 0.04738562091503268 0.07965686274509803
0 0.5537173202614379 0.7518382352941176 0.04616013071895425 0.06678921568627451
0 0.5071486928104575 0.7483149509803921 0.034722222222222224 0.07199754901960784
0 0.4652777777777778 0.7481617647058824 0.03594771241830065 0.0704656862745098
0 0.4207516339869281 0.7469362745098039 0.042483660130718956 0.07230392156862746
0 0.3764297385620915 0.7454044117647058 0.04125816993464052 0.07598039215686274
0 0.3270016339869281 0.7443321078431373 0.039624183006535946 0.0744485294117647
0 0.2839052287581699 0.7437193627450981 0.04656862745098039 0.07506127450980392
0 0.1556372549019608 0.7521446078431373 0.04820261437908497 0.08333333333333333
0 0.06331699346405228 0.7530637254901961 0.042483660130718956 0.08946078431372549
0 0.3125 0.2668504901960784 0.04738562091503268 0.10232843137254902
0 0.8404820261437909 0.16498161764705882 0.0494281045751634 0.09283088235294118
0 0.9683415032679739 0.2962622549019608 0.05024509803921569 0.1017156862745098
0 0.0900735294117647 0.5294117647058824 0.0428921568627451 0.09375
0 0.14133986928104575 0.5341605392156863 0.051470588235294115 0.08792892156862746
0 0.28165849673202614 0.5231311274509803 0.04370915032679738 0.08057598039215687
0 0.32822712418300654 0.5258884803921569 0.044526143790849675 0.07873774509803921
0 0.380718954248366 0.5248161764705882 0.04003267973856209 0.07965686274509803
0 0.4311683006535948 0.5257352941176471 0.04370915032679738 0.0784313725490196
0 0.4810049019607843 0.5214460784313726 0.04044117647058824 0.08639705882352941
0 0.5257352941176471 0.5234375 0.04820261437908497 0.0818014705882353
0 0.5698529411764706 0.5261948529411765 0.0392156862745098 0.08792892156862746
0 0.6176470588235294 0.5281862745098039 0.042483660130718956 0.0857843137254902
0 0.6656454248366013 0.5274203431372549 0.044526143790849675 0.08425245098039216
0 0.8000408496732027 0.5611213235294118 0.04044117647058824 0.0548406862745098
0 0.8533496732026143 0.5530024509803921 0.042483660130718956 0.07659313725490197
0 0.8980800653594772 0.5543811274509803 0.03880718954248366 0.07628676470588236
0 0.017973856209150325 0.6447610294117647 0.032679738562091505 0.09528186274509803
0 0.9397467320261438 0.5520833333333334 0.039624183006535946 0.07965686274509803
0 0.9466911764705882 0.43275122549019607 0.0494281045751634 0.07506127450980392
0 0.8982843137254902 0.4329044117647059 0.04656862745098039 0.07904411764705882
0 0.8498774509803921 0.43152573529411764 0.04616013071895425 0.07506127450980392
0 0.8016748366013072 0.4319852941176471 0.04370915032679738 0.07720588235294118
0 0.6717728758169934 0.4007352941176471 0.060866013071895424 0.09865196078431372
0 0.5716911764705882 0.4007352941176471 0.04370915032679738 0.09803921568627451
0 0.5247140522875817 0.3984375 0.05024509803921569 0.09283088235294118
0 0.4736519607843137 0.3987438725490196 0.04534313725490196 0.09650735294117647
0 0.42483660130718953 0.3975183823529412 0.04820261437908497 0.09466911764705882
0 0.3741830065359477 0.39169730392156865 0.051470588235294115 0.10692401960784313
0 0.1503267973856209 0.40517769607843135 0.041666666666666664 0.10324754901960784
0 0.09844771241830065 0.40640318627450983 0.056372549019607844 0.1014093137254902
0 0.029411764705882353 0.27205882352941174 0.049019607843137254 0.11887254901960784
0 0.08272058823529412 0.27175245098039214 0.05106209150326797 0.11764705882352941
0 0.9863153594771242 0.5479473039215687 0.028186274509803922 0.08486519607843138
0 0.8933823529411765 0.16697303921568626 0.04738562091503268 0.0857843137254902
0 0.0559640522875817 0.6447610294117647 0.04330065359477124 0.08792892156862746
0 0.2839052287581699 0.6366421568627451 0.04330065359477124 0.0821078431372549
0 0.9162581699346405 0.29534313725490197 0.04656862745098039 0.09987745098039216
0 0.6779003267973857 0.2763480392156863 0.04779411764705882 0.10232843137254902
0 0.6258169934640523 0.27450980392156865 0.042483660130718956 0.10355392156862746
0 0.5747549019607843 0.2734375 0.05800653594771242 0.09957107843137254
0 0.5241013071895425 0.2725183823529412 0.04411764705882353 0.09895833333333333
0 0.47201797385620914 0.27297794117647056 0.044526143790849675 0.09865196078431372
0 0.42054738562091504 0.2705269607843137 0.05024509803921569 0.10294117647058823
0 0.43770424836601307 0.8299632352941176 0.03553921568627451 0.06311274509803921
0 0.47487745098039214 0.8314950980392157 0.03553921568627451 0.06311274509803921
0 0.5925245098039216 0.8299632352941176 0.03880718954248366 0.06311274509803921
0 0.6313316993464052 0.8327205882352942 0.03880718954248366 0.06311274509803921
0 0.6315359477124183 0.9131433823529411 0.03839869281045752 0.0628063725490196
0 0.5904820261437909 0.9102328431372549 0.03880718954248366 0.06311274509803921
0 0.551062091503268 0.9103860294117647 0.03839869281045752 0.0628063725490196
0 0.15134803921568626 0.6465992647058824 0.04370915032679738 0.0897671568627451
0 0.5118464052287581 0.9099264705882353 0.031862745098039214 0.06495098039215687
0 0.3984885620915033 0.9053308823529411 0.03880718954248366 0.061274509803921566
0 0.3255718954248366 0.9041053921568627 0.03676470588235294 0.058823529411764705
0 0.9450571895424836 0.8272058823529411 0.04616013071895425 0.02389705882352941
0 0.9850898692810458 0.867953431372549 0.0298202614379085 0.09436274509803921
0 0.8745915032679739 0.6752450980392157 0.042483660130718956 0.08088235294117647
0 0.8325163398692811 0.6752450980392157 0.04411764705882353 0.08088235294117647
0 0.7857434640522876 0.6741727941176471 0.04044117647058824 0.08425245098039216
0 0.36825980392156865 0.2689950980392157 0.05024509803921569 0.09865196078431372
0 0.6060049019607843 0.6416973039215687 0.04044117647058824 0.07873774509803921
0 0.5590277777777778 0.6331188725490197 0.046977124183006536 0.07873774509803921
0 0.5124591503267973 0.6427696078431373 0.04370915032679738 0.08333333333333333
0 0.4650735294117647 0.6403186274509803 0.04616013071895425 0.0778186274509804
0 0.41911764705882354 0.6403186274509803 0.04411764705882353 0.0784313725490196
0 0.3729575163398693 0.6390931372549019 0.04493464052287582 0.0778186274509804
0 0.4348447712418301 0.9120710784313726 0.02900326797385621 0.061274509803921566
0 0.6515522875816994 0.6424632352941176 0.04493464052287582 0.07598039215686274
0 0.10559640522875817 0.6458333333333334 0.04616013071895425 0.09191176470588236
