0 0.6111979166666667 0.2490234375 0.05572916666666667 0.108984375
0 0.55390625 0.2482421875 0.05572916666666667 0.112890625
0 0.4973958333333333 0.2498046875 0.057291666666666664 0.110546875
0 0.21145833333333333 0.24921875 0.058333333333333334 0.11640625
0 0.3828125 0.2501953125 0.057291666666666664 0.119140625
0 0.3294270833333333 0.248828125 0.05364583333333333 0.1140625
0 0.2703125 0.2482421875 0.057291666666666664 0.115234375
0 0.43984375 0.2521484375 0.05677083333333333 0.116015625
0 0.9065104166666667 0.0984375 0.05572916666666667 0.09765625
0 0.09869791666666666 0.2505859375 0.050520833333333334 0.116015625
0 0.04010416666666667 0.2501953125 0.065625 0.116796875
0 0.9669270833333333 0.0984375 0.0578125 0.09609375
0 0.84765625 0.096875 0.06302083333333333 0.09609375
0 0.7854166666666667 0.10078125 0.06041666666666667 0.09453125
0 0.54921875 0.103125 0.05677083333333333 0.09609375
0 0.6059895833333333 0.1021484375 0.059895833333333336 0.098828125
0 0.66640625 0.248046875 0.0515625 0.1109375
0 0.6666666666666666 0.1005859375 0.059375 0.096484375
0 0.7260416666666667 0.100390625 0.059375 0.09453125
0 0.1546875 0.25078125 0.058333333333333334 0.11484375
0 0.7203125 0.2455078125 0.059375 0.107421875
0 0.5864583333333333 0.3931640625 0.059375 0.107421875
0 0.9484375 0.2439453125 0.06458333333333334 0.106640625
0 0.1265625 0.534765625 0.053125 0.10390625
0 0.06901041666666667 0.535546875 0.06302083333333333 0.10234375
0 0.020572916666666666 0.5361328125 0.03802083333333333 0.100390625
0 0.4890625 0.1044921875 0.06145833333333333 0.097265625
0 0.9809895833333333 0.384375 0.04010416666666667 0.11171875
0 0.9263020833333333 0.386328125 0.06302083333333333 0.10703125
0 0.8705729166666667 0.3869140625 0.0515625 0.109765625
0 0.8143229166666667 0.3880859375 0.0609375 0.107421875
0 0.7533854166666667 0.3904296875 0.0609375 0.110546875
0 0.8356770833333333 0.2439453125 0.07135416666666666 0.112109375
0 0.6971354166666667 0.390625 0.0515625 0.11015625
0 0.52578125 0.392578125 0.05677083333333333 0.10859375
0 0.46822916666666664 0.391015625 0.05625 0.10625
0 0.41380208333333335 0.3939453125 0.0546875 0.108984375
0 0.3546875 0.394140625 0.06145833333333333 0.11015625
0 0.2955729166666667 0.39921875 0.0546875 0.10546875
0 0.24088541666666666 0.39921875 0.05572916666666667 0.10390625
0 0.18411458333333333 0.39921875 0.05677083333333333 0.10546875
0 0.12890625 0.3978515625 0.05260416666666667 0.109765625
0 0.07083333333333333 0.3970703125 0.059375 0.106640625
0 0.6434895833333333 0.3916015625 0.05572916666666667 0.110546875
0 0.4278645833333333 0.1025390625 0.0609375 0.100390625
0 0.69375 0.5296875 0.059375 0.10546875
0 0.88984375 0.933984375 0.043229166666666666 0.07734375
0 0.16302083333333334 0.803515625 0.036458333333333336 0.10390625
0 0.20989583333333334 0.8072265625 0.05520833333333333 0.092578125
0 0.26796875 0.808984375 0.059895833333333336 0.09609375
0 0.3255208333333333 0.80703125 0.053125 0.09609375
0 0.38229166666666664 0.805859375 0.05625 0.0921875
0 0.4890625 0.80625 0.051041666666666666 0.0875
0 0.54140625 0.8076171875 0.05572916666666667 0.087109375
0 0.596875 0.8046875 0.04791666666666667 0.0875
0 0.6455729166666667 0.8017578125 0.049479166666666664 0.090234375
0 0.69453125 0.8015625 0.04635416666666667 0.0890625
0 0.7377604166666667 0.7935546875 0.04010416666666667 0.104296875
0 0.7796875 0.79375 0.04479166666666667 0.103125
0 0.8221354166666667 0.791796875 0.04114583333333333 0.1078125
0 0.8682291666666667 0.78984375 0.04375 0.103125
0 0.12161458333333333 0.80390625 0.04635416666666667 0.1046875
0 0.9106770833333333 0.7884765625 0.0421875 0.103515625
0 0.0390625 0.9443359375 0.06041666666666667 0.084765625
0 0.09817708333333333 0.9427734375 0.0546875 0.089453125
0 0.15859375 0.9412109375 0.06197916666666667 0.089453125
0 0.21744791666666666 0.9400390625 0.05572916666666667 0.083203125
0 0.27630208333333334 0.9400390625 0.058854166666666666 0.087109375
0 0.33307291666666666 0.9392578125 0.05364583333333333 0.086328125
0 0.39036458333333335 0.935546875 0.0609375 0.09375
0 0.45208333333333334 0.9330078125 0.0625 0.098828125
0 0.50703125 0.933984375 0.04739583333333333 0.090625
0 0.25234375 0.09453125 0.0609375 0.11171875
0 0.1890625 0.0943359375 0.06979166666666667 0.110546875
0 0.12838541666666667 0.09453125 0.049479166666666664 0.11171875
0 0.07109375 0.0958984375 0.06302083333333333 0.113671875
0 0.0203125 0.100390625 0.03854166666666667 0.10390625
0 0.9575520833333333 0.7873046875 0.05364583333333333 0.101171875
0 0.9401041666666666 0.93125 0.05520833333333333 0.08125
0 0.07526041666666666 0.8060546875 0.04635416666666667 0.100390625
0 0.9111979166666667 0.658203125 0.05364583333333333 0.0953125
0 0.8447916666666667 0.934375 0.046875 0.07734375
0 0.7963541666666667 0.9353515625 0.05 0.074609375
0 0.7442708333333333 0.936328125 0.053125 0.07890625
0 0.6958333333333333 0.9369140625 0.04895833333333333 0.083203125
0 0.36822916666666666 0.1015625 0.05625 0.09765625
0 0.31223958333333335 0.0974609375 0.058854166666666666 0.106640625
0 0.30416666666666664 0.53359375 0.06458333333333334 0.103125
0 0.35963541666666665 0.5322265625 0.043229166666666666 0.105859375
0 0.41015625 0.5318359375 0.06197916666666667 0.105078125
0 0.46822916666666664 0.531640625 0.052083333333333336 0.1046875
0 0.521875 0.530859375 0.05625 0.103125
0 0.578125 0.5296875 0.057291666666666664 0.10546875
0 0.6361979166666667 0.5294921875 0.058854166666666666 0.105859375
0 0.7494791666666667 0.5275390625 0.053125 0.101953125
0 0.9666666666666667 0.6564453125 0.05416666666666667 0.094140625
0 0.8033854166666666 0.5267578125 0.05364583333333333 0.103515625
0 0.9174479166666667 0.5263671875 0.06302083333333333 0.104296875
0 0.97421875 0.5251953125 0.0515625 0.102734375
0 0.030729166666666665 0.6685546875 0.06145833333333333 0.096484375
0 0.08802083333333334 0.6689453125 0.051041666666666666 0.095703125
0 0.14088541666666668 0.66875 0.05677083333333333 0.09453125
0 0.2565104166666667 0.6677734375 0.06927083333333334 0.100390625
0 0.42239583333333336 0.6650390625 0.06770833333333333 0.092578125
0 0.53125 0.6634765625 0.05625 0.097265625
0 0.5877604166666667 0.66328125 0.0515625 0.09609375
0 0.6421875 0.6623046875 0.05625 0.094921875
0 0.6971354166666667 0.662109375 0.05572916666666667 0.09609375
0 0.75234375 0.6603515625 0.0515625 0.094140625
0 0.8059895833333334 0.658984375 0.058854166666666666 0.096875
0 0.86015625 0.658203125 0.0484375 0.0953125
0 0.8583333333333333 0.526953125 0.05625 0.10390625
0 0.43723958333333335 0.8078125 0.0515625 0.0890625
0 0.24661458333333333 0.5353515625 0.05260416666666667 0.105078125
0 0.18697916666666667 0.5353515625 0.065625 0.104296875
