0 0.7356770833333334 0.5962890625 0.043229166666666666 0.058984375
0 0.6161458333333333 0.24921875 0.07604166666666666 0.0609375
0 0.25729166666666664 0.3642578125 0.046875 0.039453125
0 0.30755208333333334 0.3974609375 0.05260416666666667 0.017578125
0 0.69453125 0.597265625 0.033854166666666664 0.05703125
0 0.80703125 0.5955078125 0.030729166666666665 0.060546875
0 0.020833333333333332 0.7099609375 0.041666666666666664 0.092578125
0 0.8908854166666667 0.595703125 0.04739583333333333 0.06484375
0 0.5588541666666667 0.2412109375 0.0375 0.074609375
0 0.51796875 0.241796875 0.04114583333333333 0.07578125
0 0.6950520833333333 0.2314453125 0.04114583333333333 0.095703125
0 0.734375 0.234765625 0.034375 0.0921875
0 0.7864583333333334 0.2330078125 0.059375 0.089453125
0 0.47708333333333336 0.2396484375 0.0375 0.078515625
0 0.4354166666666667 0.24140625 0.03958333333333333 0.07890625
0 0.8627604166666667 0.234375 0.050520833333333334 0.1
0 0.91171875 0.233984375 0.04114583333333333 0.09609375
0 0.9640625 0.2380859375 0.057291666666666664 0.092578125
0 0.028385416666666666 0.371484375 0.050520833333333334 0.07265625
0 0.8432291666666667 0.5962890625 0.0375 0.062109375
0 0.07916666666666666 0.371484375 0.04479166666666667 0.07421875
0 0.19114583333333332 0.3984375 0.057291666666666664 0.02265625
0 0.2515625 0.3962890625 0.05416666666666667 0.022265625
0 0.33255208333333336 0.700390625 0.05260416666666667 0.06875
0 0.2794270833333333 0.701953125 0.033854166666666664 0.065625
0 0.24557291666666667 0.703515625 0.0296875 0.06328125
0 0.21432291666666667 0.7044921875 0.027604166666666666 0.062890625
0 0.18411458333333333 0.7017578125 0.0265625 0.066796875
0 0.15182291666666667 0.7021484375 0.034895833333333334 0.067578125
0 0.11614583333333334 0.703515625 0.030208333333333334 0.06796875
0 0.0828125 0.698046875 0.0375 0.07734375
0 0.6153645833333333 0.20234375 0.058854166666666666 0.021875
0 0.12916666666666668 0.3703125 0.04375 0.0796875
0 0.39557291666666666 0.2408203125 0.0359375 0.078515625
0 0.50078125 0.8291015625 0.044270833333333336 0.073828125
0 0.6575520833333334 0.5958984375 0.0328125 0.056640625
0 0.22005208333333334 0.833984375 0.0421875 0.078125
0 0.15104166666666666 0.837890625 0.042708333333333334 0.08125
0 0.10989583333333333 0.8380859375 0.036458333333333336 0.082421875
0 0.06796875 0.8373046875 0.044270833333333336 0.082421875
0 0.0140625 0.840234375 0.028125 0.07421875
0 0.8916666666666667 0.695703125 0.027083333333333334 0.0640625
0 0.86328125 0.6955078125 0.0265625 0.063671875
0 0.13333333333333333 0.2400390625 0.042708333333333334 0.083984375
0 0.046875 0.2412109375 0.042708333333333334 0.081640625
0 0.9763020833333333 0.07890625 0.04739583333333333 0.11484375
0 0.9276041666666667 0.0796875 0.041666666666666664 0.11171875
0 0.26328125 0.83046875 0.04010416666666667 0.07578125
0 0.83515625 0.694921875 0.024479166666666666 0.0625
0 0.7794270833333333 0.6951171875 0.0296875 0.065234375
0 0.74609375 0.6978515625 0.0328125 0.066015625
0 0.7044270833333334 0.696484375 0.03802083333333333 0.06796875
0 0.65625 0.698046875 0.042708333333333334 0.065625
0 0.6104166666666667 0.697265625 0.03958333333333333 0.0671875
0 0.7572916666666667 0.0806640625 0.042708333333333334 0.106640625
0 0.5661458333333333 0.69765625 0.029166666666666667 0.06953125
0 0.5369791666666667 0.699609375 0.025 0.06484375
0 0.36354166666666665 0.3970703125 0.05416666666666667 0.018359375
0 0.87890625 0.08046875 0.0484375 0.109375
0 0.8127604166666667 0.080859375 0.06510416666666667 0.10625
0 0.8088541666666667 0.69453125 0.025 0.06796875
0 0.30520833333333336 0.8314453125 0.03854166666666667 0.073828125
0 0.7046875 0.0791015625 0.057291666666666664 0.105078125
0 0.6447916666666667 0.083984375 0.04479166666666667 0.096875
0 0.5541666666666667 0.6185546875 0.05 0.019140625
0 0.07057291666666667 0.0775390625 0.04635416666666667 0.105859375
0 0.8104166666666667 0.8263671875 0.0375 0.072265625
0 0.7283854166666667 0.8216796875 0.04114583333333333 0.076953125
0 0.6872395833333333 0.8248046875 0.03802083333333333 0.077734375
0 0.6442708333333333 0.8244140625 0.040625 0.077734375
0 0.5825520833333333 0.828515625 0.04635416666666667 0.07265625
0 0.5401041666666667 0.8267578125 0.03125 0.075390625
0 0.44895833333333335 0.826171875 0.04479166666666667 0.0765625
0 0.4078125 0.828515625 0.035416666666666666 0.07734375
0 0.3645833333333333 0.8298828125 0.046875 0.076953125
0 0.35703125 0.2412109375 0.03802083333333333 0.076953125
0 0.315625 0.241015625 0.040625 0.0765625
0 0.27395833333333336 0.2423828125 0.03958333333333333 0.074609375
0 0.21796875 0.240234375 0.03802083333333333 0.08203125
0 0.021614583333333333 0.075390625 0.043229166666666666 0.10546875
0 0.25104166666666666 0.0849609375 0.040625 0.088671875
0 0.2953125 0.088671875 0.04375 0.08515625
0 0.33958333333333335 0.083203125 0.040625 0.09296875
0 0.178125 0.240625 0.040625 0.0828125
0 0.38567708333333334 0.0810546875 0.044270833333333336 0.096484375
0 0.43828125 0.0802734375 0.0578125 0.096484375
0 0.5080729166666667 0.08515625 0.04010416666666667 0.090625
0 0.5533854166666666 0.081640625 0.0453125 0.096875
0 0.59921875 0.0826171875 0.0421875 0.095703125
0 0.1234375 0.077734375 0.04479166666666667 0.103125
0 0.39557291666666666 0.3634765625 0.05677083333333333 0.044921875
0 0.20885416666666667 0.084765625 0.03854166666666667 0.08671875
0 0.48020833333333335 0.3962890625 0.053125 0.017578125
0 0.5049479166666667 0.6998046875 0.03697916666666667 0.065234375
0 0.16692708333333334 0.085546875 0.04010416666666667 0.08984375
0 0.4200520833333333 0.3966796875 0.05677083333333333 0.018359375
0 0.42604166666666665 0.6974609375 0.04375 0.067578125
0 0.8494791666666667 0.826171875 0.0375 0.07421875
0 0.8940104166666667 0.825 0.04739583333333333 0.075
0 0.20625 0.5986328125 0.1 0.058984375
0 0.425 0.597265625 0.11041666666666666 0.059375
0 0.8986979166666667 0.4853515625 0.12864583333333332 0.067578125
0 0.7729166666666667 0.4841796875 0.11770833333333333 0.069921875
0 0.65 0.487109375 0.115625 0.06875
0 0.5252604166666667 0.4828125 0.12760416666666666 0.071875
0 0.3921875 0.4880859375 0.13020833333333334 0.071484375
0 0.09947916666666666 0.6001953125 0.10416666666666667 0.055859375
0 0.14140625 0.4900390625 0.0421875 0.060546875
0 0.5375 0.397265625 0.05416666666666667 0.01796875
0 0.59140625 0.395703125 0.0515625 0.01640625
0 0.5408854166666667 0.3634765625 0.050520833333333334 0.042578125
0 0.6619791666666667 0.3671875 0.041666666666666664 0.078125
0 0.7065104166666667 0.36640625 0.0421875 0.0796875
0 0.24817708333333333 0.4880859375 0.1265625 0.068359375
0 0.7565104166666666 0.3666015625 0.05260416666666667 0.081640625
0 0.3109375 0.596875 0.10729166666666666 0.0609375
0 0.051041666666666666 0.4734375 0.022916666666666665 0.0203125
0 0.09270833333333334 0.4919921875 0.046875 0.063671875
0 0.8369791666666667 0.366796875 0.034375 0.07421875
0 0.87421875 0.3671875 0.0390625 0.07578125
0 0.9229166666666667 0.3671875 0.051041666666666666 0.078125
0 0.05130208333333333 0.5046875 0.0328125 0.0375
