0 0.7671875 0.381640625 0.05520833333333333 0.08671875
0 0.5098958333333333 0.5734375 0.05416666666666667 0.05234375
0 0.6768229166666667 0.8599609375 0.04635416666666667 0.043359375
0 0.7216145833333333 0.859375 0.043229166666666666 0.04140625
0 0.7677083333333333 0.8580078125 0.046875 0.041796875
0 0.22994791666666667 0.8021484375 0.0546875 0.043359375
0 0.27786458333333336 0.8013671875 0.0421875 0.046484375
0 0.3223958333333333 0.801171875 0.04583333333333333 0.0453125
0 0.36666666666666664 0.8 0.04375 0.04609375
0 0.41432291666666665 0.7998046875 0.050520833333333334 0.043359375
0 0.46510416666666665 0.7978515625 0.04791666666666667 0.046484375
0 0.6299479166666667 0.8603515625 0.044270833333333336 0.041796875
0 0.5278645833333333 0.79765625 0.050520833333333334 0.0453125
0 0.6208333333333333 0.7935546875 0.04375 0.045703125
0 0.6661458333333333 0.794921875 0.04583333333333333 0.0453125
0 0.7114583333333333 0.79375 0.04479166666666667 0.0453125
0 0.7598958333333333 0.793359375 0.05 0.04453125
0 0.21588541666666666 0.73203125 0.0546875 0.046875
0 0.26484375 0.7322265625 0.0421875 0.047265625
0 0.30859375 0.733203125 0.044270833333333336 0.04921875
0 0.35494791666666664 0.7322265625 0.044270833333333336 0.051953125
0 0.40182291666666664 0.7294921875 0.050520833333333334 0.047265625
0 0.5760416666666667 0.795703125 0.04375 0.04921875
0 0.5869791666666667 0.8626953125 0.04375 0.046484375
0 0.5364583333333334 0.8650390625 0.05625 0.041796875
0 0.47213541666666664 0.8654296875 0.043229166666666666 0.042578125
0 0.81015625 0.7439453125 0.0359375 0.041796875
0 0.8497395833333333 0.743359375 0.043229166666666666 0.0453125
0 0.89375 0.7423828125 0.04479166666666667 0.044921875
0 0.9401041666666666 0.7423828125 0.04479166666666667 0.045703125
0 0.25885416666666666 0.9345703125 0.051041666666666666 0.037109375
0 0.3059895833333333 0.9341796875 0.043229166666666666 0.038671875
0 0.3494791666666667 0.9337890625 0.042708333333333334 0.038671875
0 0.3924479166666667 0.932421875 0.043229166666666666 0.0421875
0 0.43515625 0.9330078125 0.04114583333333333 0.042578125
0 0.48333333333333334 0.931640625 0.05 0.0453125
0 0.5502604166666667 0.92734375 0.04739583333333333 0.03984375
0 0.5934895833333333 0.9265625 0.03802083333333333 0.0421875
0 0.6356770833333333 0.9265625 0.043229166666666666 0.04375
0 0.6783854166666666 0.9267578125 0.043229166666666666 0.042578125
0 0.7239583333333334 0.9244140625 0.04895833333333333 0.038671875
0 0.7716145833333333 0.924609375 0.04635416666666667 0.04140625
0 0.24713541666666666 0.8712890625 0.049479166666666664 0.037109375
0 0.29401041666666666 0.86875 0.0421875 0.0421875
0 0.33880208333333334 0.8677734375 0.0484375 0.044140625
0 0.384375 0.8669921875 0.040625 0.045703125
0 0.42552083333333335 0.8646484375 0.04791666666666667 0.042578125
0 0.453125 0.728515625 0.046875 0.04921875
0 0.8096354166666667 0.696875 0.033854166666666664 0.05
0 0.5236979166666667 0.7265625 0.043229166666666666 0.0484375
0 0.6125 0.7240234375 0.04791666666666667 0.048046875
0 0.7151041666666667 0.3814453125 0.046875 0.086328125
0 0.7596354166666667 0.5646484375 0.04739583333333333 0.052734375
0 0.15911458333333334 0.483203125 0.06197916666666667 0.07890625
0 0.21588541666666666 0.48125 0.0515625 0.08515625
0 0.26953125 0.480078125 0.05572916666666667 0.0828125
0 0.3190104166666667 0.4822265625 0.043229166666666666 0.079296875
0 0.36875 0.4806640625 0.052083333333333336 0.076953125
0 0.42161458333333335 0.478125 0.0515625 0.08125
0 0.5046875 0.4755859375 0.04895833333333333 0.083203125
0 0.7109375 0.566015625 0.052083333333333336 0.05234375
0 0.41953125 0.3876953125 0.049479166666666664 0.087109375
0 0.60390625 0.4740234375 0.0546875 0.080078125
0 0.6575520833333334 0.4728515625 0.050520833333333334 0.078515625
0 0.7080729166666667 0.4716796875 0.0515625 0.082421875
0 0.7635416666666667 0.4712890625 0.04895833333333333 0.079296875
0 0.15546875 0.390234375 0.059895833333333336 0.08515625
0 0.20651041666666667 0.3927734375 0.044270833333333336 0.080859375
0 0.2596354166666667 0.3919921875 0.06302083333333333 0.081640625
0 0.31536458333333334 0.391015625 0.044270833333333336 0.08203125
0 0.36484375 0.3908203125 0.05677083333333333 0.081640625
0 0.5528645833333333 0.474609375 0.0484375 0.0796875
0 0.6606770833333333 0.5669921875 0.04739583333333333 0.052734375
0 0.6104166666666667 0.56953125 0.052083333333333336 0.04765625
0 0.56171875 0.5728515625 0.04635416666666667 0.054296875
0 0.6598958333333333 0.7240234375 0.04895833333333333 0.047265625
0 0.70859375 0.7236328125 0.04739583333333333 0.046484375
0 0.7578125 0.721875 0.04791666666666667 0.05078125
0 0.20494791666666667 0.659375 0.050520833333333334 0.05078125
0 0.25364583333333335 0.6560546875 0.04583333333333333 0.055859375
0 0.30182291666666666 0.654296875 0.0515625 0.05078125
0 0.3497395833333333 0.652734375 0.0453125 0.05390625
0 0.39817708333333335 0.651953125 0.050520833333333334 0.053125
0 0.44765625 0.6515625 0.0484375 0.05625
0 0.5119791666666667 0.649609375 0.057291666666666664 0.04609375
0 0.5627604166666667 0.6490234375 0.044270833333333336 0.046484375
0 0.65859375 0.6474609375 0.0484375 0.052734375
0 0.7080729166666667 0.6458984375 0.0484375 0.048828125
0 0.7572916666666667 0.644140625 0.052083333333333336 0.053125
0 0.18229166666666666 0.58203125 0.06354166666666666 0.0515625
0 0.2359375 0.5794921875 0.042708333333333334 0.055859375
0 0.28203125 0.5779296875 0.049479166666666664 0.052734375
0 0.32890625 0.5755859375 0.0453125 0.057421875
0 0.3807291666666667 0.57421875 0.057291666666666664 0.05546875
0 0.43359375 0.5734375 0.04739583333333333 0.05546875
0 0.49947916666666664 0.3876953125 0.05625 0.083203125
0 0.5666666666666667 0.725390625 0.04375 0.05
0 0.8494791666666667 0.69609375 0.04583333333333333 0.046875
0 0.609375 0.6498046875 0.04791666666666667 0.048046875
0 0.9424479166666667 0.691796875 0.03697916666666667 0.05
0 0.60234375 0.19609375 0.0546875 0.0921875
0 0.54765625 0.1974609375 0.05572916666666667 0.094921875
0 0.41458333333333336 0.2 0.05 0.09296875
0 0.35885416666666664 0.2005859375 0.05625 0.092578125
0 0.3033854166666667 0.20078125 0.0546875 0.09453125
0 0.24817708333333333 0.2046875 0.05677083333333333 0.08671875
0 0.19270833333333334 0.2037109375 0.053125 0.086328125
0 0.13307291666666668 0.202734375 0.06614583333333333 0.08828125
0 0.7630208333333334 0.289453125 0.05625 0.0921875
0 0.7104166666666667 0.2927734375 0.05 0.085546875
0 0.6567708333333333 0.2953125 0.05520833333333333 0.0890625
0 0.5994791666666667 0.2951171875 0.04791666666666667 0.086328125
0 0.546875 0.29609375 0.04479166666666667 0.08828125
0 0.49296875 0.2962890625 0.06302083333333333 0.088671875
0 0.41744791666666664 0.2990234375 0.05364583333333333 0.089453125
0 0.6578125 0.1955078125 0.053125 0.093359375
0 0.36302083333333335 0.300390625 0.05416666666666667 0.0875
0 0.7106770833333333 0.1962890625 0.05260416666666667 0.096484375
0 0.15182291666666667 0.11015625 0.0546875 0.08671875
0 0.89765625 0.693359375 0.049479166666666664 0.05
0 0.5575520833333333 0.3873046875 0.058854166666666666 0.081640625
0 0.6111979166666667 0.3880859375 0.04739583333333333 0.082421875
0 0.6635416666666667 0.3837890625 0.057291666666666664 0.091015625
0 0.734375 0.098828125 0.053125 0.0921875
0 0.6815104166666667 0.09609375 0.044270833333333336 0.09296875
0 0.6341145833333334 0.096484375 0.05260416666666667 0.09453125
0 0.5817708333333333 0.0982421875 0.04791666666666667 0.091015625
0 0.5348958333333333 0.0982421875 0.04583333333333333 0.091015625
0 0.4822916666666667 0.0873046875 0.04895833333333333 0.062109375
0 0.40286458333333336 0.10234375 0.0484375 0.0875
0 0.35 0.10390625 0.057291666666666664 0.08203125
0 0.2994791666666667 0.1060546875 0.04375 0.084765625
0 0.25078125 0.108203125 0.0546875 0.08125
0 0.20026041666666666 0.1103515625 0.044270833333333336 0.086328125
0 0.7661458333333333 0.1984375 0.057291666666666664 0.0921875
0 0.30859375 0.301953125 0.0546875 0.090625
0 0.48932291666666666 0.2001953125 0.0609375 0.088671875
0 0.203125 0.3029296875 0.04791666666666667 0.092578125
0 0.8361979166666667 0.36953125 0.04739583333333333 0.05234375
0 0.8815104166666666 0.3681640625 0.043229166666666666 0.055078125
0 0.9752604166666666 0.3626953125 0.03177083333333333 0.048828125
0 0.8341145833333333 0.4244140625 0.0421875 0.055078125
0 0.88046875 0.4240234375 0.0484375 0.054296875
0 0.9346354166666667 0.4193359375 0.049479166666666664 0.051171875
0 0.9802083333333333 0.41796875 0.041666666666666664 0.05625
0 0.8619791666666666 0.497265625 0.06666666666666667 0.06875
0 0.9252604166666667 0.49375 0.0546875 0.065625
0 0.9765625 0.4927734375 0.04479166666666667 0.066796875
0 0.25390625 0.30234375 0.0546875 0.090625
0 0.98046875 0.694140625 0.0390625 0.04375
0 0.85625 0.5587890625 0.059375 0.050390625
0 0.9208333333333333 0.558203125 0.05416666666666667 0.03984375
0 0.9752604166666666 0.5541015625 0.0515625 0.048046875
0 0.9419270833333333 0.2912109375 0.044270833333333336 0.042578125
0 0.8940104166666667 0.293359375 0.050520833333333334 0.03671875
0 0.9325520833333333 0.3658203125 0.04739583333333333 0.050390625
0 0.9421875 0.2455078125 0.04375 0.042578125
0 0.14557291666666666 0.301953125 0.0609375 0.09375
0 0.05677083333333333 0.4568359375 0.11041666666666666 0.066796875
0 0.09583333333333334 0.68828125 0.10208333333333333 0.05078125
0 0.84140625 0.29609375 0.05364583333333333 0.040625
0 0.030208333333333334 0.81015625 0.06041666666666667 0.06171875
0 0.11796875 0.8134765625 0.10260416666666666 0.051171875
0 0.03854166666666667 0.86484375 0.07604166666666666 0.03984375
0 0.12760416666666666 0.861328125 0.1 0.04375
0 0.8489583333333334 0.076171875 0.05416666666666667 0.05859375
0 0.10130208333333333 0.7408203125 0.09427083333333333 0.047265625
0 0.8481770833333333 0.1376953125 0.058854166666666666 0.062109375
0 0.9013020833333333 0.137109375 0.0453125 0.059375
0 0.9489583333333333 0.1365234375 0.04895833333333333 0.059765625
0 0.8989583333333333 0.0759765625 0.046875 0.060546875
0 0.8447916666666667 0.250390625 0.05 0.04375
0 0.89140625 0.2490234375 0.043229166666666666 0.047265625
