0 0.6756535947712419 0.4803921568627451 0.05065359477124183 0.044730392156862746
0 0.7191584967320261 0.48284313725490197 0.0363562091503268 0.049019607843137254
0 0.9209558823529411 0.4846813725490196 0.04534313725490196 0.0392156862745098
0 0.8174019607843137 0.48606004901960786 0.05310457516339869 0.047487745098039214
0 0.8768382352941176 0.484375 0.0428921568627451 0.0392156862745098
0 0.9728349673202614 0.4883578431372549 0.04125816993464052 0.0392156862745098
0 0.7604166666666666 0.4762561274509804 0.04044117647058824 0.03952205882352941
0 0.06556372549019608 0.07169117647058823 0.13112745098039216 0.06678921568627451
0 0.30330882352941174 0.12745098039215685 0.06004901960784314 0.0821078431372549
0 0.051674836601307186 0.23912377450980393 0.1017156862745098 0.08792892156862746
0 0.17340686274509803 0.12714460784313725 0.0625 0.09068627450980392
0 0.23713235294117646 0.1253063725490196 0.068218954248366 0.08639705882352941
0 0.38031045751633985 0.13587622549019607 0.059640522875817 0.08302696078431372
0 0.47855392156862747 0.1334252450980392 0.0625 0.0860906862745098
0 0.539828431372549 0.13403799019607843 0.05923202614379085 0.08731617647058823
0 0.5962009803921569 0.13373161764705882 0.053513071895424834 0.08854166666666667
0 0.6501225490196079 0.14154411764705882 0.04616013071895425 0.08088235294117647
0 0.9722222222222222 0.5733762254901961 0.04656862745098039 0.047487745098039214
0 0.7028186274509803 0.14185049019607843 0.05106209150326797 0.07230392156862746
0 0.05473856209150327 0.16222426470588236 0.10947712418300654 0.0664828431372549
0 0.9213643790849673 0.5715379901960784 0.04044117647058824 0.043198529411764705
0 0.48794934640522875 0.5634191176470589 0.03390522875816993 0.04044117647058824
0 0.8171977124183006 0.5755208333333334 0.04044117647058824 0.043198529411764705
0 0.7542892156862745 0.14246323529411764 0.04616013071895425 0.08026960784313726
0 0.34558823529411764 0.6576286764705882 0.10212418300653595 0.07261029411764706
0 0.24468954248366012 0.6668198529411765 0.09395424836601307 0.06954656862745098
0 0.08129084967320262 0.6469056372549019 0.16094771241830066 0.07261029411764706
0 0.07577614379084967 0.5652573529411765 0.15073529411764705 0.08762254901960784
0 0.19219771241830066 0.5663296568627451 0.02900326797385621 0.05177696078431373
0 0.2312091503267974 0.5606617647058824 0.04084967320261438 0.051470588235294115
0 0.2818627450980392 0.5588235294117647 0.03676470588235294 0.05269607843137255
0 0.33231209150326796 0.5643382352941176 0.039624183006535946 0.0545343137254902
0 0.37969771241830064 0.5531556372549019 0.020833333333333332 0.0548406862745098
0 0.41156045751633985 0.5418198529411765 0.02900326797385621 0.04871323529411765
0 0.4477124183006536 0.5638786764705882 0.042483660130718956 0.046875
0 0.5136846405228758 0.5606617647058824 0.01511437908496732 0.0428921568627451
0 0.08190359477124183 0.45143995098039214 0.16299019607843138 0.07261029411764706
0 0.5318627450980392 0.5585171568627451 0.021241830065359478 0.0392156862745098
0 0.5641339869281046 0.5666360294117647 0.028594771241830064 0.04136029411764706
0 0.5874183006535948 0.5647977941176471 0.017973856209150325 0.03768382352941176
0 0.6094771241830066 0.5652573529411765 0.024509803921568627 0.03860294117647059
0 0.6513480392156863 0.5663296568627451 0.04534313725490196 0.05606617647058824
0 0.7007761437908496 0.5716911764705882 0.039624183006535946 0.04656862745098039
0 0.7465277777777778 0.5716911764705882 0.04534313725490196 0.0508578431372549
0 0.8747957516339869 0.5758272058823529 0.05106209150326797 0.03707107843137255
0 0.8033088235294118 0.14430147058823528 0.05024509803921569 0.07536764705882353
0 0.4679330065359477 0.3762254901960784 0.044526143790849675 0.04105392156862745
0 0.9007352941176471 0.14613970588235295 0.04738562091503268 0.07965686274509803
0 0.3270016339869281 0.38005514705882354 0.0428921568627451 0.045649509803921566
0 0.2763480392156863 0.38143382352941174 0.042075163398692814 0.04595588235294118
0 0.23223039215686275 0.3786764705882353 0.04370915032679738 0.04840686274509804
0 0.18178104575163398 0.2757352941176471 0.03676470588235294 0.04718137254901961
0 0.23243464052287582 0.2665441176470588 0.05555555555555555 0.0625
0 0.28799019607843135 0.26700367647058826 0.05473856209150327 0.06525735294117647
0 0.33925653594771243 0.2786458333333333 0.04616013071895425 0.04381127450980392
0 0.38705065359477125 0.2768075980392157 0.044526143790849675 0.04932598039215686
0 0.43280228758169936 0.27971813725490197 0.04616013071895425 0.04411764705882353
0 0.3715277777777778 0.3785232843137255 0.04616013071895425 0.04258578431372549
0 0.4826388888888889 0.2800245098039216 0.04861111111111111 0.04534313725490196
0 0.5800653594771242 0.2847732843137255 0.049836601307189546 0.05177696078431373
0 0.6227532679738562 0.2838541666666667 0.03799019607843137 0.05238970588235294
0 0.6638071895424836 0.2821691176470588 0.04493464052287582 0.04963235294117647
0 0.7087418300653595 0.28599877450980393 0.03758169934640523 0.04258578431372549
0 0.7634803921568627 0.2855392156862745 0.042483660130718956 0.04534313725490196
0 0.8049428104575164 0.27956495098039214 0.039624183006535946 0.05545343137254902
0 0.84375 0.2806372549019608 0.03799019607843137 0.05698529411764706
0 0.9487336601307189 0.28890931372549017 0.05024509803921569 0.05269607843137255
0 0.07577614379084967 0.3678002450980392 0.15073529411764705 0.09160539215686274
0 0.5300245098039216 0.28140318627450983 0.0428921568627451 0.04381127450980392
0 0.8535539215686274 0.14644607843137256 0.046977124183006536 0.07965686274509803
0 0.4195261437908497 0.38082107843137253 0.04820261437908497 0.03860294117647059
0 0.5161356209150327 0.38082107843137253 0.0363562091503268 0.03860294117647059
0 0.9483251633986928 0.14675245098039216 0.04616013071895425 0.08026960784313726
0 0.6296977124183006 0.4808517156862745 0.04125816993464052 0.04258578431372549
0 0.5753676470588235 0.4811580882352941 0.04370915032679738 0.043198529411764705
0 0.5175653594771242 0.4800857843137255 0.0392156862745098 0.04105392156862745
0 0.4238153594771242 0.4768688725490196 0.03145424836601307 0.046262254901960786
0 0.3888888888888889 0.47702205882352944 0.03758169934640523 0.04595588235294118
0 0.34538398692810457 0.47763480392156865 0.04779411764705882 0.044730392156862746
0 0.2979983660130719 0.4725796568627451 0.03880718954248366 0.047487745098039214
0 0.2485702614379085 0.4724264705882353 0.044526143790849675 0.04963235294117647
0 0.44281045751633985 0.6668198529411765 0.0915032679738562 0.07506127450980392
0 0.20118464052287582 0.4756433823529412 0.046977124183006536 0.043198529411764705
0 0.9191176470588235 0.39246323529411764 0.04820261437908497 0.04105392156862745
0 0.8735702614379085 0.39231004901960786 0.04370915032679738 0.03768382352941176
0 0.8280228758169934 0.3883272058823529 0.0457516339869281 0.046262254901960786
0 0.7863562091503268 0.3883272058823529 0.03839869281045752 0.048100490196078434
0 0.6785130718954249 0.38388480392156865 0.03839869281045752 0.04779411764705882
0 0.653390522875817 0.3872549019607843 0.020016339869281044 0.044730392156862746
0 0.6325571895424836 0.38388480392156865 0.02165032679738562 0.0508578431372549
0 0.5990604575163399 0.38526348039215685 0.044526143790849675 0.046262254901960786
0 0.5547385620915033 0.38357843137254904 0.042483660130718956 0.05024509803921569
0 0.9756944444444444 0.3883272058823529 0.046977124183006536 0.048100490196078434
0 0.5445261437908496 0.6672794117647058 0.10049019607843138 0.06678921568627451
0 0.18259803921568626 0.3782169117647059 0.04493464052287582 0.047487745098039214
0 0.7103758169934641 0.6665134803921569 0.058823529411764705 0.0744485294117647
0 0.09191176470588236 0.8357843137254902 0.17892156862745098 0.06801470588235294
0 0.09272875816993464 0.7558210784313726 0.18218954248366012 0.0857843137254902
0 0.23815359477124182 0.7993259803921569 0.04084967320261438 0.10784313725490197
0 0.2834967320261438 0.7997855392156863 0.04003267973856209 0.10692401960784313
0 0.35518790849673204 0.8235294117647058 0.0625 0.08088235294117647
0 0.42054738562091504 0.8221507352941176 0.05024509803921569 0.0701593137254902
0 0.4854983660130719 0.8252144607843137 0.06004901960784314 0.07383578431372549
0 0.6117238562091504 0.8236825980392157 0.06331699346405228 0.07077205882352941
0 0.6750408496732027 0.8264399509803921 0.0625 0.07506127450980392
0 0.7393790849673203 0.8265931372549019 0.059640522875817 0.07659313725490197
0 0.8031045751633987 0.8272058823529411 0.06454248366013073 0.07598039215686274
0 0.6190767973856209 0.6841299019607843 0.04534313725490196 0.03676470588235294
0 0.547998366013072 0.8232230392156863 0.06495098039215687 0.0704656862745098
0 0.8862336601307189 0.6706495098039216 0.061683006535947715 0.07107843137254902
0 0.9301470588235294 0.8319546568627451 0.05555555555555555 0.0744485294117647
0 0.8700980392156863 0.8285845588235294 0.06372549019607843 0.06954656862745098
0 0.9842728758169934 0.6709558823529411 0.03145424836601307 0.0704656862745098
0 0.7700163398692811 0.6695772058823529 0.059640522875817 0.06770833333333333
0 0.8274101307189542 0.6692708333333334 0.05514705882352941 0.0744485294117647
0 0.9426062091503268 0.6692708333333334 0.04861111111111111 0.07199754901960784
