0 0.2113970588235294 0.8056066176470589 0.042075163398692814 0.09466911764705882
0 0.16605392156862744 0.8068321078431373 0.04125816993464052 0.09712009803921569
0 0.11907679738562091 0.8079044117647058 0.044526143790849675 0.0857843137254902
0 0.07332516339869281 0.8074448529411765 0.04125816993464052 0.08670343137254902
0 0.02389705882352941 0.8082107843137255 0.04779411764705882 0.08639705882352941
0 0.7806372549019608 0.7006740196078431 0.022058823529411766 0.03799019607843137
0 0.8833741830065359 0.7320772058823529 0.04044117647058824 0.0585171568627451
0 0.8316993464052288 0.7066482843137255 0.04330065359477124 0.057904411764705885
0 0.7514297385620915 0.7080269607843137 0.023284313725490197 0.042279411764705885
0 0.7191584967320261 0.7123161764705882 0.02900326797385621 0.0428921568627451
0 0.6770833333333334 0.7127757352941176 0.03308823529411765 0.035845588235294115
0 0.25612745098039214 0.8071384803921569 0.03676470588235294 0.09221813725490197
0 0.9313725490196079 0.7242647058823529 0.05555555555555555 0.07475490196078431
0 0.2988153594771242 0.8155637254901961 0.044526143790849675 0.07475490196078431
0 0.9734477124183006 0.8095894607843137 0.0196078431372549 0.07077205882352941
0 0.38296568627450983 0.8212316176470589 0.04370915032679738 0.06770833333333333
0 0.42034313725490197 0.8193933823529411 0.03022875816993464 0.07322303921568628
0 0.4959150326797386 0.8030024509803921 0.03758169934640523 0.06862745098039216
0 0.5361519607843137 0.8007046568627451 0.0363562091503268 0.06893382352941177
0 0.5747549019607843 0.8201593137254902 0.04003267973856209 0.07352941176470588
0 0.6156045751633987 0.8255208333333334 0.03676470588235294 0.07628676470588236
0 0.6513480392156863 0.8193933823529411 0.030637254901960783 0.0744485294117647
0 0.6303104575163399 0.7138480392156863 0.05310457516339869 0.04350490196078431
0 0.9381127450980392 0.8158700980392157 0.04779411764705882 0.08272058823529412
0 0.8504901960784313 0.8106617647058824 0.049836601307189546 0.09436274509803921
0 0.8008578431372549 0.8114276960784313 0.04125816993464052 0.09037990196078431
0 0.7608251633986928 0.8242953431372549 0.03880718954248366 0.07383578431372549
0 0.7234477124183006 0.8230698529411765 0.03104575163398693 0.07138480392156862
0 0.6852532679738562 0.8230698529411765 0.03553921568627451 0.07138480392156862
0 0.34129901960784315 0.8235294117647058 0.03799019607843137 0.07169117647058823
0 0.6345996732026143 0.6720281862745098 0.05024509803921569 0.036458333333333336
0 0.15012254901960784 0.6758578431372549 0.056781045751633986 0.0545343137254902
0 0.5002042483660131 0.7048100490196079 0.06331699346405228 0.05974264705882353
0 0.9109477124183006 0.484375 0.05310457516339869 0.09129901960784313
0 0.9738562091503268 0.48253676470588236 0.05228758169934641 0.09313725490196079
0 0.09211601307189543 0.5511642156862745 0.046977124183006536 0.06372549019607843
0 0.2005718954248366 0.5833333333333334 0.035130718954248366 0.08884803921568628
0 0.23999183006535948 0.5862438725490197 0.0363562091503268 0.08486519607843138
0 0.284109477124183 0.5856311274509803 0.039624183006535946 0.08792892156862746
0 0.32883986928104575 0.5862438725490197 0.04493464052287582 0.08486519607843138
0 0.3762254901960784 0.5853247549019608 0.04084967320261438 0.07689950980392157
0 0.4125816993464052 0.5837928921568627 0.029411764705882353 0.07689950980392157
0 0.4605800653594771 0.5822610294117647 0.04044117647058824 0.07628676470588236
0 0.5151143790849673 0.585171568627451 0.03349673202614379 0.0821078431372549
0 0.5900735294117647 0.5862438725490197 0.03145424836601307 0.08118872549019608
0 0.6292892156862745 0.5871629901960784 0.039624183006535946 0.078125
0 0.6658496732026143 0.5863970588235294 0.031862745098039214 0.07904411764705882
0 0.5633169934640523 0.7045036764705882 0.059640522875817 0.05606617647058824
0 0.7054738562091504 0.5880821078431373 0.04411764705882353 0.07628676470588236
0 0.7896241830065359 0.5879289215686274 0.04330065359477124 0.07965686274509803
0 0.8366013071895425 0.5856311274509803 0.0457516339869281 0.08363970588235294
0 0.9046160130718954 0.5916053921568627 0.07965686274509803 0.09497549019607843
0 0.9822303921568627 0.6001838235294118 0.03390522875816993 0.08823529411764706
0 0.03227124183006536 0.6446078431372549 0.05718954248366013 0.020833333333333332
0 0.09763071895424837 0.6213235294117647 0.05473856209150327 0.03799019607843137
0 0.09436274509803921 0.6790747549019608 0.05473856209150327 0.047487745098039214
0 0.04125816993464052 0.6787683823529411 0.05065359477124183 0.04197303921568627
0 0.2391748366013072 0.7098651960784313 0.08374183006535947 0.04044117647058824
0 0.2252859477124183 0.6691176470588235 0.04861111111111111 0.014705882352941176
0 0.2902369281045752 0.6674325980392157 0.06576797385620915 0.013786764705882353
0 0.30453431372549017 0.7060355392156863 0.042075163398692814 0.05116421568627451
0 0.36825980392156865 0.6830575980392157 0.053513071895424834 0.050551470588235295
0 0.4305555555555556 0.6901041666666666 0.05800653594771242 0.05116421568627451
0 0.7420343137254902 0.5807291666666666 0.025735294117647058 0.06770833333333333
0 0.5522875816993464 0.5865502450980392 0.03758169934640523 0.07935049019607843
0 0.03860294117647059 0.5513174019607843 0.051879084967320264 0.06709558823529412
0 0.852328431372549 0.4918811274509804 0.05923202614379085 0.08792892156862746
0 0.34211601307189543 0.23544730392156862 0.07475490196078431 0.13817401960784315
0 0.40155228758169936 0.2622549019607843 0.035130718954248366 0.0857843137254902
0 0.46262254901960786 0.23728553921568626 0.0690359477124183 0.13633578431372548
0 0.5214460784313726 0.2650122549019608 0.03880718954248366 0.08088235294117647
0 0.568218954248366 0.23606004901960784 0.04820261437908497 0.1326593137254902
0 0.6268382352941176 0.24555759803921567 0.06331699346405228 0.11856617647058823
0 0.2722630718954248 0.23943014705882354 0.061683006535947715 0.12898284313725492
0 0.6973039215686274 0.20741421568627452 0.056372549019607844 0.03431372549019608
0 0.7569444444444444 0.25919117647058826 0.06290849673202614 0.08149509803921569
0 0.821078431372549 0.23774509803921567 0.06781045751633986 0.12683823529411764
0 0.8903186274509803 0.20894607843137256 0.06495098039215687 0.034926470588235295
0 0.8958333333333334 0.26577818627450983 0.0718954248366013 0.07199754901960784
0 0.9628267973856209 0.26455269607843135 0.051470588235294115 0.0744485294117647
0 0.09640522875816994 0.3177083333333333 0.1184640522875817 0.0857843137254902
0 0.6919934640522876 0.26669730392156865 0.059640522875817 0.07383578431372549
0 0.1948529411764706 0.24463848039215685 0.08660130718954248 0.11427696078431372
0 0.060866013071895424 0.1875 0.08333333333333333 0.10294117647058823
0 0.960171568627451 0.13419117647058823 0.06658496732026144 0.08088235294117647
0 0.02185457516339869 0.09589460784313726 0.04370915032679738 0.05698529411764706
0 0.09579248366013073 0.10079656862745098 0.0821078431372549 0.04411764705882353
0 0.19526143790849673 0.11213235294117647 0.09477124183006536 0.07352941176470588
0 0.3000408496732026 0.11473651960784313 0.10334967320261437 0.06587009803921569
0 0.4125816993464052 0.10646446078431372 0.0923202614379085 0.08363970588235294
0 0.5116421568627451 0.10508578431372549 0.09681372549019608 0.0857843137254902
0 0.5835375816993464 0.11029411764705882 0.04370915032679738 0.0778186274509804
0 0.6303104575163399 0.11106004901960784 0.04493464052287582 0.07628676470588236
0 0.7218137254901961 0.11274509803921569 0.041666666666666664 0.0778186274509804
0 0.764297385620915 0.08670343137254902 0.03839869281045752 0.04105392156862745
0 0.809640522875817 0.08700980392156862 0.04084967320261438 0.044730392156862746
0 0.8065767973856209 0.13005514705882354 0.03880718954248366 0.03829656862745098
0 0.7661356209150327 0.13020833333333334 0.03880718954248366 0.03860294117647059
0 0.8525326797385621 0.1168811274509804 0.035130718954248366 0.06219362745098039
0 0.8962418300653595 0.11519607843137254 0.03839869281045752 0.06801470588235294
0 0.19730392156862744 0.38082107843137253 0.059640522875817 0.07720588235294118
0 0.26776960784313725 0.3805147058823529 0.06331699346405228 0.07659313725490197
0 0.6758578431372549 0.11090686274509803 0.042075163398692814 0.07536764705882353
0 0.33619281045751637 0.4799325980392157 0.049019607843137254 0.09037990196078431
0 0.7647058823529411 0.3740808823529412 0.042483660130718956 0.0821078431372549
0 0.702001633986928 0.36856617647058826 0.07230392156862746 0.10049019607843138
0 0.6256127450980392 0.3776041666666667 0.060866013071895424 0.07628676470588236
0 0.5351307189542484 0.38128063725490197 0.05228758169934641 0.06219362745098039
0 0.4791666666666667 0.3863357843137255 0.056372549019607844 0.06740196078431372
0 0.4054330065359477 0.3716299019607843 0.07802287581699346 0.09620098039215687
0 0.3292483660130719 0.38204656862745096 0.059640522875817 0.061274509803921566
0 0.20159313725490197 0.49295343137254904 0.037173202614379085 0.058823529411764705
0 0.030433006535947712 0.4250919117647059 0.060866013071895424 0.09221813725490197
0 0.09272875816993464 0.4338235294117647 0.04493464052287582 0.06433823529411764
0 0.14562908496732027 0.4440870098039216 0.03390522875816993 0.05606617647058824
0 0.8249591503267973 0.3714767156862745 0.05759803921568627 0.0744485294117647
0 0.38705065359477125 0.4791666666666667 0.051879084967320264 0.08884803921568628
0 0.9362745098039216 0.38097426470588236 0.06209150326797386 0.08057598039215687
0 0.5136846405228758 0.48161764705882354 0.08292483660130719 0.09375
0 0.5900735294117647 0.4806985294117647 0.06331699346405228 0.09191176470588236
0 0.6537990196078431 0.48253676470588236 0.060866013071895424 0.09068627450980392
0 0.7289624183006536 0.484375 0.0559640522875817 0.08884803921568628
0 0.7879901960784313 0.48192401960784315 0.05800653594771242 0.08946078431372549
0 0.33394607843137253 0.33379289215686275 0.05514705882352941 0.030943627450980393
0 0.28145424836601307 0.48131127450980393 0.05555555555555555 0.09068627450980392
0 0.2406045751633987 0.49923406862745096 0.022058823529411766 0.04871323529411765
0 0.44199346405228757 0.4808517156862745 0.056372549019607844 0.0897671568627451
