0 0.39739583333333334 0.4154296875 0.028125 0.023046875
0 0.22057291666666667 0.2181640625 0.03177083333333333 0.010546875
0 0.25729166666666664 0.1916015625 0.029166666666666667 0.058203125
0 0.303125 0.19765625 0.028125 0.06796875
0 0.3302083333333333 0.19375 0.022916666666666665 0.07578125
0 0.3572916666666667 0.194921875 0.030208333333333334 0.075
0 0.3888020833333333 0.197265625 0.027604166666666666 0.07109375
0 0.41953125 0.190234375 0.0265625 0.090625
0 0.45026041666666666 0.190625 0.028645833333333332 0.08984375
0 0.48463541666666665 0.18984375 0.033854166666666664 0.0921875
0 0.5427083333333333 0.415625 0.03125 0.0234375
0 0.51484375 0.4302734375 0.021354166666666667 0.048046875
0 0.49114583333333334 0.42734375 0.020833333333333332 0.05390625
0 0.4622395833333333 0.4216796875 0.03177083333333333 0.057421875
0 0.36432291666666666 0.415234375 0.03177083333333333 0.02734375
0 0.36432291666666666 0.4455078125 0.027604166666666666 0.021484375
0 0.4278645833333333 0.4439453125 0.0296875 0.020703125
0 0.42682291666666666 0.4205078125 0.027604166666666666 0.020703125
0 0.22057291666666667 0.205078125 0.044270833333333336 0.01328125
0 0.396875 0.44453125 0.027083333333333334 0.0203125
0 0.6786458333333333 0.42578125 0.026041666666666668 0.05078125
0 0.17708333333333334 0.191015625 0.023958333333333335 0.06640625
0 0.19557291666666668 0.534765625 0.033854166666666664 0.0234375
0 0.19453125 0.5091796875 0.0359375 0.024609375
0 0.16432291666666668 0.5201171875 0.024479166666666666 0.061328125
0 0.1390625 0.5181640625 0.020833333333333332 0.064453125
0 0.1125 0.5224609375 0.027083333333333334 0.055859375
0 0.07864583333333333 0.51640625 0.035416666666666666 0.05859375
0 0.012760416666666666 0.522265625 0.025520833333333333 0.0484375
0 0.04453125 0.5166015625 0.0328125 0.058984375
0 0.721875 0.41640625 0.03229166666666667 0.0765625
0 0.33697916666666666 0.4259765625 0.022916666666666665 0.061328125
0 0.6421875 0.424609375 0.029166666666666667 0.05625
0 0.6098958333333333 0.426171875 0.030208333333333334 0.05703125
0 0.5768229166666666 0.4244140625 0.033854166666666664 0.058203125
0 0.5434895833333333 0.4421875 0.0328125 0.021875
0 0.026822916666666665 0.1876953125 0.030729166666666665 0.075390625
0 0.05625 0.1892578125 0.027083333333333334 0.072265625
0 0.0953125 0.1896484375 0.03229166666666667 0.066796875
0 0.12786458333333334 0.1919921875 0.030729166666666665 0.066796875
0 0.15494791666666666 0.1904296875 0.019270833333333334 0.068359375
0 0.21901041666666668 0.1921875 0.0453125 0.0125
0 0.3125 0.417578125 0.023958333333333335 0.0765625
0 0.7049479166666667 0.3208984375 0.025520833333333333 0.044140625
0 0.234375 0.4283203125 0.022916666666666665 0.058984375
0 0.3106770833333333 0.3142578125 0.0109375 0.037890625
0 0.29192708333333334 0.3166015625 0.0109375 0.038671875
0 0.2825520833333333 0.315234375 0.0109375 0.0390625
0 0.271875 0.3154296875 0.011458333333333333 0.038671875
0 0.25546875 0.3166015625 0.011979166666666667 0.041015625
0 0.18463541666666666 0.30625 0.11822916666666666 0.03984375
0 0.06432291666666666 0.321875 0.0296875 0.0140625
0 0.03463541666666667 0.3220703125 0.0296875 0.019921875
0 0.06614583333333333 0.3015625 0.030208333333333334 0.02421875
0 0.32265625 0.3154296875 0.0109375 0.038671875
0 0.032552083333333336 0.30078125 0.028645833333333332 0.01953125
0 0.03203125 0.2791015625 0.030729166666666665 0.015234375
0 0.9388020833333334 0.2021484375 0.05677083333333333 0.037890625
0 0.8833333333333333 0.2033203125 0.03854166666666667 0.037109375
0 0.8388020833333333 0.1970703125 0.0421875 0.051953125
0 0.7348958333333333 0.190625 0.03229166666666667 0.0921875
0 0.7044270833333334 0.1904296875 0.027604166666666666 0.093359375
0 0.66953125 0.2162109375 0.033854166666666664 0.041015625
0 0.6307291666666667 0.215625 0.041666666666666664 0.0421875
0 0.59375 0.1923828125 0.028125 0.086328125
0 0.06536458333333334 0.2796875 0.034895833333333334 0.015625
0 0.26510416666666664 0.4466796875 0.034375 0.020703125
0 0.33567708333333335 0.3158203125 0.0109375 0.038671875
0 0.36015625 0.3166015625 0.0109375 0.038671875
0 0.2109375 0.4396484375 0.01875 0.035546875
0 0.19036458333333334 0.43125 0.0203125 0.05234375
0 0.14973958333333334 0.417578125 0.03802083333333333 0.071875
0 0.11197916666666667 0.4189453125 0.029166666666666667 0.073828125
0 0.08072916666666667 0.4259765625 0.029166666666666667 0.061328125
0 0.04479166666666667 0.4482421875 0.036458333333333336 0.023828125
0 0.044270833333333336 0.426171875 0.035416666666666666 0.01953125
0 0.012760416666666666 0.437109375 0.025520833333333333 0.04375
0 0.734375 0.29921875 0.03125 0.0890625
0 0.34817708333333336 0.3173828125 0.0109375 0.038671875
0 0.23307291666666666 0.5146484375 0.04010416666666667 0.060546875
0 0.6049479166666667 0.30859375 0.05677083333333333 0.0671875
0 0.5494791666666666 0.3076171875 0.04479166666666667 0.069140625
0 0.5015625 0.305859375 0.04479166666666667 0.07265625
0 0.4591145833333333 0.3 0.0328125 0.07421875
0 0.42578125 0.3 0.03177083333333333 0.071875
0 0.40338541666666666 0.3193359375 0.0109375 0.038671875
0 0.3924479166666667 0.3173828125 0.0109375 0.038671875
0 0.3815104166666667 0.3181640625 0.0109375 0.038671875
0 0.37005208333333334 0.315625 0.0109375 0.0390625
0 0.6606770833333333 0.3107421875 0.049479166666666664 0.062890625
0 0.2755208333333333 0.5140625 0.035416666666666666 0.06171875
0 0.7213541666666666 0.483984375 0.028125 0.02890625
0 0.35572916666666665 0.510546875 0.034375 0.0671875
0 0.5419270833333333 0.8056640625 0.049479166666666664 0.091015625
0 0.490625 0.8044921875 0.053125 0.087109375
0 0.45338541666666665 0.825 0.021354166666666667 0.05625
0 0.4265625 0.8224609375 0.027083333333333334 0.077734375
0 0.39348958333333334 0.8189453125 0.03697916666666667 0.086328125
0 0.3546875 0.812109375 0.03854166666666667 0.090625
0 0.3221354166666667 0.8318359375 0.0234375 0.050390625
0 0.28541666666666665 0.8291015625 0.026041666666666668 0.056640625
0 0.25442708333333336 0.803125 0.0359375 0.1046875
0 0.21145833333333333 0.8087890625 0.04583333333333333 0.114453125
0 0.16223958333333333 0.8126953125 0.04739583333333333 0.105859375
0 0.10625 0.8119140625 0.057291666666666664 0.111328125
0 0.0484375 0.8119140625 0.057291666666666664 0.109765625
0 0.71328125 0.6884765625 0.025520833333333333 0.065234375
0 0.6856770833333333 0.695703125 0.0265625 0.0703125
0 0.65859375 0.68984375 0.025520833333333333 0.0625
0 0.6278645833333333 0.6935546875 0.0359375 0.063671875
0 0.5958333333333333 0.69375 0.021875 0.06953125
0 0.56875 0.6923828125 0.03333333333333333 0.071484375
0 0.5872395833333334 0.8044921875 0.04114583333333333 0.089453125
0 0.6361979166666667 0.8033203125 0.04635416666666667 0.088671875
0 0.68515625 0.8044921875 0.0453125 0.087109375
0 0.7333333333333333 0.80546875 0.04583333333333333 0.09140625
0 0.5596354166666667 0.190234375 0.0359375 0.08828125
0 0.8955729166666667 0.7169921875 0.059895833333333336 0.021484375
0 0.8309895833333333 0.7166015625 0.06614583333333333 0.020703125
0 0.9567708333333333 0.299609375 0.07604166666666666 0.0625
0 0.8734375 0.29609375 0.078125 0.059375
0 0.9700520833333334 0.3720703125 0.059895833333333336 0.048828125
0 0.90390625 0.371875 0.06614583333333333 0.05
0 0.95703125 0.4267578125 0.0734375 0.055859375
0 0.8828125 0.4279296875 0.07083333333333333 0.055078125
0 0.5333333333333333 0.6927734375 0.035416666666666666 0.071484375
0 0.9458333333333333 0.4962890625 0.06770833333333333 0.028515625
0 0.8546875 0.55234375 0.078125 0.05390625
0 0.8291666666666667 0.4904296875 0.029166666666666667 0.041796875
0 0.92578125 0.609765625 0.0671875 0.0421875
0 0.94140625 0.6724609375 0.07864583333333333 0.052734375
0 0.8705729166666667 0.6712890625 0.06302083333333333 0.056640625
0 0.8158854166666667 0.6716796875 0.03697916666666667 0.054296875
0 0.9302083333333333 0.786328125 0.07604166666666666 0.0484375
0 0.8528645833333334 0.773828125 0.050520833333333334 0.04609375
0 0.8052083333333333 0.78671875 0.034375 0.05390625
0 0.92421875 0.553515625 0.0578125 0.05625
0 0.32135416666666666 0.5091796875 0.034375 0.066796875
0 0.4921875 0.6908203125 0.042708333333333334 0.075390625
0 0.4010416666666667 0.6935546875 0.03854166666666667 0.076171875
0 0.28125 0.60546875 0.030208333333333334 0.06875
0 0.246875 0.615625 0.03125 0.04921875
0 0.21484375 0.6158203125 0.0296875 0.049609375
0 0.18463541666666666 0.616796875 0.03177083333333333 0.04921875
0 0.15052083333333333 0.6046875 0.03333333333333333 0.0765625
0 0.11848958333333333 0.607421875 0.028645833333333332 0.07265625
0 0.07864583333333333 0.624609375 0.04791666666666667 0.03515625
0 0.027864583333333335 0.6328125 0.049479166666666664 0.02890625
0 0.721875 0.5169921875 0.036458333333333336 0.030078125
0 0.6838541666666667 0.5220703125 0.036458333333333336 0.035546875
0 0.6828125 0.4923828125 0.040625 0.023046875
0 0.62734375 0.5220703125 0.028645833333333332 0.037890625
0 0.5859375 0.4865234375 0.03229166666666667 0.019140625
0 0.5950520833333334 0.523046875 0.0265625 0.0375
0 0.5635416666666667 0.5232421875 0.03333333333333333 0.036328125
0 0.5330729166666667 0.5220703125 0.028645833333333332 0.037890625
0 0.4609375 0.51875 0.026041666666666668 0.0328125
0 0.4296875 0.52578125 0.030208333333333334 0.0203125
0 0.3932291666666667 0.507421875 0.036458333333333336 0.06796875
0 0.3190104166666667 0.605078125 0.0265625 0.06796875
0 0.34140625 0.601171875 0.018229166666666668 0.07421875
0 0.36328125 0.6 0.022395833333333334 0.075
0 0.4083333333333333 0.60390625 0.019791666666666666 0.06796875
0 0.36692708333333335 0.695703125 0.0296875 0.078125
0 0.33098958333333334 0.6953125 0.04114583333333333 0.08203125
0 0.27786458333333336 0.6984375 0.030729166666666665 0.08046875
0 0.24296875 0.7009765625 0.0328125 0.078515625
0 0.20729166666666668 0.6982421875 0.034375 0.073046875
0 0.1671875 0.701953125 0.040625 0.0734375
0 0.1265625 0.701953125 0.035416666666666666 0.0734375
0 0.09114583333333333 0.7001953125 0.03333333333333333 0.074609375
0 0.05364583333333333 0.7025390625 0.034375 0.076953125
0 0.44583333333333336 0.69296875 0.04895833333333333 0.07890625
0 0.015885416666666666 0.7029296875 0.03177083333333333 0.075390625
0 0.6518229166666667 0.6115234375 0.018229166666666668 0.048046875
0 0.6216145833333333 0.6193359375 0.033854166666666664 0.026953125
0 0.6223958333333334 0.589453125 0.03854166666666667 0.02890625
0 0.5859375 0.6166015625 0.03854166666666667 0.033984375
0 0.5528645833333333 0.6009765625 0.018229166666666668 0.069140625
0 0.5338541666666666 0.610546875 0.019791666666666666 0.0515625
0 0.4979166666666667 0.59765625 0.04791666666666667 0.075
0 0.4583333333333333 0.616796875 0.023958333333333335 0.03125
0 0.4317708333333333 0.59765625 0.020833333333333332 0.07109375
0 0.6778645833333333 0.6220703125 0.027604166666666666 0.026953125
0 0.38619791666666664 0.6078125 0.019270833333333334 0.0609375
0 0.5205729166666667 0.1919921875 0.0328125 0.089453125
