0 0.9297008547008547 0.2580528846153846 0.03888888888888889 0.03774038461538461
0 0.16474358974358974 0.6052884615384615 0.03290598290598291 0.07259615384615385
0 0.12863247863247862 0.60625 0.03675213675213675 0.058653846153846154
0 0.08739316239316239 0.6033653846153846 0.029487179487179487 0.0764423076923077
0 0.0938034188034188 0.6879807692307692 0.025213675213675214 0.05096153846153846
0 0.14914529914529914 0.6893028846153846 0.042735042735042736 0.048317307692307694
0 0.1950854700854701 0.6876201923076923 0.04487179487179487 0.04927884615384615
0 0.22393162393162394 0.612139423076923 0.038461538461538464 0.046875
0 0.25405982905982905 0.6961538461538461 0.07307692307692308 0.03221153846153846
0 0.35683760683760685 0.6868990384615384 0.040170940170940174 0.048317307692307694
0 0.41431623931623934 0.6935096153846154 0.06965811965811966 0.032692307692307694
0 0.4807692307692308 0.690264423076923 0.04957264957264957 0.04158653846153846
0 0.5344017094017094 0.6822115384615385 0.045726495726495724 0.038461538461538464
0 0.6192307692307693 0.6931490384615384 0.07435897435897436 0.03341346153846154
0 0.6837606837606838 0.6844951923076923 0.037606837606837605 0.04591346153846154
0 0.3138888888888889 0.6859375 0.03974358974358974 0.04639423076923077
0 0.2938034188034188 0.6223557692307692 0.029487179487179487 0.009615384615384616
0 0.26303418803418804 0.6237980769230769 0.026923076923076925 0.009134615384615385
0 0.2621794871794872 0.6064903846153846 0.029487179487179487 0.01730769230769231
0 0.6694444444444444 0.4984375 0.06025641025641026 0.065625
0 0.7346153846153847 0.5008413461538461 0.062393162393162394 0.065625
0 0.7982905982905983 0.49627403846153845 0.06581196581196581 0.07235576923076924
0 0.8658119658119658 0.49603365384615383 0.06923076923076923 0.06899038461538462
0 0.935042735042735 0.4969951923076923 0.06666666666666667 0.06610576923076923
0 0.8957264957264958 0.6024038461538461 0.06923076923076923 0.07115384615384615
0 0.8277777777777777 0.6025240384615385 0.062393162393162394 0.06610576923076923
0 0.7576923076923077 0.6019230769230769 0.07521367521367521 0.0673076923076923
0 0.6912393162393162 0.5992788461538462 0.054273504273504275 0.07019230769230769
0 0.6344017094017094 0.6183894230769231 0.052564102564102565 0.031971153846153844
0 0.5606837606837607 0.5986778846153846 0.08547008547008547 0.06899038461538462
0 0.47264957264957264 0.6125 0.08632478632478632 0.046153846153846156
0 0.4 0.6108173076923077 0.05726495726495726 0.04951923076923077
0 0.3391025641025641 0.6003605769230769 0.05512820512820513 0.07283653846153847
0 0.29294871794871796 0.6054086538461538 0.03205128205128205 0.021875
0 0.7226495726495726 0.6848557692307692 0.038461538461538464 0.046153846153846156
0 0.5944444444444444 0.4974759615384615 0.08034188034188035 0.07235576923076924
0 0.7626068376068376 0.6831730769230769 0.04145299145299145 0.04855769230769231
0 0.8367521367521368 0.6842548076923077 0.03675213675213675 0.04399038461538462
0 0.23717948717948717 0.8919471153846154 0.04786324786324787 0.04110576923076923
0 0.29123931623931626 0.8926682692307693 0.057692307692307696 0.042067307692307696
0 0.3452991452991453 0.8890625 0.05128205128205128 0.04927884615384615
0 0.39658119658119656 0.8884615384615384 0.05128205128205128 0.04807692307692308
0 0.45363247863247863 0.8882211538461539 0.06282051282051282 0.05096153846153846
0 0.5151709401709401 0.8868990384615385 0.05854700854700855 0.04975961538461538
0 0.12692307692307692 0.8727163461538462 0.0829059829059829 0.07716346153846154
0 0.5790598290598291 0.8844951923076924 0.06666666666666667 0.05600961538461539
0 0.7145299145299145 0.8818509615384615 0.06923076923076923 0.042067307692307696
0 0.7829059829059829 0.8854567307692308 0.06495726495726496 0.04927884615384615
0 0.8527777777777777 0.8875 0.07307692307692308 0.04519230769230769
0 0.9237179487179488 0.8835336538461539 0.06965811965811966 0.03822115384615385
0 0.032692307692307694 0.6764423076923077 0.04401709401709402 0.05480769230769231
0 0.026282051282051282 0.6049278846153846 0.03974358974358974 0.037259615384615384
0 0.6467948717948718 0.8805288461538462 0.06538461538461539 0.05625
0 0.04316239316239316 0.8780048076923077 0.06923076923076923 0.07860576923076923
0 0.05448717948717949 0.7597355769230769 0.053418803418803416 0.06322115384615384
0 0.1284188034188034 0.7670673076923077 0.05854700854700855 0.058173076923076925
0 0.8905982905982905 0.40805288461538464 0.05641025641025641 0.04014423076923077
0 0.8760683760683761 0.6848557692307692 0.038461538461538464 0.04519230769230769
0 0.9019230769230769 0.7751201923076924 0.06025641025641026 0.039663461538461536
0 0.8425213675213675 0.7651442307692308 0.04145299145299145 0.05721153846153846
0 0.7912393162393162 0.7671875 0.054273504273504275 0.053125
0 0.7311965811965812 0.7662259615384616 0.05128205128205128 0.05264423076923077
0 0.6764957264957265 0.7629807692307692 0.041025641025641026 0.05673076923076923
0 0.6269230769230769 0.7645432692307692 0.037606837606837605 0.05600961538461539
0 0.5230769230769231 0.7638221153846154 0.04957264957264957 0.05985576923076923
0 0.4673076923076923 0.7641826923076923 0.05 0.05913461538461538
0 0.3662393162393162 0.778125 0.026495726495726495 0.03365384615384615
0 0.33653846153846156 0.7788461538461539 0.03034188034188034 0.035096153846153846
0 0.2923076923076923 0.776201923076923 0.05042735042735043 0.03990384615384615
0 0.2326923076923077 0.7704326923076923 0.04658119658119658 0.052884615384615384
0 0.1841880341880342 0.7724759615384615 0.0452991452991453 0.05456730769230769
0 0.7995726495726496 0.6840144230769231 0.03333333333333333 0.042067307692307696
0 0.5081196581196581 0.49399038461538464 0.08717948717948718 0.07932692307692307
0 0.11752136752136752 0.6876201923076923 0.01623931623931624 0.04927884615384615
0 0.3923076923076923 0.5078125 0.038461538461538464 0.056490384615384616
0 0.0797008547008547 0.32740384615384616 0.0782051282051282 0.02403846153846154
0 0.6756410256410257 0.3189903846153846 0.05982905982905983 0.007211538461538462
0 0.667094017094017 0.3278846153846154 0.05982905982905983 0.008653846153846154
0 0.6724358974358975 0.35168269230769234 0.053418803418803416 0.03990384615384615
0 0.7256410256410256 0.3515625 0.05299145299145299 0.04110576923076923
0 0.7837606837606838 0.35108173076923077 0.05811965811965812 0.04350961538461538
0 0.08333333333333333 0.3549278846153846 0.08461538461538462 0.031009615384615385
0 0.8393162393162393 0.3548076923076923 0.05042735042735043 0.03076923076923077
0 0.936965811965812 0.3483173076923077 0.027777777777777776 0.041826923076923074
0 0.963034188034188 0.34747596153846155 0.02435897435897436 0.04014423076923077
0 0.947008547008547 0.4090144230769231 0.05128205128205128 0.045432692307692306
0 0.8344017094017094 0.2597355769230769 0.03632478632478633 0.036778846153846155
0 0.7957264957264957 0.26346153846153847 0.03504273504273504 0.026923076923076925
0 0.7482905982905983 0.26346153846153847 0.03675213675213675 0.03173076923076923
0 0.8944444444444445 0.3483173076923077 0.05726495726495726 0.041826923076923074
0 0.18952991452991452 0.3544471153846154 0.0858974358974359 0.02716346153846154
0 0.1844017094017094 0.3272836538461538 0.08333333333333333 0.021875
0 0.27905982905982907 0.3576923076923077 0.08888888888888889 0.027884615384615386
0 0.9666666666666667 0.25817307692307695 0.03162393162393162 0.032692307692307694
0 0.020726495726495726 0.3914663461538462 0.03974358974358974 0.04927884615384615
0 0.008547008547008548 0.3973557692307692 0.01282051282051282 0.015865384615384615
0 0.08076923076923077 0.4094951923076923 0.05897435897435897 0.046875
0 0.2606837606837607 0.4050480769230769 0.06068376068376068 0.04855769230769231
0 0.31837606837606836 0.4075721153846154 0.044444444444444446 0.050721153846153846
0 0.3638888888888889 0.4076923076923077 0.045726495726495724 0.05048076923076923
0 0.41602564102564105 0.4075721153846154 0.055982905982905985 0.050721153846153846
0 0.47692307692307695 0.40528846153846154 0.05897435897435897 0.04326923076923077
0 0.5655982905982906 0.35528846153846155 0.0952991452991453 0.03028846153846154
0 0.43141025641025643 0.49423076923076925 0.03547008547008547 0.07884615384615384
0 0.46452991452991454 0.3604567307692308 0.08461538461538462 0.019951923076923075
0 0.3732905982905983 0.3576923076923077 0.09358974358974359 0.027884615384615386
0 0.37264957264957266 0.32884615384615384 0.08888888888888889 0.03076923076923077
0 0.2797008547008547 0.3292067307692308 0.09700854700854701 0.027644230769230768
0 0.7113247863247864 0.2627403846153846 0.03717948717948718 0.03125
0 0.6732905982905983 0.26490384615384616 0.029487179487179487 0.028846153846153848
0 0.4670940170940171 0.33798076923076925 0.09316239316239316 0.022115384615384617
0 0.6132478632478633 0.26466346153846154 0.028205128205128206 0.03173076923076923
0 0.12136752136752137 0.18473557692307693 0.042735042735042736 0.06274038461538461
0 0.08205128205128205 0.18461538461538463 0.035897435897435895 0.0625
0 0.039316239316239315 0.18088942307692307 0.0452991452991453 0.029086538461538462
0 0.040170940170940174 0.20600961538461537 0.046153846153846156 0.01971153846153846
0 0.8792735042735043 0.2597355769230769 0.049145299145299144 0.034375
0 0.8256410256410256 0.40661057692307695 0.04957264957264957 0.040625
0 0.7707264957264958 0.40384615384615385 0.06111111111111111 0.03894230769230769
0 0.7096153846153846 0.40564903846153844 0.055982905982905985 0.03533653846153846
0 0.6418803418803419 0.40697115384615384 0.05897435897435897 0.035096153846153846
0 0.026709401709401708 0.5358173076923077 0.04487179487179487 0.052884615384615384
0 0.13974358974358975 0.4955528846153846 0.12136752136752137 0.08100961538461539
0 0.25106837606837606 0.5016826923076924 0.06282051282051282 0.06634615384615385
0 0.3177350427350427 0.5076923076923077 0.03888888888888889 0.051923076923076926
0 0.3540598290598291 0.5090144230769231 0.03461538461538462 0.054086538461538464
0 0.6418803418803419 0.2647836538461538 0.03076923076923077 0.030528846153846153
0 0.16132478632478633 0.18725961538461539 0.03717948717948718 0.05721153846153846
0 0.25833333333333336 0.18004807692307692 0.03888888888888889 0.06923076923076923
0 0.5608974358974359 0.4111778846153846 0.09358974358974359 0.026682692307692307
0 0.3504273504273504 0.18485576923076924 0.04871794871794872 0.06057692307692308
0 0.40683760683760684 0.2670673076923077 0.09316239316239316 0.02451923076923077
0 0.3055555555555556 0.18485576923076924 0.040170940170940174 0.05961538461538462
0 0.32051282051282054 0.27127403846153847 0.07008547008547009 0.01610576923076923
0 0.24273504273504273 0.25985576923076925 0.024786324786324785 0.041346153846153845
0 0.08739316239316239 0.2685096153846154 0.10213675213675213 0.02403846153846154
0 0.9444444444444444 0.17295673076923077 0.05555555555555555 0.08581730769230769
0 0.8572649572649572 0.1830528846153846 0.11538461538461539 0.065625
0 0.1856837606837607 0.26959134615384617 0.09017094017094017 0.029086538461538462
0 0.6230769230769231 0.18389423076923078 0.04358974358974359 0.06634615384615385
0 0.39465811965811964 0.20264423076923077 0.02606837606837607 0.028846153846153848
0 0.572008547008547 0.19471153846153846 0.03974358974358974 0.04951923076923077
0 0.5211538461538462 0.19110576923076922 0.04487179487179487 0.05625
0 0.477991452991453 0.18990384615384615 0.03974358974358974 0.051923076923076926
0 0.6673076923076923 0.1828125 0.04316239316239316 0.0641826923076923
0 0.4354700854700855 0.19290865384615385 0.03504273504273504 0.048317307692307694
