0 0.3958333333333333 0.374609375 0.07395833333333333 0.040625
0 0.5421875 0.9068359375 0.090625 0.034765625
0 0.6408854166666667 0.90546875 0.09739583333333333 0.03828125
0 0.6463541666666667 0.859375 0.09166666666666666 0.04375
0 0.7252604166666666 0.8736328125 0.06614583333333333 0.034765625
0 0.7255208333333333 0.90546875 0.06875 0.028125
0 0.7986979166666667 0.8876953125 0.07447916666666667 0.062109375
0 0.15911458333333334 0.4197265625 0.0796875 0.044140625
0 0.84921875 0.5078125 0.06510416666666667 0.04609375
0 0.9138020833333333 0.511328125 0.06510416666666667 0.0390625
0 0.07291666666666667 0.3703125 0.084375 0.053125
0 0.3229166666666667 0.3775390625 0.06458333333333334 0.048046875
0 0.07317708333333334 0.41875 0.0859375 0.04375
0 0.8669270833333333 0.88828125 0.0578125 0.06484375
0 0.9442708333333333 0.890625 0.09583333333333334 0.0609375
0 0.24479166666666666 0.424609375 0.07604166666666666 0.04140625
0 0.24739583333333334 0.3767578125 0.08333333333333333 0.042578125
0 0.15833333333333333 0.37265625 0.07604166666666666 0.0484375
0 0.321875 0.4197265625 0.06354166666666666 0.037109375
0 0.39453125 0.8833984375 0.0671875 0.083984375
0 0.47369791666666666 0.4248046875 0.0859375 0.044140625
0 0.08489583333333334 0.24375 0.08125 0.04765625
0 0.9322916666666666 0.4021484375 0.071875 0.041015625
0 0.8583333333333333 0.4 0.075 0.04609375
0 0.7859375 0.394921875 0.07083333333333333 0.03828125
0 0.7158854166666667 0.3892578125 0.06927083333333334 0.051171875
0 0.6440104166666667 0.3845703125 0.0671875 0.044140625
0 0.5677083333333334 0.38203125 0.084375 0.0484375
0 0.4791666666666667 0.3796875 0.090625 0.04375
0 0.9278645833333333 0.448046875 0.07135416666666666 0.040625
0 0.8575520833333333 0.446484375 0.0703125 0.04296875
0 0.39166666666666666 0.4205078125 0.07291666666666667 0.035546875
0 0.7817708333333333 0.441015625 0.07916666666666666 0.03125
0 0.10677083333333333 0.9017578125 0.07395833333333333 0.057421875
0 0.1859375 0.88671875 0.07708333333333334 0.090625
0 0.7109375 0.4375 0.06354166666666666 0.03984375
0 0.2604166666666667 0.884375 0.06666666666666667 0.084375
0 0.32734375 0.8826171875 0.06614583333333333 0.087890625
0 0.778125 0.50625 0.07708333333333334 0.04296875
0 0.45807291666666666 0.882421875 0.059895833333333336 0.084375
0 0.5447916666666667 0.8638671875 0.09791666666666667 0.049609375
0 0.6408854166666667 0.433203125 0.0734375 0.03203125
0 0.55703125 0.428515625 0.08072916666666667 0.034375
0 0.033854166666666664 0.901171875 0.06458333333333334 0.05625
0 0.7080729166666667 0.5046875 0.06302083333333333 0.0453125
0 0.7736979166666667 0.5494140625 0.0796875 0.037109375
0 0.9046875 0.551171875 0.06458333333333334 0.03359375
0 0.17682291666666666 0.7662109375 0.06302083333333333 0.062890625
0 0.2453125 0.7544921875 0.0625 0.063671875
0 0.30052083333333335 0.77578125 0.05 0.040625
0 0.37942708333333336 0.775 0.10052083333333334 0.04296875
0 0.40651041666666665 0.6484375 0.09010416666666667 0.04296875
0 0.3 0.649609375 0.11041666666666666 0.03828125
0 0.19140625 0.6470703125 0.10677083333333333 0.042578125
0 0.4765625 0.776953125 0.08958333333333333 0.0453125
0 0.378125 0.7271484375 0.096875 0.048046875
0 0.47734375 0.7322265625 0.10052083333333334 0.040234375
0 0.57265625 0.7818359375 0.07760416666666667 0.035546875
0 0.575 0.7421875 0.08229166666666667 0.04140625
0 0.6614583333333334 0.7828125 0.084375 0.0421875
0 0.66328125 0.741015625 0.0859375 0.0390625
0 0.740625 0.780859375 0.065625 0.0359375
0 0.7403645833333333 0.7421875 0.0640625 0.0390625
0 0.8119791666666667 0.7828125 0.06666666666666667 0.0328125
0 0.8104166666666667 0.7439453125 0.06666666666666667 0.035546875
0 0.8815104166666666 0.7794921875 0.06302083333333333 0.033203125
0 0.8786458333333333 0.7470703125 0.0625 0.032421875
0 0.9552083333333333 0.7763671875 0.078125 0.036328125
0 0.9580729166666667 0.734375 0.08385416666666666 0.046875
0 0.07213541666666666 0.6458984375 0.08385416666666666 0.040234375
0 0.07109375 0.60546875 0.08177083333333333 0.03828125
0 0.29375 0.613671875 0.09479166666666666 0.01640625
0 0.06510416666666667 0.7451171875 0.12395833333333334 0.018359375
0 0.06015625 0.7767578125 0.1203125 0.043359375
0 0.4109375 0.60546875 0.09791666666666667 0.03359375
0 0.5057291666666667 0.6486328125 0.09791666666666667 0.041015625
0 0.8401041666666667 0.5501953125 0.05416666666666667 0.037109375
0 0.6986979166666667 0.5482421875 0.06197916666666667 0.032421875
0 0.63671875 0.5447265625 0.05677083333333333 0.038671875
0 0.55703125 0.5408203125 0.09322916666666667 0.038671875
0 0.4596354166666667 0.536328125 0.1015625 0.04609375
0 0.55703125 0.49765625 0.09010416666666667 0.0359375
0 0.45286458333333335 0.49296875 0.10260416666666666 0.0359375
0 0.38619791666666664 0.5345703125 0.0359375 0.041015625
0 0.3299479166666667 0.5294921875 0.0640625 0.044921875
0 0.22291666666666668 0.5361328125 0.08854166666666667 0.037109375
0 0.13125 0.53203125 0.08229166666666667 0.03984375
0 0.21953125 0.48984375 0.0890625 0.04140625
0 0.6421875 0.5025390625 0.06770833333333333 0.040234375
0 0.13333333333333333 0.4865234375 0.078125 0.041796875
0 0.038802083333333334 0.5298828125 0.07447916666666667 0.036328125
0 0.9661458333333334 0.656640625 0.06145833333333333 0.03828125
0 0.8916666666666667 0.6615234375 0.07083333333333333 0.041015625
0 0.8200520833333333 0.6623046875 0.07239583333333334 0.040234375
0 0.7434895833333334 0.6576171875 0.0796875 0.030859375
0 0.8325520833333333 0.61875 0.07552083333333333 0.03828125
0 0.7497395833333333 0.6189453125 0.07447916666666667 0.036328125
0 0.6708333333333333 0.614453125 0.06458333333333334 0.03671875
0 0.6598958333333333 0.655859375 0.07083333333333333 0.034375
0 0.5932291666666667 0.6146484375 0.07083333333333333 0.037109375
0 0.5888020833333333 0.65390625 0.0640625 0.03984375
0 0.5072916666666667 0.6099609375 0.08854166666666667 0.032421875
0 0.042708333333333334 0.4880859375 0.08229166666666667 0.044921875
0 0.08802083333333334 0.290234375 0.08645833333333333 0.0453125
0 0.4083333333333333 0.2978515625 0.06145833333333333 0.055078125
0 0.340625 0.2986328125 0.07395833333333333 0.051953125
0 0.48723958333333334 0.14140625 0.08072916666666667 0.04453125
0 0.5604166666666667 0.1845703125 0.07708333333333334 0.027734375
0 0.4825520833333333 0.18125 0.07760416666666667 0.03359375
0 0.40260416666666665 0.1712890625 0.06354166666666666 0.048828125
0 0.334375 0.169921875 0.07395833333333333 0.05078125
0 0.4078125 0.12578125 0.05625 0.021875
0 0.34140625 0.127734375 0.07552083333333333 0.01953125
0 0.34479166666666666 0.107421875 0.08125 0.015625
0 0.2515625 0.1734375 0.0875 0.04375
0 0.16536458333333334 0.1673828125 0.0859375 0.055859375
0 0.24713541666666666 0.118359375 0.07760416666666667 0.0421875
0 0.16744791666666667 0.115234375 0.08177083333333333 0.04921875
0 0.06979166666666667 0.1591796875 0.09375 0.045703125
0 0.059895833333333336 0.1091796875 0.11666666666666667 0.037890625
0 0.25703125 0.2892578125 0.0734375 0.045703125
0 0.5669270833333333 0.144140625 0.0796875 0.03671875
0 0.86328125 0.3255859375 0.06510416666666667 0.048046875
0 0.6526041666666667 0.135546875 0.06875 0.0484375
0 0.73125 0.1396484375 0.08229166666666667 0.044921875
0 0.9041666666666667 0.0732421875 0.08125 0.037109375
0 0.8205729166666667 0.06953125 0.08697916666666666 0.04609375
0 0.73984375 0.062109375 0.07447916666666667 0.0390625
0 0.6645833333333333 0.0560546875 0.07395833333333333 0.051171875
0 0.5747395833333333 0.055078125 0.0828125 0.03203125
0 0.49244791666666665 0.05 0.0796875 0.0421875
0 0.41302083333333334 0.0408203125 0.06770833333333333 0.038671875
0 0.3377604166666667 0.03125 0.0828125 0.05859375
0 0.24947916666666667 0.027734375 0.07916666666666666 0.034375
0 0.16588541666666667 0.0244140625 0.08802083333333334 0.041015625
0 0.061197916666666664 0.019140625 0.0984375 0.02890625
0 0.9588541666666667 0.20703125 0.07291666666666667 0.0421875
0 0.8841145833333334 0.2048828125 0.0734375 0.047265625
0 0.8049479166666667 0.196875 0.08385416666666666 0.03125
0 0.725 0.190625 0.07604166666666666 0.04296875
0 0.6453125 0.18828125 0.08020833333333334 0.0421875
0 0.7895833333333333 0.3203125 0.08541666666666667 0.0390625
0 0.9395833333333333 0.3298828125 0.08333333333333333 0.038671875
0 0.48828125 0.302734375 0.09114583333333333 0.0390625
0 0.7153645833333333 0.3169921875 0.0578125 0.041015625
0 0.871875 0.275390625 0.06354166666666666 0.05078125
0 0.7984375 0.2732421875 0.078125 0.046484375
0 0.7283854166666667 0.2736328125 0.059895833333333336 0.044921875
0 0.659375 0.2705078125 0.06875 0.038671875
0 0.5760416666666667 0.30546875 0.08333333333333333 0.0328125
0 0.94453125 0.279296875 0.0765625 0.0421875
0 0.6541666666666667 0.311328125 0.0625 0.03046875
0 0.48463541666666665 0.2564453125 0.0796875 0.045703125
0 0.5794270833333334 0.259765625 0.0921875 0.04296875
