0 0.6208333333333333 0.4318359375 0.04375 0.074609375
0 0.7645833333333333 0.4306640625 0.04791666666666667 0.074609375
0 0.27890625 0.4341796875 0.04739583333333333 0.074609375
0 0.3296875 0.4322265625 0.046875 0.075390625
0 0.37890625 0.434375 0.0515625 0.071875
0 0.42604166666666665 0.4353515625 0.042708333333333334 0.074609375
0 0.7140625 0.4306640625 0.053125 0.074609375
0 0.5265625 0.4330078125 0.04479166666666667 0.074609375
0 0.5731770833333333 0.4326171875 0.0515625 0.075390625
0 0.6658854166666667 0.4302734375 0.043229166666666666 0.078515625
0 0.47578125 0.4341796875 0.05572916666666667 0.076953125
0 0.31588541666666664 0.785546875 0.04010416666666667 0.075
0 0.8604166666666667 0.427734375 0.05 0.078125
0 0.05390625 0.9390625 0.0546875 0.07421875
0 0.9669270833333333 0.783203125 0.0484375 0.05859375
0 0.9171875 0.787109375 0.04479166666666667 0.06640625
0 0.8700520833333333 0.7880859375 0.04739583333333333 0.066015625
0 0.82421875 0.7890625 0.04635416666666667 0.0671875
0 0.7815104166666667 0.7865234375 0.04114583333333333 0.058203125
0 0.7375 0.7876953125 0.04375 0.069921875
0 0.6919270833333333 0.787890625 0.04010416666666667 0.065625
0 0.6390625 0.78046875 0.04583333333333333 0.075
0 0.5953125 0.7818359375 0.042708333333333334 0.076953125
0 0.5515625 0.7857421875 0.04479166666666667 0.083203125
0 0.5018229166666667 0.7853515625 0.0421875 0.081640625
0 0.45677083333333335 0.785546875 0.04895833333333333 0.07890625
0 0.40911458333333334 0.7845703125 0.043229166666666666 0.077734375
0 0.35963541666666665 0.783984375 0.04739583333333333 0.07734375
0 0.23020833333333332 0.434765625 0.046875 0.0734375
0 0.27291666666666664 0.7853515625 0.04479166666666667 0.074609375
0 0.11067708333333333 0.93828125 0.059895833333333336 0.0765625
0 0.16484375 0.903515625 0.04010416666666667 0.08203125
0 0.209375 0.8998046875 0.04895833333333333 0.091015625
0 0.25234375 0.9029296875 0.03802083333333333 0.090234375
0 0.07213541666666666 0.16171875 0.044270833333333336 0.06875
0 0.9854166666666667 0.9076171875 0.029166666666666667 0.073046875
0 0.9494791666666667 0.9068359375 0.04791666666666667 0.073046875
0 0.9033854166666667 0.9078125 0.0453125 0.0703125
0 0.8604166666666667 0.904296875 0.040625 0.07734375
0 0.8166666666666667 0.9078125 0.034375 0.0796875
0 0.7763020833333333 0.905859375 0.04635416666666667 0.07421875
0 0.7296875 0.9048828125 0.046875 0.076171875
0 0.22265625 0.79140625 0.05364583333333333 0.06328125
0 0.6807291666666667 0.906640625 0.051041666666666666 0.0796875
0 0.58125 0.9037109375 0.04583333333333333 0.084765625
0 0.5408854166666667 0.9029296875 0.0359375 0.082421875
0 0.5002604166666667 0.9021484375 0.0390625 0.088671875
0 0.4578125 0.902734375 0.041666666666666664 0.0875
0 0.41796875 0.901171875 0.0296875 0.09140625
0 0.3768229166666667 0.90390625 0.050520833333333334 0.09453125
0 0.33541666666666664 0.9025390625 0.03333333333333333 0.096484375
0 0.2986979166666667 0.90390625 0.043229166666666666 0.09921875
0 0.6309895833333333 0.91015625 0.0484375 0.07265625
0 0.16223958333333333 0.7912109375 0.0546875 0.062890625
0 0.09140625 0.821875 0.0734375 0.0828125
0 0.03046875 0.812109375 0.0515625 0.06328125
0 0.796875 0.5501953125 0.05 0.073828125
0 0.7486979166666666 0.5501953125 0.04739583333333333 0.073828125
0 0.6966145833333334 0.5515625 0.05260416666666667 0.07578125
0 0.64765625 0.5515625 0.044270833333333336 0.0765625
0 0.6033854166666667 0.55390625 0.04635416666666667 0.0796875
0 0.5552083333333333 0.5529296875 0.04895833333333333 0.081640625
0 0.5026041666666666 0.5505859375 0.053125 0.081640625
0 0.45286458333333335 0.548828125 0.04739583333333333 0.08515625
0 0.84453125 0.55078125 0.04635416666666667 0.07734375
0 0.40911458333333334 0.550390625 0.04010416666666667 0.08671875
0 0.30755208333333334 0.5494140625 0.0515625 0.082421875
0 0.25364583333333335 0.5501953125 0.046875 0.085546875
0 0.20338541666666668 0.5517578125 0.0515625 0.088671875
0 0.14895833333333333 0.5533203125 0.04895833333333333 0.082421875
0 0.08697916666666666 0.575 0.05 0.08828125
0 0.03802083333333333 0.5599609375 0.04791666666666667 0.069921875
0 0.9622395833333334 0.426953125 0.0515625 0.075
0 0.9130208333333333 0.4244140625 0.04895833333333333 0.080859375
0 0.3578125 0.5509765625 0.05 0.082421875
0 0.8122395833333333 0.42890625 0.04739583333333333 0.078125
0 0.9002604166666667 0.55078125 0.0609375 0.07734375
0 0.98671875 0.54921875 0.028645833333333332 0.0765625
0 0.94765625 0.6662109375 0.04739583333333333 0.081640625
0 0.9033854166666667 0.6671875 0.0421875 0.08359375
0 0.8572916666666667 0.665234375 0.05 0.07890625
0 0.8075520833333333 0.6650390625 0.04635416666666667 0.079296875
0 0.76171875 0.6658203125 0.0453125 0.082421875
0 0.7153645833333333 0.6671875 0.04635416666666667 0.08125
0 0.6286458333333333 0.6673828125 0.046875 0.083984375
0 0.5796875 0.6662109375 0.052083333333333336 0.081640625
0 0.9515625 0.549609375 0.042708333333333334 0.075
0 0.5330729166666667 0.6650390625 0.0421875 0.083984375
0 0.3953125 0.666015625 0.04375 0.08125
0 0.35104166666666664 0.6662109375 0.04583333333333333 0.081640625
0 0.3 0.6708984375 0.04583333333333333 0.079296875
0 0.25286458333333334 0.6734375 0.0484375 0.0859375
0 0.20416666666666666 0.671875 0.046875 0.08828125
0 0.153125 0.655078125 0.04791666666666667 0.07109375
0 0.10078125 0.708984375 0.043229166666666666 0.0828125
0 0.04583333333333333 0.68125 0.057291666666666664 0.08359375
0 0.4395833333333333 0.667578125 0.04479166666666667 0.07890625
0 0.184375 0.434765625 0.04479166666666667 0.0734375
0 0.6713541666666667 0.6697265625 0.03854166666666667 0.079296875
0 0.08776041666666666 0.4203125 0.05677083333333333 0.06953125
0 0.12473958333333333 0.1798828125 0.059895833333333336 0.087109375
0 0.18385416666666668 0.1841796875 0.059375 0.077734375
0 0.24296875 0.1845703125 0.059895833333333336 0.077734375
0 0.29921875 0.18203125 0.05364583333333333 0.08203125
0 0.3567708333333333 0.179296875 0.05416666666666667 0.0875
0 0.4153645833333333 0.178515625 0.05572916666666667 0.084375
0 0.47213541666666664 0.1828125 0.0546875 0.08359375
0 0.5294270833333333 0.1837890625 0.05364583333333333 0.078515625
0 0.5854166666666667 0.18359375 0.051041666666666666 0.078125
0 0.13932291666666666 0.434375 0.0453125 0.07265625
0 0.6388020833333333 0.1828125 0.0546875 0.08046875
0 0.7247395833333333 0.1705078125 0.04010416666666667 0.100390625
0 0.7713541666666667 0.1662109375 0.04895833333333333 0.105859375
0 0.8153645833333333 0.1658203125 0.04114583333333333 0.105078125
0 0.8578125 0.1693359375 0.03854166666666667 0.112109375
0 0.90703125 0.166015625 0.049479166666666664 0.109375
0 0.953125 0.1640625 0.042708333333333334 0.11328125
0 0.13229166666666667 0.3041015625 0.059375 0.087890625
0 0.18984375 0.3078125 0.05572916666666667 0.0796875
0 0.2513020833333333 0.3080078125 0.0671875 0.081640625
0 0.68671875 0.170703125 0.0390625 0.10078125
0 0.3151041666666667 0.30703125 0.05416666666666667 0.07890625
0 0.36953125 0.3109375 0.0578125 0.08515625
0 0.7140625 0.3044921875 0.05 0.083984375
0 0.02890625 0.41328125 0.0578125 0.0703125
0 0.025260416666666667 0.2990234375 0.050520833333333334 0.073046875
0 0.9692708333333333 0.3046875 0.05 0.0890625
0 0.9166666666666666 0.3033203125 0.05625 0.086328125
0 0.8627604166666667 0.304296875 0.0484375 0.08359375
0 0.81171875 0.30390625 0.0546875 0.08046875
0 0.76171875 0.3017578125 0.0453125 0.083203125
0 0.6651041666666667 0.306640625 0.04791666666666667 0.08125
0 0.4276041666666667 0.3103515625 0.058333333333333334 0.081640625
0 0.4869791666666667 0.308984375 0.0625 0.0765625
0 0.5471354166666667 0.3080078125 0.0578125 0.076953125
0 0.60546875 0.3076171875 0.05677083333333333 0.076171875
