0 0.52265625 0.510546875 0.030729166666666665 0.021875
0 0.4942708333333333 0.5171875 0.026041666666666668 0.05859375
0 0.9841145833333333 0.2138671875 0.03177083333333333 0.043359375
0 0.7052083333333333 0.605078125 0.022916666666666665 0.0703125
0 0.6830729166666667 0.603125 0.0234375 0.07421875
0 0.6611979166666667 0.6033203125 0.021354166666666667 0.075390625
0 0.6369791666666667 0.6080078125 0.027083333333333334 0.066015625
0 0.6002604166666666 0.6076171875 0.027604166666666666 0.068359375
0 0.5658854166666667 0.6150390625 0.028645833333333332 0.051953125
0 0.53359375 0.6126953125 0.0359375 0.056640625
0 0.5015625 0.61171875 0.028125 0.0546875
0 0.471875 0.6017578125 0.03125 0.073828125
0 0.4401041666666667 0.603125 0.03125 0.07578125
0 0.40338541666666666 0.619140625 0.0421875 0.04375
0 0.3572916666666667 0.6189453125 0.036458333333333336 0.034765625
0 0.3268229166666667 0.5953125 0.018229166666666668 0.0671875
0 0.2994791666666667 0.596484375 0.030208333333333334 0.06875
0 0.2713541666666667 0.59609375 0.026041666666666668 0.06953125
0 0.23697916666666666 0.5994140625 0.026041666666666668 0.078515625
0 0.20885416666666667 0.598046875 0.029166666666666667 0.075
0 0.20885416666666667 0.6890625 0.03229166666666667 0.07421875
0 0.23958333333333334 0.6884765625 0.028125 0.073828125
0 0.7286458333333333 0.6056640625 0.022916666666666665 0.070703125
0 0.7513020833333334 0.604296875 0.0234375 0.0734375
0 0.78125 0.626171875 0.03125 0.03359375
0 0.8236979166666667 0.607421875 0.049479166666666664 0.078125
0 0.24296875 0.1736328125 0.0609375 0.023828125
0 0.5229166666666667 0.5337890625 0.03229166666666667 0.023046875
0 0.5614583333333333 0.5146484375 0.034375 0.062890625
0 0.5986979166666667 0.5119140625 0.0390625 0.057421875
0 0.6432291666666666 0.513671875 0.03229166666666667 0.0578125
0 0.6778645833333333 0.50859375 0.03697916666666667 0.06875
0 0.71875 0.508984375 0.03958333333333333 0.06953125
0 0.7557291666666667 0.52421875 0.03229166666666667 0.0328125
0 0.9177083333333333 0.4919921875 0.041666666666666664 0.021484375
0 0.2671875 0.68984375 0.027083333333333334 0.071875
0 0.7911458333333333 0.523046875 0.03333333333333333 0.03515625
0 0.8669270833333333 0.5294921875 0.034895833333333334 0.040234375
0 0.9015625 0.530078125 0.030208333333333334 0.0421875
0 0.93203125 0.5294921875 0.030729166666666665 0.044140625
0 0.96640625 0.5298828125 0.03177083333333333 0.044140625
0 0.9588541666666667 0.599609375 0.036458333333333336 0.0328125
0 0.9578125 0.6318359375 0.03854166666666667 0.031640625
0 0.91953125 0.629296875 0.03802083333333333 0.0359375
0 0.8830729166666667 0.612890625 0.0296875 0.07109375
0 0.8591145833333333 0.619921875 0.019270833333333334 0.05625
0 0.8307291666666666 0.537890625 0.0375 0.02421875
0 0.18411458333333333 0.20078125 0.05260416666666667 0.06015625
0 0.29921875 0.69140625 0.03697916666666667 0.07578125
0 0.3729166666666667 0.68984375 0.04375 0.07890625
0 0.67265625 0.8154296875 0.04114583333333333 0.092578125
0 0.6372395833333333 0.83203125 0.025520833333333333 0.06484375
0 0.6026041666666667 0.829296875 0.025 0.06484375
0 0.57421875 0.8017578125 0.027604166666666666 0.103515625
0 0.53125 0.8021484375 0.053125 0.110546875
0 0.47734375 0.803515625 0.0546875 0.1125
0 0.42526041666666664 0.8021484375 0.0515625 0.114453125
0 0.371875 0.7974609375 0.053125 0.104296875
0 0.3229166666666667 0.79765625 0.04479166666666667 0.10390625
0 0.28072916666666664 0.7923828125 0.03958333333333333 0.094140625
0 0.2328125 0.7970703125 0.042708333333333334 0.105859375
0 0.1921875 0.796484375 0.03854166666666667 0.1046875
0 0.053125 0.1892578125 0.041666666666666664 0.081640625
0 0.08854166666666667 0.190234375 0.026041666666666668 0.0796875
0 0.023958333333333335 0.2978515625 0.04583333333333333 0.100390625
0 0.0796875 0.2962890625 0.065625 0.097265625
0 0.07838541666666667 0.430859375 0.0703125 0.1140625
0 0.027864583333333335 0.5908203125 0.0484375 0.092578125
0 0.0890625 0.5927734375 0.07395833333333333 0.096484375
0 0.71484375 0.819140625 0.0421875 0.1
0 0.74765625 0.8271484375 0.0234375 0.083984375
0 0.7705729166666667 0.83828125 0.0171875 0.05703125
0 0.8111979166666666 0.818359375 0.05677083333333333 0.09765625
0 0.4119791666666667 0.6923828125 0.034375 0.073046875
0 0.4473958333333333 0.6919921875 0.035416666666666666 0.072265625
0 0.48333333333333334 0.691796875 0.0375 0.071875
0 0.027083333333333334 0.7388671875 0.052083333333333336 0.156640625
0 0.51875 0.694140625 0.03333333333333333 0.07578125
0 0.5552083333333333 0.698828125 0.036458333333333336 0.07109375
0 0.6010416666666667 0.7001953125 0.05 0.074609375
0 0.6458333333333334 0.7001953125 0.03958333333333333 0.075390625
0 0.6815104166666667 0.6978515625 0.03177083333333333 0.071484375
0 0.33489583333333334 0.6900390625 0.03229166666666667 0.079296875
0 0.7158854166666667 0.6990234375 0.03802083333333333 0.076953125
0 0.8106770833333333 0.703515625 0.050520833333333334 0.0734375
0 0.8546875 0.70390625 0.0375 0.07578125
0 0.8934895833333333 0.7044921875 0.04114583333333333 0.076953125
0 0.9294270833333333 0.709375 0.030729166666666665 0.06796875
0 0.95859375 0.709765625 0.027604166666666666 0.0703125
0 0.9877604166666667 0.7107421875 0.0265625 0.064453125
0 0.96796875 0.8236328125 0.05364583333333333 0.098046875
0 0.9153645833333334 0.8228515625 0.05260416666666667 0.096484375
0 0.8645833333333334 0.81875 0.04479166666666667 0.09921875
0 0.7604166666666666 0.7021484375 0.05 0.070703125
0 0.2390625 0.20859375 0.05625 0.04453125
0 0.09583333333333334 0.7375 0.08541666666666667 0.15390625
0 0.3390625 0.167578125 0.05 0.03203125
0 0.8533854166666667 0.44765625 0.0203125 0.02890625
0 0.8861979166666667 0.4185546875 0.04114583333333333 0.033203125
0 0.8856770833333333 0.4478515625 0.0390625 0.026171875
0 0.925 0.427734375 0.03229166666666667 0.06484375
0 0.95546875 0.428515625 0.028645833333333332 0.0671875
0 0.9875 0.42734375 0.026041666666666668 0.0671875
0 0.21744791666666666 0.4896484375 0.034895833333333334 0.016796875
0 0.21822916666666667 0.5087890625 0.03125 0.017578125
0 0.22239583333333332 0.529296875 0.03958333333333333 0.025
0 0.2796875 0.5138671875 0.034375 0.057421875
0 0.31197916666666664 0.5302734375 0.03125 0.025390625
0 0.35 0.5166015625 0.04479166666666667 0.057421875
0 0.3859375 0.5125 0.029166666666666667 0.0625
0 0.4153645833333333 0.5134765625 0.0296875 0.060546875
0 0.44583333333333336 0.5169921875 0.03125 0.055078125
0 0.47109375 0.5162109375 0.0203125 0.056640625
0 0.2453125 0.432421875 0.026041666666666668 0.0515625
0 0.22135416666666666 0.4330078125 0.021875 0.051171875
0 0.19609375 0.437890625 0.028645833333333332 0.040625
0 0.8526041666666667 0.421484375 0.020833333333333332 0.0234375
0 0.82734375 0.4275390625 0.022395833333333334 0.069140625
0 0.7963541666666667 0.4259765625 0.03958333333333333 0.065234375
0 0.7604166666666666 0.4478515625 0.03229166666666667 0.020703125
0 0.28932291666666665 0.2060546875 0.044270833333333336 0.040234375
0 0.30364583333333334 0.417578125 0.035416666666666666 0.0796875
0 0.33151041666666664 0.4326171875 0.019270833333333334 0.048828125
0 0.35494791666666664 0.4333984375 0.027604166666666666 0.049609375
0 0.3859375 0.4259765625 0.03229166666666667 0.023828125
0 0.38776041666666666 0.448046875 0.0359375 0.0203125
0 0.27239583333333334 0.418359375 0.027083333333333334 0.08125
0 0.41901041666666666 0.42734375 0.027604166666666666 0.0671875
0 0.45026041666666666 0.418359375 0.03177083333333333 0.0796875
0 0.9583333333333334 0.316015625 0.05520833333333333 0.06015625
0 0.48880208333333336 0.419140625 0.04114583333333333 0.08046875
0 0.5440104166666667 0.441796875 0.0203125 0.03359375
0 0.5651041666666666 0.430859375 0.022916666666666665 0.05703125
0 0.6411458333333333 0.4197265625 0.029166666666666667 0.071484375
0 0.66640625 0.4193359375 0.022395833333333334 0.070703125
0 0.7598958333333333 0.42265625 0.030208333333333334 0.02890625
0 0.72890625 0.4203125 0.030729166666666665 0.03203125
0 0.696875 0.4201171875 0.03333333333333333 0.031640625
0 0.69453125 0.4470703125 0.028645833333333332 0.020703125
0 0.72734375 0.4470703125 0.034895833333333334 0.018359375
0 0.52265625 0.432421875 0.016145833333333335 0.05390625
0 0.90625 0.314453125 0.04791666666666667 0.059375
0 0.5973958333333333 0.44609375 0.034375 0.0265625
0 0.79921875 0.302734375 0.0390625 0.0828125
0 0.8729166666666667 0.189453125 0.0375 0.09609375
0 0.83515625 0.190234375 0.0390625 0.0984375
0 0.7971354166666667 0.191015625 0.0359375 0.096875
0 0.76484375 0.190625 0.028645833333333332 0.0953125
0 0.73515625 0.191796875 0.030729166666666665 0.09140625
0 0.703125 0.1919921875 0.03125 0.091015625
0 0.6765625 0.19453125 0.021875 0.0859375
0 0.6505208333333333 0.1951171875 0.030208333333333334 0.087890625
0 0.6072916666666667 0.1865234375 0.03229166666666667 0.079296875
0 0.5671875 0.2216796875 0.042708333333333334 0.012890625
0 0.5677083333333334 0.208984375 0.04479166666666667 0.0125
0 0.53125 0.1908203125 0.023958333333333335 0.074609375
0 0.5067708333333333 0.1912109375 0.020833333333333332 0.074609375
0 0.48151041666666666 0.1927734375 0.028645833333333332 0.070703125
0 0.44765625 0.19375 0.03697916666666667 0.071875
0 0.41015625 0.1912109375 0.025520833333333333 0.077734375
0 0.38255208333333335 0.190234375 0.0265625 0.0765625
0 0.8528645833333334 0.315625 0.0578125 0.05703125
0 0.3411458333333333 0.205859375 0.05520833333333333 0.04453125
0 0.9138020833333333 0.1900390625 0.0421875 0.094140625
0 0.9510416666666667 0.19140625 0.03229166666666667 0.09609375
0 0.56953125 0.196484375 0.04114583333333333 0.01171875
0 0.3015625 0.28515625 0.0375 0.015625
0 0.6708333333333333 0.301171875 0.159375 0.075
0 0.2643229166666667 0.2853515625 0.03802083333333333 0.016015625
0 0.765625 0.301953125 0.027083333333333334 0.08046875
0 0.5283854166666667 0.3015625 0.11302083333333333 0.06328125
0 0.45026041666666666 0.3017578125 0.044270833333333336 0.063671875
0 0.4127604166666667 0.325390625 0.030729166666666665 0.0171875
0 0.3828125 0.303515625 0.028125 0.0234375
0 0.41171875 0.3041015625 0.0296875 0.023828125
0 0.4127604166666667 0.2802734375 0.030729166666666665 0.022265625
0 0.3828125 0.2796875 0.028125 0.02109375
0 0.38125 0.325390625 0.03125 0.01796875
0 0.30078125 0.326171875 0.033854166666666664 0.02734375
0 0.2640625 0.326953125 0.040625 0.025
0 0.34322916666666664 0.302734375 0.040625 0.01640625
0 0.22760416666666666 0.3287109375 0.034375 0.028515625
0 0.190625 0.3333984375 0.03958333333333333 0.019921875
0 0.19661458333333334 0.303125 0.03697916666666667 0.015625
0 0.23255208333333333 0.303125 0.034895833333333334 0.01640625
0 0.34036458333333336 0.3263671875 0.044270833333333336 0.026171875
0 0.26875 0.3033203125 0.035416666666666666 0.016796875
0 0.30416666666666664 0.3029296875 0.036458333333333336 0.016015625
