0 0.6076171875 0.353125 0.031640625 0.134375
0 0.64375 0.35234375 0.03046875 0.1421875
0 0.678515625 0.35625 0.03125 0.13125
0 0.715625 0.3515625 0.03203125 0.13125
0 0.802734375 0.35260416666666666 0.0296875 0.13645833333333332
0 0.8349609375 0.35182291666666665 0.018359375 0.13385416666666666
0 0.8666015625 0.3541666666666667 0.031640625 0.14583333333333334
0 0.5701171875 0.3497395833333333 0.034765625 0.14010416666666667
0 0.9033203125 0.353125 0.033984375 0.146875
0 0.9369140625 0.3494791666666667 0.027734375 0.14583333333333334
0 0.53671875 0.34869791666666666 0.028125 0.14010416666666667
0 0.750390625 0.3541666666666667 0.0328125 0.13541666666666666
0 0.4056640625 0.7447916666666666 0.038671875 0.140625
0 0.9685546875 0.3546875 0.035546875 0.1375
0 0.6091796875 0.5450520833333333 0.030078125 0.1328125
0 0.57578125 0.54375 0.0234375 0.13958333333333334
0 0.5380859375 0.5458333333333333 0.030078125 0.13125
0 0.505859375 0.5471354166666667 0.03203125 0.12760416666666666
0 0.4359375 0.54921875 0.03125 0.13489583333333333
0 0.3994140625 0.5494791666666666 0.039453125 0.13020833333333334
0 0.5021484375 0.34765625 0.031640625 0.1359375
0 0.36484375 0.5450520833333333 0.028125 0.1359375
0 0.28984375 0.5473958333333333 0.03046875 0.1375
0 0.2548828125 0.5505208333333333 0.027734375 0.13854166666666667
0 0.19140625 0.5588541666666667 0.09140625 0.14791666666666667
0 0.13046875 0.575 0.025 0.16875
0 0.0943359375 0.5763020833333333 0.041796875 0.16822916666666668
0 0.046875 0.5723958333333333 0.040625 0.16354166666666667
0 0.32734375 0.5471354166666667 0.0375 0.13802083333333334
0 0.4658203125 0.34713541666666664 0.032421875 0.14635416666666667
0 0.43125 0.3450520833333333 0.02734375 0.14739583333333334
0 0.3943359375 0.34479166666666666 0.031640625 0.14479166666666668
0 0.666015625 0.15104166666666666 0.02890625 0.14270833333333333
0 0.69921875 0.14817708333333332 0.03359375 0.14739583333333334
0 0.7279296875 0.14765625 0.019921875 0.1421875
0 0.75859375 0.14921875 0.03984375 0.1421875
0 0.789453125 0.13828125 0.021875 0.16614583333333333
0 0.8158203125 0.14166666666666666 0.030859375 0.16666666666666666
0 0.8455078125 0.13958333333333334 0.026171875 0.165625
0 0.8740234375 0.14401041666666667 0.030078125 0.15885416666666666
0 0.902734375 0.14322916666666666 0.028125 0.15833333333333333
0 0.9345703125 0.14609375 0.030078125 0.1578125
0 0.9587890625 0.14635416666666667 0.013671875 0.16458333333333333
0 0.9841796875 0.1453125 0.023046875 0.159375
0 0.0240234375 0.25677083333333334 0.027734375 0.06666666666666667
0 0.0587890625 0.25833333333333336 0.030859375 0.06666666666666667
0 0.0943359375 0.25677083333333334 0.028515625 0.06354166666666666
0 0.630859375 0.20807291666666666 0.03671875 0.018229166666666668
0 0.6453125 0.5427083333333333 0.03359375 0.140625
0 0.6310546875 0.19036458333333334 0.037109375 0.0140625
0 0.557421875 0.20755208333333333 0.02734375 0.0171875
0 0.3505859375 0.33307291666666666 0.042578125 0.16614583333333333
0 0.3025390625 0.33541666666666664 0.036328125 0.16979166666666667
0 0.2541015625 0.3346354166666667 0.037890625 0.16510416666666666
0 0.210546875 0.33046875 0.0359375 0.16822916666666668
0 0.11640625 0.10416666666666667 0.11328125 0.1625
0 0.2138671875 0.12786458333333334 0.042578125 0.15989583333333332
0 0.2580078125 0.12604166666666666 0.043359375 0.16041666666666668
0 0.3041015625 0.13229166666666667 0.044140625 0.15104166666666666
0 0.3498046875 0.12864583333333332 0.038671875 0.159375
0 0.38828125 0.14322916666666666 0.03359375 0.13854166666666667
0 0.423828125 0.15260416666666668 0.03828125 0.11875
0 0.4611328125 0.15416666666666667 0.032421875 0.11666666666666667
0 0.48984375 0.15625 0.02578125 0.11979166666666667
0 0.5244140625 0.20885416666666667 0.034765625 0.01875
0 0.525 0.18645833333333334 0.03046875 0.025
0 0.591796875 0.20703125 0.03671875 0.0203125
0 0.680078125 0.54375 0.0296875 0.13020833333333334
0 0.8486328125 0.54296875 0.032421875 0.13385416666666666
0 0.746484375 0.54453125 0.0296875 0.14114583333333333
0 0.4513671875 0.91875 0.040234375 0.14895833333333333
0 0.4052734375 0.921875 0.048828125 0.146875
0 0.365234375 0.9393229166666667 0.0265625 0.1171875
0 0.336328125 0.9388020833333334 0.03046875 0.11614583333333334
0 0.7134765625 0.5440104166666667 0.030078125 0.12864583333333332
0 0.270703125 0.9286458333333333 0.03203125 0.12395833333333334
0 0.2302734375 0.9296875 0.043359375 0.140625
0 0.184375 0.9244791666666666 0.03828125 0.13854166666666667
0 0.1375 0.9278645833333333 0.0453125 0.14322916666666666
0 0.096484375 0.9283854166666666 0.034375 0.14322916666666666
0 0.0529296875 0.92734375 0.046484375 0.1359375
0 0.4916015625 0.9229166666666667 0.031640625 0.13854166666666667
0 0.969140625 0.7361979166666667 0.02734375 0.1421875
0 0.906640625 0.7354166666666667 0.02421875 0.13125
0 0.8697265625 0.7385416666666667 0.044140625 0.134375
0 0.833984375 0.7369791666666666 0.028125 0.1375
0 0.802734375 0.73671875 0.034375 0.13177083333333334
0 0.7671875 0.7364583333333333 0.03203125 0.13333333333333333
0 0.733203125 0.7377604166666667 0.0328125 0.1328125
0 0.7009765625 0.7364583333333333 0.026171875 0.13333333333333333
0 0.56171875 0.7369791666666666 0.040625 0.140625
0 0.522265625 0.7447916666666666 0.0328125 0.1375
0 0.4857421875 0.7479166666666667 0.035546875 0.140625
0 0.4451171875 0.74296875 0.039453125 0.14635416666666667
0 0.9373046875 0.7338541666666667 0.035546875 0.134375
0 0.534375 0.91796875 0.04375 0.1421875
0 0.3041015625 0.9359375 0.030078125 0.12291666666666666
0 0.5759765625 0.9213541666666667 0.030078125 0.13541666666666666
0 0.7833984375 0.5447916666666667 0.039453125 0.13958333333333334
0 0.882421875 0.5450520833333333 0.03125 0.1265625
0 0.9166015625 0.5421875 0.030078125 0.13333333333333333
0 0.95234375 0.5393229166666667 0.0375 0.14114583333333333
0 0.9873046875 0.5419270833333333 0.025390625 0.1328125
0 0.0109375 0.7783854166666667 0.01953125 0.1015625
0 0.04453125 0.7578125 0.03828125 0.14479166666666668
0 0.08984375 0.753125 0.046875 0.14270833333333333
0 0.1259765625 0.2565104166666667 0.036328125 0.06510416666666667
0 0.1765625 0.7518229166666667 0.04609375 0.14635416666666667
0 0.223046875 0.75078125 0.0421875 0.14635416666666667
0 0.265625 0.7528645833333333 0.0359375 0.1390625
0 0.30234375 0.74921875 0.0359375 0.13489583333333333
0 0.3375 0.7575520833333333 0.02578125 0.12760416666666666
0 0.132421875 0.7528645833333333 0.03515625 0.1484375
0 0.9541015625 0.90078125 0.032421875 0.12552083333333333
0 0.6087890625 0.91640625 0.033984375 0.1296875
0 0.6515625 0.915625 0.03515625 0.11875
0 0.369140625 0.7505208333333333 0.03203125 0.128125
0 0.6921875 0.9104166666666667 0.0359375 0.13958333333333334
0 0.738671875 0.9033854166666667 0.03203125 0.14635416666666667
0 0.775 0.8971354166666666 0.03359375 0.15052083333333333
0 0.1615234375 0.25807291666666665 0.026953125 0.06927083333333334
0 0.91875 0.8924479166666667 0.0328125 0.14010416666666667
0 0.884375 0.89375 0.03515625 0.14166666666666666
0 0.8470703125 0.8934895833333333 0.033203125 0.14739583333333334
0 0.8109375 0.8953125 0.034375 0.14583333333333334
