0 0.22263071895424835 0.41099877450980393 0.05555555555555555 0.0934436274509804
0 0.16891339869281047 0.4111519607843137 0.05269607843137255 0.09129901960784313
0 0.09783496732026144 0.4096200980392157 0.044526143790849675 0.03308823529411765
0 0.10191993464052287 0.44255514705882354 0.0690359477124183 0.03216911764705882
0 0.03227124183006536 0.44347426470588236 0.056372549019607844 0.030943627450980393
0 0.9395424836601307 0.2981004901960784 0.05228758169934641 0.09497549019607843
0 0.8933823529411765 0.3160232843137255 0.021241830065359478 0.05422794117647059
0 0.8666258169934641 0.3121936274509804 0.02900326797385621 0.058823529411764705
0 0.8327205882352942 0.31265318627450983 0.030637254901960783 0.05974264705882353
0 0.8004493464052288 0.3134191176470588 0.027369281045751634 0.05514705882352941
0 0.2790032679738562 0.4117647058823529 0.05555555555555555 0.09313725490196079
0 0.7602124183006536 0.29886642156862747 0.04820261437908497 0.09037990196078431
0 0.0363562091503268 0.40640318627450983 0.06862745098039216 0.035845588235294115
0 0.33394607843137253 0.4146752450980392 0.05024509803921569 0.0934436274509804
0 0.07352941176470588 0.5370710784313726 0.05718954248366013 0.03125
0 0.44669117647058826 0.41191789215686275 0.07148692810457516 0.09466911764705882
0 0.16299019607843138 0.5332414215686274 0.061274509803921566 0.07567401960784313
0 0.7079248366013072 0.3003982843137255 0.049836601307189546 0.08731617647058823
0 0.07312091503267974 0.5044424019607843 0.06045751633986928 0.030330882352941176
0 0.952001633986928 0.5416666666666666 0.0886437908496732 0.044730392156862746
0 0.9515931372549019 0.49754901960784315 0.0886437908496732 0.044730392156862746
0 0.9558823529411765 0.4486825980392157 0.08741830065359477 0.0548406862745098
0 0.38439542483660133 0.4131433823529412 0.049836601307189546 0.0934436274509804
0 0.9564950980392157 0.3947610294117647 0.08700980392156862 0.0548406862745098
0 0.8302696078431373 0.4134497549019608 0.05106209150326797 0.09099264705882353
0 0.7269199346405228 0.4180453431372549 0.0494281045751634 0.08792892156862746
0 0.6809640522875817 0.4169730392156863 0.03594771241830065 0.08333333333333333
0 0.6405228758169934 0.4181985294117647 0.041666666666666664 0.08272058823529412
0 0.5959967320261438 0.4189644607843137 0.041666666666666664 0.08302696078431372
0 0.5390114379084967 0.40931372549019607 0.06740196078431372 0.10294117647058823
0 0.8841911764705882 0.4146752450980392 0.05106209150326797 0.09099264705882353
0 0.6609477124183006 0.3005514705882353 0.03758169934640523 0.08762254901960784
0 0.909109477124183 0.1946997549019608 0.025735294117647058 0.05974264705882353
0 0.5765931372549019 0.3020833333333333 0.04044117647058824 0.08455882352941177
0 0.22120098039215685 0.5234375 0.05106209150326797 0.08363970588235294
0 0.06985294117647059 0.15165441176470587 0.05800653594771242 0.03431372549019608
0 0.0690359477124183 0.21507352941176472 0.06045751633986928 0.032475490196078434
0 0.06331699346405228 0.24770220588235295 0.06535947712418301 0.030330882352941176
0 0.13419117647058823 0.18137254901960784 0.0559640522875817 0.08762254901960784
0 0.22712418300653595 0.17601102941176472 0.05065359477124183 0.09221813725490197
0 0.284109477124183 0.17509191176470587 0.05841503267973856 0.09650735294117647
0 0.43709150326797386 0.18535539215686275 0.04656862745098039 0.08026960784313726
0 0.48447712418300654 0.18382352941176472 0.04656862745098039 0.08026960784313726
0 0.5298202614379085 0.18075980392156862 0.04656862745098039 0.08026960784313726
0 0.5774101307189542 0.1792279411764706 0.04616013071895425 0.08026960784313726
0 0.6245915032679739 0.18290441176470587 0.041666666666666664 0.08026960784313726
0 0.6674836601307189 0.1792279411764706 0.041666666666666664 0.08762254901960784
0 0.7167075163398693 0.18121936274509803 0.051879084967320264 0.0897671568627451
0 0.7720588235294118 0.1798406862745098 0.051470588235294115 0.09681372549019608
0 0.8167892156862745 0.19408700980392157 0.03227124183006536 0.06158088235294118
0 0.8484477124183006 0.19301470588235295 0.026143790849673203 0.06311274509803921
0 0.53125 0.3082107843137255 0.046977124183006536 0.0784313725490196
0 0.4834558823529412 0.30744485294117646 0.04534313725490196 0.07689950980392157
0 0.43913398692810457 0.3089767156862745 0.042483660130718956 0.07689950980392157
0 0.3925653594771242 0.3020833333333333 0.04330065359477124 0.08455882352941177
0 0.34395424836601307 0.3043811274509804 0.051470588235294115 0.08915441176470588
0 0.2900326797385621 0.3040747549019608 0.049836601307189546 0.08547794117647059
0 0.6196895424836601 0.3010110294117647 0.04084967320261438 0.08854166666666667
0 0.24305555555555555 0.30223651960784315 0.041666666666666664 0.0818014705882353
0 0.1417483660130719 0.3049938725490196 0.05555555555555555 0.08731617647058823
0 0.08843954248366014 0.3402267156862745 0.03799019607843137 0.04442401960784314
0 0.04534313725490196 0.34129901960784315 0.041666666666666664 0.04044117647058824
0 0.9797794117647058 0.1799938725490196 0.0363562091503268 0.0860906862745098
0 0.9413807189542484 0.18152573529411764 0.0363562091503268 0.0860906862745098
0 0.8809232026143791 0.19454656862745098 0.02900326797385621 0.06066176470588235
0 0.19587418300653595 0.30453431372549017 0.053513071895424834 0.08946078431372549
0 0.30514705882352944 0.5261948529411765 0.11274509803921569 0.0860906862745098
0 0.778390522875817 0.4146752450980392 0.0494281045751634 0.08792892156862746
0 0.7945261437908496 0.6462928921568627 0.051470588235294115 0.08486519607843138
0 0.7324346405228758 0.6421568627450981 0.06209150326797386 0.07659313725490197
0 0.6787173202614379 0.6415441176470589 0.04044117647058824 0.07230392156862746
0 0.6362336601307189 0.6475183823529411 0.03308823529411765 0.08425245098039216
0 0.5910947712418301 0.6560968137254902 0.05310457516339869 0.07996323529411764
0 0.5359477124183006 0.6513480392156863 0.04820261437908497 0.08272058823529412
0 0.4805964052287582 0.6539522058823529 0.0559640522875817 0.0818014705882353
0 0.4340277777777778 0.6513480392156863 0.0363562091503268 0.07659313725490197
0 0.38909313725490197 0.6504289215686274 0.05269607843137255 0.0778186274509804
0 0.30126633986928103 0.6415441176470589 0.10498366013071896 0.09987745098039216
0 0.20077614379084968 0.6371017156862745 0.09191176470588236 0.09099264705882353
0 0.07883986928104575 0.5951286764705882 0.06290849673202614 0.016237745098039217
0 0.6687091503267973 0.8962928921568627 0.04084967320261438 0.07383578431372549
0 0.7099673202614379 0.8866421568627451 0.03349673202614379 0.07598039215686274
0 0.7967728758169934 0.8962928921568627 0.0559640522875817 0.07996323529411764
0 0.8504901960784313 0.8978247549019608 0.04656862745098039 0.07077205882352941
0 0.9003267973856209 0.8837316176470589 0.04330065359477124 0.09160539215686274
0 0.9628267973856209 0.8803615196078431 0.07434640522875817 0.08486519607843138
0 0.4679330065359477 0.8765318627450981 0.14501633986928106 0.07720588235294118
0 0.021037581699346407 0.5047487745098039 0.039624183006535946 0.027879901960784315
0 0.8462009803921569 0.6443014705882353 0.053513071895424834 0.08394607843137254
0 0.05371732026143791 0.6934742647058824 0.0625 0.026041666666666668
0 0.1795343137254902 0.8893995098039216 0.0821078431372549 0.0784313725490196
0 0.11907679738562091 0.8311887254901961 0.04616013071895425 0.023284313725490197
0 0.07475490196078431 0.8333333333333334 0.0392156862745098 0.024509803921568627
0 0.1170343137254902 0.7982536764705882 0.04616013071895425 0.027879901960784315
0 0.0676062091503268 0.8016237745098039 0.04125816993464052 0.02849264705882353
0 0.9524101307189542 0.7621017156862745 0.05759803921568627 0.09283088235294118
0 0.8995098039215687 0.7705269607843137 0.03758169934640523 0.07291666666666667
0 0.8488562091503268 0.7728247549019608 0.05473856209150327 0.07751225490196079
0 0.7839052287581699 0.7665441176470589 0.04656862745098039 0.08639705882352941
0 0.7320261437908496 0.7682291666666666 0.04493464052287582 0.08363970588235294
0 0.670751633986928 0.7800245098039216 0.049019607843137254 0.06740196078431372
0 0.4362745098039216 0.7619485294117647 0.11029411764705882 0.08026960784313726
0 0.31352124183006536 0.7699142156862745 0.11315359477124183 0.08394607843137254
0 0.20220588235294118 0.7676164215686274 0.0988562091503268 0.06709558823529412
0 0.1090686274509804 0.6910232843137255 0.03839869281045752 0.0272671568627451
0 0.10866013071895425 0.7228860294117647 0.05392156862745098 0.02971813725490196
0 0.05065359477124183 0.7238051470588235 0.05228758169934641 0.02849264705882353
0 0.9240196078431373 0.6421568627450981 0.07434640522875817 0.09803921568627451
0 0.0196078431372549 0.5370710784313726 0.03839869281045752 0.025122549019607844
0 0.36151960784313725 0.8708639705882353 0.05473856209150327 0.05667892156862745
0 0.024509803921568627 0.592984068627451 0.04493464052287582 0.02971813725490196
0 0.8588643790849673 0.5269607843137255 0.054330065359477125 0.09068627450980392
0 0.2734885620915033 0.8886335784313726 0.07802287581699346 0.07689950980392157
0 0.02042483660130719 0.6262254901960784 0.03676470588235294 0.026348039215686275
0 0.07495915032679738 0.6239276960784313 0.0559640522875817 0.030943627450980393
0 0.12377450980392157 0.6204044117647058 0.03104575163398693 0.03002450980392157
0 0.664828431372549 0.5298713235294118 0.04125816993464052 0.09037990196078431
0 0.6102941176470589 0.5315563725490197 0.058823529411764705 0.06924019607843138
0 0.5473856209150327 0.5318627450980392 0.05065359477124183 0.06985294117647059
0 0.4985702614379085 0.5284926470588235 0.0428921568627451 0.06924019607843138
0 0.4536356209150327 0.5310968137254902 0.03880718954248366 0.07751225490196079
0 0.39828431372549017 0.5286458333333334 0.058823529411764705 0.0818014705882353
0 0.801062091503268 0.5245098039215687 0.05228758169934641 0.08272058823529412
0 0.7285539215686274 0.5232843137254902 0.07066993464052287 0.08946078431372549
