0 0.7303631756756757 0.18300189393939395 0.05363175675675676 0.034564393939393936
0 0.7922297297297297 0.18501420454545456 0.05320945945945946 0.030539772727272728
0 0.7282516891891891 0.21638257575757575 0.05785472972972973 0.027462121212121212
0 0.7928631756756757 0.21721117424242425 0.05447635135135135 0.028172348484848484
0 0.8576858108108109 0.2217092803030303 0.05574324324324324 0.02675189393939394
0 0.8627533783783784 0.1856060606060606 0.05405405405405406 0.036458333333333336
0 0.921875 0.18619791666666666 0.05152027027027027 0.030539772727272728
0 0.9151182432432432 0.22194602272727273 0.05067567567567568 0.031013257575757576
0 0.9763513513513513 0.21957859848484848 0.048986486486486486 0.031013257575757576
0 0.9778293918918919 0.18572443181818182 0.04771959459459459 0.02911931818181818
0 0.24535472972972974 0.2677556818181818 0.07601351351351351 0.04261363636363636
0 0.2622466216216216 0.3111979166666667 0.07094594594594594 0.03716856060606061
0 0.6402027027027027 0.5387073863636364 0.11233108108108109 0.035274621212121215
0 0.6600506756756757 0.17518939393939395 0.07010135135135136 0.028409090909090908
0 0.5869932432432432 0.20679450757575757 0.06587837837837837 0.03480113636363636
0 0.5884712837837838 0.17329545454545456 0.06461148648648649 0.027462121212121212
0 0.5162584459459459 0.17140151515151514 0.06714527027027027 0.028882575757575756
0 0.5147804054054054 0.2090435606060606 0.06672297297297297 0.03977272727272727
0 0.4391891891891892 0.20963541666666666 0.07432432432432433 0.04095643939393939
0 0.43771114864864863 0.17057291666666666 0.07136824324324324 0.030539772727272728
0 0.36739864864864863 0.16737689393939395 0.06503378378378379 0.029829545454545456
0 0.36697635135135137 0.20561079545454544 0.06672297297297297 0.03716856060606061
0 0.2924408783783784 0.20785984848484848 0.07136824324324324 0.03977272727272727
0 0.2920185810810811 0.1650094696969697 0.0620777027027027 0.029829545454545456
0 0.2274070945945946 0.2138967803030303 0.04011824324324324 0.042376893939393936
0 0.9588260135135135 0.8682528409090909 0.08234797297297297 0.038115530303030304
0 0.9584037162162162 0.8174715909090909 0.08572635135135136 0.06060606060606061
0 0.8488175675675675 0.875 0.11486486486486487 0.036458333333333336
0 0.6587837837837838 0.21081912878787878 0.06841216216216216 0.033854166666666664
0 0.33319256756756754 0.3125 0.0633445945945946 0.032196969696969696
0 0.3999155405405405 0.2707149621212121 0.059966216216216214 0.0390625
0 0.40730574324324326 0.3153409090909091 0.05785472972972973 0.03361742424242424
0 0.7347972972972973 0.8810369318181818 0.10050675675675676 0.03669507575757576
0 0.7725929054054054 0.39429450757575757 0.06545608108108109 0.03622159090909091
0 0.700168918918919 0.3925189393939394 0.06165540540540541 0.04214015151515151
0 0.6273226351351351 0.39429450757575757 0.07390202702702703 0.04332386363636364
0 0.5409628378378378 0.39204545454545453 0.06841216216216216 0.04071969696969697
0 0.44594594594594594 0.39109848484848486 0.07094594594594594 0.04498106060606061
0 0.36655405405405406 0.39086174242424243 0.06587837837837837 0.04071969696969697
0 0.27702702702702703 0.3879024621212121 0.08361486486486487 0.044270833333333336
0 0.8847128378378378 0.42921401515151514 0.13513513513513514 0.03361742424242424
0 0.9778293918918919 0.4307528409090909 0.04771959459459459 0.035274621212121215
0 0.9782516891891891 0.38896780303030304 0.044341216216216214 0.04214015151515151
0 0.8874577702702703 0.3918087121212121 0.13217905405405406 0.038825757575757576
0 0.9001266891891891 0.31486742424242425 0.05532094594594594 0.06581439393939394
0 0.3232685810810811 0.27107007575757575 0.06376689189189189 0.04071969696969697
0 0.8460726351351351 0.29663825757575757 0.048564189189189186 0.032670454545454544
0 0.965160472972973 0.3269412878787879 0.06967905405405406 0.029356060606060608
0 0.96875 0.2909564393939394 0.06418918918918919 0.034564393939393936
0 0.8268581081081081 0.2668087121212121 0.05827702702702703 0.017992424242424244
0 0.7759712837837838 0.2937973484848485 0.051942567567567564 0.03361742424242424
0 0.7789273648648649 0.32788825757575757 0.05616554054054054 0.025094696969696968
0 0.7141047297297297 0.3212594696969697 0.0633445945945946 0.03361742424242424
0 0.7084037162162162 0.2801846590909091 0.05616554054054054 0.029592803030303032
0 0.6378800675675675 0.27367424242424243 0.06714527027027027 0.04971590909090909
0 0.6372466216216216 0.32173295454545453 0.07685810810810811 0.032670454545454544
0 0.557643581081081 0.3194839015151515 0.0629222972972973 0.03480113636363636
0 0.5551097972972973 0.2760416666666667 0.0789695945945946 0.04024621212121212
0 0.47635135135135137 0.27379261363636365 0.07601351351351351 0.042376893939393936
0 0.47909628378378377 0.3162878787878788 0.07305743243243243 0.03409090909090909
0 0.8410050675675675 0.3294270833333333 0.05616554054054054 0.024384469696969696
0 0.8342483108108109 0.8243371212121212 0.09839527027027027 0.05634469696969697
0 0.2747043918918919 0.6006155303030303 0.07052364864864864 0.03835227272727273
0 0.5848817567567568 0.8293087121212122 0.10472972972972973 0.05350378787878788
0 0.37880067567567566 0.74609375 0.07347972972972973 0.040009469696969696
0 0.45903716216216217 0.7451467803030303 0.0625 0.03480113636363636
0 0.6940456081081081 0.7352035984848485 0.11782094594594594 0.042850378787878785
0 0.6805320945945946 0.6921164772727273 0.11444256756756757 0.035274621212121215
0 0.7858952702702703 0.6937736742424242 0.08277027027027027 0.027225378787878788
0 0.8752111486486487 0.6893939393939394 0.06967905405405406 0.028882575757575756
0 0.9609375 0.6856060606060606 0.078125 0.03409090909090909
0 0.9721283783783784 0.73046875 0.057432432432432436 0.030539772727272728
0 0.8027871621621622 0.7322443181818182 0.08277027027027027 0.036931818181818184
0 0.8940033783783784 0.7275094696969697 0.07685810810810811 0.036458333333333336
0 0.5244932432432432 0.5372869318181818 0.10388513513513513 0.033380681818181816
0 0.7461993243243243 0.5371685606060606 0.09375 0.03361742424242424
0 0.739231418918919 0.4969223484848485 0.08826013513513513 0.03740530303030303
0 0.6347128378378378 0.4953835227272727 0.10135135135135136 0.040482954545454544
0 0.5223817567567568 0.49562026515151514 0.10810810810810811 0.042376893939393936
0 0.40266047297297297 0.4970407196969697 0.10599662162162163 0.044270833333333336
0 0.40625 0.5417850378787878 0.11993243243243243 0.03858901515151515
0 0.28842905405405406 0.5447443181818182 0.10219594594594594 0.03740530303030303
0 0.7208614864864865 0.8322679924242424 0.11993243243243243 0.04995265151515151
0 0.2856841216216216 0.7540246212121212 0.07474662162162163 0.045928030303030304
0 0.28483952702702703 0.4989346590909091 0.11190878378378379 0.04758522727272727
0 0.5540540540540541 0.6903409090909091 0.11570945945945946 0.017518939393939392
0 0.45713682432432434 0.70703125 0.06714527027027027 0.03196022727272727
0 0.35916385135135137 0.6021543560606061 0.07221283783783784 0.042850378787878785
0 0.44003378378378377 0.5996685606060606 0.07601351351351351 0.043087121212121215
0 0.5202702702702703 0.5963541666666666 0.0777027027027027 0.04214015151515151
0 0.6009290540540541 0.5946969696969697 0.07263513513513513 0.03835227272727273
0 0.699535472972973 0.5930397727272727 0.09839527027027027 0.039299242424242424
0 0.801097972972973 0.5918560606060606 0.08783783783783784 0.04403409090909091
0 0.8980152027027027 0.5883049242424242 0.08910472972972973 0.039299242424242424
0 0.9774070945945946 0.5887784090909091 0.046875 0.03835227272727273
0 0.9771959459459459 0.6302083333333334 0.0464527027027027 0.039299242424242424
0 0.9011824324324325 0.6313920454545454 0.09121621621621621 0.041666666666666664
0 0.26836993243243246 0.6474905303030303 0.08319256756756757 0.047821969696969696
0 0.3572635135135135 0.6476089015151515 0.07263513513513513 0.038115530303030304
0 0.4448902027027027 0.6458333333333334 0.08150337837837837 0.04403409090909091
0 0.5316722972972973 0.6409801136363636 0.06672297297297297 0.03953598484848485
0 0.6106418918918919 0.6390861742424242 0.07516891891891891 0.04095643939393939
0 0.6999577702702703 0.6381392045454546 0.09079391891891891 0.040482954545454544
0 0.801731418918919 0.6387310606060606 0.08910472972972973 0.039299242424242424
0 0.296875 0.7120028409090909 0.07601351351351351 0.031486742424242424
0 0.37563344594594594 0.7058475378787878 0.0629222972972973 0.029592803030303032
0 0.5614442567567568 0.7289299242424242 0.13048986486486486 0.045928030303030304
0 0.8424831081081081 0.4734848484848485 0.10726351351351351 0.019412878787878788
0 0.22001689189189189 0.16962594696969696 0.026182432432432432 0.044270833333333336
0 0.965793918918919 0.5150331439393939 0.07094594594594594 0.06605113636363637
0 0.7029138513513513 0.43323863636363635 0.07136824324324324 0.030303030303030304
0 0.6176097972972973 0.4348958333333333 0.07136824324324324 0.026988636363636364
0 0.5386402027027027 0.4318181818181818 0.07643581081081081 0.028409090909090908
0 0.4560810810810811 0.4330018939393939 0.07347972972972973 0.030776515151515152
0 0.3684543918918919 0.43205492424242425 0.08657094594594594 0.032670454545454544
0 0.27618243243243246 0.4315814393939394 0.08192567567567567 0.03361742424242424
0 0.7755489864864865 0.4325284090909091 0.07136824324324324 0.026988636363636364
0 0.2922297297297297 0.8468276515151515 0.08783783783783784 0.052083333333333336
0 0.39252533783783783 0.8345170454545454 0.08319256756756757 0.050189393939393936
0 0.484375 0.8252840909090909 0.08361486486486487 0.04971590909090909
0 0.5002111486486487 0.8716856060606061 0.07643581081081081 0.026515151515151516
0 0.502956081081081 0.904592803030303 0.07347972972972973 0.02793560606060606
0 0.40434966216216217 0.9102746212121212 0.08994932432432433 0.030776515151515152
0 0.40202702702702703 0.8770123106060606 0.07263513513513513 0.020596590909090908
0 0.8650760135135135 0.5179924242424242 0.12204391891891891 0.06486742424242424
0 0.613597972972973 0.8881392045454546 0.11908783783783784 0.04379734848484849
0 0.2985641891891892 0.9193892045454546 0.10050675675675676 0.03196022727272727
0 0.2989864864864865 0.8897964015151515 0.0945945945945946 0.022490530303030304
