0 0.6474673202614379 0.07919730392156862 0.06045751633986928 0.09712009803921569
0 0.5804738562091504 0.6783088235294118 0.041666666666666664 0.0857843137254902
0 0.5314542483660131 0.6536458333333334 0.049836601307189546 0.08118872549019608
0 0.7160947712418301 0.3212316176470588 0.05473856209150327 0.10998774509803921
0 0.7994281045751634 0.328125 0.0988562091503268 0.11825980392156862
0 0.9242238562091504 0.32199754901960786 0.13766339869281047 0.13541666666666666
0 0.920751633986928 0.16145833333333334 0.06045751633986928 0.11887254901960784
0 0.8484477124183006 0.17616421568627452 0.0661764705882353 0.12990196078431374
0 0.7716503267973857 0.1878063725490196 0.0727124183006536 0.10723039215686274
0 0.6315359477124183 0.727328431372549 0.051470588235294115 0.0784313725490196
0 0.7107843137254902 0.19776348039215685 0.04656862745098039 0.10814950980392157
0 0.6691176470588235 0.21262254901960784 0.03022875816993464 0.07965686274509803
0 0.6288807189542484 0.21951593137254902 0.04616013071895425 0.0818014705882353
0 0.9272875816993464 0.6282169117647058 0.028594771241830064 0.10324754901960784
0 0.6917892156862745 0.7544424019607843 0.06004901960784314 0.0940563725490196
0 0.7606209150326797 0.8040747549019608 0.05718954248366013 0.078125
0 0.6472630718954249 0.647671568627451 0.06658496732026144 0.07965686274509803
0 0.7714460784313726 0.7173713235294118 0.07230392156862746 0.0940563725490196
0 0.42953431372549017 0.15747549019607843 0.026552287581699346 0.061274509803921566
0 0.45935457516339867 0.14950980392156862 0.026552287581699346 0.061887254901960786
0 0.7820669934640523 0.0470281862745098 0.05841503267973856 0.08670343137254902
0 0.7377450980392157 0.06311274509803921 0.02696078431372549 0.0821078431372549
0 0.9724264705882353 0.6344975490196079 0.04534313725490196 0.08823529411764706
0 0.8316993464052288 0.04090073529411765 0.029411764705882353 0.0744485294117647
0 0.8944035947712419 0.03799019607843137 0.09109477124183006 0.07536764705882353
0 0.7111928104575164 0.45588235294117646 0.015522875816993464 0.07230392156862746
0 0.7657271241830066 0.4728860294117647 0.08619281045751634 0.1014093137254902
0 0.5968137254901961 0.10493259803921569 0.02696078431372549 0.08486519607843138
0 0.8598856209150327 0.8619791666666666 0.11764705882352941 0.07138480392156862
0 0.8905228758169934 0.6534926470588235 0.035130718954248366 0.07169117647058823
0 0.9375 0.7533700980392157 0.06535947712418301 0.09681372549019608
0 0.869281045751634 0.4834558823529412 0.11437908496732026 0.1133578431372549
0 0.8049428104575164 0.5928308823529411 0.0690359477124183 0.10232843137254902
0 0.5618872549019608 0.11274509803921569 0.030637254901960783 0.08639705882352941
0 0.5136846405228758 0.13143382352941177 0.0363562091503268 0.07107843137254902
0 0.4846813725490196 0.13939950980392157 0.016748366013071895 0.08088235294117647
0 0.8590686274509803 0.6462928921568627 0.01715686274509804 0.07689950980392157
0 0.8545751633986928 0.7604166666666666 0.06862745098039216 0.12438725490196079
0 0.3911356209150327 0.5785845588235294 0.024101307189542485 0.06341911764705882
0 0.4775326797385621 0.42003676470588236 0.03758169934640523 0.06311274509803921
0 0.41830065359477125 0.47824754901960786 0.04003267973856209 0.05330882352941176
0 0.41830065359477125 0.39950980392156865 0.03594771241830065 0.06678921568627451
0 0.49836601307189543 0.23192401960784315 0.03431372549019608 0.08272058823529412
0 0.5453431372549019 0.42693014705882354 0.09313725490196079 0.07077205882352941
0 0.6368464052287581 0.43535539215686275 0.03594771241830065 0.07720588235294118
0 0.6231617647058824 0.33762254901960786 0.03799019607843137 0.07107843137254902
0 0.5898692810457516 0.3327205882352941 0.02287581699346405 0.07291666666666667
0 0.5553513071895425 0.3272058823529412 0.037173202614379085 0.08394607843137254
0 0.5216503267973857 0.32628676470588236 0.024509803921568627 0.07965686274509803
0 0.45588235294117646 0.3252144607843137 0.04411764705882353 0.0664828431372549
0 0.4152369281045752 0.32337622549019607 0.03308823529411765 0.06403186274509803
0 0.38848039215686275 0.32827818627450983 0.022058823529411766 0.05545343137254902
0 0.400531045751634 0.24739583333333334 0.017565359477124183 0.06341911764705882
0 0.43075980392156865 0.24310661764705882 0.03308823529411765 0.0701593137254902
0 0.5494281045751634 0.22564338235294118 0.0661764705882353 0.07506127450980392
0 0.4609885620915033 0.4950980392156863 0.024101307189542485 0.0625
0 0.4897875816993464 0.5052083333333334 0.027777777777777776 0.0545343137254902
0 0.4650735294117647 0.2415747549019608 0.024918300653594773 0.07322303921568628
0 0.5925245098039216 0.53125 0.0690359477124183 0.07475490196078431
0 0.5251225490196079 0.5151654411764706 0.030637254901960783 0.07138480392156862
0 0.4846813725490196 0.5549938725490197 0.02900326797385621 0.026041666666666668
0 0.4464869281045752 0.5997242647058824 0.08741830065359477 0.05912990196078431
0 0.3541666666666667 0.5419730392156863 0.04656862745098039 0.05024509803921569
