0 0.6854166666666667 0.4146484375 0.029166666666666667 0.094921875
0 0.71953125 0.4107421875 0.0328125 0.094921875
0 0.7510416666666667 0.41015625 0.028125 0.0921875
0 0.784375 0.40859375 0.03125 0.090625
0 0.8166666666666667 0.405078125 0.026041666666666668 0.0875
0 0.8453125 0.4076171875 0.01875 0.079296875
0 0.87109375 0.3708984375 0.022395833333333334 0.080078125
0 0.9919270833333333 0.2720703125 0.015104166666666667 0.089453125
0 0.9197916666666667 0.369140625 0.017708333333333333 0.08515625
0 0.94296875 0.3685546875 0.022395833333333334 0.083203125
0 0.7924479166666667 0.5240234375 0.0328125 0.083984375
0 0.97421875 0.272265625 0.018229166666666668 0.0859375
0 0.9533854166666667 0.2734375 0.015104166666666667 0.07890625
0 0.9065104166666667 0.2955078125 0.033854166666666664 0.037890625
0 0.93515625 0.2560546875 0.019270833333333334 0.111328125
0 0.8674479166666667 0.258984375 0.0390625 0.1125
0 0.8979166666666667 0.3693359375 0.020833333333333332 0.087890625
0 0.47369791666666666 0.4287109375 0.0390625 0.099609375
0 0.7567708333333333 0.7630859375 0.023958333333333335 0.080859375
0 0.7841145833333333 0.75234375 0.0265625 0.09375
0 0.5963541666666666 0.4201171875 0.035416666666666666 0.093359375
0 0.6317708333333333 0.4140625 0.028125 0.10546875
0 0.8278645833333333 0.26875 0.0359375 0.08984375
0 0.5578125 0.417578125 0.035416666666666666 0.11015625
0 0.515625 0.4177734375 0.0375 0.111328125
0 0.30078125 0.864453125 0.0484375 0.11953125
0 0.37994791666666666 0.841796875 0.050520833333333334 0.1140625
0 0.8109375 0.7474609375 0.021875 0.092578125
0 0.4309895833333333 0.8298828125 0.0421875 0.110546875
0 0.5177083333333333 0.8115234375 0.036458333333333336 0.109765625
0 0.5596354166666667 0.803515625 0.0390625 0.11484375
0 0.6033854166666667 0.79375 0.044270833333333336 0.11015625
0 0.6505208333333333 0.7826171875 0.035416666666666666 0.106640625
0 0.6919270833333333 0.771875 0.04010416666666667 0.1
0 0.7299479166666667 0.776171875 0.027604166666666666 0.06796875
0 0.6578125 0.412109375 0.020833333333333332 0.1015625
0 0.47682291666666665 0.8203125 0.04010416666666667 0.1140625
0 0.78203125 0.2763671875 0.0484375 0.074609375
0 0.40677083333333336 0.2564453125 0.04583333333333333 0.130078125
0 0.6924479166666667 0.2779296875 0.0265625 0.073046875
0 0.0765625 0.230859375 0.05 0.13359375
0 0.12838541666666667 0.241796875 0.0453125 0.11015625
0 0.82890625 0.5216796875 0.034895833333333334 0.083203125
0 0.20234375 0.252734375 0.0578125 0.13359375
0 0.26223958333333336 0.2546875 0.049479166666666664 0.128125
0 0.3109375 0.25546875 0.040625 0.1296875
0 0.7604166666666666 0.5216796875 0.026041666666666668 0.109765625
0 0.018489583333333334 0.233203125 0.03697916666666667 0.13203125
0 0.8580729166666666 0.7373046875 0.0203125 0.078515625
0 0.5828125 0.6779296875 0.028125 0.099609375
0 0.5518229166666667 0.682421875 0.0265625 0.0953125
0 0.5182291666666666 0.6896484375 0.029166666666666667 0.096484375
0 0.4869791666666667 0.69609375 0.027083333333333334 0.09609375
0 0.4484375 0.699609375 0.03958333333333333 0.10703125
0 0.728125 0.5232421875 0.03229166666666667 0.108203125
0 0.6395833333333333 0.543359375 0.03958333333333333 0.0921875
0 0.6098958333333333 0.6716796875 0.021875 0.092578125
0 0.73359375 0.284765625 0.043229166666666666 0.05859375
0 0.54921875 0.27109375 0.0421875 0.0875
0 0.9682291666666667 0.5326171875 0.014583333333333334 0.063671875
0 0.6619791666666667 0.279296875 0.026041666666666668 0.0734375
0 0.6302083333333334 0.275390625 0.030208333333333334 0.0828125
0 0.24453125 0.8771484375 0.05364583333333333 0.120703125
0 0.18151041666666667 0.8951171875 0.0515625 0.103515625
0 0.12265625 0.911328125 0.05364583333333333 0.11328125
0 0.0328125 0.9373046875 0.065625 0.121484375
0 0.0203125 0.774609375 0.03958333333333333 0.12890625
0 0.58671875 0.271484375 0.0265625 0.0921875
0 0.07421875 0.7669921875 0.050520833333333334 0.122265625
0 0.17916666666666667 0.74765625 0.041666666666666664 0.10625
0 0.23125 0.7404296875 0.04791666666666667 0.119921875
0 0.28098958333333335 0.730078125 0.0484375 0.11875
0 0.32734375 0.721875 0.04114583333333333 0.115625
0 0.37057291666666664 0.7162109375 0.03697916666666667 0.110546875
0 0.40859375 0.704296875 0.0328125 0.11328125
0 0.3580729166666667 0.2548828125 0.044270833333333336 0.126953125
0 0.13177083333333334 0.757421875 0.046875 0.12109375
0 0.8697916666666666 0.540625 0.034375 0.0640625
0 0.9864583333333333 0.534375 0.017708333333333333 0.04765625
0 0.88671875 0.4556640625 0.05260416666666667 0.022265625
0 0.49322916666666666 0.5642578125 0.0375 0.105078125
0 0.4518229166666667 0.5720703125 0.043229166666666666 0.108203125
0 0.4088541666666667 0.5787109375 0.0375 0.106640625
0 0.36484375 0.5857421875 0.0453125 0.111328125
0 0.3143229166666667 0.5908203125 0.050520833333333334 0.112109375
0 0.26458333333333334 0.5935546875 0.036458333333333336 0.120703125
0 0.21953125 0.598828125 0.04635416666666667 0.121875
0 0.16614583333333333 0.5943359375 0.053125 0.147265625
0 0.03125 0.6080078125 0.0625 0.154296875
0 0.1 0.6029296875 0.06041666666666667 0.147265625
0 0.1515625 0.408984375 0.06770833333333333 0.16328125
0 0.08125 0.421875 0.06666666666666667 0.1421875
0 0.022916666666666665 0.4251953125 0.04583333333333333 0.150390625
0 0.21979166666666666 0.4427734375 0.059375 0.112109375
0 0.27708333333333335 0.43984375 0.052083333333333336 0.10859375
0 0.33177083333333335 0.43515625 0.052083333333333336 0.10390625
0 0.9041666666666667 0.546875 0.030208333333333334 0.046875
0 0.4234375 0.430078125 0.057291666666666664 0.1015625
0 0.953125 0.5400390625 0.013541666666666667 0.049609375
0 0.5278645833333333 0.5576171875 0.0296875 0.111328125
0 0.5567708333333333 0.5484375 0.023958333333333335 0.0984375
0 0.5778645833333333 0.555859375 0.016145833333333335 0.078125
0 0.6041666666666666 0.5525390625 0.027083333333333334 0.083203125
0 0.98515625 0.5923828125 0.027604166666666666 0.051171875
0 0.94609375 0.60390625 0.016145833333333335 0.03828125
0 0.9283854166666666 0.607421875 0.015104166666666667 0.04140625
0 0.8825520833333333 0.7365234375 0.021354166666666667 0.073046875
0 0.9075520833333334 0.7333984375 0.0234375 0.070703125
0 0.9466145833333334 0.7228515625 0.03177083333333333 0.064453125
0 0.97421875 0.718359375 0.021354166666666667 0.06328125
0 0.99375 0.71484375 0.014583333333333334 0.06953125
0 0.8833333333333333 0.666015625 0.04791666666666667 0.02109375
0 0.9322916666666666 0.551953125 0.022916666666666665 0.0265625
0 0.9520833333333333 0.6546875 0.05 0.03046875
0 0.8825520833333333 0.6138671875 0.024479166666666666 0.043359375
0 0.8526041666666667 0.618359375 0.03229166666666667 0.046875
0 0.7950520833333333 0.641796875 0.027604166666666666 0.08359375
0 0.8213541666666667 0.6505859375 0.019791666666666666 0.054296875
0 0.7622395833333333 0.6462890625 0.027604166666666666 0.084765625
0 0.7325520833333333 0.651953125 0.0265625 0.090625
0 0.7026041666666667 0.654296875 0.029166666666666667 0.08984375
0 0.6674479166666667 0.6603515625 0.034895833333333334 0.099609375
0 0.6346354166666667 0.6673828125 0.025520833333333333 0.094140625
0 0.9078125 0.6109375 0.021875 0.040625
0 0.9916666666666667 0.4560546875 0.016666666666666666 0.058984375
0 0.83515625 0.740625 0.0203125 0.08515625
0 0.9677083333333333 0.462890625 0.028125 0.0484375
0 0.9403645833333333 0.465625 0.024479166666666666 0.0484375
0 0.8807291666666667 0.4841796875 0.053125 0.028515625
