0 0.8184895833333333 0.544921875 0.03177083333333333 0.02734375
0 0.7794270833333333 0.5515625 0.03697916666666667 0.0359375
0 0.7408854166666666 0.55 0.0328125 0.03984375
0 0.7848958333333333 0.5138671875 0.03854166666666667 0.034765625
0 0.7401041666666667 0.516796875 0.051041666666666666 0.02890625
0 0.7046875 0.5548828125 0.03125 0.053515625
0 0.6763020833333333 0.5630859375 0.025520833333333333 0.037109375
0 0.63359375 0.5498046875 0.06197916666666667 0.084765625
0 0.5807291666666666 0.5533203125 0.04895833333333333 0.077734375
0 0.48776041666666664 0.58671875 0.04739583333333333 0.025
0 0.48984375 0.5587890625 0.043229166666666666 0.030859375
0 0.4630208333333333 0.5220703125 0.05625 0.019921875
0 0.4421875 0.5634765625 0.04583333333333333 0.021484375
0 0.4427083333333333 0.59375 0.04479166666666667 0.040625
0 0.38619791666666664 0.569140625 0.06927083333333334 0.090625
0 0.31796875 0.5779296875 0.0640625 0.108203125
0 0.85703125 0.5216796875 0.0453125 0.073828125
0 0.9033854166666667 0.52578125 0.022395833333333334 0.04453125
0 0.92421875 0.5271484375 0.019270833333333334 0.041796875
0 0.9234375 0.4859375 0.020833333333333332 0.0421875
0 0.425 0.6521484375 0.040625 0.021484375
0 0.5203125 0.6642578125 0.042708333333333334 0.016796875
0 0.47421875 0.671484375 0.04635416666666667 0.03125
0 0.4322916666666667 0.678125 0.03958333333333333 0.01796875
0 0.5197916666666667 0.69296875 0.04791666666666667 0.0359375
0 0.47421875 0.70078125 0.04010416666666667 0.01796875
0 0.42864583333333334 0.7109375 0.051041666666666666 0.03828125
0 0.3723958333333333 0.7181640625 0.05416666666666667 0.023828125
0 0.37421875 0.688671875 0.0578125 0.02265625
0 0.37578125 0.66484375 0.0546875 0.02265625
0 0.3203125 0.70625 0.052083333333333336 0.09140625
0 0.25755208333333335 0.706640625 0.0734375 0.08984375
0 0.18385416666666668 0.7537109375 0.06041666666666667 0.044140625
0 0.12682291666666667 0.761328125 0.05260416666666667 0.02890625
0 0.06770833333333333 0.765234375 0.03958333333333333 0.0859375
0 0.025 0.7689453125 0.04375 0.077734375
0 0.9580729166666667 0.509765625 0.0359375 0.0671875
0 0.25833333333333336 0.615234375 0.05625 0.03359375
0 0.18958333333333333 0.628515625 0.065625 0.04296875
0 0.9830729166666666 0.769921875 0.025520833333333333 0.08828125
0 0.18203125 0.58515625 0.0671875 0.0453125
0 0.43802083333333336 0.4166015625 0.07395833333333333 0.120703125
0 0.30364583333333334 0.421484375 0.05416666666666667 0.128125
0 0.24609375 0.42265625 0.0609375 0.12578125
0 0.18177083333333333 0.425 0.05625 0.13046875
0 0.11901041666666666 0.42421875 0.06822916666666666 0.13125
0 0.9466145833333334 0.1947265625 0.016145833333333335 0.084765625
0 0.96796875 0.2005859375 0.0265625 0.073828125
0 0.99140625 0.2091796875 0.019270833333333334 0.080078125
0 0.027083333333333334 0.2349609375 0.04479166666666667 0.112890625
0 0.016666666666666666 0.3890625 0.020833333333333332 0.09453125
0 0.04791666666666667 0.391015625 0.03854166666666667 0.09296875
0 0.09973958333333334 0.2666015625 0.058854166666666666 0.120703125
0 0.18151041666666667 0.272265625 0.03697916666666667 0.134375
0 0.22942708333333334 0.27265625 0.058854166666666666 0.13515625
0 0.2869791666666667 0.27578125 0.05625 0.1296875
0 0.33567708333333335 0.27265625 0.034895833333333334 0.1234375
0 0.37994791666666666 0.275390625 0.043229166666666666 0.12578125
0 0.49661458333333336 0.4193359375 0.043229166666666666 0.116015625
0 0.5372395833333333 0.4166015625 0.03802083333333333 0.108984375
0 0.5739583333333333 0.4162109375 0.035416666666666666 0.109765625
0 0.6111979166666667 0.412890625 0.0390625 0.10390625
0 0.11901041666666666 0.5935546875 0.05572916666666667 0.028515625
0 0.15729166666666666 0.5416015625 0.0875 0.035546875
0 0.06015625 0.6353515625 0.030729166666666665 0.083984375
0 0.024479166666666666 0.6392578125 0.03333333333333333 0.094140625
0 0.04791666666666667 0.5193359375 0.04479166666666667 0.086328125
0 0.01484375 0.5193359375 0.0203125 0.086328125
0 0.9880208333333333 0.40390625 0.026041666666666668 0.06953125
0 0.9559895833333333 0.4087890625 0.03802083333333333 0.079296875
0 0.4713541666666667 0.6400390625 0.04375 0.023828125
0 0.9197916666666667 0.4068359375 0.03333333333333333 0.082421875
0 0.86796875 0.4064453125 0.019270833333333334 0.091015625
0 0.8424479166666666 0.4041015625 0.03177083333333333 0.098046875
0 0.8169270833333333 0.4052734375 0.019270833333333334 0.095703125
0 0.79140625 0.4068359375 0.03177083333333333 0.099609375
0 0.75859375 0.4099609375 0.033854166666666664 0.093359375
0 0.7200520833333334 0.417578125 0.043229166666666666 0.08828125
0 0.6856770833333333 0.41171875 0.025520833333333333 0.09921875
0 0.6513020833333333 0.4138671875 0.04635416666666667 0.105078125
0 0.8895833333333333 0.4107421875 0.027083333333333334 0.084765625
0 0.12760416666666666 0.63046875 0.06041666666666667 0.040625
0 0.5765625 0.659375 0.040625 0.071875
0 0.6203125 0.6517578125 0.04479166666666667 0.087109375
0 0.6611979166666667 0.766796875 0.06927083333333334 0.0296875
0 0.7119791666666667 0.7349609375 0.04583333333333333 0.057421875
0 0.6736979166666667 0.730078125 0.0328125 0.03828125
0 0.6427083333333333 0.73125 0.029166666666666667 0.0359375
0 0.5994791666666667 0.75703125 0.057291666666666664 0.08515625
0 0.55625 0.775 0.051041666666666666 0.0609375
0 0.51796875 0.79453125 0.025520833333333333 0.05390625
0 0.47890625 0.809375 0.0234375 0.03828125
0 0.4778645833333333 0.7697265625 0.025520833333333333 0.041015625
0 0.4375 0.795703125 0.05625 0.0921875
0 0.371875 0.8103515625 0.059375 0.064453125
0 0.3106770833333333 0.828515625 0.06197916666666667 0.10078125
0 0.24453125 0.8396484375 0.0765625 0.080078125
0 0.18854166666666666 0.8716796875 0.035416666666666666 0.062109375
0 0.14453125 0.8826171875 0.049479166666666664 0.050390625
0 0.07578125 0.8869140625 0.0328125 0.080078125
0 0.03515625 0.8865234375 0.0515625 0.077734375
0 0.7609375 0.7306640625 0.05416666666666667 0.037109375
0 0.9682291666666667 0.585546875 0.0375 0.07265625
0 0.7609375 0.694140625 0.04791666666666667 0.02890625
0 0.83515625 0.7123046875 0.05572916666666667 0.045703125
0 0.9432291666666667 0.7787109375 0.05416666666666667 0.073046875
0 0.87890625 0.8310546875 0.04114583333333333 0.048046875
0 0.8333333333333334 0.82421875 0.05520833333333333 0.0703125
0 0.7770833333333333 0.8328125 0.057291666666666664 0.0875
0 0.721875 0.8568359375 0.046875 0.070703125
0 0.6690104166666667 0.9021484375 0.04010416666666667 0.051171875
0 0.6619791666666667 0.8513671875 0.05416666666666667 0.050390625
0 0.6098958333333333 0.909375 0.042708333333333334 0.0921875
0 0.55078125 0.921484375 0.08489583333333334 0.08046875
0 0.47239583333333335 0.931640625 0.071875 0.10078125
0 0.39791666666666664 0.976953125 0.051041666666666666 0.04765625
0 0.3268229166666667 0.969140625 0.09114583333333333 0.06328125
0 0.23958333333333334 0.9736328125 0.04791666666666667 0.048046875
0 0.9875 0.6697265625 0.017708333333333333 0.055859375
0 0.9640625 0.6689453125 0.029166666666666667 0.057421875
0 0.9208333333333333 0.6818359375 0.041666666666666664 0.084765625
0 0.878125 0.6994140625 0.03958333333333333 0.044140625
0 0.7997395833333333 0.7212890625 0.0265625 0.030078125
0 0.51953125 0.636328125 0.0546875 0.03203125
0 0.9255208333333333 0.5927734375 0.04479166666666667 0.085546875
0 0.5651041666666666 0.2890625 0.036458333333333336 0.1078125
0 0.2765625 0.108203125 0.05416666666666667 0.12890625
0 0.3333333333333333 0.1125 0.059375 0.13828125
0 0.4205729166666667 0.1265625 0.0796875 0.1234375
0 0.4875 0.132421875 0.05416666666666667 0.13515625
0 0.5302083333333333 0.1421875 0.020833333333333332 0.11640625
0 0.5484375 0.1439453125 0.015625 0.117578125
0 0.5786458333333333 0.1427734375 0.04479166666666667 0.119921875
0 0.625 0.1474609375 0.04479166666666667 0.117578125
0 0.7322916666666667 0.1625 0.04791666666666667 0.10703125
0 0.8927083333333333 0.188671875 0.023958333333333335 0.08515625
0 0.9200520833333333 0.191796875 0.030729166666666665 0.07890625
0 0.8200520833333333 0.5923828125 0.034895833333333334 0.019140625
0 0.7903645833333334 0.594140625 0.0265625 0.02265625
0 0.759375 0.5970703125 0.035416666666666666 0.016796875
0 0.73046875 0.64765625 0.025520833333333333 0.03828125
0 0.42578125 0.276171875 0.049479166666666664 0.12578125
0 0.6921875 0.6435546875 0.035416666666666666 0.077734375
0 0.2109375 0.099609375 0.07604166666666666 0.1390625
0 0.89140625 0.6205078125 0.030729166666666665 0.039453125
0 0.08359375 0.0810546875 0.05572916666666667 0.144921875
0 0.7645833333333333 0.625390625 0.036458333333333336 0.028125
0 0.6020833333333333 0.291015625 0.034375 0.09921875
0 0.6338541666666667 0.289453125 0.030208333333333334 0.096875
0 0.7018229166666666 0.2939453125 0.03177083333333333 0.100390625
0 0.7375 0.2994140625 0.03333333333333333 0.097265625
0 0.8041666666666667 0.29453125 0.04479166666666667 0.0875
0 0.8385416666666666 0.2978515625 0.014583333333333334 0.094140625
0 0.86328125 0.2998046875 0.034895833333333334 0.091015625
0 0.8963541666666667 0.3005859375 0.020833333333333332 0.090234375
0 0.9174479166666667 0.3044921875 0.022395833333333334 0.081640625
0 0.9473958333333333 0.3044921875 0.027083333333333334 0.081640625
0 0.9807291666666667 0.30703125 0.03958333333333333 0.0765625
0 0.853125 0.62265625 0.04375 0.04453125
0 0.81796875 0.6396484375 0.024479166666666666 0.019921875
0 0.7888020833333333 0.64453125 0.0328125 0.02734375
0 0.7643229166666666 0.647265625 0.019270833333333334 0.0234375
0 0.8236979166666667 0.6142578125 0.0234375 0.012890625
0 0.79765625 0.6173828125 0.028645833333333332 0.019140625
0 0.028645833333333332 0.1005859375 0.05416666666666667 0.105078125
0 0.6619791666666667 0.66171875 0.0125 0.0359375
0 0.5291666666666667 0.2841796875 0.041666666666666664 0.112890625
