0 0.4886558219178082 0.765625 0.047517123287671235 0.10721153846153846
0 0.5368150684931506 0.7657451923076923 0.045376712328767124 0.10504807692307692
0 0.5896832191780822 0.7643028846153846 0.04580479452054795 0.10504807692307692
0 0.640625 0.7645432692307692 0.04580479452054795 0.10504807692307692
0 0.691138698630137 0.7647836538461539 0.05008561643835616 0.10504807692307692
0 0.9599743150684932 0.7667067307692308 0.05008561643835616 0.10504807692307692
0 0.7973030821917808 0.7652644230769231 0.05008561643835616 0.10504807692307692
0 0.4364297945205479 0.7641826923076923 0.047517123287671235 0.10721153846153846
0 0.8491010273972602 0.7667067307692308 0.05008561643835616 0.10504807692307692
0 0.9013270547945206 0.7676682692307693 0.05008561643835616 0.10504807692307692
0 0.7450770547945206 0.7669471153846154 0.05008561643835616 0.10504807692307692
0 0.3842037671232877 0.7653846153846153 0.047517123287671235 0.10721153846153846
0 0.336472602739726 0.6423076923076924 0.04366438356164384 0.08605769230769231
0 0.2810359589041096 0.7682692307692308 0.047517123287671235 0.1110576923076923
0 0.1740154109589041 0.3426682692307692 0.02868150684931507 0.08100961538461539
0 0.128638698630137 0.3408653846153846 0.02868150684931507 0.08076923076923077
0 0.0916095890410959 0.340625 0.02910958904109589 0.08317307692307692
0 0.05115582191780822 0.34471153846153846 0.03210616438356165 0.07403846153846154
0 0.016909246575342467 0.34314903846153844 0.03210616438356165 0.07524038461538461
0 0.9426369863013698 0.2329326923076923 0.02482876712328767 0.06971153846153846
0 0.916095890410959 0.2326923076923077 0.02482876712328767 0.06971153846153846
0 0.8882705479452054 0.2342548076923077 0.023972602739726026 0.07139423076923077
0 0.8606592465753424 0.23401442307692308 0.023544520547945206 0.07139423076923077
0 0.8341181506849316 0.2329326923076923 0.026113013698630137 0.07163461538461538
0 0.803082191780822 0.23317307692307693 0.032534246575342464 0.07355769230769231
0 0.7686215753424658 0.23389423076923077 0.029537671232876712 0.07355769230769231
0 0.3336900684931507 0.7657451923076923 0.047517123287671235 0.11081730769230769
0 0.675513698630137 0.23846153846153847 0.039383561643835614 0.06153846153846154
0 0.5896832191780822 0.25216346153846153 0.11429794520547945 0.02980769230769231
0 0.449486301369863 0.20973557692307693 0.1506849315068493 0.11274038461538462
0 0.2870291095890411 0.21983173076923077 0.041523972602739725 0.08870192307692308
0 0.052226027397260275 0.5451923076923076 0.029965753424657533 0.08653846153846154
0 0.018407534246575343 0.5448317307692307 0.03339041095890411 0.08485576923076923
0 0.9762414383561644 0.44302884615384613 0.03724315068493151 0.09230769230769231
0 0.9263698630136986 0.4419471153846154 0.04366438356164384 0.09302884615384616
0 0.869220890410959 0.44483173076923077 0.0389554794520548 0.08870192307692308
0 0.8050085616438356 0.44302884615384613 0.04238013698630137 0.09230769230769231
0 0.20954623287671234 0.34326923076923077 0.029537671232876712 0.0798076923076923
0 0.7166095890410958 0.44266826923076924 0.02910958904109589 0.08918269230769231
0 0.6226455479452054 0.44146634615384617 0.0389554794520548 0.08918269230769231
0 0.5779109589041096 0.4400240384615385 0.03767123287671233 0.09158653846153846
0 0.5363869863013698 0.4420673076923077 0.038527397260273974 0.09038461538461538
0 0.488013698630137 0.44134615384615383 0.038527397260273974 0.09182692307692308
0 0.4437071917808219 0.44146634615384617 0.04238013698630137 0.08918269230769231
0 0.09524828767123288 0.21802884615384616 0.1819349315068493 0.09471153846153846
0 0.670804794520548 0.44158653846153845 0.05136986301369863 0.08942307692307692
0 0.246361301369863 0.3425480769230769 0.029537671232876712 0.0798076923076923
0 0.2827482876712329 0.34375 0.029537671232876712 0.0798076923076923
0 0.3345462328767123 0.3486778846153846 0.0663527397260274 0.024759615384615383
0 0.8876284246575342 0.37235576923076924 0.07148972602739725 0.017788461538461538
0 0.9462756849315068 0.33822115384615387 0.026113013698630137 0.06826923076923076
0 0.978595890410959 0.33978365384615383 0.02910958904109589 0.06899038461538462
0 0.049443493150684935 0.44915865384615383 0.03296232876712329 0.07524038461538461
0 0.08261986301369863 0.4450721153846154 0.023972602739726026 0.08197115384615385
0 0.11001712328767123 0.44567307692307695 0.026541095890410957 0.08317307692307692
0 0.8878424657534246 0.35084134615384616 0.06335616438356165 0.021875
0 0.14190924657534246 0.4466346153846154 0.02868150684931507 0.08221153846153846
0 0.20612157534246575 0.44627403846153846 0.029537671232876712 0.084375
0 0.23544520547945205 0.44543269230769234 0.026541095890410957 0.08269230769230769
0 0.2669092465753425 0.4450721153846154 0.027825342465753425 0.084375
0 0.3035102739726027 0.44483173076923077 0.029965753424657533 0.08389423076923076
0 0.3480308219178082 0.44014423076923076 0.04023972602739726 0.09182692307692308
0 0.3946917808219178 0.4420673076923077 0.036815068493150686 0.09038461538461538
0 0.1733732876712329 0.44519230769230766 0.029965753424657533 0.08221153846153846
0 0.09995719178082192 0.5438701923076923 0.05008561643835616 0.08918269230769231
0 0.8904109589041096 0.3268028846153846 0.0684931506849315 0.023317307692307693
0 0.806720890410959 0.34411057692307695 0.02440068493150685 0.08004807692307692
0 0.3358304794520548 0.37295673076923075 0.06892123287671233 0.018990384615384614
0 0.3854880136986301 0.3425480769230769 0.02696917808219178 0.07932692307692307
0 0.4201626712328767 0.3425480769230769 0.02696917808219178 0.07932692307692307
0 0.4546232876712329 0.34302884615384616 0.02910958904109589 0.07788461538461539
0 0.4920804794520548 0.3425480769230769 0.03125 0.08028846153846154
0 0.5278253424657534 0.3435096153846154 0.031678082191780824 0.08028846153846154
0 0.834332191780822 0.3426682692307692 0.026541095890410957 0.07956730769230769
0 0.5622859589041096 0.34435096153846156 0.02868150684931507 0.08004807692307692
0 0.6247859589041096 0.3445913461538462 0.02868150684931507 0.08004807692307692
0 0.676583904109589 0.3269230769230769 0.07320205479452055 0.021153846153846155
0 0.6738013698630136 0.3507211538461538 0.06678082191780822 0.019230769230769232
0 0.6752996575342466 0.3734375 0.0646404109589041 0.019951923076923075
0 0.7407962328767124 0.3424278846153846 0.03724315068493151 0.07908653846153846
0 0.7788955479452054 0.3421875 0.026113013698630137 0.07620192307692308
0 0.5935359589041096 0.34411057692307695 0.02868150684931507 0.08004807692307692
0 0.15689212328767124 0.5430288461538462 0.0449486301369863 0.08990384615384615
0 0.7337328767123288 0.23341346153846154 0.032534246575342464 0.07355769230769231
0 0.2510702054794521 0.5415865384615385 0.04409246575342466 0.08942307692307692
0 0.016695205479452056 0.6425480769230769 0.032534246575342464 0.08221153846153846
0 0.05351027397260274 0.6436298076923077 0.036815068493150686 0.08341346153846153
0 0.10038527397260275 0.6448317307692307 0.03724315068493151 0.08341346153846153
0 0.14533390410958905 0.6448317307692307 0.040667808219178085 0.0829326923076923
0 0.19071061643835616 0.6438701923076923 0.040667808219178085 0.0829326923076923
0 0.23908390410958905 0.6429086538461538 0.040667808219178085 0.0829326923076923
0 0.2857448630136986 0.6423076923076924 0.040667808219178085 0.08269230769230769
0 0.3848458904109589 0.6421875 0.04366438356164384 0.08581730769230769
0 0.4368578767123288 0.640625 0.04409246575342466 0.08605769230769231
0 0.4805222602739726 0.6424278846153846 0.03638698630136986 0.084375
0 0.5205479452054794 0.6414663461538461 0.03595890410958904 0.084375
0 0.5639982876712328 0.6405048076923077 0.03638698630136986 0.084375
0 0.883347602739726 0.5421875 0.05008561643835616 0.08822115384615385
0 0.2046232876712329 0.544110576923077 0.039383561643835614 0.08966346153846154
0 0.6847174657534246 0.6412259615384616 0.03638698630136986 0.084375
0 0.7232448630136986 0.6414663461538461 0.03638698630136986 0.084375
0 0.764554794520548 0.6395432692307692 0.03595890410958904 0.084375
0 0.8045804794520548 0.6414663461538461 0.03638698630136986 0.084375
0 0.8458904109589042 0.6407451923076923 0.03595890410958904 0.084375
0 0.8893407534246576 0.6423076923076924 0.03638698630136986 0.08413461538461539
0 0.9464897260273972 0.6407451923076923 0.03595890410958904 0.084375
0 0.02226027397260274 0.7626201923076923 0.04023972602739726 0.11610576923076923
0 0.0721318493150685 0.7662259615384616 0.047517123287671235 0.11081730769230769
0 0.12371575342465753 0.768389423076923 0.04708904109589041 0.11081730769230769
0 0.1759417808219178 0.7680288461538461 0.04708904109589041 0.1110576923076923
0 0.2281678082191781 0.7682692307692308 0.04708904109589041 0.1110576923076923
0 0.646404109589041 0.6409855769230769 0.03595890410958904 0.084375
0 0.789597602739726 0.5444711538461539 0.04238013698630137 0.09038461538461538
0 0.6042380136986302 0.6412259615384616 0.03638698630136986 0.084375
0 0.6759417808219178 0.5426682692307693 0.04195205479452055 0.08870192307692308
0 0.2994434931506849 0.5439903846153846 0.04409246575342466 0.09182692307692308
0 0.5346746575342466 0.5438701923076923 0.04195205479452055 0.08870192307692308
0 0.4413527397260274 0.5423076923076923 0.038527397260273974 0.08846153846153847
0 0.3964041095890411 0.5433894230769231 0.04366438356164384 0.090625
0 0.3497431506849315 0.5433894230769231 0.04366438356164384 0.090625
0 0.4845890410958904 0.5435096153846154 0.038527397260273974 0.08846153846153847
0 0.7204623287671232 0.5424278846153846 0.04195205479452055 0.08870192307692308
0 0.5834760273972602 0.544110576923077 0.04195205479452055 0.08870192307692308
0 0.6309931506849316 0.5426682692307693 0.04195205479452055 0.08870192307692308
