0 0.7431066176470589 0.6188725490196079 0.02971813725490196 0.14787581699346405
0 0.7869178921568627 0.43852124183006536 0.03768382352941176 0.14991830065359477
0 0.7529105392156863 0.43423202614379086 0.02665441176470588 0.16094771241830066
0 0.7172181372549019 0.4285130718954248 0.03002450980392157 0.15196078431372548
0 0.6819852941176471 0.4258578431372549 0.03125 0.14419934640522875
0 0.6473651960784313 0.4201388888888889 0.030637254901960783 0.14338235294117646
0 0.6063112745098039 0.40788398692810457 0.03002450980392157 0.1474673202614379
0 0.5727634803921569 0.409109477124183 0.02971813725490196 0.15400326797385622
0 0.5424325980392157 0.40236928104575165 0.02420343137254902 0.14297385620915032
0 0.5180759803921569 0.40093954248366015 0.02267156862745098 0.1482843137254902
0 0.49034926470588236 0.3960375816993464 0.022365196078431373 0.1409313725490196
0 0.4609375 0.39562908496732024 0.02665441176470588 0.14011437908496732
0 0.4341299019607843 0.38786764705882354 0.02389705882352941 0.13194444444444445
0 0.4108455882352941 0.3868464052287582 0.0196078431372549 0.13480392156862744
0 0.38848039215686275 0.38480392156862747 0.016544117647058824 0.125
0 0.36519607843137253 0.38255718954248363 0.02144607843137255 0.12867647058823528
0 0.8265931372549019 0.44812091503267976 0.03370098039215686 0.1715686274509804
0 0.8688725490196079 0.4540441176470588 0.041666666666666664 0.15890522875816993
0 0.9096200980392157 0.4599673202614379 0.031862745098039214 0.17238562091503268
0 0.9512867647058824 0.46200980392156865 0.04534313725490196 0.16830065359477125
0 0.42110906862745096 0.6674836601307189 0.024816176470588234 0.10457516339869281
0 0.39537377450980393 0.6621732026143791 0.02297794117647059 0.12009803921568628
0 0.36871936274509803 0.6503267973856209 0.020526960784313725 0.10375816993464053
0 0.3350183823529412 0.6382761437908496 0.0272671568627451 0.11070261437908496
0 0.3088235294117647 0.6262254901960784 0.020833333333333332 0.10130718954248366
0 0.28829656862745096 0.6227532679738562 0.015931372549019607 0.11233660130718955
0 0.2691482843137255 0.6156045751633987 0.013786764705882353 0.10457516339869281
0 0.3391544117647059 0.3776552287581699 0.026348039215686275 0.1270424836601307
0 0.25275735294117646 0.6115196078431373 0.012867647058823529 0.10294117647058823
0 0.21767769607843138 0.5982434640522876 0.013174019607843137 0.10416666666666667
0 0.20036764705882354 0.5888480392156863 0.012867647058823529 0.09763071895424837
0 0.18305759803921567 0.5853758169934641 0.014399509803921568 0.09558823529411764
0 0.16651348039215685 0.579248366013072 0.013786764705882353 0.08905228758169935
0 0.15196078431372548 0.5747549019607843 0.009191176470588236 0.09477124183006536
0 0.13848039215686275 0.5678104575163399 0.012867647058823529 0.0857843137254902
0 0.12285539215686274 0.5645424836601307 0.011642156862745098 0.0923202614379085
0 0.23651960784313725 0.6047794117647058 0.014705882352941176 0.09844771241830065
0 0.4716605392156863 0.7034313725490197 0.015625 0.09395424836601307
0 0.3134191176470588 0.3698937908496732 0.02022058823529412 0.11723856209150327
0 0.2737438725490196 0.3627450980392157 0.01685049019607843 0.11601307189542484
0 0.5845588235294118 0.2536764705882353 0.024509803921568627 0.11356209150326797
0 0.5271139705882353 0.25449346405228757 0.02542892156862745 0.10212418300653595
0 0.5009191176470589 0.2563316993464052 0.020833333333333332 0.10743464052287582
0 0.47671568627450983 0.2514297385620915 0.022058823529411766 0.10334967320261437
0 0.45174632352941174 0.25163398692810457 0.02297794117647059 0.10049019607843138
0 0.42693014705882354 0.25040849673202614 0.02297794117647059 0.09722222222222222
0 0.4030330882352941 0.25040849673202614 0.021139705882352942 0.09803921568627451
0 0.30667892156862747 0.24877450980392157 0.03370098039215686 0.08905228758169935
0 0.2614889705882353 0.23284313725490197 0.024816176470588234 0.1111111111111111
0 0.23743872549019607 0.23304738562091504 0.01838235294117647 0.10661764705882353
0 0.21706495098039216 0.23161764705882354 0.018075980392156864 0.10866013071895425
0 0.18642769607843138 0.2354983660130719 0.02297794117647059 0.09926470588235294
0 0.16268382352941177 0.23427287581699346 0.023284313725490197 0.10089869281045752
0 0.13480392156862744 0.2312091503267974 0.024509803921568627 0.0923202614379085
0 0.11029411764705882 0.23243464052287582 0.018995098039215685 0.08986928104575163
0 0.6122855392156863 0.25735294117647056 0.02665441176470588 0.119281045751634
0 0.6421568627450981 0.2608251633986928 0.022058823529411766 0.11315359477124183
0 0.6706495098039216 0.25980392156862747 0.03125 0.11437908496732026
0 0.7069546568627451 0.26123366013071897 0.02971813725490196 0.11723856209150327
0 0.25536151960784315 0.36356209150326796 0.014399509803921568 0.11601307189542484
0 0.23713235294117646 0.3602941176470588 0.015931372549019607 0.10866013071895425
0 0.22135416666666666 0.3584558823529412 0.01133578431372549 0.10825163398692811
0 0.20481004901960784 0.3562091503267974 0.014399509803921568 0.10866013071895425
0 0.18826593137254902 0.3533496732026144 0.015012254901960785 0.1111111111111111
0 0.16636029411764705 0.349468954248366 0.020833333333333332 0.10743464052287582
0 0.14276960784313725 0.3443627450980392 0.0196078431372549 0.09803921568627451
0 0.2942708333333333 0.36764705882352944 0.016237745098039217 0.119281045751634
0 0.12224264705882353 0.34272875816993464 0.014705882352941176 0.10049019607843138
0 0.984375 0.2636846405228758 0.03125 0.14419934640522875
0 0.9473039215686274 0.2681781045751634 0.037377450980392156 0.13602941176470587
0 0.9042585784313726 0.2647058823529412 0.040747549019607844 0.1323529411764706
0 0.8604473039215687 0.26633986928104575 0.03462009803921569 0.1323529411764706
0 0.8186274509803921 0.2636846405228758 0.042279411764705885 0.12622549019607843
0 0.7801776960784313 0.2651143790849673 0.02971813725490196 0.125
0 0.7406556372549019 0.26062091503267976 0.03462009803921569 0.11764705882352941
0 0.1095281862745098 0.34395424836601307 0.011948529411764705 0.09722222222222222
0 0.4921875 0.7087418300653595 0.01685049019607843 0.09313725490196079
0 0.5549938725490197 0.2551062091503268 0.02849264705882353 0.10988562091503268
0 0.5350796568627451 0.7263071895424836 0.022365196078431373 0.09640522875816994
0 0.29901960784313725 0.4944852941176471 0.014093137254901961 0.0959967320261438
0 0.27956495098039214 0.49611928104575165 0.017463235294117647 0.10253267973856209
0 0.2610294117647059 0.49060457516339867 0.012254901960784314 0.10130718954248366
0 0.24509803921568626 0.4867238562091503 0.012867647058823529 0.09926470588235294
0 0.22794117647058823 0.4826388888888889 0.016544117647058824 0.09926470588235294
0 0.20986519607843138 0.47855392156862747 0.012867647058823529 0.10580065359477124
0 0.19301470588235295 0.4730392156862745 0.013480392156862746 0.09803921568627451
0 0.17524509803921567 0.4679330065359477 0.012254901960784314 0.09681372549019608
0 0.16053921568627452 0.4638480392156863 0.011029411764705883 0.0959967320261438
0 0.14414828431372548 0.46262254901960786 0.012561274509803922 0.0959967320261438
0 0.13158700980392157 0.4579248366013072 0.01011029411764706 0.09068627450980392
0 0.11887254901960784 0.45751633986928103 0.013480392156862746 0.0915032679738562
0 0.7821691176470589 0.9354575163398693 0.03002450980392157 0.061274509803921566
0 0.749234068627451 0.9307598039215687 0.02297794117647059 0.04616013071895425
0 0.7075674019607843 0.9852941176470589 0.0272671568627451 0.03104575163398693
0 0.3170955882352941 0.5040849673202614 0.01838235294117647 0.10866013071895425
0 0.3414522058823529 0.5098039215686274 0.017463235294117647 0.10294117647058823
0 0.3633578431372549 0.5173611111111112 0.020833333333333332 0.11887254901960784
0 0.38587622549019607 0.5259395424836601 0.020526960784313725 0.12377450980392157
0 0.5137867647058824 0.7212009803921569 0.015931372549019607 0.0959967320261438
0 0.9612438725490197 0.6768790849673203 0.03829656862745098 0.17238562091503268
0 0.9122242647058824 0.6609477124183006 0.04381127450980392 0.1568627450980392
0 0.8655024509803921 0.6472630718954249 0.0428921568627451 0.15073529411764705
0 0.8229166666666666 0.6401143790849673 0.03370098039215686 0.1576797385620915
0 0.7847732843137255 0.6341911764705882 0.0352328431372549 0.15318627450980393
0 0.7071078431372549 0.608047385620915 0.03002450980392157 0.14419934640522875
0 0.6747855392156863 0.9779411764705882 0.02420343137254902 0.0392156862745098
0 0.671109068627451 0.5955882352941176 0.03400735294117647 0.13970588235294118
0 0.5690870098039216 0.5725081699346405 0.026041666666666668 0.1352124183006536
0 0.5428921568627451 0.5680147058823529 0.023284313725490197 0.13766339869281047
0 0.515625 0.5522875816993464 0.02144607843137255 0.12254901960784313
0 0.4877450980392157 0.5508578431372549 0.023284313725490197 0.13112745098039216
0 0.45894607843137253 0.5430964052287581 0.024509803921568627 0.12050653594771242
0 0.4332107843137255 0.5379901960784313 0.022058823529411766 0.12254901960784313
0 0.4091605392156863 0.5308415032679739 0.021752450980392156 0.1147875816993464
0 0.5995710784313726 0.5780228758169934 0.028186274509803922 0.14460784313725492
0 0.7089460784313726 0.9248366013071896 0.028186274509803922 0.07026143790849673
0 0.6358762254901961 0.5957924836601307 0.03216911764705882 0.1343954248366013
0 0.6393995098039216 0.9536356209150327 0.03002450980392157 0.054330065359477125
0 0.15625 0.6740196078431373 0.012254901960784314 0.0661764705882353
0 0.13602941176470587 0.6723856209150327 0.018995098039215685 0.07761437908496732
0 0.9571078431372549 0.8698937908496732 0.03370098039215686 0.16053921568627452
0 0.9131433823529411 0.8533496732026143 0.0352328431372549 0.1511437908496732
0 0.8771446078431373 0.8425245098039216 0.026348039215686275 0.16380718954248366
0 0.836703431372549 0.826797385620915 0.03676470588235294 0.14624183006535948
0 0.7988664215686274 0.8135212418300654 0.023590686274509803 0.1621732026143791
0 0.7611825980392157 0.7977941176470589 0.02971813725490196 0.15359477124183007
0 0.7193627450980392 0.7828839869281046 0.028186274509803922 0.13766339869281047
0 0.65625 0.7624591503267973 0.023284313725490197 0.13031045751633988
0 0.6280637254901961 0.766748366013072 0.02022058823529412 0.11437908496732026
0 0.6035539215686274 0.7512254901960784 0.018995098039215685 0.11356209150326797
0 0.5819546568627451 0.7383578431372549 0.02297794117647059 0.10498366013071896
0 0.6753982843137255 0.9095179738562091 0.02542892156862745 0.08047385620915033
0 0.5583639705882353 0.7352941176470589 0.01991421568627451 0.10702614379084967
0 0.17003676470588236 0.6905637254901961 0.012867647058823529 0.07802287581699346
0 0.18596813725490197 0.6921977124183006 0.012867647058823529 0.07312091503267974
0 0.6897977941176471 0.7775735294117647 0.026041666666666668 0.13848039215686275
0 0.21614583333333334 0.7089460784313726 0.01991421568627451 0.07802287581699346
0 0.20052083333333334 0.7048611111111112 0.009497549019607842 0.08619281045751634
0 0.5664828431372549 0.8764297385620915 0.01715686274509804 0.13602941176470587
0 0.5435049019607843 0.8629493464052288 0.02022058823529412 0.11723856209150327
0 0.5217524509803921 0.8533496732026143 0.018995098039215685 0.12990196078431374
0 0.4728860294117647 0.8310866013071896 0.01991421568627451 0.1017156862745098
0 0.45067401960784315 0.8157679738562091 0.018995098039215685 0.1184640522875817
0 0.6340379901960784 0.8839869281045751 0.030330882352941176 0.041666666666666664
0 0.43014705882352944 0.8026960784313726 0.015931372549019607 0.10457516339869281
0 0.49724264705882354 0.8384395424836601 0.020833333333333332 0.12295751633986927
0 0.5906862745098039 0.8901143790849673 0.023284313725490197 0.12418300653594772
0 0.3788296568627451 0.7798202614379085 0.02542892156862745 0.10457516339869281
0 0.3356311274509804 0.7602124183006536 0.024816176470588234 0.08415032679738563
0 0.3091299019607843 0.7563316993464052 0.0196078431372549 0.09027777777777778
0 0.2772671568627451 0.7422385620915033 0.02389705882352941 0.08741830065359477
0 0.25536151960784315 0.7277369281045751 0.016237745098039217 0.07802287581699346
0 0.4146752450980392 0.7696078431372549 0.01011029411764706 0.049019607843137254
0 0.23682598039215685 0.7195669934640523 0.013480392156862746 0.09027777777777778
