0 0.19273504273504274 0.6819711538461538 0.09572649572649573 0.05625
0 0.28931623931623934 0.6813701923076924 0.06923076923076923 0.057451923076923074
0 0.37072649572649574 0.7200721153846154 0.047435897435897434 0.023798076923076922
0 0.4168803418803419 0.7193509615384616 0.04230769230769231 0.024759615384615383
0 0.45534188034188033 0.7143028846153846 0.026923076923076925 0.04158653846153846
0 0.4829059829059829 0.7140625 0.02564102564102564 0.04110576923076923
0 0.5106837606837606 0.7103365384615384 0.023931623931623933 0.046153846153846156
0 0.5367521367521367 0.7092548076923076 0.018803418803418803 0.04639423076923077
0 0.5788461538461539 0.7091346153846154 0.05 0.03894230769230769
0 0.6384615384615384 0.7121394230769231 0.05042735042735043 0.04495192307692308
0 0.7 0.713701923076923 0.046153846153846156 0.04038461538461539
0 0.7517094017094017 0.7149038461538462 0.040170940170940174 0.04038461538461539
0 0.8051282051282052 0.7134615384615385 0.0547008547008547 0.047596153846153844
0 0.8482905982905983 0.713701923076923 0.022222222222222223 0.04807692307692308
0 0.9621794871794872 0.713701923076923 0.03888888888888889 0.04807692307692308
0 0.9141025641025641 0.7127403846153846 0.039316239316239315 0.05096153846153846
0 0.976068376068376 0.5875 0.04871794871794872 0.06009615384615385
0 0.9258547008547009 0.5866586538461539 0.03632478632478633 0.06322115384615384
0 0.8777777777777778 0.5847355769230769 0.042735042735042736 0.059375
0 0.7914529914529914 0.5896634615384615 0.040170940170940174 0.051923076923076926
0 0.7487179487179487 0.5867788461538461 0.03418803418803419 0.05096153846153846
0 0.6985042735042735 0.5870192307692308 0.06111111111111111 0.04903846153846154
0 0.6329059829059829 0.5867788461538461 0.05726495726495726 0.04855769230769231
0 0.5739316239316239 0.5838942307692307 0.044444444444444446 0.052403846153846155
0 0.5271367521367522 0.5832932692307692 0.03888888888888889 0.056490384615384616
0 0.48504273504273504 0.5824519230769231 0.038461538461538464 0.05721153846153846
0 0.8760683760683761 0.7109375 0.024786324786324785 0.05216346153846154
0 0.8354700854700855 0.5897836538461538 0.040170940170940174 0.05216346153846154
0 0.7108974358974359 0.9001201923076924 0.07222222222222222 0.026682692307692307
0 0.028846153846153848 0.771875 0.031196581196581197 0.040865384615384616
0 0.7886752136752136 0.9004807692307693 0.06538461538461539 0.025961538461538463
0 0.872008547008547 0.9016826923076923 0.08675213675213675 0.025961538461538463
0 0.9585470085470086 0.8998798076923077 0.08034188034188035 0.024759615384615383
0 0.9826923076923076 0.7925480769230769 0.026923076923076925 0.04471153846153846
0 0.9478632478632478 0.7932692307692307 0.028205128205128206 0.046153846153846156
0 0.9158119658119658 0.7960336538461539 0.02564102564102564 0.04447115384615385
0 0.8833333333333333 0.790625 0.026495726495726495 0.05336538461538461
0 0.8536324786324786 0.7909855769230769 0.02435897435897436 0.054086538461538464
0 0.8115384615384615 0.7938701923076923 0.042735042735042736 0.04399038461538462
0 0.7660256410256411 0.7947115384615384 0.03803418803418803 0.04423076923076923
0 0.7222222222222222 0.7923076923076923 0.03333333333333333 0.047115384615384615
0 0.675 0.7883413461538461 0.031196581196581197 0.04879807692307692
0 0.625 0.7878605769230769 0.04145299145299145 0.05024038461538462
0 0.08354700854700854 0.6867788461538461 0.07905982905982906 0.04375
0 0.5771367521367521 0.7858173076923077 0.04230769230769231 0.05384615384615385
0 0.44743589743589746 0.5814903846153846 0.03333333333333333 0.055288461538461536
0 0.5754273504273504 0.9080528846153846 0.06538461538461539 0.01658653846153846
0 0.5004273504273504 0.9044471153846154 0.06495726495726496 0.011778846153846154
0 0.42799145299145297 0.9037259615384615 0.06452991452991454 0.01514423076923077
0 0.352991452991453 0.8945913461538462 0.0641025641025641 0.018990384615384614
0 0.24465811965811965 0.8760817307692308 0.05 0.06610576923076923
0 0.18504273504273505 0.8758413461538461 0.05384615384615385 0.07043269230769231
0 0.020512820512820513 0.8822115384615384 0.03675213675213675 0.05384615384615385
0 0.3032051282051282 0.7657451923076923 0.04401709401709402 0.040625
0 0.2519230769230769 0.7694711538461538 0.04658119658119658 0.04567307692307692
0 0.2014957264957265 0.7680288461538461 0.04230769230769231 0.047596153846153844
0 0.1420940170940171 0.7681490384615385 0.04658119658119658 0.04783653846153846
0 0.08055555555555556 0.7698317307692307 0.04658119658119658 0.04399038461538462
0 0.7196581196581197 0.8796875 0.07264957264957266 0.008894230769230769
0 0.40405982905982907 0.5807692307692308 0.04316239316239316 0.05625
0 0.4284188034188034 0.49447115384615387 0.04401709401709402 0.04951923076923077
0 0.32051282051282054 0.6103365384615385 0.039316239316239315 0.03413461538461538
0 0.5833333333333334 0.26911057692307694 0.04188034188034188 0.09302884615384616
0 0.5476495726495727 0.27728365384615383 0.026923076923076925 0.07764423076923077
0 0.4822649572649573 0.28665865384615385 0.03290598290598291 0.051682692307692304
0 0.44551282051282054 0.27439903846153846 0.03376068376068376 0.07427884615384615
0 0.39829059829059826 0.2795673076923077 0.02735042735042735 0.06490384615384616
0 0.8542735042735042 0.3825721153846154 0.06923076923076923 0.065625
0 0.7792735042735043 0.38185096153846154 0.06025641025641026 0.07139423076923077
0 0.7141025641025641 0.37680288461538464 0.06153846153846154 0.06899038461538462
0 0.6414529914529915 0.39050480769230766 0.05641025641025641 0.04158653846153846
0 0.5741452991452991 0.3737980769230769 0.06282051282051282 0.07019230769230769
0 0.49273504273504276 0.3719951923076923 0.05811965811965812 0.07139423076923077
0 0.3111111111111111 0.3479567307692308 0.0641025641025641 0.065625
0 0.23675213675213674 0.34447115384615384 0.06068376068376068 0.06826923076923076
0 0.14551282051282052 0.34002403846153845 0.06282051282051282 0.06706730769230769
0 0.033547008547008546 0.23245192307692308 0.06282051282051282 0.07692307692307693
0 0.1123931623931624 0.23822115384615383 0.07094017094017094 0.07596153846153846
0 0.1985042735042735 0.23834134615384617 0.05854700854700855 0.08100961538461539
0 0.3386752136752137 0.14086538461538461 0.07051282051282051 0.06394230769230769
0 0.2376068376068376 0.1360576923076923 0.07948717948717948 0.06201923076923077
0 0.14572649572649574 0.13257211538461539 0.08034188034188035 0.06754807692307692
0 0.05705128205128205 0.13052884615384616 0.08333333333333333 0.06586538461538462
0 0.4675213675213675 0.13149038461538462 0.1 0.10480769230769231
0 0.5636752136752137 0.13521634615384615 0.08547008547008547 0.09735576923076923
0 0.6606837606837607 0.13701923076923078 0.08632478632478632 0.09615384615384616
0 0.754059829059829 0.13846153846153847 0.08846153846153847 0.09903846153846153
0 0.8435897435897436 0.12524038461538461 0.07863247863247863 0.12451923076923077
0 0.926923076923077 0.1284855769230769 0.0829059829059829 0.12572115384615384
0 0.6288461538461538 0.26995192307692306 0.03547008547008547 0.08990384615384615
0 0.3626068376068376 0.5801682692307693 0.03547008547008547 0.05793269230769231
0 0.6683760683760683 0.2842548076923077 0.035897435897435895 0.0641826923076923
0 0.7959401709401709 0.28221153846153846 0.0405982905982906 0.0798076923076923
0 0.280982905982906 0.6094951923076923 0.03461538461538462 0.034375
0 0.24188034188034188 0.5954326923076924 0.035897435897435895 0.061057692307692306
0 0.19914529914529913 0.5931490384615384 0.037606837606837605 0.05889423076923077
0 0.16111111111111112 0.6058894230769231 0.02735042735042735 0.04014423076923077
0 0.1326923076923077 0.6027644230769231 0.019230769230769232 0.03870192307692308
0 0.09230769230769231 0.5899038461538462 0.05299145299145299 0.0673076923076923
0 0.03461538461538462 0.5877403846153846 0.05128205128205128 0.06538461538461539
0 0.020512820512820513 0.47427884615384613 0.03675213675213675 0.08317307692307692
0 0.08568376068376068 0.48701923076923076 0.08333333333333333 0.06201923076923077
0 0.1675213675213675 0.4858173076923077 0.05384615384615385 0.05673076923076923
0 0.23547008547008547 0.4935096153846154 0.04871794871794872 0.05
0 0.30256410256410254 0.49158653846153844 0.06495726495726496 0.058653846153846154
0 0.37948717948717947 0.49483173076923076 0.042735042735042736 0.06033653846153846
0 0.7519230769230769 0.2824519230769231 0.0405982905982906 0.07548076923076923
0 0.5269230769230769 0.4963942307692308 0.042735042735042736 0.05336538461538461
0 0.808974358974359 0.5006009615384616 0.040170940170940174 0.05456730769230769
0 0.7632478632478632 0.5004807692307692 0.041025641025641026 0.05673076923076923
0 0.7185897435897436 0.49963942307692305 0.03974358974358974 0.057451923076923074
0 0.6711538461538461 0.49819711538461536 0.045726495726495724 0.056971153846153845
0 0.6262820512820513 0.4971153846153846 0.03974358974358974 0.05961538461538462
0 0.9636752136752137 0.5151442307692308 0.06837606837606838 0.03413461538461538
0 0.8863247863247863 0.5155048076923077 0.07179487179487179 0.03245192307692308
0 0.9700854700854701 0.48088942307692306 0.06324786324786325 0.03245192307692308
0 0.8876068376068376 0.4778846153846154 0.07435897435897436 0.036057692307692304
0 0.9506410256410256 0.2804086538461538 0.06452991452991454 0.08629807692307692
0 0.8938034188034188 0.2770432692307692 0.03376068376068376 0.09447115384615384
0 0.8412393162393162 0.28125 0.03888888888888889 0.07788461538461539
0 0.4752136752136752 0.4947115384615385 0.041025641025641026 0.052403846153846155
0 0.708974358974359 0.2861778846153846 0.03333333333333333 0.065625
