0 0.48999183006535946 0.7905943627450981 0.03553921568627451 0.04871323529411765
0 0.16053921568627452 0.37637867647058826 0.04003267973856209 0.06464460784313726
0 0.2937091503267974 0.37607230392156865 0.03022875816993464 0.05667892156862745
0 0.252859477124183 0.37576593137254904 0.03758169934640523 0.06341911764705882
0 0.20506535947712418 0.37484681372549017 0.03431372549019608 0.06770833333333333
0 0.03594771241830065 0.3560049019607843 0.05310457516339869 0.08823529411764706
0 0.07822712418300654 0.36151960784313725 0.03145424836601307 0.07291666666666667
0 0.11968954248366014 0.35355392156862747 0.027777777777777776 0.08272058823529412
0 0.09334150326797386 0.4725796568627451 0.08047385620915033 0.03707107843137255
0 0.17320261437908496 0.47518382352941174 0.07924836601307189 0.03370098039215686
0 0.09252450980392157 0.5116421568627451 0.07066993464052287 0.03002450980392157
0 0.17626633986928106 0.5098039215686274 0.068218954248366 0.031862745098039214
0 0.2536764705882353 0.5036764705882353 0.08088235294117647 0.03125
0 0.2512254901960784 0.47503063725490197 0.06535947712418301 0.01991421568627451
0 0.30637254901960786 0.4846813725490196 0.016339869281045753 0.058823529411764705
0 0.3388480392156863 0.4909620098039216 0.03390522875816993 0.05238970588235294
0 0.37969771241830064 0.48422181372549017 0.03227124183006536 0.04932598039215686
0 0.4583333333333333 0.4810049019607843 0.1119281045751634 0.023284313725490197
0 0.45874183006535946 0.5055147058823529 0.10620915032679738 0.02144607843137255
0 0.5827205882352942 0.4600183823529412 0.04534313725490196 0.03707107843137255
0 0.6254084967320261 0.4571078431372549 0.027777777777777776 0.05943627450980392
0 0.6638071895424836 0.47457107843137253 0.026143790849673203 0.04350490196078431
0 0.7071078431372549 0.46798406862745096 0.035130718954248366 0.048100490196078434
0 0.7404003267973857 0.4653799019607843 0.020833333333333332 0.05330882352941176
0 0.7738970588235294 0.46721813725490197 0.02900326797385621 0.04779411764705882
0 0.3304738562091503 0.37668504901960786 0.03104575163398693 0.05361519607843137
0 0.8149509803921569 0.4696691176470588 0.041666666666666664 0.051470588235294115
0 0.36580882352941174 0.37423406862745096 0.024101307189542485 0.0585171568627451
0 0.43790849673202614 0.37316176470588236 0.028594771241830064 0.056372549019607844
0 0.04044117647058824 0.2181372549019608 0.061274509803921566 0.08639705882352941
0 0.1170343137254902 0.20848651960784315 0.0363562091503268 0.09528186274509803
0 0.2281454248366013 0.2601102941176471 0.05514705882352941 0.014705882352941176
0 0.2928921568627451 0.24908088235294118 0.06454248366013073 0.015931372549019607
0 0.25 0.23330269607843138 0.0988562091503268 0.011948529411764705
0 0.5418709150326797 0.7781862745098039 0.024918300653594773 0.0508578431372549
0 0.3770424836601307 0.25995710784313725 0.07434640522875817 0.013174019607843137
0 0.5614787581699346 0.22166053921568626 0.1474673202614379 0.08731617647058823
0 0.5502450980392157 0.13985906862745098 0.1388888888888889 0.046262254901960786
0 0.8907271241830066 0.21737132352941177 0.16789215686274508 0.07751225490196079
0 0.9499591503267973 0.3521752450980392 0.03553921568627451 0.06893382352941177
0 0.911968954248366 0.35232843137254904 0.03799019607843137 0.06862745098039216
0 0.8782679738562091 0.3515625 0.028594771241830064 0.07873774509803921
0 0.8506944444444444 0.3521752450980392 0.026552287581699346 0.07506127450980392
0 0.8229166666666666 0.3518688725490196 0.0298202614379085 0.07567401960784313
0 0.7794117647058824 0.35294117647058826 0.031862745098039214 0.0778186274509804
0 0.7459150326797386 0.35462622549019607 0.028594771241830064 0.07873774509803921
0 0.7066993464052288 0.34911151960784315 0.028594771241830064 0.0664828431372549
0 0.6317401960784313 0.3481924019607843 0.03553921568627451 0.07261029411764706
0 0.6717728758169934 0.3512561274509804 0.0298202614379085 0.06464460784313726
0 0.5541258169934641 0.3636642156862745 0.03799019607843137 0.06678921568627451
0 0.5059232026143791 0.37025122549019607 0.030637254901960783 0.057904411764705885
0 0.4728349673202614 0.36871936274509803 0.03145424836601307 0.0628063725490196
0 0.4025735294117647 0.37362132352941174 0.030637254901960783 0.053002450980392156
0 0.8684640522875817 0.46721813725490197 0.042483660130718956 0.04963235294117647
0 0.460375816993464 0.45450367647058826 0.10947712418300654 0.0272671568627451
0 0.9123774509803921 0.5643382352941176 0.03553921568627451 0.05392156862745098
0 0.27062908496732024 0.7106311274509803 0.07066993464052287 0.06464460784313726
0 0.3431372549019608 0.7058823529411765 0.06454248366013073 0.05759803921568627
0 0.4411764705882353 0.6881127450980392 0.09640522875816994 0.06372549019607843
0 0.545547385620915 0.7049632352941176 0.06576797385620915 0.03860294117647059
0 0.6182598039215687 0.6966911764705882 0.0690359477124183 0.03615196078431373
0 0.7657271241830066 0.6465992647058824 0.1409313725490196 0.027879901960784315
0 0.7201797385620915 0.6740196078431373 0.09722222222222222 0.016544117647058824
0 0.9180964052287581 0.46691176470588236 0.03880718954248366 0.05024509803921569
0 0.713031045751634 0.7087928921568627 0.09681372549019608 0.016237745098039217
0 0.8415032679738562 0.6959252450980392 0.13398692810457516 0.018688725490196078
0 0.8472222222222222 0.6708026960784313 0.14215686274509803 0.02297794117647059
0 0.1948529411764706 0.7153799019607843 0.0718954248366013 0.061274509803921566
0 0.8752042483660131 0.7588848039215687 0.07312091503267974 0.051470588235294115
0 0.6934232026143791 0.7859987745098039 0.12459150326797386 0.022365196078431373
0 0.6074346405228758 0.7789522058823529 0.03022875816993464 0.04503676470588235
0 0.5755718954248366 0.7708333333333334 0.02287581699346405 0.061274509803921566
0 0.9803921568627451 0.4564950980392157 0.03839869281045752 0.12377450980392157
0 0.9603758169934641 0.6020220588235294 0.04003267973856209 0.09558823529411764
0 0.9883578431372549 0.7222732843137255 0.023284313725490197 0.11856617647058823
0 0.9409722222222222 0.7368259803921569 0.0428921568627451 0.10416666666666667
0 0.16891339869281047 0.7924325980392157 0.1343954248366013 0.03278186274509804
0 0.18484477124183007 0.8261335784313726 0.14419934640522875 0.026041666666666668
0 0.30943627450980393 0.7847732843137255 0.08700980392156862 0.07935049019607843
0 0.41768790849673204 0.7783394607843137 0.09436274509803921 0.0818014705882353
0 0.7951388888888888 0.766390931372549 0.07148692810457516 0.05361519607843137
0 0.12295751633986927 0.717984068627451 0.06454248366013073 0.06219362745098039
0 0.7199754901960784 0.6928615196078431 0.0886437908496732 0.012561274509803922
0 0.1830065359477124 0.6207107843137255 0.04820261437908497 0.02696078431372549
0 0.8558006535947712 0.5580575980392157 0.026143790849673203 0.0585171568627451
0 0.8137254901960784 0.5716911764705882 0.027777777777777776 0.056372549019607844
0 0.1170343137254902 0.6035539215686274 0.03308823529411765 0.02144607843137255
0 0.7620506535947712 0.5736825980392157 0.024918300653594773 0.060355392156862746
0 0.7312091503267973 0.5738357843137255 0.03594771241830065 0.06433823529411764
0 0.6987336601307189 0.5738357843137255 0.02900326797385621 0.06004901960784314
0 0.6695261437908496 0.5738357843137255 0.029411764705882353 0.06433823529411764
0 0.644812091503268 0.5750612745098039 0.01919934640522876 0.06004901960784314
0 0.6182598039215687 0.5762867647058824 0.03308823529411765 0.06801470588235294
0 0.5861928104575164 0.5793504901960784 0.032679738562091505 0.0661764705882353
0 0.547998366013072 0.5787377450980392 0.025735294117647058 0.058823529411764705
0 0.7873774509803921 0.5732230392156863 0.024918300653594773 0.061274509803921566
0 0.48508986928104575 0.5874693627450981 0.03390522875816993 0.0664828431372549
0 0.4483251633986928 0.5882352941176471 0.03308823529411765 0.06066176470588235
0 0.4150326797385621 0.5906862745098039 0.03349673202614379 0.0661764705882353
0 0.38031045751633985 0.5879289215686274 0.03349673202614379 0.06740196078431372
0 0.338031045751634 0.5922181372549019 0.03227124183006536 0.07169117647058823
0 0.5189950980392157 0.5848651960784313 0.02900326797385621 0.061274509803921566
0 0.30392156862745096 0.5963541666666666 0.03104575163398693 0.06525735294117647
0 0.2661356209150327 0.5977328431372549 0.024918300653594773 0.06495098039215687
0 0.23100490196078433 0.6009497549019608 0.0298202614379085 0.06464460784313726
0 0.1627859477124183 0.5879289215686274 0.046977124183006536 0.028186274509803922
