0 0.4708333333333333 0.5837890625 0.09791666666666667 0.048046875
0 0.46927083333333336 0.533203125 0.09479166666666666 0.0484375
0 0.38697916666666665 0.659765625 0.096875 0.04453125
0 0.4864583333333333 0.6591796875 0.10416666666666667 0.046484375
0 0.5861979166666667 0.6626953125 0.08802083333333334 0.044921875
0 0.68203125 0.6583984375 0.09635416666666667 0.044921875
0 0.7856770833333333 0.6572265625 0.09947916666666666 0.046484375
0 0.8833333333333333 0.653515625 0.090625 0.040625
0 0.3734375 0.533984375 0.090625 0.0453125
0 0.8861979166666667 0.7037109375 0.10364583333333334 0.049609375
0 0.6911458333333333 0.705859375 0.09375 0.04765625
0 0.5888020833333333 0.7078125 0.10260416666666666 0.03984375
0 0.4890625 0.707421875 0.090625 0.04453125
0 0.39036458333333335 0.7080078125 0.09635416666666667 0.042578125
0 0.29453125 0.7095703125 0.09635416666666667 0.048828125
0 0.19739583333333333 0.711328125 0.090625 0.0453125
0 0.09947916666666666 0.7103515625 0.103125 0.044921875
0 0.7872395833333333 0.7076171875 0.09322916666666667 0.043359375
0 0.26927083333333335 0.5341796875 0.09791666666666667 0.044140625
0 0.16588541666666667 0.539453125 0.09947916666666666 0.04921875
0 0.06640625 0.537890625 0.0921875 0.0484375
0 0.17708333333333334 0.4111328125 0.09270833333333334 0.046484375
0 0.2794270833333333 0.409375 0.10989583333333333 0.0453125
0 0.37838541666666664 0.4076171875 0.08802083333333334 0.050390625
0 0.4778645833333333 0.40703125 0.10364583333333334 0.04921875
0 0.5815104166666667 0.40546875 0.09427083333333333 0.0515625
0 0.6807291666666667 0.403125 0.09375 0.04765625
0 0.7807291666666667 0.401171875 0.09375 0.05078125
0 0.8838541666666667 0.398828125 0.10416666666666667 0.0484375
0 0.8903645833333333 0.4501953125 0.10260416666666666 0.047265625
0 0.7864583333333334 0.4513671875 0.09895833333333333 0.044921875
0 0.6877604166666667 0.4525390625 0.10052083333333334 0.051953125
0 0.5817708333333333 0.4564453125 0.10416666666666667 0.044140625
0 0.48151041666666666 0.4544921875 0.09739583333333333 0.046484375
0 0.37916666666666665 0.457421875 0.10208333333333333 0.0484375
0 0.28046875 0.458984375 0.0953125 0.05234375
0 0.17526041666666667 0.4619140625 0.0859375 0.048828125
0 0.062239583333333334 0.4599609375 0.1078125 0.044921875
0 0.10911458333333333 0.7935546875 0.08802083333333334 0.045703125
0 0.20546875 0.7962890625 0.09322916666666667 0.043359375
0 0.30520833333333336 0.795703125 0.10104166666666667 0.046875
0 0.40390625 0.79375 0.09635416666666667 0.0453125
0 0.5744791666666667 0.915625 0.08854166666666667 0.040625
0 0.6643229166666667 0.912890625 0.0890625 0.03984375
0 0.05755208333333333 0.40703125 0.10260416666666666 0.05234375
0 0.7611979166666667 0.9103515625 0.09947916666666666 0.041796875
0 0.8578125 0.91015625 0.09270833333333334 0.040625
0 0.09713541666666667 0.663671875 0.10052083333333334 0.04609375
0 0.07708333333333334 0.5859375 0.09895833333333333 0.040625
0 0.17682291666666666 0.5875 0.0984375 0.0421875
0 0.2747395833333333 0.584765625 0.0984375 0.05
0 0.5682291666666667 0.534375 0.10104166666666667 0.04453125
0 0.66875 0.5302734375 0.09375 0.048046875
0 0.7677083333333333 0.5302734375 0.1 0.049609375
0 0.87109375 0.5275390625 0.10260416666666666 0.048828125
0 0.8736979166666666 0.58046875 0.10364583333333334 0.04765625
0 0.77265625 0.5806640625 0.09739583333333333 0.046484375
0 0.6666666666666666 0.580078125 0.10208333333333333 0.05
0 0.56796875 0.5822265625 0.0953125 0.046484375
0 0.4791666666666667 0.914453125 0.08958333333333333 0.04296875
0 0.37421875 0.586328125 0.0953125 0.04765625
0 0.38177083333333334 0.9154296875 0.090625 0.041015625
0 0.1921875 0.9169921875 0.090625 0.041015625
0 0.49947916666666664 0.79453125 0.08541666666666667 0.04453125
0 0.5947916666666667 0.7919921875 0.09270833333333334 0.048828125
0 0.68984375 0.78984375 0.08697916666666666 0.04453125
0 0.7872395833333333 0.7888671875 0.0984375 0.046484375
0 0.8877604166666667 0.78828125 0.0953125 0.04765625
0 0.96796875 0.7759765625 0.05260416666666667 0.072265625
0 0.9705729166666667 0.8859375 0.0609375 0.09296875
0 0.8625 0.8654296875 0.08958333333333333 0.045703125
0 0.7658854166666667 0.8671875 0.0953125 0.0421875
0 0.6653645833333334 0.8654296875 0.09635416666666667 0.048828125
0 0.56953125 0.8666015625 0.0921875 0.046484375
0 0.47578125 0.8689453125 0.08802083333333334 0.049609375
0 0.37916666666666665 0.8697265625 0.09375 0.046484375
0 0.28671875 0.869140625 0.09114583333333333 0.046875
0 0.18932291666666667 0.8693359375 0.0984375 0.047265625
0 0.09322916666666667 0.8689453125 0.09479166666666666 0.046484375
0 0.09453125 0.915625 0.09947916666666666 0.0421875
0 0.2875 0.9146484375 0.08958333333333333 0.040234375
0 0.07109375 0.329296875 0.10677083333333333 0.05
0 0.19244791666666666 0.663671875 0.09114583333333333 0.04609375
0 0.28411458333333334 0.3248046875 0.10052083333333334 0.041015625
0 0.921875 0.0400390625 0.103125 0.052734375
0 0.8122395833333333 0.0232421875 0.1078125 0.030078125
0 0.7026041666666667 0.0232421875 0.10833333333333334 0.040234375
0 0.5932291666666667 0.024609375 0.10625 0.0421875
0 0.48072916666666665 0.0244140625 0.10520833333333333 0.042578125
0 0.3729166666666667 0.0287109375 0.10208333333333333 0.052734375
0 0.2643229166666667 0.031640625 0.1046875 0.05078125
0 0.16223958333333333 0.030859375 0.10052083333333334 0.0515625
0 0.05416666666666667 0.0306640625 0.1 0.051953125
0 0.9166666666666666 0.09375 0.1 0.053125
0 0.8122395833333333 0.0841796875 0.0984375 0.082421875
0 0.7020833333333333 0.0859375 0.11145833333333334 0.08046875
0 0.4822916666666667 0.0923828125 0.10416666666666667 0.080859375
0 0.37552083333333336 0.09375 0.09895833333333333 0.08125
0 0.26901041666666664 0.0970703125 0.10989583333333333 0.077734375
0 0.16380208333333332 0.0990234375 0.09947916666666666 0.080078125
0 0.055989583333333336 0.101171875 0.09947916666666666 0.07421875
0 0.28671875 0.6595703125 0.0921875 0.041015625
0 0.17473958333333334 0.326953125 0.09947916666666666 0.040625
0 0.065625 0.195703125 0.10729166666666666 0.04921875
0 0.17005208333333333 0.193359375 0.0953125 0.05390625
0 0.5911458333333334 0.090234375 0.11041666666666666 0.0859375
0 0.37552083333333336 0.193359375 0.09479166666666666 0.05390625
0 0.49244791666666665 0.3244140625 0.0953125 0.049609375
0 0.2703125 0.1912109375 0.09583333333333334 0.048828125
0 0.59609375 0.3236328125 0.10885416666666667 0.047265625
0 0.70546875 0.32109375 0.10572916666666667 0.05234375
0 0.8122395833333333 0.319921875 0.10885416666666667 0.0484375
0 0.390625 0.3267578125 0.10729166666666666 0.043359375
0 0.9015625 0.2638671875 0.065625 0.044921875
0 0.8143229166666667 0.26796875 0.1078125 0.0515625
0 0.7026041666666667 0.269921875 0.10833333333333334 0.04765625
0 0.5947916666666667 0.271484375 0.10104166666666667 0.046875
0 0.89921875 0.315625 0.06510416666666667 0.05625
0 0.3885416666666667 0.276953125 0.1 0.0484375
0 0.2794270833333333 0.2779296875 0.10989583333333333 0.048046875
0 0.17578125 0.278515625 0.09427083333333333 0.0484375
0 0.07057291666666667 0.28046875 0.1046875 0.046875
0 0.9075520833333334 0.1759765625 0.10677083333333333 0.048828125
0 0.79921875 0.1806640625 0.10572916666666667 0.054296875
0 0.69140625 0.182421875 0.10260416666666666 0.053125
0 0.47708333333333336 0.1884765625 0.10625 0.046484375
0 0.4903645833333333 0.2734375 0.09947916666666666 0.0421875
0 0.5859375 0.184765625 0.103125 0.05546875
