0 0.91796875 0.046484375 0.04114583333333333 0.09140625
0 0.97578125 0.04921875 0.049479166666666664 0.09765625
0 0.9653645833333333 0.1830078125 0.0484375 0.092578125
0 0.8986979166666667 0.18515625 0.05677083333333333 0.096875
0 0.8346354166666666 0.185546875 0.06302083333333333 0.09296875
0 0.7700520833333333 0.187890625 0.05677083333333333 0.08828125
0 0.5932291666666667 0.1923828125 0.04895833333333333 0.091015625
0 0.6536458333333334 0.1939453125 0.051041666666666666 0.084765625
0 0.53359375 0.1986328125 0.0453125 0.092578125
0 0.4713541666666667 0.2 0.04375 0.08671875
0 0.41302083333333334 0.204296875 0.05416666666666667 0.08671875
0 0.8638020833333333 0.05390625 0.0484375 0.08515625
0 0.35572916666666665 0.2021484375 0.046875 0.091015625
0 0.7153645833333333 0.1900390625 0.04739583333333333 0.098046875
0 0.8036458333333333 0.05703125 0.046875 0.0875
0 0.37213541666666666 0.069921875 0.0453125 0.090625
0 0.6893229166666667 0.0529296875 0.049479166666666664 0.095703125
0 0.63671875 0.0541015625 0.0359375 0.105078125
0 0.5932291666666667 0.053515625 0.0375 0.103125
0 0.5450520833333333 0.057421875 0.0453125 0.09296875
0 0.49114583333333334 0.0642578125 0.040625 0.090234375
0 0.4315104166666667 0.061328125 0.05260416666666667 0.09609375
0 0.31927083333333334 0.0640625 0.042708333333333334 0.09375
0 0.2669270833333333 0.055859375 0.030729166666666665 0.10703125
0 0.22708333333333333 0.05625 0.03125 0.10078125
0 0.16927083333333334 0.0896484375 0.046875 0.091796875
0 0.12239583333333333 0.0884765625 0.040625 0.082421875
0 0.07265625 0.0927734375 0.03802083333333333 0.082421875
0 0.02109375 0.0939453125 0.034895833333333334 0.083984375
0 0.2984375 0.200390625 0.04375 0.0921875
0 0.7473958333333334 0.055859375 0.042708333333333334 0.09296875
0 0.24114583333333334 0.20546875 0.040625 0.09609375
0 0.5653645833333333 0.733984375 0.050520833333333334 0.08828125
0 0.146875 0.2701171875 0.04375 0.094140625
0 0.5109375 0.735546875 0.05 0.08515625
0 0.6177083333333333 0.72890625 0.04375 0.08984375
0 0.67421875 0.7279296875 0.04635416666666667 0.076953125
0 0.728125 0.730078125 0.04583333333333333 0.08125
0 0.7848958333333333 0.7248046875 0.04479166666666667 0.074609375
0 0.8369791666666667 0.7263671875 0.040625 0.077734375
0 0.8893229166666666 0.7236328125 0.0421875 0.091796875
0 0.9450520833333333 0.72578125 0.0453125 0.0875
0 0.9515625 0.598046875 0.046875 0.071875
0 0.4549479166666667 0.7330078125 0.049479166666666664 0.075390625
0 0.8940104166666667 0.5865234375 0.04739583333333333 0.077734375
0 0.7768229166666667 0.591796875 0.0515625 0.08125
0 0.7192708333333333 0.5953125 0.04375 0.0828125
0 0.66171875 0.605078125 0.04739583333333333 0.06640625
0 0.6106770833333334 0.603125 0.049479166666666664 0.07578125
0 0.55703125 0.596484375 0.0421875 0.0890625
0 0.4984375 0.5982421875 0.04375 0.088671875
0 0.44817708333333334 0.602734375 0.043229166666666666 0.0859375
0 0.39401041666666664 0.60234375 0.0421875 0.08359375
0 0.33619791666666665 0.6046875 0.049479166666666664 0.07890625
0 0.83671875 0.5916015625 0.0484375 0.081640625
0 0.2830729166666667 0.607421875 0.04010416666666667 0.07890625
0 0.4 0.7361328125 0.051041666666666666 0.078515625
0 0.29661458333333335 0.736328125 0.044270833333333336 0.08671875
0 0.9614583333333333 0.904296875 0.04375 0.07890625
0 0.9052083333333333 0.9064453125 0.046875 0.071484375
0 0.8567708333333334 0.9072265625 0.03854166666666667 0.079296875
0 0.80078125 0.908984375 0.04114583333333333 0.07578125
0 0.7473958333333334 0.9103515625 0.04583333333333333 0.083984375
0 0.69921875 0.9109375 0.0421875 0.07421875
0 0.6434895833333333 0.8869140625 0.04635416666666667 0.122265625
0 0.51875 0.89296875 0.08854166666666667 0.1359375
0 0.4466145833333333 0.8958984375 0.0359375 0.116015625
0 0.34921875 0.733984375 0.04114583333333333 0.0765625
0 0.33671875 0.90390625 0.0390625 0.1140625
0 0.159375 0.431640625 0.10729166666666666 0.11953125
0 0.04791666666666667 0.4220703125 0.08854166666666667 0.115234375
0 0.209375 0.8552734375 0.11145833333333334 0.096484375
0 0.075 0.859375 0.115625 0.10234375
0 0.05911458333333333 0.5408203125 0.10260416666666666 0.091015625
0 0.19427083333333334 0.531640625 0.08541666666666667 0.0953125
0 0.06510416666666667 0.6380859375 0.103125 0.087109375
0 0.0703125 0.7490234375 0.11770833333333333 0.063671875
0 0.20885416666666667 0.75625 0.07604166666666666 0.08125
0 0.29322916666666665 0.9236328125 0.025 0.057421875
0 0.2682291666666667 0.46015625 0.04479166666666667 0.07109375
0 0.19296875 0.6482421875 0.07864583333333333 0.087109375
0 0.20208333333333334 0.257421875 0.035416666666666666 0.07890625
0 0.49114583333333334 0.455078125 0.040625 0.084375
0 0.546875 0.46015625 0.052083333333333336 0.08828125
0 0.5997395833333333 0.4560546875 0.050520833333333334 0.082421875
0 0.6588541666666666 0.45625 0.05 0.07890625
0 0.7244791666666667 0.4419921875 0.05 0.087109375
0 0.8442708333333333 0.44140625 0.05520833333333333 0.08515625
0 0.90625 0.43828125 0.053125 0.0828125
0 0.9661458333333334 0.4390625 0.05 0.08984375
0 0.9703125 0.312890625 0.05 0.09453125
0 0.9033854166666667 0.316796875 0.0546875 0.0984375
0 0.43463541666666666 0.4525390625 0.050520833333333334 0.089453125
0 0.83984375 0.3158203125 0.0546875 0.100390625
0 0.7221354166666667 0.317578125 0.0453125 0.09140625
0 0.659375 0.3267578125 0.051041666666666666 0.083984375
0 0.5940104166666667 0.33046875 0.050520833333333334 0.08515625
0 0.5346354166666667 0.3310546875 0.043229166666666666 0.087109375
0 0.4786458333333333 0.3328125 0.046875 0.08046875
0 0.42421875 0.3361328125 0.0453125 0.082421875
0 0.36692708333333335 0.3345703125 0.05260416666666667 0.083203125
0 0.3104166666666667 0.3357421875 0.04479166666666667 0.086328125
0 0.2559895833333333 0.33671875 0.0390625 0.0875
0 0.0484375 0.26484375 0.05416666666666667 0.09296875
0 0.7807291666666667 0.317578125 0.04791666666666667 0.096875
0 0.3263020833333333 0.45703125 0.04114583333333333 0.09140625
0 0.7846354166666667 0.4466796875 0.06302083333333333 0.089453125
