0 0.6950520833333333 0.6951171875 0.04114583333333333 0.083203125
0 0.7822916666666667 0.6939453125 0.03854166666666667 0.083984375
0 0.640625 0.701171875 0.052083333333333336 0.0828125
0 0.5903645833333333 0.6984375 0.04010416666666667 0.08046875
0 0.8328125 0.6984375 0.059375 0.08359375
0 0.5450520833333333 0.70625 0.049479166666666664 0.06015625
0 0.7416666666666667 0.6962890625 0.0375 0.082421875
0 0.7677083333333333 0.583203125 0.04583333333333333 0.07265625
0 0.9419270833333333 0.6966796875 0.044270833333333336 0.083203125
0 0.9859375 0.694921875 0.028125 0.0828125
0 0.9763020833333333 0.5837890625 0.0453125 0.076953125
0 0.9260416666666667 0.5798828125 0.04895833333333333 0.078515625
0 0.8731770833333333 0.5828125 0.043229166666666666 0.06953125
0 0.8200520833333333 0.5845703125 0.049479166666666664 0.073046875
0 0.4947916666666667 0.7037109375 0.041666666666666664 0.066796875
0 0.7106770833333333 0.576171875 0.04739583333333333 0.0828125
0 0.6578125 0.58046875 0.05416666666666667 0.0796875
0 0.6088541666666667 0.5791015625 0.040625 0.085546875
0 0.8895833333333333 0.6994140625 0.052083333333333336 0.079296875
0 0.44557291666666665 0.70234375 0.04739583333333333 0.0734375
0 0.3640625 0.8087890625 0.04895833333333333 0.069140625
0 0.3416666666666667 0.70390625 0.04895833333333333 0.0765625
0 0.84453125 0.808984375 0.04635416666666667 0.08203125
0 0.8924479166666667 0.809375 0.05364583333333333 0.0765625
0 0.9411458333333333 0.806640625 0.03854166666666667 0.07734375
0 0.9802083333333333 0.81015625 0.040625 0.078125
0 0.9466145833333334 0.9390625 0.05364583333333333 0.11328125
0 0.8901041666666667 0.93671875 0.053125 0.11171875
0 0.8359375 0.9353515625 0.04895833333333333 0.111328125
0 0.7864583333333334 0.9365234375 0.046875 0.113671875
0 0.7966145833333333 0.8109375 0.04739583333333333 0.0765625
0 0.7346354166666667 0.9384765625 0.04739583333333333 0.115234375
0 0.6442708333333333 0.9349609375 0.03958333333333333 0.113671875
0 0.54609375 0.93359375 0.044270833333333336 0.10546875
0 0.5 0.933203125 0.04375 0.10703125
0 0.45260416666666664 0.9333984375 0.041666666666666664 0.101953125
0 0.38229166666666664 0.930859375 0.08958333333333333 0.10546875
0 0.22265625 0.9298828125 0.04739583333333333 0.106640625
0 0.17760416666666667 0.9322265625 0.0375 0.102734375
0 0.5635416666666667 0.5810546875 0.046875 0.077734375
0 0.6859375 0.935546875 0.042708333333333334 0.11171875
0 0.74375 0.806640625 0.05 0.06796875
0 0.6942708333333333 0.81015625 0.03958333333333333 0.06640625
0 0.6481770833333333 0.809375 0.0390625 0.0703125
0 0.29296875 0.7044921875 0.04739583333333333 0.068359375
0 0.24713541666666666 0.702734375 0.04010416666666667 0.07109375
0 0.19947916666666668 0.7060546875 0.05 0.059765625
0 0.146875 0.7048828125 0.04479166666666667 0.066015625
0 0.09921875 0.7072265625 0.0453125 0.070703125
0 0.053125 0.7037109375 0.041666666666666664 0.069921875
0 0.015625 0.696875 0.029166666666666667 0.07890625
0 0.025 0.8083984375 0.041666666666666664 0.074609375
0 0.06666666666666667 0.8068359375 0.040625 0.071484375
0 0.11145833333333334 0.8087890625 0.04583333333333333 0.066015625
0 0.1578125 0.8103515625 0.046875 0.072265625
0 0.20078125 0.8107421875 0.0359375 0.061328125
0 0.23854166666666668 0.81328125 0.035416666666666666 0.06015625
0 0.27630208333333334 0.805859375 0.03802083333333333 0.06875
0 0.32005208333333335 0.8068359375 0.0421875 0.071484375
0 0.4140625 0.8107421875 0.04479166666666667 0.067578125
0 0.4588541666666667 0.8087890625 0.042708333333333334 0.072265625
0 0.5052083333333334 0.8111328125 0.046875 0.073828125
0 0.5533854166666666 0.8087890625 0.0421875 0.075390625
0 0.390625 0.7033203125 0.042708333333333334 0.066015625
0 0.5119791666666667 0.5830078125 0.052083333333333336 0.091015625
0 0.15807291666666667 0.32578125 0.0515625 0.09765625
0 0.41119791666666666 0.5826171875 0.043229166666666666 0.080859375
0 0.7421875 0.1697265625 0.051041666666666666 0.095703125
0 0.6924479166666667 0.1701171875 0.04739583333333333 0.093359375
0 0.63125 0.1734375 0.05416666666666667 0.096875
0 0.5697916666666667 0.1703125 0.05520833333333333 0.1
0 0.51328125 0.1728515625 0.050520833333333334 0.098828125
0 0.45989583333333334 0.1748046875 0.04791666666666667 0.096484375
0 0.4049479166666667 0.1755859375 0.0546875 0.101171875
0 0.803125 0.16484375 0.05625 0.10078125
0 0.34817708333333336 0.174609375 0.0578125 0.10859375
0 0.23255208333333333 0.1794921875 0.05572916666666667 0.105859375
0 0.16640625 0.1783203125 0.0515625 0.106640625
0 0.11041666666666666 0.182421875 0.052083333333333336 0.103125
0 0.05182291666666667 0.18359375 0.059895833333333336 0.10546875
0 0.05390625 0.32578125 0.04739583333333333 0.09765625
0 0.10520833333333333 0.32578125 0.05 0.09453125
0 0.13072916666666667 0.929296875 0.04895833333333333 0.10546875
0 0.29192708333333334 0.1732421875 0.05364583333333333 0.111328125
0 0.8614583333333333 0.16796875 0.052083333333333336 0.0953125
0 0.9200520833333333 0.16640625 0.05260416666666667 0.09765625
0 0.9763020833333333 0.1677734375 0.049479166666666664 0.097265625
0 0.03333333333333333 0.0412109375 0.05416666666666667 0.080078125
0 0.09322916666666667 0.0390625 0.053125 0.078125
0 0.15520833333333334 0.0388671875 0.06354166666666666 0.076171875
0 0.21614583333333334 0.0380859375 0.06979166666666667 0.074609375
0 0.27786458333333336 0.0361328125 0.058854166666666666 0.072265625
0 0.3421875 0.035546875 0.051041666666666666 0.0703125
0 0.40078125 0.0345703125 0.0578125 0.069140625
0 0.45989583333333334 0.0341796875 0.05625 0.066796875
0 0.51484375 0.03515625 0.050520833333333334 0.06796875
0 0.571875 0.03203125 0.06145833333333333 0.0625
0 0.6302083333333334 0.0310546875 0.04895833333333333 0.061328125
0 0.68671875 0.03046875 0.05260416666666667 0.059375
0 0.7419270833333333 0.0322265625 0.0546875 0.062109375
0 0.79921875 0.0333984375 0.05260416666666667 0.059765625
0 0.85859375 0.0291015625 0.0578125 0.056640625
0 0.9236979166666667 0.0271484375 0.05260416666666667 0.054296875
0 0.9755208333333333 0.027734375 0.04895833333333333 0.053125
0 0.209375 0.323828125 0.04895833333333333 0.090625
0 0.4578125 0.5775390625 0.04791666666666667 0.085546875
0 0.26510416666666664 0.323046875 0.05625 0.09453125
0 0.37213541666666666 0.322265625 0.06197916666666667 0.09921875
0 0.41744791666666664 0.457421875 0.043229166666666666 0.08671875
0 0.37265625 0.4556640625 0.050520833333333334 0.094921875
0 0.31979166666666664 0.4568359375 0.053125 0.088671875
0 0.2674479166666667 0.4521484375 0.0453125 0.091015625
0 0.21640625 0.4560546875 0.0515625 0.098828125
0 0.16302083333333334 0.4572265625 0.053125 0.091796875
0 0.10755208333333334 0.4576171875 0.050520833333333334 0.092578125
0 0.4666666666666667 0.4560546875 0.04583333333333333 0.092578125
0 0.05520833333333333 0.4556640625 0.04583333333333333 0.098046875
0 0.055989583333333336 0.58125 0.04739583333333333 0.084375
0 0.11197916666666667 0.5806640625 0.051041666666666666 0.080078125
0 0.16067708333333333 0.5822265625 0.04010416666666667 0.080078125
0 0.209375 0.584375 0.04895833333333333 0.078125
0 0.2598958333333333 0.5791015625 0.05 0.080078125
0 0.3104166666666667 0.58046875 0.046875 0.0765625
0 0.36015625 0.5806640625 0.049479166666666664 0.083203125
0 0.015104166666666667 0.577734375 0.030208333333333334 0.09453125
0 0.5161458333333333 0.4572265625 0.04791666666666667 0.086328125
0 0.56875 0.4521484375 0.04479166666666667 0.084765625
0 0.6234375 0.4509765625 0.05 0.091796875
0 0.4276041666666667 0.3224609375 0.04791666666666667 0.093359375
0 0.48072916666666665 0.32265625 0.05 0.09375
0 0.5333333333333333 0.318359375 0.058333333333333334 0.10078125
0 0.5877604166666667 0.315234375 0.04739583333333333 0.1
0 0.6411458333333333 0.31328125 0.053125 0.09921875
0 0.6953125 0.314453125 0.053125 0.0984375
0 0.753125 0.3130859375 0.05625 0.093359375
0 0.8182291666666667 0.3162109375 0.05 0.096484375
0 0.8833333333333333 0.309375 0.06354166666666666 0.10078125
0 0.9424479166666667 0.3125 0.0578125 0.09453125
0 0.9861979166666667 0.309765625 0.028645833333333332 0.0921875
0 0.9619791666666667 0.4482421875 0.05625 0.094921875
0 0.9036458333333334 0.44609375 0.05625 0.103125
0 0.8502604166666666 0.4482421875 0.049479166666666664 0.094921875
0 0.79609375 0.45 0.0578125 0.09296875
0 0.7408854166666666 0.4517578125 0.0484375 0.090234375
0 0.6856770833333333 0.448046875 0.05364583333333333 0.09453125
0 0.31979166666666664 0.321484375 0.04895833333333333 0.10078125
0 0.044270833333333336 0.9439453125 0.04791666666666667 0.071484375
0 0.29322916666666665 0.929296875 0.08020833333333334 0.10546875
