0 0.771875 0.4314453125 0.04479166666666667 0.069921875
0 0.7203125 0.42890625 0.04583333333333333 0.071875
0 0.66796875 0.430078125 0.049479166666666664 0.078125
0 0.46119791666666665 0.4267578125 0.034895833333333334 0.079296875
0 0.5802083333333333 0.4287109375 0.03229166666666667 0.075390625
0 0.5432291666666667 0.4267578125 0.030208333333333334 0.076171875
0 0.82265625 0.4263671875 0.04635416666666667 0.076953125
0 0.61953125 0.4291015625 0.03177083333333333 0.074609375
0 0.8776041666666666 0.4291015625 0.052083333333333336 0.074609375
0 0.37057291666666664 0.543359375 0.044270833333333336 0.075
0 0.016927083333333332 0.50859375 0.033854166666666664 0.1015625
0 0.07083333333333333 0.537109375 0.0375 0.0609375
0 0.11848958333333333 0.5396484375 0.043229166666666666 0.065234375
0 0.17239583333333333 0.5388671875 0.05 0.067578125
0 0.22317708333333333 0.5396484375 0.04010416666666667 0.069140625
0 0.27786458333333336 0.5396484375 0.049479166666666664 0.074609375
0 0.42213541666666665 0.42734375 0.0359375 0.075
0 0.42239583333333336 0.5423828125 0.05416666666666667 0.074609375
0 0.4739583333333333 0.54296875 0.03854166666666667 0.07578125
0 0.52109375 0.544921875 0.04635416666666667 0.07421875
0 0.5703125 0.5451171875 0.04479166666666667 0.076953125
0 0.6190104166666667 0.547265625 0.0453125 0.075
0 0.9296875 0.483203125 0.040625 0.10625
0 0.37734375 0.4287109375 0.04635416666666667 0.075390625
0 0.66640625 0.6640625 0.0421875 0.0765625
0 0.27447916666666666 0.42578125 0.04895833333333333 0.078125
0 0.65625 0.76796875 0.04791666666666667 0.06796875
0 0.6052083333333333 0.7673828125 0.03854166666666667 0.069140625
0 0.5606770833333333 0.7654296875 0.04010416666666667 0.067578125
0 0.5122395833333333 0.7662109375 0.04010416666666667 0.066015625
0 0.4236979166666667 0.7744140625 0.0421875 0.057421875
0 0.37083333333333335 0.7693359375 0.040625 0.051953125
0 0.32734375 0.7619140625 0.0328125 0.066796875
0 0.2786458333333333 0.7619140625 0.03958333333333333 0.058203125
0 0.22395833333333334 0.7576171875 0.023958333333333335 0.066796875
0 0.17994791666666668 0.7576171875 0.04739583333333333 0.066796875
0 0.13072916666666667 0.754296875 0.042708333333333334 0.07109375
0 0.08619791666666667 0.75390625 0.043229166666666666 0.071875
0 0.0234375 0.816796875 0.046875 0.11015625
0 0.9369791666666667 0.62109375 0.08020833333333334 0.09765625
0 0.8614583333333333 0.6689453125 0.040625 0.071484375
0 0.8140625 0.6685546875 0.042708333333333334 0.072265625
0 0.7640625 0.6671875 0.04375 0.08046875
0 0.7127604166666667 0.666796875 0.0421875 0.07109375
0 0.6674479166666667 0.546484375 0.044270833333333336 0.07421875
0 0.61640625 0.6619140625 0.04010416666666667 0.075390625
0 0.5645833333333333 0.66328125 0.040625 0.075
0 0.16484375 0.4232421875 0.05260416666666667 0.083203125
0 0.2171875 0.421875 0.04583333333333333 0.08046875
0 0.3265625 0.4236328125 0.04791666666666667 0.081640625
0 0.71875 0.547265625 0.046875 0.075
0 0.3143229166666667 0.6607421875 0.043229166666666666 0.074609375
0 0.8197916666666667 0.5462890625 0.04791666666666667 0.080078125
0 0.05807291666666667 0.311328125 0.044270833333333336 0.08359375
0 0.0171875 0.3484375 0.034375 0.1140625
0 0.9609375 0.1921875 0.05625 0.0875
0 0.8984375 0.1728515625 0.03958333333333333 0.104296875
0 0.86015625 0.175390625 0.027604166666666666 0.09921875
0 0.81484375 0.1779296875 0.033854166666666664 0.099609375
0 0.7669270833333334 0.1884765625 0.05364583333333333 0.073046875
0 0.7018229166666666 0.190625 0.0484375 0.07421875
0 0.64765625 0.18984375 0.0515625 0.0734375
0 0.59453125 0.1853515625 0.05364583333333333 0.092578125
0 0.5424479166666667 0.180859375 0.0359375 0.1015625
0 0.5078125 0.1744140625 0.034375 0.090234375
0 0.46380208333333334 0.176171875 0.028645833333333332 0.0921875
0 0.4236979166666667 0.18046875 0.03177083333333333 0.09765625
0 0.37604166666666666 0.1814453125 0.040625 0.098046875
0 0.30234375 0.18125 0.03697916666666667 0.09609375
0 0.2638020833333333 0.1822265625 0.03177083333333333 0.094140625
0 0.22057291666666667 0.18203125 0.0390625 0.09453125
0 0.18255208333333334 0.1828125 0.030729166666666665 0.08984375
0 0.14609375 0.1919921875 0.033854166666666664 0.082421875
0 0.09869791666666666 0.1962890625 0.04635416666666667 0.076171875
0 0.04765625 0.200390625 0.0484375 0.0765625
0 0.009895833333333333 0.1892578125 0.019791666666666666 0.098828125
0 0.06328125 0.4224609375 0.04739583333333333 0.079296875
0 0.71484375 0.76953125 0.049479166666666664 0.0703125
0 0.10963541666666667 0.3154296875 0.04635416666666667 0.077734375
0 0.7682291666666666 0.5470703125 0.04479166666666667 0.075390625
0 0.16067708333333333 0.315234375 0.0484375 0.08125
0 0.2635416666666667 0.3169921875 0.04583333333333333 0.077734375
0 0.8713541666666667 0.5451171875 0.042708333333333334 0.079296875
0 0.021354166666666667 0.66796875 0.035416666666666666 0.10625
0 0.07864583333333333 0.6568359375 0.035416666666666666 0.076953125
0 0.12630208333333334 0.6556640625 0.04010416666666667 0.073828125
0 0.17213541666666668 0.656640625 0.0421875 0.075
0 0.21848958333333332 0.6654296875 0.0453125 0.059765625
0 0.26119791666666664 0.6623046875 0.0296875 0.030859375
0 0.36380208333333336 0.659765625 0.04114583333333333 0.07421875
0 0.41432291666666665 0.660546875 0.0453125 0.078125
0 0.46536458333333336 0.6611328125 0.043229166666666666 0.076953125
0 0.51640625 0.6609375 0.044270833333333336 0.07734375
0 0.9817708333333334 0.33671875 0.0375 0.11640625
0 0.9341145833333333 0.3416015625 0.04635416666666667 0.117578125
0 0.8815104166666666 0.3169921875 0.0484375 0.077734375
0 0.8296875 0.31640625 0.04895833333333333 0.07578125
0 0.7776041666666667 0.3173828125 0.04895833333333333 0.073828125
0 0.7263020833333333 0.3169921875 0.04739583333333333 0.077734375
0 0.67265625 0.3177734375 0.0515625 0.076171875
0 0.61953125 0.319921875 0.04635416666666667 0.0796875
0 0.5671875 0.3171875 0.04583333333333333 0.07734375
0 0.5200520833333333 0.31875 0.04114583333333333 0.0765625
0 0.46979166666666666 0.3173828125 0.04479166666666667 0.079296875
0 0.4171875 0.3185546875 0.046875 0.080078125
0 0.36328125 0.317578125 0.050520833333333334 0.08203125
0 0.31276041666666665 0.316796875 0.04739583333333333 0.08046875
0 0.21484375 0.3162109375 0.0484375 0.081640625
0 0.80625 0.7697265625 0.03854166666666667 0.069921875
0 0.11145833333333334 0.423046875 0.042708333333333334 0.078125
0 0.9317708333333333 0.7494140625 0.07395833333333333 0.091796875
0 0.8580729166666666 0.7765625 0.0484375 0.0640625
0 0.5494791666666666 0.9818359375 0.042708333333333334 0.036328125
0 0.5013020833333334 0.9783203125 0.0359375 0.035546875
0 0.46197916666666666 0.96875 0.03229166666666667 0.0625
0 0.15989583333333332 0.9587890625 0.07916666666666666 0.071484375
0 0.08307291666666666 0.959375 0.04010416666666667 0.0703125
0 0.030208333333333334 0.953125 0.05 0.0859375
0 0.971875 0.8853515625 0.053125 0.073046875
0 0.9130208333333333 0.88046875 0.046875 0.0828125
0 0.85078125 0.8708984375 0.04114583333333333 0.064453125
0 0.8036458333333333 0.8716796875 0.036458333333333336 0.067578125
0 0.7583333333333333 0.87109375 0.042708333333333334 0.06796875
0 0.259375 0.9607421875 0.0375 0.067578125
0 0.60625 0.8685546875 0.04479166666666667 0.063671875
0 0.7088541666666667 0.8701171875 0.041666666666666664 0.066015625
0 0.13802083333333334 0.849609375 0.035416666666666666 0.0578125
0 0.18203125 0.8544921875 0.044270833333333336 0.064453125
0 0.09270833333333334 0.85078125 0.03854166666666667 0.06640625
0 0.28046875 0.85234375 0.0359375 0.05234375
0 0.23463541666666668 0.855078125 0.04114583333333333 0.0578125
0 0.38359375 0.8546875 0.0265625 0.04296875
0 0.41875 0.8548828125 0.03229166666666667 0.050390625
0 0.4635416666666667 0.8546875 0.03229166666666667 0.05078125
0 0.509375 0.863671875 0.041666666666666664 0.04609375
0 0.5578125 0.8666015625 0.04479166666666667 0.069921875
0 0.34140625 0.8494140625 0.0390625 0.058203125
