0 0.6520833333333333 0.3439453125 0.03958333333333333 0.047265625
0 0.029166666666666667 0.8 0.03125 0.0515625
0 0.05260416666666667 0.707421875 0.04375 0.06640625
0 0.09765625 0.725 0.0453125 0.03671875
0 0.016666666666666666 0.8880859375 0.017708333333333333 0.036328125
0 0.03723958333333333 0.8939453125 0.0203125 0.039453125
0 0.06145833333333333 0.895703125 0.022916666666666665 0.04140625
0 0.08697916666666666 0.8908203125 0.023958333333333335 0.051171875
0 0.7458333333333333 0.3302734375 0.042708333333333334 0.059765625
0 0.6078125 0.3494140625 0.036458333333333336 0.044921875
0 0.540625 0.3455078125 0.03229166666666667 0.041015625
0 0.4890625 0.3462890625 0.05625 0.056640625
0 0.42291666666666666 0.3486328125 0.058333333333333334 0.051953125
0 0.36223958333333334 0.3533203125 0.0484375 0.048046875
0 0.3140625 0.3681640625 0.04375 0.030078125
0 0.7002604166666667 0.33203125 0.04010416666666667 0.059375
0 0.32109375 0.3400390625 0.030729166666666665 0.019921875
0 0.06614583333333333 0.8060546875 0.028125 0.048046875
0 0.8380208333333333 0.3279296875 0.035416666666666666 0.067578125
0 0.603125 0.8083984375 0.034375 0.112109375
0 0.56484375 0.8111328125 0.0265625 0.106640625
0 0.51328125 0.81484375 0.06197916666666667 0.0765625
0 0.45859375 0.8240234375 0.033854166666666664 0.041015625
0 0.46067708333333335 0.7720703125 0.0296875 0.052734375
0 0.4119791666666667 0.82734375 0.036458333333333336 0.03671875
0 0.40651041666666665 0.7890625 0.044270833333333336 0.03828125
0 0.37135416666666665 0.8197265625 0.023958333333333335 0.041015625
0 0.32760416666666664 0.80703125 0.040625 0.05703125
0 0.2825520833333333 0.8060546875 0.04635416666666667 0.058984375
0 0.23619791666666667 0.7970703125 0.04635416666666667 0.054296875
0 0.19114583333333332 0.7931640625 0.03229166666666667 0.056640625
0 0.1515625 0.7955078125 0.0375 0.040234375
0 0.10286458333333333 0.8138671875 0.0328125 0.055078125
0 0.97421875 0.3162109375 0.05364583333333333 0.085546875
0 0.7877604166666666 0.333203125 0.034895833333333334 0.0484375
0 0.27109375 0.3697265625 0.0421875 0.021484375
0 0.27005208333333336 0.3435546875 0.04010416666666667 0.027734375
0 0.225 0.3583984375 0.03854166666666667 0.047265625
0 0.3216145833333333 0.4412109375 0.044270833333333336 0.039453125
0 0.2708333333333333 0.4384765625 0.041666666666666664 0.048046875
0 0.225 0.43984375 0.03854166666666667 0.0421875
0 0.18125 0.441796875 0.03229166666666667 0.03828125
0 0.13307291666666668 0.4435546875 0.0359375 0.034765625
0 0.2716145833333333 0.9603515625 0.09010416666666667 0.019140625
0 0.3692708333333333 0.9787109375 0.10416666666666667 0.016796875
0 0.37213541666666666 0.955859375 0.11302083333333333 0.0125
0 0.49296875 0.973828125 0.11302083333333333 0.01953125
0 0.7596354166666667 0.949609375 0.09427083333333333 0.0203125
0 0.8846354166666667 0.9572265625 0.11302083333333333 0.033984375
0 0.6575520833333334 0.9302734375 0.09322916666666667 0.033203125
0 0.55859375 0.916796875 0.0953125 0.03671875
0 0.465625 0.9060546875 0.06666666666666667 0.032421875
0 0.37135416666666665 0.890625 0.06979166666666667 0.0375
0 0.37786458333333334 0.4396484375 0.0484375 0.037109375
0 0.79140625 0.83046875 0.06927083333333334 0.096875
0 0.42994791666666665 0.439453125 0.0453125 0.040625
0 0.48411458333333335 0.4302734375 0.05364583333333333 0.023828125
0 0.17786458333333333 0.3615234375 0.044270833333333336 0.046484375
0 0.13203125 0.364453125 0.04114583333333333 0.04375
0 0.09609375 0.361328125 0.0265625 0.05
0 0.06197916666666667 0.37734375 0.035416666666666666 0.0234375
0 0.027864583333333335 0.3703125 0.021354166666666667 0.034375
0 0.03958333333333333 0.4509765625 0.036458333333333336 0.026171875
0 0.08619791666666667 0.450390625 0.0453125 0.0296875
0 0.11692708333333333 0.8951171875 0.022395833333333334 0.051171875
0 0.16041666666666668 0.86875 0.040625 0.04375
0 0.20598958333333334 0.8740234375 0.043229166666666666 0.038671875
0 0.26067708333333334 0.8775390625 0.0484375 0.034765625
0 0.30625 0.8798828125 0.03958333333333333 0.038671875
0 0.27239583333333334 0.9357421875 0.08020833333333334 0.022265625
0 0.5494791666666666 0.44921875 0.05416666666666667 0.02109375
0 0.5486979166666667 0.426171875 0.05572916666666667 0.01796875
0 0.4825520833333333 0.4515625 0.0546875 0.01875
0 0.9606770833333333 0.8517578125 0.06927083333333334 0.100390625
0 0.7158854166666667 0.82265625 0.0671875 0.10078125
0 0.91640625 0.4353515625 0.0765625 0.042578125
0 0.0625 0.5275390625 0.020833333333333332 0.049609375
0 0.09609375 0.521875 0.03802083333333333 0.0640625
0 0.13932291666666666 0.5509765625 0.04010416666666667 0.055859375
0 0.18203125 0.5498046875 0.0390625 0.062109375
0 0.2296875 0.5484375 0.04375 0.059375
0 0.2760416666666667 0.5390625 0.036458333333333336 0.08046875
0 0.38307291666666665 0.5353515625 0.044270833333333336 0.082421875
0 0.44453125 0.541015625 0.05572916666666667 0.09921875
0 0.17942708333333332 0.9537109375 0.08177083333333333 0.020703125
0 0.19114583333333332 0.925 0.090625 0.02890625
0 0.50625 0.543359375 0.06770833333333333 0.08359375
0 0.5765625 0.5404296875 0.07291666666666667 0.094921875
0 0.6791666666666667 0.5423828125 0.07916666666666666 0.096484375
0 0.86640625 0.7953125 0.034895833333333334 0.08359375
0 0.9559895833333333 0.61953125 0.044270833333333336 0.25625
0 0.9078125 0.7845703125 0.025 0.133984375
0 0.8416666666666667 0.6974609375 0.084375 0.109765625
0 0.8278645833333333 0.5736328125 0.0921875 0.144140625
0 0.8296875 0.43828125 0.06458333333333334 0.03984375
0 0.7565104166666666 0.428125 0.06614583333333333 0.053125
0 0.68359375 0.4134765625 0.0796875 0.026171875
0 0.6846354166666667 0.44375 0.0671875 0.02578125
0 0.6111979166666667 0.4443359375 0.0578125 0.030859375
0 0.029427083333333333 0.5287109375 0.033854166666666664 0.048828125
0 0.01640625 0.6154296875 0.0328125 0.075390625
0 0.3255208333333333 0.5412109375 0.059375 0.070703125
0 0.09453125 0.61875 0.027604166666666666 0.0796875
0 0.053385416666666664 0.6134765625 0.0296875 0.075390625
0 0.77578125 0.691015625 0.033854166666666664 0.0671875
0 0.73203125 0.6759765625 0.034895833333333334 0.100390625
0 0.6786458333333333 0.6681640625 0.042708333333333334 0.104296875
0 0.5770833333333333 0.664453125 0.04791666666666667 0.0859375
0 0.5283854166666667 0.6630859375 0.03802083333333333 0.088671875
0 0.4822916666666667 0.6599609375 0.03854166666666667 0.089453125
0 0.4348958333333333 0.658203125 0.04791666666666667 0.08671875
0 0.634375 0.6697265625 0.035416666666666666 0.090234375
0 0.3375 0.6564453125 0.04479166666666667 0.084765625
0 0.29244791666666664 0.65 0.0390625 0.0859375
0 0.24921875 0.6474609375 0.033854166666666664 0.082421875
0 0.20703125 0.6572265625 0.022395833333333334 0.062890625
0 0.17630208333333333 0.6576171875 0.018229166666666668 0.065234375
0 0.38359375 0.65703125 0.0328125 0.0890625
0 0.14088541666666668 0.665234375 0.028645833333333332 0.05
