0 0.1729983660130719 0.22074142156862744 0.0428921568627451 0.08486519607843138
0 0.22120098039215685 0.2181372549019608 0.04370915032679738 0.08517156862745098
0 0.2661356209150327 0.21553308823529413 0.03799019607843137 0.08792892156862746
0 0.30923202614379086 0.22104779411764705 0.03839869281045752 0.0744485294117647
0 0.9848856209150327 0.3287377450980392 0.028594771241830064 0.05698529411764706
0 0.9442401960784313 0.40778186274509803 0.02900326797385621 0.0545343137254902
0 0.9916258169934641 0.5588235294117647 0.01838235294117647 0.056372549019607844
0 0.040236928104575166 0.3013174019607843 0.034722222222222224 0.09466911764705882
0 0.013480392156862746 0.4102328431372549 0.02696078431372549 0.08700980392156862
0 0.054125816993464054 0.40793504901960786 0.042075163398692814 0.08425245098039216
0 0.02287581699346405 0.5082720588235294 0.042483660130718956 0.0784313725490196
0 0.07128267973856209 0.5049019607843137 0.037173202614379085 0.08517156862745098
0 0.012663398692810458 0.6211703431372549 0.025326797385620915 0.08792892156862746
0 0.12438725490196079 0.22518382352941177 0.044526143790849675 0.09129901960784313
0 0.6597222222222222 0.2945772058823529 0.03758169934640523 0.09589460784313726
0 0.018790849673202614 0.7144607843137255 0.03431372549019608 0.0741421568627451
0 0.06311274509803921 0.7098651960784313 0.04370915032679738 0.08088235294117647
0 0.1017156862745098 0.7078737745098039 0.028594771241830064 0.07261029411764706
0 0.016544117647058824 0.8048406862745098 0.03308823529411765 0.08394607843137254
0 0.06352124183006536 0.8020833333333334 0.03799019607843137 0.07720588235294118
0 0.10743464052287582 0.7973345588235294 0.03676470588235294 0.07873774509803921
0 0.22977941176470587 0.7677696078431373 0.060866013071895424 0.09375
0 0.2994281045751634 0.7651654411764706 0.06454248366013073 0.08915441176470588
0 0.39705882352941174 0.7559742647058824 0.058823529411764705 0.09466911764705882
0 0.47120098039215685 0.7515318627450981 0.0690359477124183 0.09129901960784313
0 0.17892156862745098 0.6611519607843137 0.035130718954248366 0.1090686274509804
0 0.21915849673202614 0.6537990196078431 0.03308823529411765 0.1090686274509804
0 0.2549019607843137 0.6547181372549019 0.035130718954248366 0.10723039215686274
0 0.09701797385620915 0.6133578431372549 0.03553921568627451 0.07598039215686274
0 0.053513071895424834 0.6162683823529411 0.04411764705882353 0.09283088235294118
0 0.03104575163398693 0.19424019607843138 0.032679738562091505 0.09129901960784313
0 0.8149509803921569 0.49356617647058826 0.03104575163398693 0.06862745098039216
0 0.8331290849673203 0.17601102941176472 0.028186274509803922 0.09037990196078431
0 0.940359477124183 0.16115196078431374 0.014705882352941176 0.05575980392156863
0 0.9667075163398693 0.16145833333333334 0.02165032679738562 0.05514705882352941
0 0.9924428104575164 0.16207107843137256 0.016748366013071895 0.056372549019607844
0 0.9895833333333334 0.24662990196078433 0.020833333333333332 0.05330882352941176
0 0.9581290849673203 0.25045955882352944 0.030637254901960783 0.053002450980392156
0 0.9493464052287581 0.3307291666666667 0.029411764705882353 0.060355392156862746
0 0.7769607843137255 0.2928921568627451 0.04084967320261438 0.09129901960784313
0 0.9632352941176471 0.5597426470588235 0.021241830065359478 0.05698529411764706
0 0.8229166666666666 0.28890931372549017 0.05024509803921569 0.09436274509803921
0 0.5684232026143791 0.5056678921568627 0.025735294117647058 0.07873774509803921
0 0.6074346405228758 0.5053615196078431 0.028594771241830064 0.0744485294117647
0 0.6401143790849673 0.5039828431372549 0.027777777777777776 0.07230392156862746
0 0.6985294117647058 0.29381127450980393 0.032679738562091505 0.09252450980392157
0 0.6768790849673203 0.5038296568627451 0.028594771241830064 0.07261029411764706
0 0.7563316993464052 0.18121936274509803 0.03553921568627451 0.08731617647058823
0 0.71875 0.1799938725490196 0.026552287581699346 0.09466911764705882
0 0.6838235294117647 0.18397671568627452 0.032679738562091505 0.08915441176470588
0 0.6462418300653595 0.18489583333333334 0.03022875816993464 0.09221813725490197
0 0.6058006535947712 0.18367034313725492 0.031862745098039214 0.09466911764705882
0 0.5680147058823529 0.18412990196078433 0.03145424836601307 0.08884803921568628
0 0.46875 0.22227328431372548 0.030637254901960783 0.08425245098039216
0 0.42953431372549017 0.2184436274509804 0.034722222222222224 0.07720588235294118
0 0.3901143790849673 0.2181372549019608 0.031862745098039214 0.07536764705882353
0 0.34987745098039214 0.21507352941176472 0.04044117647058824 0.08149509803921569
0 0.7077205882352942 0.5019914215686274 0.024101307189542485 0.07383578431372549
0 0.741421568627451 0.49892769607843135 0.029411764705882353 0.0701593137254902
0 0.7781862745098039 0.4987745098039216 0.02696078431372549 0.0704656862745098
0 0.795547385620915 0.1801470588235294 0.03880718954248366 0.09191176470588236
0 0.3515114379084967 0.6533394607843137 0.04044117647058824 0.09037990196078431
0 0.3047385620915033 0.6631433823529411 0.0392156862745098 0.08302696078431372
0 0.4348447712418301 0.6473651960784313 0.03553921568627451 0.09436274509803921
0 0.2181372549019608 0.4381127450980392 0.03758169934640523 0.09803921568627451
0 0.2610294117647059 0.43903186274509803 0.03758169934640523 0.09865196078431372
0 0.3000408496732026 0.4352022058823529 0.03390522875816993 0.09895833333333333
0 0.3472222222222222 0.43213848039215685 0.041666666666666664 0.09712009803921569
0 0.3929738562091503 0.4341299019607843 0.03431372549019608 0.09313725490196079
0 0.4338235294117647 0.43106617647058826 0.03022875816993464 0.09191176470588236
0 0.4742647058823529 0.42723651960784315 0.031862745098039214 0.0897671568627451
0 0.5751633986928104 0.4099264705882353 0.03594771241830065 0.08762254901960784
0 0.6123366013071896 0.4068627450980392 0.035130718954248366 0.09129901960784313
0 0.6540032679738562 0.40701593137254904 0.049019607843137254 0.09099264705882353
0 0.7600081699346405 0.4175857843137255 0.026552287581699346 0.06004901960784314
0 0.7924836601307189 0.41590073529411764 0.02287581699346405 0.05545343137254902
0 0.8272058823529411 0.41513480392156865 0.029411764705882353 0.0545343137254902
0 0.1527777777777778 0.328125 0.035130718954248366 0.09252450980392157
0 0.1940359477124183 0.32705269607843135 0.035130718954248366 0.0897671568627451
0 0.23672385620915032 0.32643995098039214 0.034722222222222224 0.09099264705882353
0 0.2743055555555556 0.32766544117647056 0.03145424836601307 0.08363970588235294
0 0.309640522875817 0.32643995098039214 0.032679738562091505 0.0860906862745098
0 0.3500816993464052 0.3247549019607843 0.027777777777777776 0.08700980392156862
0 0.3882761437908497 0.3275122549019608 0.034722222222222224 0.0741421568627451
0 0.4242238562091503 0.32613357843137253 0.03390522875816993 0.0818014705882353
0 0.4699754901960784 0.32705269607843135 0.037173202614379085 0.07996323529411764
0 0.5731209150326797 0.2974877450980392 0.035130718954248366 0.0974264705882353
0 0.977328431372549 0.40579044117647056 0.0298202614379085 0.0585171568627451
0 0.965890522875817 0.4849877450980392 0.026552287581699346 0.06311274509803921
0 0.9910130718954249 0.48253676470588236 0.01715686274509804 0.05575980392156863
0 0.9336192810457516 0.4866727941176471 0.028186274509803922 0.05974264705882353
0 0.9360702614379085 0.5618872549019608 0.026552287581699346 0.05575980392156863
0 0.6154003267973857 0.29610906862745096 0.04125816993464052 0.0977328431372549
0 0.39419934640522875 0.6505821078431373 0.03676470588235294 0.0934436274509804
0 0.16850490196078433 0.43673406862745096 0.05024509803921569 0.09834558823529412
0 0.7363153594771242 0.2936580882352941 0.03227124183006536 0.09283088235294118
0 0.9928513071895425 0.641390931372549 0.014297385620915032 0.05238970588235294
0 0.4826388888888889 0.6429227941176471 0.042075163398692814 0.09099264705882353
0 0.17973856209150327 0.5473345588235294 0.03022875816993464 0.09466911764705882
0 0.21568627450980393 0.5481004901960784 0.03349673202614379 0.0900735294117647
0 0.2536764705882353 0.5444240196078431 0.029411764705882353 0.09313725490196079
0 0.29105392156862747 0.5477941176470589 0.034722222222222224 0.08088235294117647
0 0.3298611111111111 0.5488664215686274 0.0298202614379085 0.07628676470588236
0 0.366625816993464 0.5447303921568627 0.034722222222222224 0.07965686274509803
0 0.40522875816993464 0.5427389705882353 0.029411764705882353 0.08363970588235294
0 0.43913398692810457 0.5412071078431373 0.03104575163398693 0.08670343137254902
0 0.4818218954248366 0.5393688725490197 0.037173202614379085 0.08302696078431372
0 0.5751633986928104 0.6818321078431373 0.029411764705882353 0.07506127450980392
0 0.6098856209150327 0.6813725490196079 0.03022875816993464 0.06862745098039216
0 0.6435866013071896 0.6792279411764706 0.024918300653594773 0.0704656862745098
0 0.6779003267973857 0.6763174019607843 0.030637254901960783 0.07138480392156862
0 0.7124183006535948 0.6737132352941176 0.03349673202614379 0.07659313725490197
0 0.78125 0.6695772058823529 0.03308823529411765 0.06525735294117647
0 0.8178104575163399 0.6678921568627451 0.03022875816993464 0.0661764705882353
0 0.963031045751634 0.6404718137254902 0.027369281045751634 0.05912990196078431
0 0.9611928104575164 0.7250306372549019 0.02369281045751634 0.050551470588235295
0 0.9303513071895425 0.7290134803921569 0.03145424836601307 0.04993872549019608
0 0.7828839869281046 0.5880821078431373 0.026552287581699346 0.06709558823529412
0 0.9883578431372549 0.7215073529411765 0.020833333333333332 0.04779411764705882
0 0.724468954248366 0.5917585784313726 0.024918300653594773 0.06770833333333333
0 0.7540849673202614 0.5893075980392157 0.024509803921568627 0.06954656862745098
0 0.664828431372549 0.5951286764705882 0.024101307189542485 0.06587009803921569
0 0.6331699346405228 0.5957414215686274 0.02369281045751634 0.07199754901960784
0 0.6002859477124183 0.5957414215686274 0.027369281045751634 0.0818014705882353
0 0.5723039215686274 0.5962009803921569 0.02696078431372549 0.0784313725490196
0 0.8165849673202614 0.5856311274509803 0.03104575163398693 0.06709558823529412
0 0.693218954248366 0.5935968137254902 0.025326797385620915 0.06893382352941177
