0 0.01884191176470588 0.7340686274509803 0.03768382352941176 0.11601307189542484
0 0.12791053921568626 0.28513071895424835 0.04197303921568627 0.1184640522875817
0 0.16850490196078433 0.2849264705882353 0.03676470588235294 0.11805555555555555
0 0.4496017156862745 0.7095588235294118 0.036458333333333336 0.12009803921568628
0 0.24662990196078433 0.28022875816993464 0.03860294117647059 0.11683006535947713
0 0.2878370098039216 0.2818627450980392 0.0389093137254902 0.11683006535947713
0 0.32643995098039214 0.28145424836601307 0.033394607843137254 0.11683006535947713
0 0.35860906862745096 0.28022875816993464 0.02849264705882353 0.11519607843137254
0 0.39736519607843135 0.2589869281045752 0.044730392156862746 0.08251633986928104
0 0.9918811274509803 0.7162990196078431 0.016237745098039217 0.08782679738562091
0 0.20572916666666666 0.2824754901960784 0.03707107843137255 0.11887254901960784
0 0.4099264705882353 0.7128267973856209 0.03615196078431373 0.12009803921568628
0 0.9102328431372549 0.6154003267973857 0.024509803921568627 0.08946078431372549
0 0.3319546568627451 0.7160947712418301 0.036458333333333336 0.12091503267973856
0 0.6012561274509803 0.7091503267973857 0.03462009803921569 0.12009803921568628
0 0.5641850490196079 0.7077205882352942 0.03462009803921569 0.11968954248366014
0 0.5255821078431373 0.7109885620915033 0.036458333333333336 0.11968954248366014
0 0.4882046568627451 0.713031045751634 0.036458333333333336 0.11968954248366014
0 0.6393995098039216 0.7085375816993464 0.034926470588235295 0.11315359477124183
0 0.6749387254901961 0.7087418300653595 0.03370098039215686 0.1111111111111111
0 0.7107843137254902 0.7066993464052288 0.03370098039215686 0.1111111111111111
0 0.7469362745098039 0.7052696078431373 0.03431372549019608 0.11397058823529412
0 0.7830882352941176 0.7064950980392157 0.03431372549019608 0.11397058823529412
0 0.8213848039215687 0.7036356209150327 0.03431372549019608 0.11397058823529412
0 0.039675245098039214 0.8925653594771242 0.057291666666666664 0.10784313725490197
0 0.32827818627450983 0.8794934640522876 0.05606617647058824 0.10049019607843138
0 0.2700674019607843 0.8823529411764706 0.05606617647058824 0.10457516339869281
0 0.22150735294117646 0.8868464052287581 0.04044117647058824 0.0988562091503268
0 0.1875 0.8792892156862745 0.026348039215686275 0.11315359477124183
0 0.09482230392156862 0.730187908496732 0.03829656862745098 0.11233660130718955
0 0.13434436274509803 0.7261029411764706 0.036458333333333336 0.1213235294117647
0 0.17417279411764705 0.724468954248366 0.036458333333333336 0.1213235294117647
0 0.9368872549019608 0.6151960784313726 0.024509803921568627 0.08905228758169935
0 0.9629289215686274 0.6131535947712419 0.024509803921568627 0.08905228758169935
0 0.9882046568627451 0.6100898692810458 0.023590686274509803 0.09027777777777778
0 0.8518688725490197 0.7230392156862745 0.020526960784313725 0.08333333333333333
0 0.8811274509803921 0.7214052287581699 0.03002450980392157 0.08251633986928104
0 0.9117647058823529 0.7212009803921569 0.029411764705882353 0.08129084967320262
0 0.9433210784313726 0.7171160130718954 0.029411764705882353 0.08129084967320262
0 0.9707414215686274 0.7177287581699346 0.021139705882352942 0.08496732026143791
0 0.21200980392156862 0.7234477124183006 0.03615196078431373 0.12091503267973856
0 0.25076593137254904 0.7222222222222222 0.036458333333333336 0.12091503267973856
0 0.29411764705882354 0.7183415032679739 0.03615196078431373 0.1213235294117647
0 0.3707107843137255 0.7138480392156863 0.03615196078431373 0.1213235294117647
0 0.05698529411764706 0.7316176470588235 0.032475490196078434 0.11519607843137254
0 0.014246323529411764 0.5904820261437909 0.02849264705882353 0.1147875816993464
0 0.8578431372549019 0.6188725490196079 0.024509803921568627 0.08905228758169935
0 0.6364889705882353 0.26858660130718953 0.03707107843137255 0.1147875816993464
0 0.8838848039215687 0.6205065359477124 0.024509803921568627 0.08905228758169935
0 0.6724877450980392 0.2661356209150327 0.03308823529411765 0.1147875816993464
0 0.7136948529411765 0.26715686274509803 0.03707107843137255 0.11601307189542484
0 0.7503063725490197 0.2651143790849673 0.03370098039215686 0.11601307189542484
0 0.7861519607843137 0.2651143790849673 0.03553921568627451 0.11601307189542484
0 0.8229166666666666 0.26286764705882354 0.03431372549019608 0.11723856209150327
0 0.8893995098039216 0.24366830065359477 0.041666666666666664 0.07720588235294118
0 0.8544730392156863 0.24448529411764705 0.025735294117647058 0.07720588235294118
0 0.9160539215686274 0.24080882352941177 0.010416666666666666 0.07148692810457516
0 0.9362745098039216 0.23937908496732027 0.02696078431372549 0.07352941176470588
0 0.9629289215686274 0.238562091503268 0.023284313725490197 0.0718954248366013
0 0.9878982843137255 0.2397875816993464 0.023590686274509803 0.07434640522875817
0 0.8540134803921569 0.3366013071895425 0.02665441176470588 0.0661764705882353
0 0.8825061274509803 0.33455882352941174 0.026041666666666668 0.0661764705882353
0 0.9103860294117647 0.3366013071895425 0.026041666666666668 0.0661764705882353
0 0.938265931372549 0.33435457516339867 0.026041666666666668 0.06658496732026144
0 0.9661458333333334 0.3341503267973856 0.02849264705882353 0.061274509803921566
0 0.9905024509803921 0.3327205882352941 0.018995098039215685 0.061683006535947715
0 0.8564644607843137 0.4272875816993464 0.023590686274509803 0.06699346405228758
0 0.8828125 0.4238153594771242 0.017463235294117647 0.06413398692810457
0 0.5963541666666666 0.27267156862745096 0.03952205882352941 0.1147875816993464
0 0.3872549019607843 0.8772467320261438 0.056372549019607844 0.10253267973856209
0 0.44485294117647056 0.8754084967320261 0.05698529411764706 0.10294117647058823
0 0.5026041666666666 0.8733660130718954 0.05606617647058824 0.1053921568627451
0 0.01133578431372549 0.2867647058823529 0.02267156862745098 0.11683006535947713
0 0.043658088235294115 0.28431372549019607 0.036458333333333336 0.119281045751634
0 0.08379289215686274 0.28594771241830064 0.04197303921568627 0.1184640522875817
0 0.4018075980392157 0.31924019607843135 0.03768382352941176 0.03308823529411765
0 0.4427083333333333 0.2761437908496732 0.03799019607843137 0.11683006535947713
0 0.4806985294117647 0.275531045751634 0.03615196078431373 0.1156045751633987
0 0.5179227941176471 0.2722630718954248 0.036458333333333336 0.1156045751633987
0 0.5565257352941176 0.27267156862745096 0.036458333333333336 0.1156045751633987
0 0.13786764705882354 0.8950163398692811 0.04779411764705882 0.09395424836601307
0 0.9420955882352942 0.9066584967320261 0.044730392156862746 0.0298202614379085
0 0.907015931372549 0.42258986928104575 0.0272671568627451 0.06576797385620915
0 0.8849571078431373 0.9076797385620915 0.05361519607843137 0.031862745098039214
0 0.9278492647058824 0.7920751633986928 0.0548406862745098 0.04738562091503268
0 0.9632352941176471 0.858047385620915 0.052083333333333336 0.06004901960784314
0 0.9028799019607843 0.8531454248366013 0.058823529411764705 0.07148692810457516
0 0.835171568627451 0.8654003267973857 0.03799019607843137 0.09844771241830065
0 0.7912071078431373 0.8631535947712419 0.04442401960784314 0.10212418300653595
0 0.7356004901960784 0.8651960784313726 0.06495098039215687 0.10375816993464053
0 0.6743259803921569 0.8676470588235294 0.0508578431372549 0.10457516339869281
0 0.6277573529411765 0.8743872549019608 0.0392156862745098 0.10334967320261437
0 0.5890012254901961 0.8731617647058824 0.03768382352941176 0.09681372549019608
0 0.5499387254901961 0.8743872549019608 0.03799019607843137 0.09926470588235294
0 0.9784007352941176 0.8024918300653595 0.04258578431372549 0.046977124183006536
0 0.9368872549019608 0.4199346405228758 0.028186274509803922 0.06454248366013073
0 0.09068627450980392 0.8954248366013072 0.0428921568627451 0.10049019607843138
0 0.9891237745098039 0.41891339869281047 0.021139705882352942 0.060866013071895424
0 0.9643075980392157 0.4195261437908497 0.02420343137254902 0.06209150326797386
0 0.6703431372549019 0.4164624183006536 0.03676470588235294 0.12295751633986927
0 0.7086397058823529 0.4150326797385621 0.03676470588235294 0.12336601307189543
0 0.7487745098039216 0.4185049019607843 0.03553921568627451 0.11315359477124183
0 0.7864583333333334 0.41605392156862747 0.03553921568627451 0.11315359477124183
0 0.8242953431372549 0.4229983660130719 0.035845588235294115 0.10334967320261437
0 0.048560049019607844 0.5900735294117647 0.036458333333333336 0.11642156862745098
0 0.08900122549019608 0.5886437908496732 0.03952205882352941 0.11356209150326797
0 0.12974877450980393 0.5812908496732027 0.03952205882352941 0.12581699346405228
0 0.1715686274509804 0.5800653594771242 0.0392156862745098 0.12581699346405228
0 0.21277573529411764 0.5804738562091504 0.03952205882352941 0.12581699346405228
0 0.2541360294117647 0.5804738562091504 0.03952205882352941 0.12581699346405228
0 0.3408394607843137 0.5720996732026143 0.03829656862745098 0.12295751633986927
0 0.38097426470588236 0.5716911764705882 0.03829656862745098 0.12295751633986927
0 0.4255514705882353 0.5720996732026143 0.03799019607843137 0.12295751633986927
0 0.47012867647058826 0.5704656862745098 0.03829656862745098 0.12295751633986927
0 0.5082720588235294 0.5755718954248366 0.034926470588235295 0.11274509803921569
0 0.5453431372549019 0.5680147058823529 0.03799019607843137 0.11887254901960784
0 0.5848651960784313 0.5694444444444444 0.03676470588235294 0.119281045751634
0 0.6228553921568627 0.5696486928104575 0.03553921568627451 0.10988562091503268
0 0.6611519607843137 0.5714869281045751 0.03553921568627451 0.10947712418300654
0 0.6976102941176471 0.5712826797385621 0.03553921568627451 0.10988562091503268
0 0.7374387254901961 0.5665849673202614 0.03553921568627451 0.10947712418300654
0 0.7768075980392157 0.5661764705882353 0.03829656862745098 0.10947712418300654
0 0.8146446078431373 0.5637254901960784 0.03553921568627451 0.11437908496732026
0 0.5920649509803921 0.4193218954248366 0.03707107843137255 0.12295751633986927
0 0.5534620098039216 0.42258986928104575 0.03707107843137255 0.12295751633986927
0 0.6317401960784313 0.4172794117647059 0.03676470588235294 0.12295751633986927
0 0.31786151960784315 0.4285130718954248 0.03952205882352941 0.12336601307189543
0 0.5143995098039216 0.42340686274509803 0.037377450980392156 0.12295751633986927
0 0.47518382352941174 0.4238153594771242 0.037377450980392156 0.12295751633986927
0 0.43550857843137253 0.4221813725490196 0.03768382352941176 0.12295751633986927
0 0.39690563725490197 0.42340686274509803 0.03768382352941176 0.12295751633986927
0 0.35799632352941174 0.42687908496732024 0.03707107843137255 0.12418300653594772
0 0.2771139705882353 0.4323937908496732 0.03952205882352941 0.12377450980392157
0 0.23544730392156862 0.4303513071895425 0.03952205882352941 0.12377450980392157
0 0.1951593137254902 0.4323937908496732 0.037377450980392156 0.12295751633986927
0 0.11458333333333333 0.4360702614379085 0.037377450980392156 0.12295751633986927
0 0.15471813725490197 0.4362745098039216 0.037377450980392156 0.12336601307189543
0 0.07215073529411764 0.4417892156862745 0.03707107843137255 0.1147875816993464
0 0.03416053921568627 0.44281045751633985 0.036458333333333336 0.11519607843137254
0 0.9900428921568627 0.5089869281045751 0.020526960784313725 0.05392156862745098
0 0.9646139705882353 0.5089869281045751 0.024816176470588234 0.06045751633986928
0 0.9388786764705882 0.5093954248366013 0.02420343137254902 0.058823529411764705
0 0.9119178921568627 0.5073529411764706 0.026041666666666668 0.06372549019607843
0 0.8832720588235294 0.5098039215686274 0.027573529411764705 0.059640522875817
0 0.8547794117647058 0.5118464052287581 0.025122549019607844 0.06372549019607843
0 0.007199754901960784 0.4444444444444444 0.014399509803921568 0.11519607843137254
