0 0.08517156862745098 0.9200367647058824 0.037173202614379085 0.09620098039215687
0 0.04146241830065359 0.9515931372549019 0.046977124183006536 0.03553921568627451
0 0.03615196078431373 0.9036458333333334 0.046977124183006536 0.04993872549019608
0 0.9699754901960784 0.7847732843137255 0.056781045751633986 0.0818014705882353
0 0.9117647058823529 0.7916666666666666 0.058823529411764705 0.09803921568627451
0 0.8492647058823529 0.8042279411764706 0.03839869281045752 0.07904411764705882
0 0.38786764705882354 0.6787683823529411 0.03880718954248366 0.07628676470588236
0 0.7700163398692811 0.8053002450980392 0.03758169934640523 0.07935049019607843
0 0.7209967320261438 0.6757046568627451 0.05473856209150327 0.10324754901960784
0 0.6672794117647058 0.6758578431372549 0.051879084967320264 0.10355392156862746
0 0.6088643790849673 0.6819852941176471 0.060866013071895424 0.09436274509803921
0 0.5292075163398693 0.6807598039215687 0.04861111111111111 0.09497549019607843
0 0.4765114379084967 0.6763174019607843 0.05106209150326797 0.10018382352941177
0 0.4266748366013072 0.6807598039215687 0.037173202614379085 0.08149509803921569
0 0.1670751633986928 0.16712622549019607 0.04656862745098039 0.05116421568627451
0 0.12663398692810457 0.9200367647058824 0.04084967320261438 0.09620098039215687
0 0.286968954248366 0.6697303921568627 0.0494281045751634 0.037377450980392156
0 0.2928921568627451 0.7086397058823529 0.06454248366013073 0.037377450980392156
0 0.22977941176470587 0.7063419117647058 0.056781045751633986 0.040747549019607844
0 0.16789215686274508 0.7124693627450981 0.06290849673202614 0.03707107843137255
0 0.11233660130718955 0.6821384803921569 0.04493464052287582 0.0977328431372549
0 0.06740196078431372 0.6822916666666666 0.04493464052287582 0.09620098039215687
0 0.3443627450980392 0.6976102941176471 0.03839869281045752 0.06372549019607843
0 0.8306781045751634 0.6962316176470589 0.0298202614379085 0.06096813725490196
0 0.8727532679738562 0.6821384803921569 0.03880718954248366 0.08670343137254902
0 0.9197303921568627 0.6740196078431373 0.0494281045751634 0.1053921568627451
0 0.7293709150326797 0.8048406862745098 0.03880718954248366 0.08026960784313726
0 0.6766748366013072 0.7981004901960784 0.0494281045751634 0.09681372549019608
0 0.6256127450980392 0.7984068627450981 0.046977124183006536 0.09252450980392157
0 0.5745506535947712 0.7988664215686274 0.0494281045751634 0.0934436274509804
0 0.5206290849673203 0.8014705882352942 0.0494281045751634 0.08823529411764706
0 0.47058823529411764 0.8112745098039216 0.042483660130718956 0.07536764705882353
0 0.400531045751634 0.8026960784313726 0.0494281045751634 0.08762254901960784
0 0.34375 0.8017769607843137 0.05106209150326797 0.0857843137254902
0 0.2877859477124183 0.8017769607843137 0.05106209150326797 0.0857843137254902
0 0.2361111111111111 0.7861519607843137 0.04820261437908497 0.06801470588235294
0 0.1781045751633987 0.805453431372549 0.05555555555555555 0.0778186274509804
0 0.12479575163398693 0.8105085784313726 0.044526143790849675 0.06587009803921569
0 0.0778186274509804 0.8108149509803921 0.04044117647058824 0.07199754901960784
0 0.037377450980392156 0.8109681372549019 0.03553921568627451 0.06924019607843138
0 0.9695669934640523 0.6743259803921569 0.04534313725490196 0.10355392156862746
0 0.8086192810457516 0.8033088235294118 0.03880718954248366 0.08026960784313726
0 0.17054738562091504 0.9220281862745098 0.0428921568627451 0.09466911764705882
0 0.7794117647058824 0.6787683823529411 0.05310457516339869 0.09650735294117647
0 0.27879901960784315 0.9165134803921569 0.046977124183006536 0.09712009803921569
0 0.9021650326797386 0.4306066176470588 0.05024509803921569 0.10386029411764706
0 0.8423202614379085 0.4678308823529412 0.056372549019607844 0.03002450980392157
0 0.8445669934640523 0.43443627450980393 0.05759803921568627 0.030637254901960783
0 0.6983251633986928 0.43275122549019607 0.034722222222222224 0.09957107843137254
0 0.6529820261437909 0.4603247549019608 0.051879084967320264 0.04442401960784314
0 0.6008986928104575 0.45879289215686275 0.051470588235294115 0.046875
0 0.5486111111111112 0.4540441176470588 0.04820261437908497 0.056372549019607844
0 0.49959150326797386 0.4528186274509804 0.04656862745098039 0.056372549019607844
0 0.45669934640522875 0.4564950980392157 0.032679738562091505 0.05024509803921569
0 0.4158496732026144 0.43550857843137253 0.04820261437908497 0.0940563725490196
0 0.3743872549019608 0.3993566176470588 0.03390522875816993 0.0389093137254902
0 0.3707107843137255 0.4557291666666667 0.037173202614379085 0.04871323529411765
0 0.33231209150326796 0.45588235294117646 0.03553921568627451 0.04656862745098039
0 0.24285130718954248 0.4456188725490196 0.04044117647058824 0.050551470588235295
0 0.23999183006535948 0.39276960784313725 0.04861111111111111 0.052083333333333336
0 0.15727124183006536 0.43734681372549017 0.04493464052287582 0.09037990196078431
0 0.08129084967320262 0.43550857843137253 0.04738562091503268 0.08915441176470588
0 0.9526143790849673 0.43045343137254904 0.04738562091503268 0.10416666666666667
0 0.024918300653594773 0.43566176470588236 0.049836601307189546 0.09252450980392157
0 0.1096813725490196 0.5448835784313726 0.0428921568627451 0.09528186274509803
0 0.22426470588235295 0.5909926470588235 0.05310457516339869 0.03125
0 0.21691176470588236 0.9189644607843137 0.0457516339869281 0.0940563725490196
0 0.024509803921568627 0.6983762254901961 0.03839869281045752 0.06525735294117647
0 0.9795751633986928 0.5405943627450981 0.04084967320261438 0.07506127450980392
0 0.9368872549019608 0.5409007352941176 0.037173202614379085 0.07383578431372549
0 0.8952205882352942 0.5405943627450981 0.04044117647058824 0.07506127450980392
0 0.8541666666666666 0.5454963235294118 0.03349673202614379 0.06403186274509803
0 0.758578431372549 0.5654105392156863 0.05800653594771242 0.09037990196078431
0 0.6548202614379085 0.5597426470588235 0.04820261437908497 0.10049019607843138
0 0.605187908496732 0.5595894607843137 0.0494281045751634 0.1056985294117647
0 0.551062091503268 0.5586703431372549 0.05310457516339869 0.10386029411764706
0 0.491625816993464 0.5553002450980392 0.04125816993464052 0.0940563725490196
0 0.45016339869281047 0.5666360294117647 0.03758169934640523 0.07383578431372549
0 0.40584150326797386 0.5719975490196079 0.0428921568627451 0.07720588235294118
0 0.36356209150326796 0.5764399509803921 0.04084967320261438 0.0744485294117647
0 0.32516339869281047 0.5620404411764706 0.025326797385620915 0.09466911764705882
0 0.286968954248366 0.5729166666666666 0.03880718954248366 0.07230392156862746
0 0.1750408496732026 0.5819546568627451 0.034722222222222224 0.03155637254901961
0 0.221609477124183 0.5565257352941176 0.05514705882352941 0.03462009803921569
0 0.9734477124183006 0.30606617647058826 0.03839869281045752 0.08884803921568628
0 0.7561274509803921 0.4335171568627451 0.049836601307189546 0.09497549019607843
0 0.8696895424836601 0.9172794117647058 0.04656862745098039 0.09068627450980392
0 0.9395424836601307 0.15716911764705882 0.04656862745098039 0.08700980392156862
0 0.9524101307189542 0.9123774509803921 0.05514705882352941 0.09436274509803921
0 0.8402777777777778 0.14537377450980393 0.059640522875817 0.10814950980392157
0 0.8206699346405228 0.9108455882352942 0.0457516339869281 0.09497549019607843
0 0.7612336601307189 0.9151348039215687 0.051879084967320264 0.09987745098039216
0 0.4201388888888889 0.9359681372549019 0.03145424836601307 0.05821078431372549
0 0.4646650326797386 0.9280024509803921 0.04534313725490196 0.0741421568627451
0 0.5128676470588235 0.9223345588235294 0.051879084967320264 0.0897671568627451
0 0.5702614379084967 0.922640931372549 0.05555555555555555 0.0897671568627451
0 0.9826388888888888 0.15747549019607843 0.03553921568627451 0.0857843137254902
0 0.6401143790849673 0.9151348039215687 0.05310457516339869 0.10294117647058823
0 0.7069035947712419 0.9139093137254902 0.051879084967320264 0.1053921568627451
0 0.3008578431372549 0.1636029411764706 0.037173202614379085 0.06556372549019608
0 0.35314542483660133 0.17524509803921567 0.06331699346405228 0.04595588235294118
0 0.4105392156862745 0.14261642156862744 0.05228758169934641 0.03707107843137255
0 0.41156045751633985 0.18060661764705882 0.046977124183006536 0.0352328431372549
0 0.4624183006535948 0.15732230392156862 0.04820261437908497 0.08547794117647059
0 0.5089869281045751 0.1568627450980392 0.03676470588235294 0.08517156862745098
0 0.5543300653594772 0.15716911764705882 0.03431372549019608 0.08517156862745098
0 0.6092728758169934 0.14751838235294118 0.05759803921568627 0.10631127450980392
0 0.9072712418300654 0.29825367647058826 0.0392156862745098 0.10079656862745098
0 0.10559640522875817 0.31234681372549017 0.08537581699346405 0.07322303921568628
0 0.8854166666666666 0.15946691176470587 0.03145424836601307 0.07873774509803921
0 0.1875 0.3200061274509804 0.0196078431372549 0.057904411764705885
0 0.3737745098039216 0.9106924019607843 0.04656862745098039 0.09283088235294118
0 0.8633578431372549 0.3007046568627451 0.04861111111111111 0.10202205882352941
0 0.815359477124183 0.3049938725490196 0.0457516339869281 0.0897671568627451
0 0.6288807189542484 0.31142769607843135 0.05759803921568627 0.07506127450980392
0 0.5765931372549019 0.31357230392156865 0.0363562091503268 0.07077205882352941
0 0.5326797385620915 0.32184436274509803 0.04493464052287582 0.05361519607843137
0 0.5328839869281046 0.26700367647058826 0.04534313725490196 0.05667892156862745
0 0.4840686274509804 0.3102022058823529 0.03758169934640523 0.07751225490196079
0 0.4397467320261438 0.3293504901960784 0.0494281045751634 0.041666666666666664
0 0.39215686274509803 0.29090073529411764 0.05473856209150327 0.03216911764705882
0 0.3874591503267974 0.32950367647058826 0.05269607843137255 0.04197303921568627
0 0.3366013071895425 0.31295955882352944 0.04411764705882353 0.022365196078431373
0 0.21875 0.3200061274509804 0.034722222222222224 0.057904411764705885
0 0.2540849673202614 0.3128063725490196 0.03758169934640523 0.07291666666666667
0 0.2861519607843137 0.30943627450980393 0.025735294117647058 0.07965686274509803
0 0.3312908496732026 0.33808210784313725 0.04820261437908497 0.02665441176470588
