0 0.43723958333333335 0.2109375 0.04635416666666667 0.0703125
0 0.159375 0.2205078125 0.0625 0.052734375
0 0.24869791666666666 0.241015625 0.0328125 0.0125
0 0.28802083333333334 0.235546875 0.03854166666666667 0.0234375
0 0.33697916666666666 0.2126953125 0.04791666666666667 0.069921875
0 0.38697916666666665 0.21171875 0.046875 0.0703125
0 0.21171875 0.237109375 0.03802083333333333 0.0171875
0 0.6981770833333333 0.2068359375 0.049479166666666664 0.081640625
0 0.5416666666666666 0.2052734375 0.052083333333333336 0.083203125
0 0.5955729166666667 0.2126953125 0.04739583333333333 0.069921875
0 0.6466145833333333 0.2142578125 0.0484375 0.075390625
0 0.75234375 0.2091796875 0.0515625 0.076953125
0 0.8065104166666667 0.2103515625 0.05260416666666667 0.074609375
0 0.8807291666666667 0.2236328125 0.08020833333333334 0.046484375
0 0.09713541666666667 0.2216796875 0.058854166666666666 0.052734375
0 0.9619791666666667 0.221875 0.07604166666666666 0.04296875
0 0.48854166666666665 0.2111328125 0.04791666666666667 0.076171875
0 0.048177083333333336 0.22109375 0.0328125 0.0484375
0 0.53671875 0.07890625 0.05260416666666667 0.0796875
0 0.14609375 0.08359375 0.07552083333333333 0.06171875
0 0.9338541666666667 0.38515625 0.06979166666666667 0.0453125
0 0.98046875 0.0880859375 0.04010416666666667 0.055078125
0 0.9208333333333333 0.0931640625 0.078125 0.046484375
0 0.859375 0.0958984375 0.0375 0.042578125
0 0.81328125 0.0787109375 0.0546875 0.074609375
0 0.7552083333333334 0.079296875 0.05416666666666667 0.08046875
0 0.7010416666666667 0.0810546875 0.052083333333333336 0.079296875
0 0.6463541666666667 0.0806640625 0.051041666666666666 0.076171875
0 0.5919270833333333 0.079296875 0.0515625 0.078125
0 0.39348958333333334 0.1048828125 0.03802083333333333 0.024609375
0 0.35494791666666664 0.104296875 0.033854166666666664 0.0234375
0 0.31588541666666664 0.1041015625 0.034895833333333334 0.025390625
0 0.2796875 0.103515625 0.035416666666666666 0.02421875
0 0.24322916666666666 0.105078125 0.03125 0.02265625
0 0.20598958333333334 0.104296875 0.0359375 0.028125
0 0.020833333333333332 0.076953125 0.041666666666666664 0.07109375
0 0.07473958333333333 0.0791015625 0.0609375 0.070703125
0 0.01484375 0.221875 0.0296875 0.04765625
0 0.8567708333333334 0.3861328125 0.07395833333333333 0.042578125
0 0.5283854166666667 0.7443359375 0.04010416666666667 0.066796875
0 0.73828125 0.3697265625 0.0515625 0.083203125
0 0.7489583333333333 0.7443359375 0.041666666666666664 0.069140625
0 0.70625 0.7447265625 0.041666666666666664 0.067578125
0 0.6557291666666667 0.7419921875 0.03854166666666667 0.071484375
0 0.6153645833333333 0.7431640625 0.0390625 0.071484375
0 0.5736979166666667 0.7443359375 0.044270833333333336 0.066796875
0 0.4828125 0.7607421875 0.04583333333333333 0.030859375
0 0.82734375 0.768359375 0.04635416666666667 0.04609375
0 0.4328125 0.7625 0.046875 0.03203125
0 0.38645833333333335 0.7607421875 0.042708333333333334 0.019140625
0 0.34140625 0.7322265625 0.04114583333333333 0.083203125
0 0.30390625 0.74296875 0.030729166666666665 0.06015625
0 0.26484375 0.7298828125 0.04010416666666667 0.080859375
0 0.22005208333333334 0.7181640625 0.04010416666666667 0.083203125
0 0.17864583333333334 0.740625 0.035416666666666666 0.0640625
0 0.3859375 0.7349609375 0.04479166666666667 0.024609375
0 0.8278645833333333 0.7318359375 0.04114583333333333 0.023046875
0 0.8786458333333333 0.7623046875 0.03229166666666667 0.055078125
0 0.91328125 0.760546875 0.03177083333333333 0.05390625
0 0.6122395833333333 0.49453125 0.05260416666666667 0.07421875
0 0.6682291666666667 0.4955078125 0.05416666666666667 0.076171875
0 0.721875 0.4927734375 0.051041666666666666 0.077734375
0 0.778125 0.4919921875 0.05520833333333333 0.081640625
0 0.8463541666666666 0.4884765625 0.06875 0.043359375
0 0.91796875 0.4861328125 0.06614583333333333 0.043359375
0 0.978125 0.487109375 0.04479166666666667 0.04765625
0 0.97890625 0.5865234375 0.043229166666666666 0.042578125
0 0.9171875 0.583984375 0.06770833333333333 0.0421875
0 0.8427083333333333 0.5837890625 0.07083333333333333 0.039453125
0 0.9684895833333333 0.6775390625 0.06302083333333333 0.040234375
0 0.9010416666666666 0.676953125 0.06458333333333334 0.04140625
0 0.8348958333333333 0.677734375 0.06458333333333334 0.04296875
0 0.98203125 0.75703125 0.03697916666666667 0.05703125
0 0.9463541666666667 0.760546875 0.03125 0.05390625
0 0.13541666666666666 0.7240234375 0.04479166666666667 0.092578125
0 0.5583333333333333 0.4984375 0.052083333333333336 0.06796875
0 0.090625 0.7271484375 0.042708333333333334 0.094140625
0 0.014322916666666666 0.7333984375 0.028645833333333332 0.080859375
0 0.07890625 0.6212890625 0.0484375 0.023046875
0 0.07786458333333333 0.6408203125 0.049479166666666664 0.016015625
0 0.13151041666666666 0.6216796875 0.0546875 0.018359375
0 0.13151041666666666 0.6408203125 0.0515625 0.016015625
0 0.18802083333333333 0.62265625 0.057291666666666664 0.0203125
0 0.18697916666666667 0.6408203125 0.05520833333333333 0.013671875
0 0.03125 0.62578125 0.04375 0.04765625
0 0.24635416666666668 0.61015625 0.05625 0.08046875
0 0.37916666666666665 0.608984375 0.05416666666666667 0.078125
0 0.43515625 0.6083984375 0.0515625 0.083984375
0 0.49895833333333334 0.6146484375 0.06875 0.070703125
0 0.5770833333333333 0.61171875 0.07395833333333333 0.07421875
0 0.7927083333333333 0.368359375 0.051041666666666666 0.0828125
0 0.7466145833333333 0.6095703125 0.07447916666666667 0.088671875
0 0.31015625 0.608203125 0.0671875 0.07890625
0 0.9770833333333333 0.8720703125 0.04583333333333333 0.087890625
0 0.9239583333333333 0.871875 0.04895833333333333 0.0859375
0 0.8723958333333334 0.872265625 0.04791666666666667 0.090625
0 0.06640625 0.8564453125 0.1171875 0.111328125
0 0.14817708333333332 0.8880859375 0.03697916666666667 0.038671875
0 0.18776041666666668 0.889453125 0.03697916666666667 0.03984375
0 0.2484375 0.887890625 0.057291666666666664 0.04375
0 0.32786458333333335 0.887109375 0.058854166666666666 0.04453125
0 0.384375 0.88828125 0.05520833333333333 0.04453125
0 0.4401041666666667 0.8896484375 0.057291666666666664 0.040234375
0 0.48776041666666664 0.889453125 0.0359375 0.05
0 0.5317708333333333 0.8712890625 0.042708333333333334 0.086328125
0 0.5778645833333333 0.8736328125 0.043229166666666666 0.091015625
0 0.6244791666666667 0.8708984375 0.04479166666666667 0.085546875
0 0.6716145833333333 0.87109375 0.044270833333333336 0.08828125
0 0.7213541666666666 0.8705078125 0.052083333333333336 0.091796875
0 0.77265625 0.8708984375 0.04739583333333333 0.092578125
0 0.82421875 0.8732421875 0.04635416666666667 0.087890625
0 0.04921875 0.7318359375 0.03802083333333333 0.082421875
0 0.5059895833333333 0.4962890625 0.0453125 0.075390625
0 0.6526041666666667 0.605859375 0.071875 0.08828125
0 0.40390625 0.500390625 0.04635416666666667 0.06484375
0 0.24375 0.4984375 0.04791666666666667 0.07265625
0 0.2986979166666667 0.4947265625 0.05364583333333333 0.079296875
0 0.35234375 0.50234375 0.04739583333333333 0.06875
0 0.453125 0.498828125 0.05 0.0734375
0 0.18932291666666667 0.5125 0.050520833333333334 0.0390625
0 0.13619791666666667 0.4947265625 0.0515625 0.073046875
0 0.03723958333333333 0.4896484375 0.058854166666666666 0.083203125
0 0.10364583333333334 0.3865234375 0.06875 0.043359375
0 0.6861979166666666 0.373046875 0.0484375 0.0734375
0 0.6333333333333333 0.3724609375 0.05 0.072265625
0 0.04401041666666667 0.3849609375 0.04739583333333333 0.049609375
0 0.534375 0.37578125 0.04479166666666667 0.07109375
0 0.48463541666666665 0.371875 0.049479166666666664 0.07578125
0 0.23203125 0.37421875 0.044270833333333336 0.06796875
0 0.434375 0.3740234375 0.04375 0.075390625
0 0.38515625 0.3736328125 0.0484375 0.076953125
0 0.17213541666666668 0.386328125 0.06614583333333333 0.04296875
0 0.33307291666666666 0.375 0.050520833333333334 0.07265625
0 0.5822916666666667 0.373828125 0.042708333333333334 0.0671875
