0 0.1388888888888889 0.5026041666666666 0.07924836601307189 0.04013480392156863
0 0.4470996732026144 0.5116421568627451 0.037173202614379085 0.09497549019607843
0 0.4103349673202614 0.5122549019607843 0.027369281045751634 0.09558823529411764
0 0.3741830065359477 0.5142463235294118 0.035130718954248366 0.09099264705882353
0 0.33619281045751637 0.5150122549019608 0.032679738562091505 0.09926470588235294
0 0.29983660130718953 0.5151654411764706 0.03676470588235294 0.09528186274509803
0 0.049836601307189546 0.5534620098039216 0.0857843137254902 0.05177696078431373
0 0.1380718954248366 0.5491727941176471 0.08496732026143791 0.050551470588235295
0 0.2252859477124183 0.5458026960784313 0.07720588235294118 0.05545343137254902
0 0.22589869281045752 0.4895833333333333 0.07761437908496732 0.0508578431372549
0 0.04718137254901961 0.5064338235294118 0.09109477124183006 0.0392156862745098
0 0.03839869281045752 0.39231004901960786 0.07679738562091504 0.09160539215686274
0 0.9577205882352942 0.23207720588235295 0.054330065359477125 0.11672794117647059
0 0.9044117647058824 0.22886029411764705 0.042483660130718956 0.11519607843137254
0 0.8529411764705882 0.22457107843137256 0.05310457516339869 0.11825980392156862
0 0.8049428104575164 0.22181372549019607 0.0428921568627451 0.125
0 0.7493872549019608 0.2192095588235294 0.061683006535947715 0.12162990196078431
0 0.6907679738562091 0.21430759803921567 0.05065359477124183 0.13020833333333334
0 0.4505718954248366 0.32827818627450983 0.025326797385620915 0.0628063725490196
0 0.4805964052287582 0.5220588235294118 0.024101307189542485 0.07352941176470588
0 0.4209558823529412 0.32674632352941174 0.026552287581699346 0.06587009803921569
0 0.5136846405228758 0.5191482843137255 0.03308823529411765 0.06954656862745098
0 0.5788398692810458 0.5159313725490197 0.026143790849673203 0.06311274509803921
0 0.9462826797385621 0.6162683823529411 0.04861111111111111 0.03829656862745098
0 0.9877450980392157 0.6141237745098039 0.025326797385620915 0.036458333333333336
0 0.9640522875816994 0.5738357843137255 0.04820261437908497 0.037377450980392156
0 0.9842728758169934 0.49402573529411764 0.024101307189542485 0.07935049019607843
0 0.9589460784313726 0.4950980392156863 0.01838235294117647 0.08149509803921569
0 0.247140522875817 0.39767156862745096 0.03349673202614379 0.0784313725490196
0 0.9064542483660131 0.5027573529411765 0.022058823529411766 0.0661764705882353
0 0.8799019607843137 0.5035232843137255 0.02369281045751634 0.06219362745098039
0 0.8527369281045751 0.5058210784313726 0.026552287581699346 0.06495098039215687
0 0.8229166666666666 0.5062806372549019 0.024918300653594773 0.0628063725490196
0 0.7949346405228758 0.5091911764705882 0.026143790849673203 0.06556372549019608
0 0.7673611111111112 0.5 0.025735294117647058 0.08149509803921569
0 0.852328431372549 0.45006127450980393 0.12540849673202614 0.0392156862745098
0 0.7387663398692811 0.5003063725490197 0.025735294117647058 0.0821078431372549
0 0.7091503267973857 0.5021446078431373 0.03022875816993464 0.08455882352941177
0 0.6766748366013072 0.5019914215686274 0.026552287581699346 0.08547794117647059
0 0.5433006535947712 0.46017156862745096 0.15441176470588236 0.04595588235294118
0 0.6474673202614379 0.5016850490196079 0.031862745098039214 0.08486519607843138
0 0.6133578431372549 0.5165441176470589 0.030637254901960783 0.06066176470588235
0 0.5484068627450981 0.5179227941176471 0.02900326797385621 0.06954656862745098
0 0.36519607843137253 0.40027573529411764 0.03022875816993464 0.07261029411764706
0 0.6268382352941176 0.21262254901960784 0.060866013071895424 0.12806372549019607
0 0.5643382352941176 0.20925245098039216 0.060866013071895424 0.13541666666666666
0 0.5024509803921569 0.40027573529411764 0.03104575163398693 0.07261029411764706
0 0.5383986928104575 0.39950980392156865 0.03594771241830065 0.07230392156862746
0 0.5733251633986928 0.3984375 0.0298202614379085 0.06893382352941177
0 0.6058006535947712 0.39920343137254904 0.028594771241830064 0.06924019607843138
0 0.5819035947712419 0.33088235294117646 0.02900326797385621 0.0625
0 0.9158496732026143 0.3319546568627451 0.02696078431372549 0.0585171568627451
0 0.8874591503267973 0.33409926470588236 0.026552287581699346 0.0585171568627451
0 0.8594771241830066 0.33379289215686275 0.02696078431372549 0.0585171568627451
0 0.47058823529411764 0.39889705882352944 0.024509803921568627 0.07352941176470588
0 0.8308823529411765 0.33287377450980393 0.02696078431372549 0.0585171568627451
0 0.48427287581699346 0.33118872549019607 0.03145424836601307 0.06066176470588235
0 0.5204248366013072 0.32889093137254904 0.03022875816993464 0.06158088235294118
0 0.5524918300653595 0.3318014705882353 0.024101307189542485 0.06433823529411764
0 0.32005718954248363 0.2746629901960784 0.1744281045751634 0.12040441176470588
0 0.32393790849673204 0.39889705882352944 0.03104575163398693 0.07598039215686274
0 0.12867647058823528 0.38817401960784315 0.09722222222222222 0.09558823529411764
0 0.19955065359477125 0.32230392156862747 0.03880718954248366 0.07230392156862746
0 0.2093545751633987 0.39889705882352944 0.03880718954248366 0.07720588235294118
0 0.8041258169934641 0.33517156862745096 0.026552287581699346 0.05821078431372549
0 0.43729575163398693 0.39996936274509803 0.0363562091503268 0.07322303921568628
0 0.40032679738562094 0.3984375 0.03104575163398693 0.07506127450980392
0 0.7736928104575164 0.3324142156862745 0.02696078431372549 0.05821078431372549
0 0.4963235294117647 0.20572916666666666 0.06290849673202614 0.13572303921568626
0 0.43709150326797386 0.20021446078431374 0.04656862745098039 0.13633578431372548
0 0.983251633986928 0.3322610294117647 0.025326797385620915 0.036458333333333336
0 0.9824346405228758 0.3708639705882353 0.03349673202614379 0.03400735294117647
0 0.977328431372549 0.4088541666666667 0.0298202614379085 0.035845588235294115
0 0.9487336601307189 0.3950674019607843 0.024101307189542485 0.06096813725490196
0 0.9225898692810458 0.39537377450980393 0.024101307189542485 0.06096813725490196
0 0.8950163398692811 0.39598651960784315 0.02369281045751634 0.06096813725490196
0 0.8666258169934641 0.39705882352941174 0.024101307189542485 0.061274509803921566
0 0.8425245098039216 0.3961397058823529 0.02246732026143791 0.06311274509803921
0 0.8129084967320261 0.3961397058823529 0.02287581699346405 0.06311274509803921
0 0.7837009803921569 0.39675245098039214 0.025735294117647058 0.06311274509803921
0 0.7540849673202614 0.3961397058823529 0.025326797385620915 0.06311274509803921
0 0.7254901960784313 0.3961397058823529 0.025326797385620915 0.06433823529411764
0 0.6973039215686274 0.39859068627450983 0.025326797385620915 0.06433823529411764
0 0.6656454248366013 0.39767156862745096 0.024101307189542485 0.06985294117647059
0 0.6337826797385621 0.39981617647058826 0.024101307189542485 0.06985294117647059
0 0.7160947712418301 0.3322610294117647 0.02696078431372549 0.0585171568627451
0 0.7440767973856209 0.33348651960784315 0.026552287581699346 0.0585171568627451
0 0.8954248366013072 0.6181066176470589 0.05392156862745098 0.04197303921568627
0 0.840890522875817 0.6237745098039216 0.05106209150326797 0.04044117647058824
0 0.9328022875816994 0.4950980392156863 0.024101307189542485 0.08149509803921569
0 0.14562908496732027 0.6839767156862745 0.08047385620915033 0.046875
0 0.6209150326797386 0.711703431372549 0.061274509803921566 0.06556372549019608
0 0.5535130718954249 0.7162990196078431 0.06781045751633986 0.06801470588235294
0 0.4824346405228758 0.725796568627451 0.06944444444444445 0.06801470588235294
0 0.4103349673202614 0.7348345588235294 0.0690359477124183 0.07935049019607843
0 0.33312908496732024 0.7418811274509803 0.07475490196078431 0.06893382352941177
0 0.255718954248366 0.8151041666666666 0.08333333333333333 0.047487745098039214
0 0.2526552287581699 0.7515318627450981 0.07965686274509803 0.07169117647058823
0 0.17647058823529413 0.9341299019607843 0.08415032679738563 0.04350490196078431
0 0.17279411764705882 0.8828125 0.08660130718954248 0.05116421568627451
0 0.16687091503267973 0.828125 0.09109477124183006 0.052083333333333336
0 0.16523692810457516 0.7617953431372549 0.08782679738562091 0.07506127450980392
0 0.08415032679738563 0.9479166666666666 0.10130718954248366 0.05392156862745098
0 0.0798611111111111 0.8903186274509803 0.08619281045751634 0.04656862745098039
0 0.07434640522875817 0.8365502450980392 0.08823529411764706 0.05422794117647059
0 0.07373366013071896 0.7699142156862745 0.08374183006535947 0.07720588235294118
0 0.22977941176470587 0.6753982843137255 0.07883986928104575 0.05667892156862745
0 0.14848856209150327 0.6214767156862745 0.08292483660130719 0.06096813725490196
0 0.056781045751633986 0.6911764705882353 0.08496732026143791 0.056372549019607844
0 0.058619281045751634 0.6283700980392157 0.0886437908496732 0.06495098039215687
0 0.3368055555555556 0.8037683823529411 0.0755718954248366 0.04871323529411765
0 0.3084150326797386 0.6715686274509803 0.07352941176470588 0.05269607843137255
0 0.4127859477124183 0.7990196078431373 0.07393790849673203 0.04656862745098039
0 0.5518790849673203 0.7786458333333334 0.06290849673202614 0.04932598039215686
0 0.9219771241830066 0.6887254901960784 0.049836601307189546 0.041666666666666664
0 0.8660130718954249 0.6959252450980392 0.05310457516339869 0.04932598039215686
0 0.8086192810457516 0.7011335784313726 0.056781045751633986 0.04258578431372549
0 0.75 0.7049632352941176 0.05800653594771242 0.04595588235294118
0 0.6848447712418301 0.7037377450980392 0.06495098039215687 0.06004901960784314
0 0.26000816993464054 0.9257046568627451 0.07883986928104575 0.050551470588235295
0 0.258374183006536 0.8697916666666666 0.07883986928104575 0.051470588235294115
0 0.338031045751634 0.9125306372549019 0.07475490196078431 0.048100490196078434
0 0.41299019607843135 0.8993566176470589 0.07107843137254902 0.045649509803921566
0 0.48427287581699346 0.8860294117647058 0.06658496732026144 0.04534313725490196
0 0.5578022875816994 0.8733149509803921 0.060866013071895424 0.04503676470588235
0 0.6219362745098039 0.8667279411764706 0.06413398692810457 0.0428921568627451
0 0.6209150326797386 0.8189338235294118 0.06862745098039216 0.03860294117647059
0 0.5559640522875817 0.8276654411764706 0.059640522875817 0.04381127450980392
0 0.4889705882352941 0.8385416666666666 0.0727124183006536 0.04656862745098039
0 0.41237745098039214 0.8501838235294118 0.0763888888888889 0.04350490196078431
0 0.3374183006535948 0.8570772058823529 0.07352941176470588 0.04993872549019608
0 0.6866830065359477 0.766390931372549 0.06209150326797386 0.046262254901960786
0 0.6182598039215687 0.7734375 0.06331699346405228 0.045649509803921566
0 0.48508986928104575 0.7878370098039216 0.068218954248366 0.048100490196078434
0 0.31086601307189543 0.6266850490196079 0.0784313725490196 0.0352328431372549
0 0.2881944444444444 0.39736519607843135 0.037173202614379085 0.07598039215686274
0 0.38419117647058826 0.6631433823529411 0.07148692810457516 0.03829656862745098
0 0.9662990196078431 0.725796568627451 0.04616013071895425 0.037377450980392156
0 0.11049836601307189 0.17738970588235295 0.0763888888888889 0.15625
0 0.1889297385620915 0.18412990196078433 0.07720588235294118 0.15257352941176472
0 0.2704248366013072 0.1639093137254902 0.0727124183006536 0.09926470588235294
0 0.3570261437908497 0.16727941176470587 0.06781045751633986 0.0900735294117647
0 0.37193627450980393 0.5856311274509803 0.18504901960784315 0.043198529411764705
0 0.8018790849673203 0.7878370098039216 0.049836601307189546 0.03829656862745098
0 0.8570261437908496 0.7827818627450981 0.05473856209150327 0.03799019607843137
0 0.8135212418300654 0.6620710784313726 0.14991830065359477 0.01715686274509804
0 0.9109477124183006 0.7751225490196079 0.05065359477124183 0.034926470588235295
0 0.9648692810457516 0.8103553921568627 0.05310457516339869 0.04044117647058824
0 0.9131944444444444 0.8167892156862745 0.04534313725490196 0.03615196078431373
0 0.8576388888888888 0.8264399509803921 0.05269607843137255 0.0389093137254902
0 0.8047385620915033 0.8348651960784313 0.049019607843137254 0.041666666666666664
0 0.7461192810457516 0.7987132352941176 0.053513071895424834 0.04105392156862745
0 0.6850490196078431 0.811734068627451 0.05310457516339869 0.035845588235294115
0 0.7436683006535948 0.8466605392156863 0.05841503267973856 0.0389093137254902
0 0.6852532679738562 0.8552389705882353 0.053513071895424834 0.04136029411764706
0 0.9650735294117647 0.7670036764705882 0.053513071895424834 0.03278186274509804
0 0.858251633986928 0.7403492647058824 0.05392156862745098 0.03707107843137255
0 0.9168709150326797 0.7331495098039216 0.0494281045751634 0.034926470588235295
0 0.7467320261437909 0.7519914215686274 0.04820261437908497 0.04136029411764706
0 0.3860294117647059 0.6254595588235294 0.06862745098039216 0.024816176470588234
0 0.45894607843137253 0.6234681372549019 0.07066993464052287 0.03125
0 0.4579248366013072 0.6583946078431373 0.06535947712418301 0.03553921568627451
0 0.5906862745098039 0.6469056372549019 0.058823529411764705 0.04197303921568627
0 0.5251225490196079 0.6490502450980392 0.0625 0.04136029411764706
0 0.5306372549019608 0.6040134803921569 0.06781045751633986 0.04136029411764706
0 0.7992238562091504 0.7461703431372549 0.054330065359477125 0.036458333333333336
0 0.6552287581699346 0.5952818627450981 0.06372549019607843 0.049019607843137254
0 0.5927287581699346 0.6000306372549019 0.05555555555555555 0.04871323529411765
0 0.6537990196078431 0.6397058823529411 0.06413398692810457 0.037377450980392156
0 0.786968954248366 0.6283700980392157 0.051879084967320264 0.0428921568627451
0 0.7291666666666666 0.6337316176470589 0.05473856209150327 0.03707107843137255
0 0.730187908496732 0.5880821078431373 0.05841503267973856 0.046875
0 0.786968954248366 0.5845588235294118 0.053513071895424834 0.041666666666666664
0 0.9769199346405228 0.6818321078431373 0.04534313725490196 0.046262254901960786
0 0.032475490196078434 0.17616421568627452 0.06495098039215687 0.14399509803921567
