0 0.9810049019607843 0.5560661764705882 0.039624183006535946 0.10110294117647059
0 0.016748366013071895 0.07107843137254902 0.026143790849673203 0.10232843137254902
0 0.052083333333333336 0.06786151960784313 0.03390522875816993 0.10079656862745098
0 0.08639705882352941 0.06341911764705882 0.0363562091503268 0.10416666666666667
0 0.12111928104575163 0.06479779411764706 0.03227124183006536 0.10079656862745098
0 0.15788398692810457 0.06142769607843137 0.03553921568627451 0.07751225490196079
0 0.9332107843137255 0.5549938725490197 0.05759803921568627 0.09650735294117647
0 0.797998366013072 0.8002450980392157 0.07312091503267974 0.15379901960784315
0 0.8243464052287581 0.6167279411764706 0.04656862745098039 0.04963235294117647
0 0.766952614379085 0.6147365196078431 0.03880718954248366 0.043198529411764705
0 0.715890522875817 0.6162683823529411 0.06004901960784314 0.06096813725490196
0 0.6378676470588235 0.6079963235294118 0.07066993464052287 0.06096813725490196
0 0.5786356209150327 0.5940563725490197 0.0494281045751634 0.04656862745098039
0 0.5091911764705882 0.5965073529411765 0.06413398692810457 0.06924019607843138
0 0.37745098039215685 0.5919117647058824 0.06372549019607843 0.08272058823529412
0 0.31433823529411764 0.5860906862745098 0.044526143790849675 0.0545343137254902
0 0.2589869281045752 0.5811887254901961 0.06372549019607843 0.0661764705882353
0 0.18116830065359477 0.7149203431372549 0.05514705882352941 0.1479779411764706
0 0.19158496732026145 0.5882352941176471 0.0457516339869281 0.08026960784313726
0 0.15073529411764705 0.5816482843137255 0.021241830065359478 0.04442401960784314
0 0.8827614379084967 0.5523897058823529 0.0392156862745098 0.0900735294117647
0 0.2493872549019608 0.7394301470588235 0.068218954248366 0.1724877450980392
0 0.6058006535947712 0.7599571078431373 0.05310457516339869 0.14491421568627452
0 0.4738562091503268 0.7524509803921569 0.06699346405228758 0.15196078431372548
0 0.41748366013071897 0.9117647058823529 0.05718954248366013 0.016544117647058824
0 0.41625816993464054 0.8921568627450981 0.061274509803921566 0.0196078431372549
0 0.4258578431372549 0.8707107843137255 0.054330065359477125 0.016544117647058824
0 0.35580065359477125 0.8952205882352942 0.04411764705882353 0.06066176470588235
0 0.31066176470588236 0.8984375 0.037173202614379085 0.04197303921568627
0 0.26981209150326796 0.8946078431372549 0.03880718954248366 0.03982843137254902
0 0.18218954248366012 0.8518688725490197 0.05392156862745098 0.048100490196078434
0 0.09109477124183006 0.8638174019607843 0.05228758169934641 0.015625
0 0.022263071895424837 0.8448223039215687 0.03145424836601307 0.012561274509803922
0 0.02369281045751634 0.8285845588235294 0.03758169934640523 0.015012254901960785
0 0.0661764705882353 0.8432904411764706 0.05555555555555555 0.019301470588235295
0 0.04084967320261438 0.8080575980392157 0.05473856209150327 0.02420343137254902
0 0.13480392156862744 0.6818321078431373 0.032679738562091505 0.04932598039215686
0 0.08843954248366014 0.6803002450980392 0.046977124183006536 0.08670343137254902
0 0.032066993464052285 0.678921568627451 0.06331699346405228 0.08455882352941177
0 0.9897875816993464 0.8668811274509803 0.02369281045751634 0.11856617647058823
0 0.9591503267973857 0.8656556372549019 0.03594771241830065 0.11917892156862746
0 0.9101307189542484 0.8563112745098039 0.05800653594771242 0.11642156862745098
0 0.8602941176470589 0.844515931372549 0.031862745098039214 0.12714460784313725
0 0.41299019607843135 0.9296875 0.06209150326797386 0.014399509803921568
0 0.3958333333333333 0.7473958333333334 0.08088235294117647 0.16329656862745098
0 0.4944852941176471 0.8687193627450981 0.07148692810457516 0.018075980392156864
0 0.4875408496732026 0.9096200980392157 0.06740196078431372 0.01715686274509804
0 0.5420751633986928 0.7552083333333334 0.059640522875817 0.16115196078431374
0 0.6766748366013072 0.7610294117647058 0.03799019607843137 0.14767156862745098
0 0.7265114379084967 0.7717524509803921 0.061683006535947715 0.12622549019607843
0 0.889297385620915 0.6973039215686274 0.04738562091503268 0.13725490196078433
0 0.9372957516339869 0.7051164215686274 0.04861111111111111 0.12162990196078431
0 0.6401143790849673 0.9624693627450981 0.07026143790849673 0.0701593137254902
0 0.9307598039215687 0.9661458333333334 0.13848039215686275 0.036458333333333336
0 0.8049428104575164 0.9946384803921569 0.07475490196078431 0.011948529411764705
0 0.809640522875817 0.9791666666666666 0.07761437908496732 0.015931372549019607
0 0.8141339869281046 0.9618566176470589 0.08415032679738563 0.015012254901960785
0 0.8196486928104575 0.9442401960784313 0.08047385620915033 0.01838235294117647
0 0.8125 0.9229473039215687 0.0727124183006536 0.021139705882352942
0 0.7218137254901961 0.9793198529411765 0.0718954248366013 0.026041666666666668
0 0.5563725490196079 0.9541973039215687 0.06781045751633986 0.021139705882352942
0 0.5647467320261438 0.9333639705882353 0.068218954248366 0.01685049019607843
0 0.5684232026143791 0.9165134803921569 0.07230392156862746 0.018075980392156864
0 0.5700571895424836 0.8933823529411765 0.07230392156862746 0.01715686274509804
0 0.5669934640522876 0.8719362745098039 0.06944444444444445 0.02144607843137255
0 0.4852941176470588 0.9309129901960784 0.06944444444444445 0.01685049019607843
0 0.4918300653594771 0.889859068627451 0.0661764705882353 0.017463235294117647
0 0.11907679738562091 0.5807291666666666 0.037173202614379085 0.050551470588235295
0 0.4444444444444444 0.5909926470588235 0.061274509803921566 0.07230392156862746
0 0.026552287581699346 0.5585171568627451 0.04330065359477124 0.09068627450980392
0 0.4193218954248366 0.05376838235294118 0.060866013071895424 0.029105392156862746
0 0.4103349673202614 0.08486519607843138 0.06004901960784314 0.031862745098039214
0 0.3647875816993464 0.058823529411764705 0.031862745098039214 0.08517156862745098
0 0.2792075163398693 0.05897671568627451 0.027369281045751634 0.08302696078431372
0 0.2369281045751634 0.0585171568627451 0.03349673202614379 0.08700980392156862
0 0.5269607843137255 0.20036764705882354 0.042483660130718956 0.09558823529411764
0 0.5784313725490197 0.19730392156862744 0.049019607843137254 0.10355392156862746
0 0.6262254901960784 0.19730392156862744 0.04738562091503268 0.10416666666666667
0 0.6838235294117647 0.22732843137254902 0.0661764705882353 0.04350490196078431
0 0.6836192810457516 0.16927083333333334 0.068218954248366 0.07199754901960784
0 0.7430555555555556 0.1870404411764706 0.04411764705882353 0.11366421568627451
0 0.7922794117647058 0.18075980392156862 0.039624183006535946 0.12438725490196079
0 0.8310866013071896 0.17892156862745098 0.03308823529411765 0.12254901960784313
0 0.8717320261437909 0.17815563725490197 0.04820261437908497 0.12408088235294118
0 0.923202614379085 0.17754289215686275 0.05065359477124183 0.1246936274509804
0 0.9752859477124183 0.17892156862745098 0.051879084967320264 0.12254901960784313
0 0.015931372549019607 0.4117647058823529 0.025326797385620915 0.07230392156862746
0 0.03860294117647059 0.41513480392156865 0.020833333333333332 0.06556372549019608
0 0.07618464052287582 0.4137561274509804 0.051879084967320264 0.06158088235294118
0 0.14787581699346405 0.3403799019607843 0.05228758169934641 0.08517156862745098
0 0.19934640522875818 0.3402267156862745 0.04493464052287582 0.07077205882352941
0 0.47263071895424835 0.04779411764705882 0.04411764705882353 0.09558823529411764
0 0.26633986928104575 0.34543504901960786 0.05228758169934641 0.08731617647058823
0 0.5196078431372549 0.04733455882352941 0.04493464052287582 0.09221813725490197
0 0.6225490196078431 0.04503676470588235 0.04330065359477124 0.08272058823529412
0 0.47794117647058826 0.2029718137254902 0.04493464052287582 0.09834558823529412
0 0.440359477124183 0.20695465686274508 0.026143790849673203 0.08670343137254902
0 0.40951797385620914 0.20802696078431374 0.034722222222222224 0.0857843137254902
0 0.37602124183006536 0.20802696078431374 0.034722222222222224 0.08700980392156862
0 0.3327205882352941 0.20098039215686275 0.044526143790849675 0.1017156862745098
0 0.2916666666666667 0.2104779411764706 0.03594771241830065 0.08455882352941177
0 0.25163398692810457 0.20971200980392157 0.042483660130718956 0.08425245098039216
0 0.2136437908496732 0.2115502450980392 0.035130718954248366 0.08302696078431372
0 0.1809640522875817 0.21691176470588236 0.027777777777777776 0.07352941176470588
0 0.20608660130718953 0.1559436274509804 0.04534313725490196 0.02389705882352941
0 0.14950980392156862 0.20220588235294118 0.03104575163398693 0.10110294117647059
0 0.10273692810457516 0.21185661764705882 0.04534313725490196 0.08057598039215687
0 0.06209150326797386 0.25045955882352944 0.03758169934640523 0.06954656862745098
0 0.025531045751633986 0.24923406862745098 0.034722222222222224 0.07322303921568628
0 0.9524101307189542 0.05805759803921569 0.09272875816993464 0.021139705882352942
0 0.9775326797385621 0.022058823529411766 0.0457516339869281 0.03676470588235294
0 0.8680555555555556 0.03799019607843137 0.04738562091503268 0.07107843137254902
0 0.818218954248366 0.041207107843137254 0.051470588235294115 0.07751225490196079
0 0.7657271241830066 0.04059436274509804 0.0428921568627451 0.07873774509803921
0 0.7214052287581699 0.04044117647058824 0.04411764705882353 0.07904411764705882
0 0.6711601307189542 0.040747549019607844 0.04411764705882353 0.07904411764705882
0 0.5706699346405228 0.0470281862745098 0.049836601307189546 0.09099264705882353
0 0.08619281045751634 0.5718443627450981 0.022058823529411766 0.06954656862745098
0 0.3249591503267974 0.3446691176470588 0.0559640522875817 0.09865196078431372
0 0.9818218954248366 0.710171568627451 0.03799019607843137 0.13112745098039216
0 0.3839869281045752 0.3359375 0.04738562091503268 0.08118872549019608
0 0.5839460784313726 0.3527879901960784 0.06658496732026144 0.09712009803921569
0 0.6668709150326797 0.34620098039215685 0.0821078431372549 0.08884803921568628
0 0.8174019607843137 0.3515625 0.06290849673202614 0.10508578431372549
0 0.8921568627450981 0.3075980392156863 0.058823529411764705 0.08946078431372549
0 0.9479166666666666 0.3098958333333333 0.05024509803921569 0.0860906862745098
0 0.8890931372549019 0.41544117647058826 0.04616013071895425 0.08762254901960784
0 0.5069444444444444 0.33547794117647056 0.06290849673202614 0.08517156862745098
0 0.9883578431372549 0.4192708333333333 0.024101307189542485 0.08486519607843138
0 0.1542075163398693 0.44730392156862747 0.04125816993464052 0.08088235294117647
0 0.9464869281045751 0.4177389705882353 0.06045751633986928 0.08302696078431372
0 0.2673611111111111 0.45159313725490197 0.06740196078431372 0.08455882352941177
0 0.338031045751634 0.4560355392156863 0.051879084967320264 0.08425245098039216
0 0.39215686274509803 0.4572610294117647 0.056372549019607844 0.0860906862745098
0 0.46895424836601307 0.4572610294117647 0.07352941176470588 0.08363970588235294
0 0.5522875816993464 0.4571078431372549 0.07352941176470588 0.07475490196078431
0 0.644812091503268 0.45588235294117646 0.03799019607843137 0.06556372549019608
0 0.6944444444444444 0.4678308823529412 0.05065359477124183 0.07291666666666667
0 0.8227124183006536 0.4728860294117647 0.08006535947712418 0.08057598039215687
0 0.20363562091503268 0.4482230392156863 0.056781045751633986 0.07965686274509803
0 0.19321895424836602 0.06158088235294118 0.03594771241830065 0.07965686274509803
0 0.7506127450980392 0.4713541666666667 0.05923202614379085 0.0818014705882353
