0 0.7422385620915033 0.6453737745098039 0.11029411764705882 0.018075980392156864
0 0.9385212418300654 0.7040441176470589 0.09109477124183006 0.014705882352941176
0 0.7420343137254902 0.7058823529411765 0.09354575163398693 0.013480392156862746
0 0.693218954248366 0.5591299019607843 0.024509803921568627 0.0625
0 0.6638071895424836 0.5594362745098039 0.02287581699346405 0.05943627450980392
0 0.6405228758169934 0.5582107843137255 0.02042483660130719 0.05698529411764706
0 0.6127450980392157 0.5810355392156863 0.025326797385620915 0.016237745098039217
0 0.5849673202614379 0.5608149509803921 0.02042483660130719 0.0548406862745098
0 0.516952614379085 0.5586703431372549 0.10008169934640523 0.01991421568627451
0 0.5177696078431373 0.5825674019607843 0.10743464052287582 0.01991421568627451
0 0.4144199346405229 0.5445772058823529 0.10008169934640523 0.01991421568627451
0 0.7422385620915033 0.6237745098039216 0.10375816993464053 0.015931372549019607
0 0.20159313725490197 0.5808823529411765 0.10253267973856209 0.020833333333333332
0 0.20812908496732027 0.5556066176470589 0.10661764705882353 0.021139705882352942
0 0.3131127450980392 0.5833333333333334 0.09763071895424837 0.015931372549019607
0 0.31413398692810457 0.561734068627451 0.08741830065359477 0.023590686274509803
0 0.41237745098039214 0.5850183823529411 0.08374183006535947 0.015012254901960785
0 0.4076797385620915 0.5681678921568627 0.09395424836601307 0.012561274509803922
0 0.7197712418300654 0.5594362745098039 0.02369281045751634 0.05943627450980392
0 0.7463235294117647 0.5612745098039216 0.02287581699346405 0.05575980392156863
0 0.7751225490196079 0.5585171568627451 0.024101307189542485 0.056372549019607844
0 0.9499591503267973 0.5795036764705882 0.09763071895424837 0.014399509803921568
0 0.7473447712418301 0.7522977941176471 0.0886437908496732 0.013174019607843137
0 0.7477532679738562 0.7746629901960784 0.09272875816993464 0.016237745098039217
0 0.8564133986928104 0.7054227941176471 0.06413398692810457 0.01685049019607843
0 0.8570261437908496 0.6897977941176471 0.06862745098039216 0.01133578431372549
0 0.9377042483660131 0.6807598039215687 0.09109477124183006 0.014705882352941176
0 0.9444444444444444 0.7519914215686274 0.07761437908496732 0.016237745098039217
0 0.9421977124183006 0.7722120098039216 0.09354575163398693 0.014399509803921568
0 0.7465277777777778 0.6890318627450981 0.0959967320261438 0.015931372549019607
0 0.8594771241830066 0.7493872549019608 0.07352941176470588 0.014093137254901961
0 0.9358660130718954 0.6325061274509803 0.0727124183006536 0.013174019607843137
0 0.9366830065359477 0.6493566176470589 0.07107843137254902 0.012561274509803922
0 0.8621323529411765 0.6461397058823529 0.068218954248366 0.014093137254901961
0 0.8633578431372549 0.6265318627450981 0.06413398692810457 0.017769607843137254
0 0.8629493464052288 0.5785845588235294 0.06576797385620915 0.015012254901960785
0 0.8566176470588235 0.5621936274509803 0.05718954248366013 0.015318627450980392
0 0.9456699346405228 0.5585171568627451 0.09722222222222222 0.01715686274509804
0 0.8519199346405228 0.7683823529411765 0.06985294117647059 0.014093137254901961
0 0.7434640522875817 0.6066176470588235 0.11274509803921569 0.013480392156862746
0 0.238562091503268 0.7562806372549019 0.09640522875816994 0.02542892156862745
0 0.6599264705882353 0.6309742647058824 0.01511437908496732 0.05422794117647059
0 0.4424019607843137 0.7743566176470589 0.08986928104575163 0.014399509803921568
0 0.4387254901960784 0.7522977941176471 0.10130718954248366 0.018075980392156864
0 0.5394199346405228 0.7765012254901961 0.09354575163398693 0.01685049019607843
0 0.5439133986928104 0.7530637254901961 0.08374183006535947 0.018995098039215685
0 0.647671568627451 0.7683823529411765 0.0886437908496732 0.018995098039215685
0 0.6407271241830066 0.7104779411764706 0.10008169934640523 0.015931372549019607
0 0.6482843137254902 0.6859681372549019 0.08986928104575163 0.02022058823529412
0 0.5522875816993464 0.7020526960784313 0.07352941176470588 0.016237745098039217
0 0.3410947712418301 0.7622549019607843 0.08905228758169935 0.01715686274509804
0 0.5443218954248366 0.6844362745098039 0.027369281045751634 0.013480392156862746
0 0.4667075163398693 0.7074142156862745 0.09109477124183006 0.0196078431372549
0 0.4636437908496732 0.6844362745098039 0.08496732026143791 0.015931372549019607
0 0.3700980392156863 0.7069546568627451 0.09395424836601307 0.015012254901960785
0 0.36907679738562094 0.6879595588235294 0.0886437908496732 0.016237745098039217
0 0.2777777777777778 0.7098651960784313 0.08415032679738563 0.015931372549019607
0 0.27798202614379086 0.6905637254901961 0.08374183006535947 0.015318627450980392
0 0.0545343137254902 0.6870404411764706 0.10661764705882353 0.018075980392156864
0 0.05535130718954248 0.7083333333333334 0.10743464052287582 0.015318627450980392
0 0.5772058823529411 0.6775428921568627 0.02042483660130719 0.013174019607843137
0 0.6781045751633987 0.6297487745098039 0.016339869281045753 0.05422794117647059
0 0.3449754901960784 0.7780330882352942 0.09109477124183006 0.01133578431372549
0 0.24142156862745098 0.782015931372549 0.09640522875816994 0.01685049019607843
0 0.6058006535947712 0.6498161764705882 0.08986928104575163 0.01715686274509804
0 0.6058006535947712 0.6315870098039216 0.08741830065359477 0.021752450980392156
0 0.6072303921568627 0.6109068627450981 0.026552287581699346 0.013480392156862746
0 0.5095996732026143 0.6248468137254902 0.09272875816993464 0.021752450980392156
0 0.5138888888888888 0.6470588235294118 0.08986928104575163 0.015931372549019607
0 0.40931372549019607 0.6522671568627451 0.10130718954248366 0.02022058823529412
0 0.4111519607843137 0.6256127450980392 0.10661764705882353 0.022058823529411766
0 0.30800653594771243 0.6276041666666666 0.08986928104575163 0.01991421568627451
0 0.0835375816993464 0.5845588235294118 0.11805555555555555 0.012254901960784314
0 0.3075980392156863 0.6490502450980392 0.0988562091503268 0.018075980392156864
0 0.20016339869281047 0.6490502450980392 0.10294117647058823 0.018075980392156864
0 0.08517156862745098 0.6156556372549019 0.10498366013071896 0.015012254901960785
0 0.0915032679738562 0.6420036764705882 0.11029411764705882 0.03400735294117647
0 0.16666666666666666 0.710171568627451 0.1053921568627451 0.018995098039215685
0 0.1656454248366013 0.6890318627450981 0.10253267973856209 0.01715686274509804
0 0.14215686274509803 0.7837009803921569 0.0915032679738562 0.01715686274509804
0 0.13786764705882354 0.7665441176470589 0.0951797385620915 0.015931372549019607
0 0.136437908496732 0.7444852941176471 0.0988562091503268 0.01715686274509804
0 0.19914215686274508 0.6276041666666666 0.10661764705882353 0.01991421568627451
0 0.0872140522875817 0.5638786764705882 0.11397058823529412 0.021752450980392156
0 0.10947712418300654 0.31173406862745096 0.10375816993464053 0.01991421568627451
0 0.07169117647058823 0.4810049019607843 0.01511437908496732 0.05698529411764706
0 0.24305555555555555 0.18566176470588236 0.11274509803921569 0.015318627450980392
0 0.3574346405228758 0.23544730392156862 0.11029411764705882 0.016237745098039217
0 0.3506944444444444 0.21308210784313725 0.10661764705882353 0.01991421568627451
0 0.35355392156862747 0.19316789215686275 0.10498366013071896 0.015012254901960785
0 0.35437091503267976 0.171875 0.10498366013071896 0.020833333333333332
0 0.4366830065359477 0.20741421568627452 0.03431372549019608 0.06740196078431372
0 0.48080065359477125 0.2113970588235294 0.04330065359477124 0.06678921568627451
0 0.5271650326797386 0.20971200980392157 0.03799019607843137 0.07199754901960784
0 0.5757761437908496 0.20879289215686275 0.0428921568627451 0.07383578431372549
0 0.6200980392156863 0.20756740196078433 0.04330065359477124 0.06954656862745098
0 0.6642156862745098 0.21170343137254902 0.0392156862745098 0.06372549019607843
0 0.7085375816993464 0.20833333333333334 0.04534313725490196 0.06556372549019608
0 0.2332516339869281 0.20664828431372548 0.11274509803921569 0.023590686274509803
0 0.7581699346405228 0.20649509803921567 0.04084967320261438 0.0741421568627451
0 0.886437908496732 0.23330269607843138 0.08496732026143791 0.013174019607843137
0 0.8911356209150327 0.21262254901960784 0.07965686274509803 0.01715686274509804
0 0.8819444444444444 0.19454656862745098 0.06944444444444445 0.015931372549019607
0 0.9673202614379085 0.23253676470588236 0.0661764705882353 0.01715686274509804
0 0.9662990196078431 0.21262254901960784 0.06740196078431372 0.014093137254901961
0 0.9632352941176471 0.19316789215686275 0.07352941176470588 0.015012254901960785
0 0.9505718954248366 0.32659313725490197 0.0988562091503268 0.014093137254901961
0 0.9483251633986928 0.3075980392156863 0.10498366013071896 0.018995098039215685
0 0.9556781045751634 0.39981617647058826 0.09027777777777778 0.015318627450980392
0 0.9534313725490197 0.4215686274509804 0.09558823529411764 0.014093137254901961
0 0.8662173202614379 0.4215686274509804 0.06985294117647059 0.018995098039215685
0 0.8696895424836601 0.4016544117647059 0.0718954248366013 0.01715686274509804
0 0.7967728758169934 0.20833333333333334 0.03553921568627451 0.06556372549019608
0 0.8782679738562091 0.3802083333333333 0.08986928104575163 0.01715686274509804
0 0.23590686274509803 0.23207720588235295 0.11397058823529412 0.01991421568627451
0 0.11437908496732026 0.21216299019607843 0.10375816993464053 0.013174019607843137
0 0.7830882352941176 0.06510416666666667 0.08741830065359477 0.021752450980392156
0 0.7941176470588235 0.04013480392156863 0.11274509803921569 0.022058823529411766
0 0.7988153594771242 0.01608455882352941 0.1090686274509804 0.024816176470588234
0 0.7030228758169934 0.04656862745098039 0.018790849673202614 0.04963235294117647
0 0.7261029411764706 0.048560049019607844 0.024101307189542485 0.045649509803921566
0 0.630718954248366 0.060355392156862746 0.11519607843137254 0.01715686274509804
0 0.6321486928104575 0.03982843137254902 0.1147875816993464 0.017769607843137254
0 0.6309232026143791 0.017769607843137254 0.11887254901960784 0.018995098039215685
0 0.4650735294117647 0.0392156862745098 0.024101307189542485 0.061887254901960786
0 0.49325980392156865 0.03615196078431373 0.026552287581699346 0.06556372549019608
0 0.5247140522875817 0.0352328431372549 0.026552287581699346 0.06740196078431372
0 0.5543300653594772 0.03799019607843137 0.027777777777777776 0.06740196078431372
0 0.12009803921568628 0.23330269607843138 0.1053921568627451 0.015012254901960785
0 0.38562091503267976 0.060355392156862746 0.11519607843137254 0.015931372549019607
0 0.37806372549019607 0.013786764705882353 0.11151960784313726 0.02022058823529412
0 0.2622549019607843 0.059895833333333336 0.10866013071895425 0.015012254901960785
0 0.24959150326797386 0.04197303921568627 0.10294117647058823 0.015318627450980392
0 0.2536764705882353 0.020526960784313725 0.10375816993464053 0.01715686274509804
0 0.1787173202614379 0.03952205882352941 0.02165032679738562 0.058823529411764705
0 0.15257352941176472 0.04013480392156863 0.017565359477124183 0.05821078431372549
0 0.13194444444444445 0.03799019607843137 0.02042483660130719 0.061887254901960786
0 0.10580065359477124 0.03753063725490196 0.021241830065359478 0.057904411764705885
0 0.0798611111111111 0.03676470588235294 0.01919934640522876 0.06372549019607843
0 0.05575980392156863 0.038449754901960786 0.02246732026143791 0.0628063725490196
0 0.026552287581699346 0.03875612745098039 0.021241830065359478 0.057904411764705885
0 0.12765522875816993 0.19454656862745098 0.10253267973856209 0.015931372549019607
0 0.38643790849673204 0.03722426470588235 0.10784313725490197 0.01991421568627451
0 0.08108660130718955 0.5410539215686274 0.11642156862745098 0.02267156862745098
0 0.9581290849673203 0.38265931372549017 0.06331699346405228 0.011642156862745098
0 0.7322303921568627 0.39859068627450983 0.039624183006535946 0.05821078431372549
0 0.952001633986928 0.4612438725490196 0.09844771241830065 0.02297794117647059
0 0.8623366013071896 0.5013786764705882 0.06862745098039216 0.016237745098039217
0 0.869281045751634 0.48330269607843135 0.05718954248366013 0.014399509803921568
0 0.8668300653594772 0.4643075980392157 0.06454248366013073 0.014399509803921568
0 0.7816584967320261 0.48192401960784315 0.026552287581699346 0.06372549019607843
0 0.7526552287581699 0.48192401960784315 0.024101307189542485 0.058823529411764705
0 0.7248774509803921 0.48268995098039214 0.016748366013071895 0.057904411764705885
0 0.6897467320261438 0.48192401960784315 0.03308823529411765 0.06372549019607843
0 0.6401143790849673 0.48238357843137253 0.027777777777777776 0.05974264705882353
0 0.6027369281045751 0.4794730392156863 0.026552287581699346 0.06556372549019608
0 0.5089869281045751 0.4877450980392157 0.10620915032679738 0.04656862745098039
0 0.43586601307189543 0.48192401960784315 0.027777777777777776 0.058823529411764705
0 0.9509803921568627 0.4840686274509804 0.09967320261437909 0.02022058823529412
0 0.40584150326797386 0.4794730392156863 0.024101307189542485 0.06372549019607843
0 0.35947712418300654 0.4831495098039216 0.025326797385620915 0.058823529411764705
0 0.3314950980392157 0.4817708333333333 0.017565359477124183 0.06096813725490196
0 0.30780228758169936 0.47870710784313725 0.024101307189542485 0.0664828431372549
0 0.2785947712418301 0.4791666666666667 0.025326797385620915 0.06740196078431372
0 0.25163398692810457 0.4762561274509804 0.025326797385620915 0.07138480392156862
0 0.22549019607843138 0.4817708333333333 0.02369281045751634 0.05606617647058824
0 0.20077614379084968 0.4846813725490196 0.020016339869281044 0.05698529411764706
0 0.17687908496732027 0.4846813725490196 0.02287581699346405 0.05698529411764706
0 0.14991830065359477 0.4803921568627451 0.02287581699346405 0.06556372549019608
0 0.12459150326797386 0.4791666666666667 0.02287581699346405 0.06433823529411764
0 0.09354575163398693 0.4800857843137255 0.022058823529411766 0.06495098039215687
0 0.054125816993464054 0.4810049019607843 0.01838235294117647 0.05821078431372549
0 0.3819444444444444 0.4846813725490196 0.015522875816993464 0.05514705882352941
0 0.7777777777777778 0.40012254901960786 0.041666666666666664 0.05698529411764706
0 0.9528186274509803 0.5026041666666666 0.09763071895424837 0.016237745098039217
0 0.7207924836601307 0.30545343137254904 0.042075163398692814 0.06372549019607843
0 0.6877042483660131 0.39859068627450983 0.04044117647058824 0.06066176470588235
0 0.6441993464052288 0.40027573529411764 0.035130718954248366 0.06158088235294118
0 0.6000816993464052 0.3993566176470588 0.031862745098039214 0.05974264705882353
0 0.5602532679738562 0.4007352941176471 0.042075163398692814 0.0625
0 0.5102124183006536 0.39981617647058826 0.04656862745098039 0.06556372549019608
0 0.46405228758169936 0.3993566176470588 0.04411764705882353 0.06464460784313726
0 0.41380718954248363 0.39828431372549017 0.03676470588235294 0.06740196078431372
0 0.34395424836601307 0.4021139705882353 0.09722222222222222 0.013174019607843137
0 0.3417075163398693 0.42018995098039214 0.09844771241830065 0.016237745098039217
0 0.2455065359477124 0.40088848039215685 0.08251633986928104 0.018075980392156864
0 0.2522467320261438 0.42080269607843135 0.07230392156862746 0.01991421568627451
0 0.13705065359477125 0.40471813725490197 0.1343954248366013 0.015931372549019607
0 0.7649101307189542 0.30545343137254904 0.044526143790849675 0.06372549019607843
0 0.03349673202614379 0.4030330882352941 0.0661764705882353 0.01991421568627451
0 0.1374591503267974 0.3815870098039216 0.09272875816993464 0.01991421568627451
0 0.33639705882352944 0.31204044117647056 0.08129084967320262 0.016237745098039217
0 0.33578431372549017 0.3321078431372549 0.07598039215686274 0.015318627450980392
0 0.21507352941176472 0.31142769607843135 0.10498366013071896 0.021752450980392156
0 0.238562091503268 0.3319546568627451 0.09640522875816994 0.018075980392156864
0 0.041870915032679736 0.7643995098039216 0.08374183006535947 0.013480392156862746
0 0.3980800653594771 0.3082107843137255 0.039624183006535946 0.06740196078431372
0 0.4848856209150327 0.3086703431372549 0.041666666666666664 0.06464460784313726
0 0.5349264705882353 0.3082107843137255 0.04044117647058824 0.06556372549019608
0 0.5810866013071896 0.3086703431372549 0.044526143790849675 0.06464460784313726
0 0.6296977124183006 0.3053002450980392 0.0428921568627451 0.0664828431372549
0 0.6754493464052288 0.3086703431372549 0.0428921568627451 0.06464460784313726
0 0.03022875816993464 0.42371323529411764 0.059640522875817 0.015931372549019607
0 0.041870915032679736 0.7823223039215687 0.08129084967320262 0.016237745098039217
0 0.44138071895424835 0.30713848039215685 0.04044117647058824 0.06770833333333333
