0 0.2790032679738562 0.4185049019607843 0.01715686274509804 0.04534313725490196
0 0.9536356209150327 0.3743872549019608 0.03553921568627451 0.07536764705882353
0 0.04758986928104575 0.38327205882352944 0.023284313725490197 0.052083333333333336
0 0.7787990196078431 0.19868259803921567 0.02165032679738562 0.07261029411764706
0 0.02022058823529412 0.38143382352941174 0.025735294117647058 0.051470588235294115
0 0.318218954248366 0.5543811274509803 0.013888888888888888 0.05361519607843137
0 0.3037173202614379 0.5507046568627451 0.013480392156862746 0.050551470588235295
0 0.2863562091503268 0.5484068627450981 0.017973856209150325 0.044730392156862746
0 0.23999183006535948 0.48223039215686275 0.0755718954248366 0.03308823529411765
0 0.19138071895424835 0.4794730392156863 0.020833333333333332 0.020833333333333332
0 0.1636029411764706 0.4777879901960784 0.023284313725490197 0.018688725490196078
0 0.1388888888888889 0.4731924019607843 0.016339869281045753 0.017463235294117647
0 0.119281045751634 0.46829044117647056 0.016339869281045753 0.021139705882352942
0 0.1031454248366013 0.47043504901960786 0.016748366013071895 0.01991421568627451
0 0.18566176470588236 0.45067401960784315 0.020833333333333332 0.026348039215686275
0 0.16482843137254902 0.4497549019607843 0.01838235294117647 0.031862745098039214
0 0.14133986928104575 0.44715073529411764 0.021241830065359478 0.02971813725490196
0 0.12173202614379085 0.44316789215686275 0.017973856209150325 0.029105392156862746
0 0.10110294117647059 0.44224877450980393 0.020016339869281044 0.030943627450980393
0 0.07924836601307189 0.45955882352941174 0.02287581699346405 0.03615196078431373
0 0.051674836601307186 0.45481004901960786 0.024918300653594773 0.02971813725490196
0 0.024101307189542485 0.4499080882352941 0.02287581699346405 0.024816176470588234
0 0.8033088235294118 0.19944852941176472 0.024918300653594773 0.06556372549019608
0 0.8314950980392157 0.19852941176470587 0.023284313725490197 0.058823529411764705
0 0.7487745098039216 0.19975490196078433 0.026143790849673203 0.0704656862745098
0 0.721609477124183 0.20067401960784315 0.02246732026143791 0.06556372549019608
0 0.6940359477124183 0.20143995098039216 0.024509803921568627 0.06954656862745098
0 0.6699346405228758 0.20741421568627452 0.02287581699346405 0.06556372549019608
0 0.6672794117647058 0.44806985294117646 0.024101307189542485 0.05422794117647059
0 0.6401143790849673 0.4453125 0.02369281045751634 0.0585171568627451
0 0.616421568627451 0.44332107843137253 0.02287581699346405 0.05575980392156863
0 0.5910947712418301 0.44454656862745096 0.022058823529411766 0.05698529411764706
0 0.5269607843137255 0.43734681372549017 0.015522875816993464 0.05177696078431373
0 0.5044934640522876 0.43504901960784315 0.021241830065359478 0.051470588235294115
0 0.4820261437908497 0.4368872549019608 0.018790849673202614 0.04963235294117647
0 0.4624183006535948 0.4339767156862745 0.0196078431372549 0.05177696078431373
0 0.4446486928104575 0.4325980392156863 0.015931372549019607 0.04779411764705882
0 0.4250408496732026 0.42984068627450983 0.020016339869281044 0.049019607843137254
0 0.8576388888888888 0.1954656862745098 0.025735294117647058 0.0625
0 0.4068627450980392 0.4287683823529412 0.015522875816993464 0.046875
0 0.37540849673202614 0.42754289215686275 0.01715686274509804 0.04442401960784314
0 0.3582516339869281 0.4258578431372549 0.014705882352941176 0.04779411764705882
0 0.34191176470588236 0.42356004901960786 0.014705882352941176 0.04993872549019608
0 0.3272058823529412 0.4221813725490196 0.00980392156862745 0.04411764705882353
0 0.514501633986928 0.21645220588235295 0.023284313725490197 0.05422794117647059
0 0.5377859477124183 0.21369485294117646 0.023284313725490197 0.0585171568627451
0 0.5645424836601307 0.21323529411764705 0.02696078431372549 0.058823529411764705
0 0.5902777777777778 0.2112438725490196 0.02042483660130719 0.06096813725490196
0 0.6158088235294118 0.2106311274509804 0.02900326797385621 0.05912990196078431
0 0.6413398692810458 0.20848651960784315 0.02287581699346405 0.06341911764705882
0 0.39133986928104575 0.4273897058823529 0.013071895424836602 0.04656862745098039
0 0.6919934640522876 0.45128676470588236 0.02369281045751634 0.05943627450980392
0 0.8858251633986928 0.19362745098039216 0.028186274509803922 0.05943627450980392
0 0.974468954248366 0.1875 0.030637254901960783 0.0661764705882353
0 0.9264705882352942 0.2786458333333333 0.03104575163398693 0.07689950980392157
0 0.9620098039215687 0.2757352941176471 0.03431372549019608 0.07965686274509803
0 0.27736928104575165 0.3606004901960784 0.017973856209150325 0.05269607843137255
0 0.2945261437908497 0.36014093137254904 0.013071895424836602 0.05545343137254902
0 0.30780228758169936 0.36090686274509803 0.011029411764705883 0.05575980392156863
0 0.3104575163398693 0.42110906862745096 0.016339869281045753 0.047487745098039214
0 0.2949346405228758 0.41911764705882354 0.013888888888888888 0.044730392156862746
0 0.32250816993464054 0.36136642156862747 0.01511437908496732 0.053002450980392156
0 0.33700980392156865 0.3616727941176471 0.011437908496732025 0.05238970588235294
0 0.352124183006536 0.3625919117647059 0.013071895424836602 0.05422794117647059
0 0.37111928104575165 0.3630514705882353 0.015931372549019607 0.05269607843137255
0 0.38991013071895425 0.3627450980392157 0.017565359477124183 0.05330882352941176
0 0.41013071895424835 0.3622855392156863 0.022058823529411766 0.050551470588235295
0 0.6043709150326797 0.3727022058823529 0.024101307189542485 0.06341911764705882
0 0.630718954248366 0.36963848039215685 0.02287581699346405 0.06096813725490196
0 0.6560457516339869 0.37025122549019607 0.02696078431372549 0.06158088235294118
0 0.25020424836601307 0.4152879901960784 0.034722222222222224 0.02849264705882353
0 0.9172794117647058 0.37285539215686275 0.03390522875816993 0.07169117647058823
0 0.8839869281045751 0.3727022058823529 0.028594771241830064 0.07077205882352941
0 0.8539624183006536 0.3713235294117647 0.02165032679738562 0.06862745098039216
0 0.735702614379085 0.3697916666666667 0.032679738562091505 0.06311274509803921
0 0.8939950980392157 0.27956495098039214 0.030637254901960783 0.07199754901960784
0 0.8611111111111112 0.2824754901960784 0.032679738562091505 0.06801470588235294
0 0.8278186274509803 0.2835477941176471 0.027369281045751634 0.07199754901960784
0 0.7996323529411765 0.2846200980392157 0.024101307189542485 0.06985294117647059
0 0.27001633986928103 0.3014705882352941 0.013888888888888888 0.052083333333333336
0 0.28656045751633985 0.3002450980392157 0.01511437908496732 0.05269607843137255
0 0.30126633986928103 0.29993872549019607 0.01184640522875817 0.05269607843137255
0 0.31699346405228757 0.3008578431372549 0.014705882352941176 0.04840686274509804
0 0.3341503267973856 0.3007046568627451 0.01715686274509804 0.045649509803921566
0 0.3502859477124183 0.2997855392156863 0.013480392156862746 0.04932598039215686
0 0.3723447712418301 0.3007046568627451 0.024918300653594773 0.048100490196078434
0 0.40727124183006536 0.29993872549019607 0.0196078431372549 0.05759803921568627
0 0.42626633986928103 0.2994791666666667 0.01838235294117647 0.0585171568627451
0 0.4485294117647059 0.2962622549019608 0.02042483660130719 0.05698529411764706
0 0.9156454248366013 0.19056372549019607 0.030637254901960783 0.06433823529411764
0 0.46875 0.29534313725490197 0.017565359477124183 0.056372549019607844
0 0.5077614379084967 0.2933517156862745 0.027777777777777776 0.060355392156862746
0 0.5353349673202614 0.2939644607843137 0.025735294117647058 0.05912990196078431
0 0.5757761437908496 0.29105392156862747 0.024101307189542485 0.058823529411764705
0 0.602328431372549 0.29181985294117646 0.023284313725490197 0.057904411764705885
0 0.6260212418300654 0.29074754901960786 0.024101307189542485 0.06066176470588235
0 0.6542075163398693 0.28753063725490197 0.027369281045751634 0.06096813725490196
0 0.7003676470588235 0.29120710784313725 0.0298202614379085 0.06158088235294118
0 0.7277369281045751 0.2867647058823529 0.020016339869281044 0.06556372549019608
0 0.7493872549019608 0.28707107843137253 0.020833333333333332 0.06678921568627451
0 0.7704248366013072 0.2858455882352941 0.0196078431372549 0.06985294117647059
0 0.4861111111111111 0.2956495098039216 0.016339869281045753 0.05575980392156863
0 0.7212009803921569 0.45174632352941174 0.028186274509803922 0.060355392156862746
0 0.07352941176470588 0.3869485294117647 0.025326797385620915 0.05698529411764706
0 0.772671568627451 0.4560355392156863 0.024101307189542485 0.05974264705882353
0 0.4644607843137255 0.5810355392156863 0.0196078431372549 0.05422794117647059
0 0.44424019607843135 0.5811887254901961 0.01511437908496732 0.05392156862745098
0 0.4270833333333333 0.5770526960784313 0.012663398692810458 0.05116421568627451
0 0.41360294117647056 0.5752144607843137 0.014297385620915032 0.0548406862745098
0 0.3980800653594771 0.5704656862745098 0.012663398692810458 0.0508578431372549
0 0.3805147058823529 0.5675551470588235 0.016748366013071895 0.050551470588235295
0 0.36376633986928103 0.5637254901960784 0.01511437908496732 0.05392156862745098
0 0.3500816993464052 0.5579044117647058 0.013071895424836602 0.05821078431372549
0 0.33455882352941174 0.5548406862745098 0.013888888888888888 0.05269607843137255
0 0.10866013071895425 0.39169730392156865 0.027777777777777776 0.043198529411764705
0 0.13991013071895425 0.39568014705882354 0.02900326797385621 0.047487745098039214
0 0.17687908496732027 0.39996936274509803 0.031862745098039214 0.048100490196078434
0 0.8903186274509803 0.6688112745098039 0.09844771241830065 0.061274509803921566
0 0.8935866013071896 0.5611213235294118 0.10089869281045752 0.07261029411764706
0 0.14644607843137256 0.24831495098039216 0.020833333333333332 0.06464460784313726
0 0.17116013071895425 0.24571078431372548 0.02369281045751634 0.06985294117647059
0 0.19362745098039216 0.24632352941176472 0.018790849673202614 0.07107843137254902
0 0.06801470588235294 0.32996323529411764 0.02900326797385621 0.04779411764705882
0 0.09987745098039216 0.328125 0.03145424836601307 0.05269607843137255
0 0.1860702614379085 0.3246017156862745 0.03553921568627451 0.0664828431372549
0 0.4131944444444444 0.6565563725490197 0.013480392156862746 0.04534313725490196
0 0.4846813725490196 0.5810355392156863 0.020833333333333332 0.048100490196078434
0 0.2777777777777778 0.6223958333333334 0.014705882352941176 0.04197303921568627
0 0.2930964052287582 0.6248468137254902 0.013480392156862746 0.04136029411764706
0 0.30800653594771243 0.6305147058823529 0.011437908496732025 0.044730392156862746
0 0.42606209150326796 0.6620710784313726 0.010620915032679739 0.049019607843137254
0 0.4415849673202614 0.6649816176470589 0.013071895424836602 0.04442401960784314
0 0.4597630718954248 0.6688112745098039 0.017565359477124183 0.051470588235294115
0 0.47875816993464054 0.6750919117647058 0.016339869281045753 0.04871323529411765
0 0.5032679738562091 0.6793811274509803 0.026143790849673203 0.05116421568627451
0 0.5298202614379085 0.6887254901960784 0.014705882352941176 0.0508578431372549
0 0.5508578431372549 0.6927083333333334 0.024101307189542485 0.05392156862745098
0 0.579248366013072 0.7011335784313726 0.02369281045751634 0.047487745098039214
0 0.6000816993464052 0.7046568627450981 0.018790849673202614 0.056372549019607844
0 0.6213235294117647 0.7109375 0.022058823529411766 0.05177696078431373
0 0.2181372549019608 0.5922181372549019 0.0392156862745098 0.024509803921568627
0 0.6501225490196079 0.7210477941176471 0.02246732026143791 0.048100490196078434
0 0.7024101307189542 0.7274816176470589 0.026552287581699346 0.05361519607843137
0 0.7367238562091504 0.7166053921568627 0.020016339869281044 0.05330882352941176
0 0.7620506535947712 0.7173713235294118 0.028186274509803922 0.046875
0 0.7935049019607843 0.6505821078431373 0.08374183006535947 0.07689950980392157
0 0.3813316993464052 0.6484375 0.011029411764705883 0.045649509803921566
0 0.7455065359477124 0.4508272058823529 0.0196078431372549 0.0585171568627451
0 0.3654003267973856 0.6452205882352942 0.01511437908496732 0.05024509803921569
0 0.3502859477124183 0.6386335784313726 0.013480392156862746 0.04381127450980392
0 0.3347630718954248 0.6360294117647058 0.014297385620915032 0.04779411764705882
0 0.3220996732026144 0.632046568627451 0.011029411764705883 0.04044117647058824
0 0.6766748366013072 0.7205882352941176 0.025735294117647058 0.05330882352941176
0 0.16462418300653595 0.600796568627451 0.03594771241830065 0.028186274509803922
0 0.1627859477124183 0.5741421568627451 0.039624183006535946 0.023284313725490197
0 0.05249183006535948 0.5689338235294118 0.0298202614379085 0.02389705882352941
0 0.5886437908496732 0.5182291666666666 0.021241830065359478 0.06158088235294118
0 0.5678104575163399 0.5168504901960784 0.018790849673202614 0.061887254901960786
0 0.5463643790849673 0.5133272058823529 0.01919934640522876 0.057904411764705885
0 0.5245098039215687 0.5137867647058824 0.017973856209150325 0.05575980392156863
0 0.5010212418300654 0.5096507352941176 0.02165032679738562 0.04932598039215686
0 0.4791666666666667 0.5053615196078431 0.01715686274509804 0.0548406862745098
0 0.46139705882352944 0.5030637254901961 0.013480392156862746 0.0545343137254902
0 0.4446486928104575 0.5010723039215687 0.015931372549019607 0.057291666666666664
0 0.42830882352941174 0.4990808823529412 0.01511437908496732 0.05392156862745098
0 0.41074346405228757 0.4970894607843137 0.012663398692810458 0.0548406862745098
0 0.39644607843137253 0.49417892156862747 0.015931372549019607 0.04779411764705882
0 0.37745098039215685 0.49295343137254904 0.013888888888888888 0.049019607843137254
0 0.3619281045751634 0.49065563725490197 0.015522875816993464 0.04932598039215686
0 0.34620098039215685 0.4888174019607843 0.012663398692810458 0.05116421568627451
0 0.3321078431372549 0.48590686274509803 0.013071895424836602 0.04840686274509804
0 0.3176062091503268 0.48544730392156865 0.012663398692810458 0.04993872549019608
0 0.30269607843137253 0.48161764705882354 0.014705882352941176 0.04350490196078431
0 0.2861519607843137 0.4814644607843137 0.017565359477124183 0.04503676470588235
0 0.9656862745098039 0.46706495098039214 0.03431372549019608 0.07261029411764706
0 0.9281045751633987 0.4650735294117647 0.03431372549019608 0.07659313725490197
0 0.8970588235294118 0.4646139705882353 0.026143790849673203 0.07261029411764706
0 0.8713235294117647 0.46706495098039214 0.024509803921568627 0.06709558823529412
0 0.8033088235294118 0.45909926470588236 0.03145424836601307 0.06709558823529412
0 0.6115196078431373 0.5199142156862745 0.01715686274509804 0.06556372549019608
0 0.6329656862745098 0.5260416666666666 0.020016339869281044 0.056372549019607844
0 0.6548202614379085 0.5306372549019608 0.021241830065359478 0.0625
0 0.678921568627451 0.5309436274509803 0.02287581699346405 0.06311274509803921
0 0.0872140522875817 0.5821078431372549 0.034722222222222224 0.025735294117647058
0 0.12254901960784313 0.5942095588235294 0.03022875816993464 0.026041666666666668
0 0.1636029411764706 0.5352328431372549 0.04125816993464052 0.026348039215686275
0 0.12111928104575163 0.5248161764705882 0.03145424836601307 0.02144607843137255
0 0.08374183006535947 0.5171568627450981 0.03839869281045752 0.025122549019607844
0 0.49244281045751637 0.2190563725490196 0.01838235294117647 0.058823529411764705
0 0.4701797385620915 0.22058823529411764 0.02042483660130719 0.05698529411764706
0 0.45241013071895425 0.22426470588235295 0.013480392156862746 0.058823529411764705
0 0.434640522875817 0.22732843137254902 0.01715686274509804 0.05759803921568627
0 0.414624183006536 0.2264093137254902 0.016339869281045753 0.0545343137254902
0 0.3966503267973856 0.22962622549019607 0.02042483660130719 0.05361519607843137
0 0.22181372549019607 0.6216299019607843 0.05718954248366013 0.022058823529411766
0 0.3770424836601307 0.22947303921568626 0.016339869281045753 0.0508578431372549
0 0.35784313725490197 0.23253676470588236 0.017973856209150325 0.051470588235294115
0 0.21262254901960784 0.41237745098039214 0.03145424836601307 0.03002450980392157
0 0.34068627450980393 0.23268995098039216 0.015522875816993464 0.04993872549019608
0 0.3227124183006536 0.2346813725490196 0.018790849673202614 0.04779411764705882
0 0.3020833333333333 0.23682598039215685 0.020833333333333332 0.04963235294117647
0 0.27818627450980393 0.23897058823529413 0.0196078431372549 0.04840686274509804
0 0.733047385620915 0.5392156862745098 0.027369281045751634 0.05821078431372549
0 0.7054738562091504 0.5344669117647058 0.025326797385620915 0.06464460784313726
0 0.397875816993464 0.6537990196078431 0.012254901960784314 0.04840686274509804
