0 0.8078022875816994 0.5314031862745098 0.03308823529411765 0.03462009803921569
0 0.23590686274509803 0.4690563725490196 0.023284313725490197 0.04350490196078431
0 0.13480392156862744 0.8890931372549019 0.06862745098039216 0.02696078431372549
0 0.060866013071895424 0.9106924019607843 0.07434640522875817 0.03216911764705882
0 0.3888888888888889 0.7853860294117647 0.056372549019607844 0.02665441176470588
0 0.3314950980392157 0.7981004901960784 0.05841503267973856 0.028799019607843136
0 0.26981209150326796 0.8129595588235294 0.06331699346405228 0.03155637254901961
0 0.20322712418300654 0.8293504901960784 0.06658496732026144 0.030637254901960783
0 0.13214869281045752 0.8458946078431373 0.07230392156862746 0.026348039215686275
0 0.05698529411764706 0.8647365196078431 0.07802287581699346 0.02849264705882353
0 0.3952205882352941 0.7460171568627451 0.05759803921568627 0.02696078431372549
0 0.335375816993464 0.7591911764705882 0.05800653594771242 0.02389705882352941
0 0.27124183006535946 0.774203431372549 0.06045751633986928 0.02696078431372549
0 0.20077614379084968 0.7859987745098039 0.06413398692810457 0.023590686274509803
0 0.13174019607843138 0.8020833333333334 0.07393790849673203 0.028186274509803922
0 0.05371732026143791 0.8203125 0.07965686274509803 0.02542892156862745
0 0.4805964052287582 0.7694546568627451 0.10825163398692811 0.09037990196078431
0 0.45098039215686275 0.6905637254901961 0.05473856209150327 0.037377450980392156
0 0.26000816993464054 0.46706495098039214 0.024101307189542485 0.048100490196078434
0 0.948937908496732 0.5171568627450981 0.027777777777777776 0.03799019607843137
0 0.9781454248366013 0.5124080882352942 0.030637254901960783 0.030330882352941176
0 0.8703022875816994 0.5565257352941176 0.04044117647058824 0.026041666666666668
0 0.9070669934640523 0.5523897058823529 0.028186274509803922 0.026348039215686275
0 0.9370915032679739 0.5484068627450981 0.02696078431372549 0.02267156862745098
0 0.20894607843137256 0.5147058823529411 0.024918300653594773 0.03615196078431373
0 0.9660947712418301 0.5474877450980392 0.028594771241830064 0.0196078431372549
0 0.046977124183006536 0.765625 0.0857843137254902 0.04105392156862745
0 0.1264297385620915 0.7498468137254902 0.07475490196078431 0.0389093137254902
0 0.2005718954248366 0.7374387254901961 0.0727124183006536 0.04105392156862745
0 0.2702205882352941 0.7253370098039216 0.06495098039215687 0.04197303921568627
0 0.33517156862745096 0.7129289215686274 0.0625 0.042279411764705885
0 0.39419934640522875 0.7029718137254902 0.05555555555555555 0.04136029411764706
0 0.991421568627451 0.5415134803921569 0.017973856209150325 0.02542892156862745
0 0.29125816993464054 0.4643075980392157 0.027777777777777776 0.03829656862745098
0 0.17892156862745098 0.5143995098039216 0.03431372549019608 0.03431372549019608
0 0.17830882352941177 0.4719669117647059 0.0363562091503268 0.04503676470588235
0 0.0886437908496732 0.2650122549019608 0.05718954248366013 0.13664215686274508
0 0.1576797385620915 0.27098651960784315 0.0727124183006536 0.13449754901960784
0 0.22344771241830066 0.27389705882352944 0.059640522875817 0.12928921568627452
0 0.28594771241830064 0.27879901960784315 0.06454248366013073 0.13112745098039216
0 0.3423202614379085 0.28278186274509803 0.049019607843137254 0.12193627450980392
0 0.3954248366013072 0.28293504901960786 0.05228758169934641 0.11856617647058823
0 0.4477124183006536 0.2867647058823529 0.051470588235294115 0.11213235294117647
0 0.4987745098039216 0.28737745098039214 0.04738562091503268 0.10845588235294118
0 0.6162173202614379 0.2942708333333333 0.0428921568627451 0.1056985294117647
0 0.6572712418300654 0.2965686274509804 0.03839869281045752 0.10049019607843138
0 0.6958741830065359 0.29702818627450983 0.037173202614379085 0.10079656862745098
0 0.7320261437908496 0.2997855392156863 0.03431372549019608 0.0940563725490196
0 0.764297385620915 0.30162377450980393 0.029411764705882353 0.09957107843137254
0 0.7990196078431373 0.30300245098039214 0.04003267973856209 0.09803921568627451
0 0.8321078431372549 0.3011642156862745 0.028594771241830064 0.09436274509803921
0 0.8639705882352942 0.3040747549019608 0.03349673202614379 0.08792892156862746
0 0.8939950980392157 0.3040747549019608 0.026552287581699346 0.08792892156862746
0 0.1395016339869281 0.49172794117647056 0.03390522875816993 0.09926470588235294
0 0.10151143790849673 0.49080882352941174 0.04125816993464052 0.09313725490196079
0 0.0625 0.4950980392156863 0.03839869281045752 0.10049019607843138
0 0.023080065359477125 0.4957107843137255 0.03799019607843137 0.09681372549019608
0 0.460375816993464 0.41299019607843135 0.06535947712418301 0.028799019607843136
0 0.3837826797385621 0.41590073529411764 0.08455882352941177 0.024816176470588234
0 0.21058006535947713 0.47150735294117646 0.028186274509803922 0.04779411764705882
0 0.27124183006535946 0.4253982843137255 0.0857843137254902 0.030943627450980393
0 0.5772058823529411 0.4172794117647059 0.05473856209150327 0.1017156862745098
0 0.5665849673202614 0.32046568627450983 0.05473856209150327 0.08946078431372549
0 0.9924428104575164 0.3102022058823529 0.01511437908496732 0.08118872549019608
0 0.9724264705882353 0.30744485294117646 0.024918300653594773 0.08425245098039216
0 0.946078431372549 0.3069852941176471 0.027777777777777776 0.08394607843137254
0 0.9191176470588235 0.30713848039215685 0.024509803921568627 0.08363970588235294
0 0.1809640522875817 0.4253982843137255 0.09477124183006536 0.02971813725490196
0 0.03022875816993464 0.26409313725490197 0.05473856209150327 0.13970588235294118
0 0.3196486928104575 0.46231617647058826 0.02900326797385621 0.0428921568627451
0 0.37459150326797386 0.45894607843137253 0.03022875816993464 0.0392156862745098
0 0.7081290849673203 0.4765625 0.017565359477124183 0.0272671568627451
0 0.7624591503267973 0.46047794117647056 0.0755718954248366 0.04534313725490196
0 0.8343545751633987 0.4577205882352941 0.06658496732026144 0.05024509803921569
0 0.8915441176470589 0.41191789215686275 0.09191176470588236 0.03155637254901961
0 0.9044117647058824 0.45098039215686275 0.06209150326797386 0.04105392156862745
0 0.9628267973856209 0.44715073529411764 0.05310457516339869 0.048100490196078434
0 0.0181781045751634 0.625 0.0363562091503268 0.042279411764705885
0 0.07883986928104575 0.6139705882352942 0.08496732026143791 0.05575980392156863
0 0.02185457516339869 0.6767769607843137 0.04370915032679738 0.04963235294117647
0 0.08741830065359477 0.6681985294117647 0.07761437908496732 0.04779411764705882
0 0.16299019607843138 0.6341911764705882 0.07352941176470588 0.07659313725490197
0 0.23366013071895425 0.624234068627451 0.06781045751633986 0.07628676470588236
0 0.3233251633986928 0.5876225490196079 0.09191176470588236 0.04044117647058824
0 0.3972630718954248 0.5807291666666666 0.0559640522875817 0.053002450980392156
0 0.4599673202614379 0.5712316176470589 0.06209150326797386 0.0389093137254902
0 0.516952614379085 0.5660232843137255 0.05024509803921569 0.04871323529411765
0 0.31862745098039214 0.6297487745098039 0.0857843137254902 0.03278186274509804
0 0.7969771241830066 0.5661764705882353 0.03594771241830065 0.02267156862745098
0 0.7595996732026143 0.5715379901960784 0.037173202614379085 0.0272671568627451
0 0.7199754901960784 0.5770526960784313 0.03799019607843137 0.02849264705882353
0 0.6774918300653595 0.5850183823529411 0.04534313725490196 0.02665441176470588
0 0.9211601307189542 0.5196078431372549 0.028594771241830064 0.03370098039215686
0 0.7738970588235294 0.5350796568627451 0.034722222222222224 0.03768382352941176
0 0.6901552287581699 0.47610294117647056 0.020833333333333332 0.028186274509803922
0 0.7346813725490197 0.5386029411764706 0.04534313725490196 0.03431372549019608
0 0.6296977124183006 0.5899203431372549 0.03880718954248366 0.036458333333333336
0 0.5876225490196079 0.5919117647058824 0.04370915032679738 0.032475490196078434
0 0.6227532679738562 0.5516237745098039 0.08619281045751634 0.033394607843137254
0 0.5118464052287581 0.6067708333333334 0.051470588235294115 0.03216911764705882
0 0.4585375816993464 0.6133578431372549 0.0559640522875817 0.03125
0 0.39338235294117646 0.6277573529411765 0.059640522875817 0.03799019607843137
0 0.6887254901960784 0.5436580882352942 0.0457516339869281 0.035845588235294115
0 0.34701797385620914 0.46047794117647056 0.024918300653594773 0.03676470588235294
0 0.670751633986928 0.47671568627450983 0.017973856209150325 0.030637254901960783
0 0.6356209150326797 0.4802389705882353 0.01715686274509804 0.030330882352941176
0 0.40441176470588236 0.46047794117647056 0.028594771241830064 0.04105392156862745
0 0.43137254901960786 0.45894607843137253 0.02696078431372549 0.04350490196078431
0 0.4556781045751634 0.4560355392156863 0.02246732026143791 0.03829656862745098
0 0.4777369281045752 0.45450367647058826 0.02165032679738562 0.04197303921568627
0 0.5030637254901961 0.45297181372549017 0.024918300653594773 0.0389093137254902
0 0.5275735294117647 0.4518995098039216 0.024101307189542485 0.04105392156862745
0 0.352124183006536 0.4990808823529412 0.024509803921568627 0.034926470588235295
0 0.37602124183006536 0.49846813725490197 0.02165032679738562 0.03553921568627451
0 0.40788398692810457 0.4958639705882353 0.02165032679738562 0.030330882352941176
0 0.43300653594771243 0.4964767156862745 0.02696078431372549 0.030943627450980393
0 0.45874183006535946 0.49325980392156865 0.01715686274509804 0.029411764705882353
0 0.48080065359477125 0.4924938725490196 0.0196078431372549 0.030943627450980393
0 0.5034722222222222 0.49019607843137253 0.023284313725490197 0.031862745098039214
0 0.5267565359477124 0.49004289215686275 0.02246732026143791 0.033394607843137254
0 0.23794934640522875 0.5105698529411765 0.027369281045751634 0.03462009803921569
0 0.2673611111111111 0.5078125 0.030637254901960783 0.03952205882352941
0 0.2979983660130719 0.5059742647058824 0.027369281045751634 0.03400735294117647
0 0.6154003267973857 0.4806985294117647 0.02165032679738562 0.029411764705882353
0 0.5919117647058824 0.48223039215686275 0.016339869281045753 0.03002450980392157
0 0.5753676470588235 0.48330269607843135 0.016748366013071895 0.02849264705882353
0 0.7124183006535948 0.44224877450980393 0.02042483660130719 0.0352328431372549
0 0.6924019607843137 0.44393382352941174 0.0196078431372549 0.03308823529411765
0 0.6738153594771242 0.4440870098039216 0.01838235294117647 0.033394607843137254
0 0.6531862745098039 0.4774816176470588 0.016339869281045753 0.029105392156862746
0 0.65625 0.44638480392156865 0.016748366013071895 0.029411764705882353
0 0.6178513071895425 0.44745710784313725 0.01838235294117647 0.03155637254901961
0 0.7947303921568627 0.40839460784313725 0.0428921568627451 0.01715686274509804
0 0.7450980392156863 0.4099264705882353 0.05228758169934641 0.01715686274509804
0 0.664828431372549 0.40778186274509803 0.05106209150326797 0.02267156862745098
0 0.6225490196078431 0.40824142156862747 0.032679738562091505 0.020526960784313725
0 0.3233251633986928 0.5027573529411765 0.02246732026143791 0.03553921568627451
0 0.6380718954248366 0.4476102941176471 0.0196078431372549 0.032475490196078434
0 0.8316993464052288 0.5623468137254902 0.03349673202614379 0.023590686274509803
0 0.869281045751634 0.5255821078431373 0.0718954248366013 0.029105392156862746
0 0.8747957516339869 0.617953431372549 0.034722222222222224 0.03676470588235294
0 0.9413807189542484 0.6904105392156863 0.027369281045751634 0.020526960784313725
0 0.9089052287581699 0.6966911764705882 0.028594771241830064 0.02022058823529412
0 0.8809232026143791 0.7020526960784313 0.025735294117647058 0.02297794117647059
0 0.852328431372549 0.7109375 0.03308823529411765 0.021752450980392156
0 0.8171977124183006 0.7190563725490197 0.03227124183006536 0.023284313725490197
0 0.9462826797385621 0.6613051470588235 0.028186274509803922 0.02297794117647059
0 0.9125816993464052 0.6680453431372549 0.03104575163398693 0.023590686274509803
0 0.8813316993464052 0.6734068627450981 0.026552287581699346 0.022058823529411766
0 0.8525326797385621 0.6807598039215687 0.027777777777777776 0.0196078431372549
0 0.8202614379084967 0.688265931372549 0.035130718954248366 0.02420343137254902
0 0.9487336601307189 0.6360294117647058 0.027369281045751634 0.01838235294117647
0 0.9160539215686274 0.6416973039215687 0.03227124183006536 0.01685049019607843
0 0.9906045751633987 0.6285232843137255 0.016339869281045753 0.017463235294117647
0 0.9810049019607843 0.6542585784313726 0.03390522875816993 0.0272671568627451
0 0.9793709150326797 0.6818321078431373 0.03799019607843137 0.02420343137254902
0 0.8329248366013072 0.6256127450980392 0.049836601307189546 0.030637254901960783
0 0.3327205882352941 0.8426776960784313 0.060866013071895424 0.026041666666666668
0 0.3915441176470588 0.8256740196078431 0.05269607843137255 0.029411764705882353
0 0.9393382352941176 0.6053921568627451 0.02900326797385621 0.031862745098039214
0 0.9082924836601307 0.6118259803921569 0.030637254901960783 0.03431372549019608
0 0.20383986928104575 0.8730085784313726 0.07026143790849673 0.027879901960784315
0 0.2694035947712418 0.8564644607843137 0.05923202614379085 0.02849264705882353
0 0.8543709150326797 0.6534926470588235 0.03145424836601307 0.017769607843137254
0 0.8223039215686274 0.6603860294117647 0.03104575163398693 0.021139705882352942
0 0.6875 0.6636029411764706 0.07924836601307189 0.0545343137254902
0 0.6002859477124183 0.6776960784313726 0.08619281045751634 0.05759803921568627
0 0.5992647058823529 0.7504595588235294 0.08986928104575163 0.0548406862745098
0 0.6875 0.7333026960784313 0.07924836601307189 0.04993872549019608
0 0.7675653594771242 0.6488970588235294 0.07516339869281045 0.0545343137254902
0 0.7653186274509803 0.7159926470588235 0.06740196078431372 0.04656862745098039
0 0.8837826797385621 0.6473651960784313 0.025735294117647058 0.013480392156862746
0 0.9667075163398693 0.6004901960784313 0.027369281045751634 0.034926470588235295
