0 0.7632761437908496 0.5022977941176471 0.0494281045751634 0.0897671568627451
0 0.5833333333333334 0.5009191176470589 0.0457516339869281 0.08333333333333333
0 0.6711601307189542 0.5022977941176471 0.04330065359477124 0.08057598039215687
0 0.627859477124183 0.5022977941176471 0.04330065359477124 0.08057598039215687
0 0.5375816993464052 0.49862132352941174 0.0457516339869281 0.07873774509803921
0 0.502859477124183 0.5032169117647058 0.02369281045751634 0.06954656862745098
0 0.7132352941176471 0.5009191176470589 0.04084967320261438 0.08333333333333333
0 0.7091503267973857 0.40349264705882354 0.04330065359477124 0.07965686274509803
0 0.8237336601307189 0.5064338235294118 0.046977124183006536 0.0741421568627451
0 0.6151960784313726 0.4007352941176471 0.05065359477124183 0.08149509803921569
0 0.5688316993464052 0.39981617647058826 0.042075163398692814 0.08333333333333333
0 0.1460375816993464 0.4489889705882353 0.037173202614379085 0.07628676470588236
0 0.20159313725490197 0.3975183823529412 0.054330065359477125 0.08057598039215687
0 0.2937091503267974 0.39889705882352944 0.05555555555555555 0.08333333333333333
0 0.3474264705882353 0.39981617647058826 0.051879084967320264 0.08517156862745098
0 0.47487745098039214 0.5055147058823529 0.03227124183006536 0.0741421568627451
0 0.5230800653594772 0.4021139705882353 0.0494281045751634 0.08792892156862746
0 0.411968954248366 0.4007352941176471 0.0494281045751634 0.08517156862745098
0 0.6640114379084967 0.4016544117647059 0.046977124183006536 0.08333333333333333
0 0.43709150326797386 0.5055147058823529 0.04330065359477124 0.0741421568627451
0 0.08088235294117647 0.655484068627451 0.05555555555555555 0.05667892156862745
0 0.3486519607843137 0.5027573529411765 0.046977124183006536 0.06678921568627451
0 0.7602124183006536 0.40349264705882354 0.04330065359477124 0.07965686274509803
0 0.025122549019607844 0.6522671568627451 0.04861111111111111 0.06495098039215687
0 0.8176062091503268 0.7262561274509803 0.046977124183006536 0.11121323529411764
0 0.7606209150326797 0.7277879901960784 0.06699346405228758 0.11427696078431372
0 0.4340277777777778 0.7193627450980392 0.061683006535947715 0.11213235294117647
0 0.49959150326797386 0.7230392156862745 0.06944444444444445 0.10477941176470588
0 0.5684232026143791 0.7253370098039216 0.068218954248366 0.109375
0 0.6339869281045751 0.7262561274509803 0.06290849673202614 0.10753676470588236
0 0.1613562091503268 0.6493566176470589 0.04820261437908497 0.05177696078431373
0 0.6962826797385621 0.7287071078431373 0.061683006535947715 0.11243872549019608
0 0.547998366013072 0.04871323529411765 0.0494281045751634 0.09375
0 0.5046977124183006 0.05284926470588235 0.037173202614379085 0.08547794117647059
0 0.46078431372549017 0.05422794117647059 0.05065359477124183 0.08823529411764706
0 0.41380718954248363 0.05238970588235294 0.04330065359477124 0.09191176470588236
0 0.3668300653594771 0.05330882352941176 0.05065359477124183 0.09375
0 0.32230392156862747 0.051470588235294115 0.03839869281045752 0.0974264705882353
0 0.28145424836601307 0.051470588235294115 0.04330065359477124 0.0974264705882353
0 0.2326388888888889 0.05943627450980392 0.054330065359477125 0.08149509803921569
0 0.5968137254901961 0.04871323529411765 0.04820261437908497 0.09375
0 0.3937908496732026 0.5022977941176471 0.04330065359477124 0.06770833333333333
0 0.23243464052287582 0.5969669117647058 0.07434640522875817 0.0860906862745098
0 0.383374183006536 0.5969669117647058 0.056781045751633986 0.0897671568627451
0 0.3022875816993464 0.5018382352941176 0.0457516339869281 0.06495098039215687
0 0.2540849673202614 0.5 0.05065359477124183 0.06862745098039216
0 0.20404411764705882 0.5009191176470589 0.0494281045751634 0.0704656862745098
0 0.1315359477124183 0.19424019607843138 0.0457516339869281 0.09558823529411764
0 0.028390522875816993 0.1946997549019608 0.0494281045751634 0.09834558823529412
0 0.025326797385620915 0.32230392156862747 0.04330065359477124 0.10294117647058823
0 0.06740196078431372 0.32230392156862747 0.04084967320261438 0.10294117647058823
0 0.09906045751633986 0.4397977941176471 0.042075163398692814 0.10386029411764706
0 0.31719771241830064 0.5974264705882353 0.0755718954248366 0.08884803921568628
0 0.052083333333333336 0.4420955882352941 0.046977124183006536 0.10294117647058823
0 0.011642156862745098 0.5514705882352942 0.02165032679738562 0.10661764705882353
0 0.051470588235294115 0.5556066176470589 0.05800653594771242 0.09834558823529412
0 0.14665032679738563 0.5574448529411765 0.05310457516339869 0.10386029411764706
0 0.7191584967320261 0.6044730392156863 0.07802287581699346 0.10110294117647059
0 0.6450163398692811 0.5942095588235294 0.06045751633986928 0.07506127450980392
0 0.5812908496732027 0.6001838235294118 0.06699346405228758 0.10232843137254902
0 0.5120506535947712 0.5981924019607843 0.07148692810457516 0.09834558823529412
0 0.4440359477124183 0.5997242647058824 0.06454248366013073 0.09528186274509803
0 0.012867647058823529 0.4462316176470588 0.024101307189542485 0.09466911764705882
0 0.8008578431372549 0.4053308823529412 0.03799019607843137 0.07598039215686274
0 0.3284313725490196 0.2262561274509804 0.06290849673202614 0.026041666666666668
0 0.7953431372549019 0.3005514705882353 0.05718954248366013 0.09068627450980392
0 0.7285539215686274 0.8520220588235294 0.06413398692810457 0.11764705882352941
0 0.3388480392156863 0.17110906862745098 0.044526143790849675 0.015625
0 0.34375 0.1557904411764706 0.054330065359477125 0.015012254901960785
0 0.3882761437908497 0.19194240196078433 0.034722222222222224 0.09099264705882353
0 0.43157679738562094 0.19393382352941177 0.034722222222222224 0.08517156862745098
0 0.4846813725490196 0.21292892156862744 0.0494281045751634 0.04350490196078431
0 0.5608660130718954 0.19393382352941177 0.03104575163398693 0.08149509803921569
0 0.6407271241830066 0.18872549019607843 0.042075163398692814 0.0974264705882353
0 0.6883169934640523 0.18826593137254902 0.05310457516339869 0.09650735294117647
0 0.7632761437908496 0.18045343137254902 0.05923202614379085 0.11397058823529412
0 0.829248366013072 0.1790747549019608 0.0727124183006536 0.11121323529411764
0 0.9405637254901961 0.04871323529411765 0.08047385620915033 0.09375
0 0.7877859477124183 0.8256740196078431 0.0494281045751634 0.05575980392156863
0 0.852328431372549 0.06173406862745098 0.056781045751633986 0.07506127450980392
0 0.7595996732026143 0.05606617647058824 0.044526143790849675 0.08272058823529412
0 0.7199754901960784 0.05606617647058824 0.034722222222222224 0.08272058823529412
0 0.11070261437908496 0.8483455882352942 0.04084967320261438 0.0508578431372549
0 0.1656454248366013 0.8575367647058824 0.054330065359477125 0.030637254901960783
0 0.17116013071895425 0.8218443627450981 0.05310457516339869 0.0352328431372549
0 0.23570261437908496 0.8344056372549019 0.05555555555555555 0.09712009803921569
0 0.31290849673202614 0.8229166666666666 0.06699346405228758 0.07598039215686274
0 0.491625816993464 0.8400735294117647 0.068218954248366 0.10661764705882353
0 0.5633169934640523 0.8414522058823529 0.0727124183006536 0.109375
0 0.8492647058823529 0.3010110294117647 0.04820261437908497 0.0897671568627451
0 0.6617647058823529 0.05514705882352941 0.08169934640522876 0.08088235294117647
0 0.6642156862745098 0.8465073529411765 0.06454248366013073 0.10661764705882353
0 0.8029003267973857 0.05698529411764706 0.042075163398692814 0.08455882352941177
0 0.889297385620915 0.7941176470588235 0.08169934640522876 0.08333333333333333
0 0.5906862745098039 0.1953125 0.026143790849673203 0.07322303921568628
0 0.33578431372549017 0.18504901960784315 0.05065359477124183 0.012254901960784314
0 0.7377450980392157 0.30193014705882354 0.05800653594771242 0.08792892156862746
0 0.6901552287581699 0.30193014705882354 0.037173202614379085 0.08792892156862746
0 0.6468545751633987 0.2991727941176471 0.054330065359477125 0.0934436274509804
0 0.5349264705882353 0.29963235294117646 0.0559640522875817 0.08884803921568628
0 0.9679330065359477 0.7922794117647058 0.06576797385620915 0.08149509803921569
0 0.10457516339869281 0.0779718137254902 0.11519607843137254 0.048100490196078434
0 0.47487745098039214 0.29825367647058826 0.056781045751633986 0.0897671568627451
0 0.4193218954248366 0.3000919117647059 0.054330065359477125 0.0860906862745098
0 0.36376633986928103 0.3010110294117647 0.056781045751633986 0.08792892156862746
0 0.3174019607843137 0.3010110294117647 0.03594771241830065 0.08792892156862746
0 0.2647058823529412 0.3000919117647059 0.05228758169934641 0.0897671568627451
0 0.20036764705882354 0.2991727941176471 0.05923202614379085 0.08792892156862746
0 0.21507352941176472 0.18918504901960784 0.034722222222222224 0.09099264705882353
0 0.27655228758169936 0.19424019607843138 0.04084967320261438 0.0900735294117647
0 0.377859477124183 0.7097120098039216 0.05065359477124183 0.09283088235294118
0 0.33517156862745096 0.20220588235294118 0.0494281045751634 0.022058823529411766
0 0.04125816993464052 0.8412990196078431 0.08088235294117647 0.08149509803921569
0 0.8792892156862745 0.7095588235294118 0.0494281045751634 0.05943627450980392
0 0.9356617647058824 0.6999080882352942 0.060866013071895424 0.07689950980392157
0 0.9356617647058824 0.4990808823529412 0.09763071895424837 0.061274509803921566
0 0.9554738562091504 0.3779105392156863 0.09068627450980392 0.07506127450980392
0 0.951797385620915 0.2522977941176471 0.09803921568627451 0.05361519607843137
0 0.9276960784313726 0.5960477941176471 0.14624183006535948 0.08241421568627451
0 0.020833333333333332 0.7415747549019608 0.04003267973856209 0.07689950980392157
0 0.1323529411764706 0.7457107843137255 0.06454248366013073 0.07230392156862746
0 0.2281454248366013 0.7262561274509803 0.07802287581699346 0.10753676470588236
0 0.3190359477124183 0.7097120098039216 0.06699346405228758 0.09283088235294118
0 0.061887254901960786 0.7449448529411765 0.042075163398692814 0.08363970588235294
