0 0.6572712418300654 0.44224877450980393 0.024509803921568627 0.05606617647058824
0 0.029411764705882353 0.8013174019607843 0.056372549019607844 0.04442401960784314
0 0.6092728758169934 0.06341911764705882 0.05024509803921569 0.08884803921568628
0 0.6558415032679739 0.06878063725490197 0.039624183006535946 0.09712009803921569
0 0.7649101307189542 0.08026960784313726 0.0559640522875817 0.044730392156862746
0 0.766952614379085 0.12637867647058823 0.04616013071895425 0.048100490196078434
0 0.8135212418300654 0.11044730392156862 0.03880718954248366 0.0860906862745098
0 0.8517156862745098 0.1174938725490196 0.028594771241830064 0.08118872549019608
0 0.8866421568627451 0.11596200980392157 0.037173202614379085 0.09160539215686274
0 0.9685457516339869 0.13204656862745098 0.032679738562091505 0.08639705882352941
0 0.9291258169934641 0.2896752450980392 0.03227124183006536 0.09712009803921569
0 0.9613970588235294 0.28860294117647056 0.039624183006535946 0.09497549019607843
0 0.8909313725490197 0.28768382352941174 0.035130718954248366 0.10355392156862746
0 0.8558006535947712 0.28707107843137253 0.029411764705882353 0.09681372549019608
0 0.8218954248366013 0.29518995098039214 0.03758169934640523 0.08363970588235294
0 0.7736928104575164 0.2818627450980392 0.041666666666666664 0.10294117647058823
0 0.7338643790849673 0.2803308823529412 0.03390522875816993 0.10784313725490197
0 0.6940359477124183 0.2766544117647059 0.04411764705882353 0.11642156862745098
0 0.6452205882352942 0.27818627450980393 0.05024509803921569 0.1170343137254902
0 0.5962009803921569 0.27481617647058826 0.03880718954248366 0.1213235294117647
0 0.5541258169934641 0.2725183823529412 0.044526143790849675 0.12162990196078431
0 0.502859477124183 0.2697610294117647 0.049836601307189546 0.12162990196078431
0 0.4485294117647059 0.2659313725490196 0.049019607843137254 0.125
0 0.5592320261437909 0.06525735294117647 0.03676470588235294 0.10355392156862746
0 0.38909313725490197 0.2633272058823529 0.0559640522875817 0.13020833333333334
0 0.5118464052287581 0.05943627450980392 0.05310457516339869 0.10784313725490197
0 0.4452614379084967 0.024356617647058824 0.049836601307189546 0.048100490196078434
0 0.03594771241830065 0.8920036764705882 0.06862745098039216 0.03829656862745098
0 0.032475490196078434 0.8468137254901961 0.06413398692810457 0.044730392156862746
0 0.190359477124183 0.7025122549019608 0.10049019607843138 0.07598039215686274
0 0.21568627450980393 0.8331801470588235 0.136437908496732 0.08118872549019608
0 0.1096813725490196 0.8800551470588235 0.068218954248366 0.045649509803921566
0 0.1053921568627451 0.8356311274509803 0.07026143790849673 0.043198529411764705
0 0.10355392156862746 0.7892156862745098 0.07312091503267974 0.05024509803921569
0 0.0988562091503268 0.7360600490196079 0.08251633986928104 0.05177696078431373
0 0.37479575163398693 0.5346200980392157 0.06331699346405228 0.04963235294117647
0 0.3043300653594771 0.5369178921568627 0.07679738562091504 0.04442401960784314
0 0.2361111111111111 0.5474877450980392 0.058823529411764705 0.0508578431372549
0 0.1656454248366013 0.5526960784313726 0.0763888888888889 0.04044117647058824
0 0.08986928104575163 0.5606617647058824 0.07516339869281045 0.051470588235294115
0 0.025735294117647058 0.5606617647058824 0.04820261437908497 0.051470588235294115
0 0.02246732026143791 0.6165747549019608 0.04493464052287582 0.046875
0 0.088031045751634 0.6099877450980392 0.07883986928104575 0.042279411764705885
0 0.16727941176470587 0.5997242647058824 0.068218954248366 0.04871323529411765
0 0.2312091503267974 0.5965073529411765 0.058823529411764705 0.041666666666666664
0 0.29983660130718953 0.06495098039215687 0.0784313725490196 0.0625
0 0.380718954248366 0.02190563725490196 0.07107843137254902 0.03707107843137255
0 0.3741830065359477 0.07077205882352941 0.06535947712418301 0.05821078431372549
0 0.4444444444444444 0.08011642156862746 0.058823529411764705 0.060355392156862746
0 0.3515114379084967 0.7164522058823529 0.12459150326797386 0.08241421568627451
0 0.3298611111111111 0.2622549019607843 0.04861111111111111 0.13664215686274508
0 0.1948529411764706 0.2568933823529412 0.06699346405228758 0.14430147058823528
0 0.9818218954248366 0.38296568627450983 0.037173202614379085 0.04534313725490196
0 0.9808006535947712 0.4296875 0.029411764705882353 0.03829656862745098
0 0.9411764705882353 0.43014705882352944 0.04738562091503268 0.04350490196078431
0 0.9660947712418301 0.5254289215686274 0.03104575163398693 0.031862745098039214
0 0.9311683006535948 0.4912683823529412 0.03308823529411765 0.03400735294117647
0 0.9297385620915033 0.5269607843137255 0.03839869281045752 0.034926470588235295
0 0.891952614379085 0.5295649509803921 0.03799019607843137 0.02971813725490196
0 0.8564133986928104 0.5355392156862745 0.0298202614379085 0.041666666666666664
0 0.860702614379085 0.49785539215686275 0.03594771241830065 0.03676470588235294
0 0.8966503267973857 0.4970894607843137 0.03594771241830065 0.03462009803921569
0 0.8186274509803921 0.5379901960784313 0.03758169934640523 0.03431372549019608
0 0.7763480392156863 0.5404411764705882 0.046977124183006536 0.04044117647058824
0 0.7320261437908496 0.5447303921568627 0.041666666666666664 0.03431372549019608
0 0.6870915032679739 0.5479473039215687 0.049019607843137254 0.04197303921568627
0 0.6893382352941176 0.5067401960784313 0.03799019607843137 0.03799019607843137
0 0.733251633986928 0.5064338235294118 0.04330065359477124 0.037377450980392156
0 0.6397058823529411 0.5568321078431373 0.04330065359477124 0.03707107843137255
0 0.5939542483660131 0.5605085784313726 0.04820261437908497 0.04258578431372549
0 0.5418709150326797 0.5646446078431373 0.05514705882352941 0.032475490196078434
0 0.48508986928104575 0.5718443627450981 0.05759803921568627 0.046875
0 0.43075980392156865 0.5749080882352942 0.05106209150326797 0.04136029411764706
0 0.9430147058823529 0.38388480392156865 0.042075163398692814 0.04534313725490196
0 0.2667483660130719 0.25796568627450983 0.06699346405228758 0.13664215686274508
0 0.8833741830065359 0.4342830882352941 0.024101307189542485 0.05177696078431373
0 0.8337418300653595 0.4336703431372549 0.017973856209150325 0.050551470588235295
0 0.11968954248366014 0.2503063725490196 0.07352941176470588 0.14338235294117646
0 0.042279411764705885 0.24310661764705882 0.06985294117647059 0.13572303921568626
0 0.06290849673202614 0.3857230392156863 0.11519607843137254 0.0778186274509804
0 0.06535947712418301 0.4632352941176471 0.12009803921568628 0.07230392156862746
0 0.19669117647058823 0.4612438725490196 0.1343954248366013 0.07506127450980392
0 0.1954656862745098 0.38143382352941174 0.13031045751633988 0.07536764705882353
0 0.3059640522875817 0.4443933823529412 0.06535947712418301 0.08854166666666667
0 0.3707107843137255 0.4407169117647059 0.0625 0.09712009803921569
0 0.4325980392156863 0.43826593137254904 0.06045751633986928 0.09221813725490197
0 0.48794934640522875 0.43795955882352944 0.04534313725490196 0.09160539215686274
0 0.5275735294117647 0.44362745098039214 0.030637254901960783 0.06004901960784314
0 0.5569852941176471 0.44362745098039214 0.024918300653594773 0.058823529411764705
0 0.5829248366013072 0.44393382352941174 0.02696078431372549 0.05759803921568627
0 0.6084558823529411 0.44393382352941174 0.020016339869281044 0.05821078431372549
0 0.6311274509803921 0.4414828431372549 0.026143790849673203 0.05575980392156863
0 0.6805555555555556 0.43795955882352944 0.024509803921568627 0.05667892156862745
0 0.7026143790849673 0.43933823529411764 0.017973856209150325 0.056372549019607844
0 0.7238562091503268 0.43857230392156865 0.024509803921568627 0.0548406862745098
0 0.7457107843137255 0.4365808823529412 0.02165032679738562 0.05392156862745098
0 0.7704248366013072 0.43566176470588236 0.024509803921568627 0.05330882352941176
0 0.8061683006535948 0.43704044117647056 0.027369281045751634 0.05177696078431373
0 0.8511029411764706 0.4339767156862745 0.020016339869281044 0.05116421568627451
0 0.37111928104575165 0.5813419117647058 0.0625 0.03952205882352941
0 0.45608660130718953 0.6983762254901961 0.08537581699346405 0.08118872549019608
0 0.35518790849673204 0.8143382352941176 0.11723856209150327 0.08394607843137254
0 0.7183415032679739 0.6444546568627451 0.04044117647058824 0.035845588235294115
0 0.7140522875816994 0.6812193627450981 0.03758169934640523 0.033394607843137254
0 0.715890522875817 0.7169117647058824 0.03799019607843137 0.034926470588235295
0 0.7165032679738562 0.7519914215686274 0.042483660130718956 0.0352328431372549
0 0.7569444444444444 0.6721813725490197 0.04003267973856209 0.037377450980392156
0 0.7587826797385621 0.7103247549019608 0.03880718954248366 0.03768382352941176
0 0.7142565359477124 0.6027879901960784 0.044526143790849675 0.03829656862745098
0 0.7549019607843137 0.7461703431372549 0.03594771241830065 0.03400735294117647
0 0.8159722222222222 0.7156862745098039 0.07475490196078431 0.07536764705882353
0 0.8876633986928104 0.6309742647058824 0.06454248366013073 0.06770833333333333
0 0.9562908496732027 0.6217830882352942 0.06209150326797386 0.0664828431372549
0 0.9548611111111112 0.6848958333333334 0.06658496732026144 0.0628063725490196
0 0.8876633986928104 0.6986825980392157 0.06454248366013073 0.057904411764705885
0 0.4605800653594771 0.7892156862745098 0.08129084967320262 0.09865196078431372
0 0.8169934640522876 0.6427696078431373 0.07026143790849673 0.06740196078431372
0 0.6680964052287581 0.7630208333333334 0.03880718954248366 0.03829656862745098
0 0.30392156862745096 0.5876225490196079 0.07107843137254902 0.051470588235294115
0 0.6662581699346405 0.6891850490196079 0.0457516339869281 0.033394607843137254
0 0.670751633986928 0.7239583333333334 0.042483660130718956 0.03308823529411765
0 0.5706699346405228 0.664828431372549 0.041666666666666664 0.044730392156862746
0 0.5241013071895425 0.7094056372549019 0.049019607843137254 0.0389093137254902
0 0.5261437908496732 0.6677389705882353 0.0457516339869281 0.0389093137254902
0 0.5714869281045751 0.7069546568627451 0.04330065359477124 0.04136029411764706
0 0.5790441176470589 0.7444852941176471 0.04044117647058824 0.03676470588235294
0 0.5267565359477124 0.750765931372549 0.05106209150326797 0.03768382352941176
0 0.5222630718954249 0.7912071078431373 0.034722222222222224 0.03768382352941176
0 0.6237745098039216 0.694546568627451 0.04738562091503268 0.041666666666666664
0 0.6245915032679739 0.7363664215686274 0.04820261437908497 0.04136029411764706
0 0.6241830065359477 0.7734375 0.04820261437908497 0.029105392156862746
0 0.6703431372549019 0.6118259803921569 0.05392156862745098 0.04044117647058824
0 0.670751633986928 0.6522671568627451 0.05310457516339869 0.04044117647058824
0 0.5692401960784313 0.7824754901960784 0.05106209150326797 0.042279411764705885
