0 0.5010416666666667 0.5580078125 0.035416666666666666 0.072265625
0 0.3614583333333333 0.4609375 0.040625 0.09921875
0 0.7453125 0.33515625 0.034375 0.0875
0 0.7783854166666667 0.3341796875 0.0265625 0.086328125
0 0.80703125 0.3357421875 0.03177083333333333 0.083203125
0 0.9768229166666667 0.31484375 0.04114583333333333 0.0765625
0 0.92734375 0.309765625 0.044270833333333336 0.0828125
0 0.8783854166666667 0.30859375 0.0515625 0.08046875
0 0.9653645833333333 0.4140625 0.06197916666666667 0.07578125
0 0.9151041666666667 0.415625 0.03854166666666667 0.0796875
0 0.7111979166666667 0.3345703125 0.034895833333333334 0.090234375
0 0.8640625 0.41328125 0.058333333333333334 0.08046875
0 0.7697916666666667 0.4435546875 0.034375 0.081640625
0 0.7388020833333333 0.444921875 0.0265625 0.08359375
0 0.7088541666666667 0.446484375 0.034375 0.0859375
0 0.6739583333333333 0.4478515625 0.035416666666666666 0.089453125
0 0.6380208333333334 0.4490234375 0.03333333333333333 0.087109375
0 0.60390625 0.4521484375 0.03697916666666667 0.087890625
0 0.56953125 0.45234375 0.03177083333333333 0.09140625
0 0.5338541666666666 0.4533203125 0.0375 0.091796875
0 0.803125 0.4427734375 0.03229166666666667 0.082421875
0 0.496875 0.4546875 0.03854166666666667 0.09296875
0 0.678125 0.3337890625 0.03333333333333333 0.090234375
0 0.60546875 0.33359375 0.0359375 0.090625
0 0.2390625 0.2017578125 0.046875 0.103515625
0 0.28541666666666665 0.2041015625 0.04479166666666667 0.102734375
0 0.32916666666666666 0.2078125 0.04375 0.1015625
0 0.3723958333333333 0.2109375 0.04479166666666667 0.096875
0 0.41640625 0.213671875 0.043229166666666666 0.09921875
0 0.025520833333333333 0.325 0.051041666666666666 0.1234375
0 0.06744791666666666 0.3248046875 0.030729166666666665 0.124609375
0 0.14661458333333333 0.328125 0.050520833333333334 0.10703125
0 0.64140625 0.334765625 0.03802083333333333 0.090625
0 0.1953125 0.329296875 0.04791666666666667 0.10546875
0 0.2869791666666667 0.33046875 0.04479166666666667 0.1
0 0.33255208333333336 0.33125 0.049479166666666664 0.1
0 0.3815104166666667 0.332421875 0.04739583333333333 0.09921875
0 0.42552083333333335 0.3322265625 0.040625 0.098828125
0 0.4627604166666667 0.3333984375 0.0328125 0.097265625
0 0.49921875 0.3326171875 0.04010416666666667 0.096484375
0 0.5372395833333333 0.3345703125 0.033854166666666664 0.094921875
0 0.57109375 0.33203125 0.03177083333333333 0.0953125
0 0.24296875 0.328515625 0.043229166666666666 0.10390625
0 0.4557291666666667 0.456640625 0.042708333333333334 0.09453125
0 0.40208333333333335 0.460546875 0.041666666666666664 0.0984375
0 0.3893229166666667 0.66953125 0.03697916666666667 0.08359375
0 0.7690104166666667 0.5373046875 0.033854166666666664 0.066796875
0 0.8041666666666667 0.534375 0.034375 0.0671875
0 0.86484375 0.519140625 0.06927083333333334 0.08515625
0 0.9135416666666667 0.51171875 0.022916666666666665 0.07734375
0 0.9489583333333333 0.511328125 0.041666666666666664 0.06953125
0 0.9833333333333333 0.59921875 0.03229166666666667 0.06640625
0 0.9453125 0.6021484375 0.034375 0.070703125
0 0.909375 0.6095703125 0.041666666666666664 0.067578125
0 0.7354166666666667 0.5376953125 0.03229166666666667 0.070703125
0 0.8526041666666667 0.61328125 0.06354166666666666 0.06796875
0 0.7567708333333333 0.6244140625 0.030208333333333334 0.068359375
0 0.7276041666666667 0.629296875 0.03229166666666667 0.06796875
0 0.6950520833333333 0.63203125 0.03177083333333333 0.06953125
0 0.665625 0.637109375 0.030208333333333334 0.07109375
0 0.63359375 0.6400390625 0.033854166666666664 0.073046875
0 0.6005208333333333 0.6431640625 0.030208333333333334 0.076953125
0 0.5682291666666667 0.64609375 0.034375 0.0765625
0 0.5346354166666667 0.65078125 0.03177083333333333 0.07890625
0 0.7872395833333333 0.6232421875 0.034895833333333334 0.066015625
0 0.7033854166666667 0.541796875 0.03177083333333333 0.06875
0 0.6723958333333333 0.543359375 0.03125 0.07109375
0 0.64140625 0.546484375 0.0296875 0.071875
0 0.31875 0.46171875 0.04375 0.10078125
0 0.2755208333333333 0.4658203125 0.042708333333333334 0.099609375
0 0.22864583333333333 0.465625 0.05 0.103125
0 0.18177083333333333 0.46796875 0.04375 0.10703125
0 0.13385416666666666 0.46875 0.053125 0.10625
0 0.040364583333333336 0.4892578125 0.06302083333333333 0.126171875
0 0.037760416666666664 0.6458984375 0.07552083333333333 0.124609375
0 0.16145833333333334 0.5857421875 0.05 0.085546875
0 0.21145833333333333 0.5818359375 0.04583333333333333 0.084765625
0 0.25625 0.5794921875 0.04375 0.079296875
0 0.29791666666666666 0.575 0.040625 0.0828125
0 0.3416666666666667 0.572265625 0.04583333333333333 0.078125
0 0.3828125 0.5685546875 0.0375 0.079296875
0 0.42083333333333334 0.5638671875 0.03958333333333333 0.076953125
0 0.46197916666666666 0.5611328125 0.04375 0.077734375
0 0.4270833333333333 0.66484375 0.03854166666666667 0.08203125
0 0.5354166666666667 0.5560546875 0.034375 0.078515625
0 0.56953125 0.551953125 0.033854166666666664 0.07265625
0 0.60625 0.54921875 0.0375 0.07578125
0 0.19140625 0.200390625 0.050520833333333334 0.10625
0 0.5020833333333333 0.6556640625 0.036458333333333336 0.076953125
0 0.13984375 0.195703125 0.0546875 0.109375
0 0.50078125 0.2171875 0.043229166666666666 0.09609375
0 0.7088541666666667 0.822265625 0.026041666666666668 0.06953125
0 0.73515625 0.81640625 0.025520833333333333 0.06875
0 0.7588541666666667 0.810546875 0.021875 0.06328125
0 0.7802083333333333 0.8044921875 0.020833333333333332 0.064453125
0 0.81640625 0.7958984375 0.050520833333333334 0.073046875
0 0.8682291666666667 0.7859375 0.05 0.06953125
0 0.9127604166666666 0.774609375 0.043229166666666666 0.0671875
0 0.66796875 0.835546875 0.059895833333333336 0.07734375
0 0.9791666666666666 0.762890625 0.041666666666666664 0.05625
0 0.9401041666666666 0.68828125 0.0375 0.06953125
0 0.8971354166666666 0.6978515625 0.0515625 0.087109375
0 0.8424479166666666 0.7029296875 0.0546875 0.075390625
0 0.6080729166666666 0.7390625 0.03177083333333333 0.0734375
0 0.5752604166666667 0.746484375 0.03177083333333333 0.071875
0 0.4583333333333333 0.2138671875 0.041666666666666664 0.099609375
0 0.50703125 0.7560546875 0.033854166666666664 0.074609375
0 0.98046875 0.6822265625 0.04010416666666667 0.079296875
0 0.6072916666666667 0.8404296875 0.05625 0.072265625
0 0.56328125 0.855859375 0.0265625 0.07578125
0 0.5348958333333333 0.85625 0.03125 0.07265625
0 0.12265625 0.070703125 0.0546875 0.0859375
0 0.16901041666666666 0.075390625 0.0390625 0.0828125
0 0.21015625 0.0771484375 0.0390625 0.080078125
0 0.24921875 0.0833984375 0.0390625 0.079296875
0 0.28802083333333334 0.087109375 0.03854166666666667 0.0765625
0 0.3268229166666667 0.0912109375 0.03802083333333333 0.078515625
0 0.3625 0.0939453125 0.03125 0.075390625
0 0.40703125 0.8875 0.033854166666666664 0.06796875
0 0.37161458333333336 0.8935546875 0.03177083333333333 0.076171875
0 0.33697916666666666 0.9041015625 0.040625 0.065234375
0 0.30130208333333336 0.9107421875 0.030729166666666665 0.077734375
0 0.26614583333333336 0.91796875 0.03333333333333333 0.0703125
0 0.22942708333333334 0.9265625 0.03802083333333333 0.08828125
0 0.18333333333333332 0.93671875 0.05416666666666667 0.078125
0 0.44114583333333335 0.881640625 0.03229166666666667 0.071875
0 0.47317708333333336 0.868359375 0.0296875 0.07109375
0 0.5028645833333333 0.8650390625 0.030729166666666665 0.074609375
0 0.47317708333333336 0.7630859375 0.03177083333333333 0.080078125
0 0.43307291666666664 0.76953125 0.04635416666666667 0.07890625
0 0.5434895833333333 0.7494140625 0.0328125 0.075390625
0 0.3515625 0.7837890625 0.03958333333333333 0.078515625
0 0.8078125 0.1205078125 0.041666666666666664 0.101171875
0 0.39114583333333336 0.774609375 0.036458333333333336 0.0796875
0 0.9442708333333333 0.106640625 0.041666666666666664 0.10078125
0 0.9833333333333333 0.109765625 0.03229166666666667 0.09921875
0 0.97734375 0.2134765625 0.04635416666666667 0.080078125
0 0.93046875 0.21171875 0.0484375 0.08203125
0 0.8760416666666667 0.2076171875 0.06041666666666667 0.082421875
0 0.7614583333333333 0.116015625 0.04895833333333333 0.1046875
0 0.7997395833333333 0.23359375 0.03802083333333333 0.08203125
0 0.7403645833333333 0.2314453125 0.028645833333333332 0.082421875
0 0.709375 0.2298828125 0.03333333333333333 0.086328125
0 0.6778645833333333 0.2287109375 0.03177083333333333 0.086328125
0 0.6447916666666667 0.2267578125 0.03333333333333333 0.089453125
0 0.6119791666666666 0.225 0.03333333333333333 0.0859375
0 0.5770833333333333 0.2220703125 0.034375 0.092578125
0 0.5401041666666667 0.2201171875 0.03854166666666667 0.092578125
0 0.7677083333333333 0.2361328125 0.026041666666666668 0.080859375
0 0.7143229166666667 0.1115234375 0.0453125 0.108984375
0 0.8890625 0.099609375 0.06979166666666667 0.10625
0 0.6197916666666666 0.1001953125 0.042708333333333334 0.112890625
0 0.31171875 0.788671875 0.03802083333333333 0.084375
0 0.26875 0.7982421875 0.04791666666666667 0.080859375
0 0.22526041666666666 0.8029296875 0.0390625 0.088671875
0 0.18072916666666666 0.81015625 0.04895833333333333 0.08203125
0 0.6666666666666666 0.1052734375 0.05 0.105078125
0 0.015625 0.7921875 0.03125 0.1015625
0 0.17604166666666668 0.6974609375 0.042708333333333334 0.087890625
0 0.22369791666666666 0.690625 0.04739583333333333 0.08515625
0 0.06171875 0.786328125 0.058854166666666666 0.10859375
0 0.30885416666666665 0.6796875 0.0375 0.084375
0 0.26875 0.6859375 0.042708333333333334 0.084375
0 0.5705729166666667 0.0931640625 0.05677083333333333 0.112890625
0 0.5268229166666667 0.1126953125 0.030729166666666665 0.069140625
0 0.49557291666666664 0.1099609375 0.0328125 0.070703125
0 0.4666666666666667 0.6603515625 0.0375 0.081640625
0 0.42630208333333336 0.1021484375 0.033854166666666664 0.072265625
0 0.39375 0.097265625 0.03333333333333333 0.07734375
0 0.3494791666666667 0.675 0.042708333333333334 0.084375
0 0.46041666666666664 0.1064453125 0.03229166666666667 0.073046875
