0 0.0734375 0.85546875 0.065625 0.09609375
0 0.29296875 0.24375 0.06614583333333333 0.05390625
0 0.23385416666666667 0.230078125 0.041666666666666664 0.078125
0 0.17447916666666666 0.2259765625 0.07916666666666666 0.081640625
0 0.11822916666666666 0.233203125 0.03229166666666667 0.065625
0 0.9658854166666667 0.2515625 0.06822916666666666 0.059375
0 0.06614583333333333 0.3544921875 0.030208333333333334 0.076171875
0 0.5197916666666667 0.9744140625 0.040625 0.052734375
0 0.465625 0.9671875 0.05416666666666667 0.065625
0 0.4127604166666667 0.9560546875 0.04635416666666667 0.089453125
0 0.3614583333333333 0.939453125 0.05 0.06875
0 0.5216145833333333 0.64765625 0.0484375 0.09296875
0 0.47317708333333336 0.67421875 0.04114583333333333 0.03359375
0 0.3809895833333333 0.6591796875 0.044270833333333336 0.033984375
0 0.33697916666666666 0.6529296875 0.03333333333333333 0.030859375
0 0.3 0.6189453125 0.040625 0.030859375
0 0.29791666666666666 0.647265625 0.04583333333333333 0.0234375
0 0.25755208333333335 0.6416015625 0.034895833333333334 0.023046875
0 0.3807291666666667 0.24375 0.05416666666666667 0.059375
0 0.43333333333333335 0.2431640625 0.051041666666666666 0.058203125
0 0.47942708333333334 0.256640625 0.0359375 0.0390625
0 0.5221354166666666 0.2216796875 0.0421875 0.107421875
0 0.1125 0.1009765625 0.04583333333333333 0.088671875
0 0.16276041666666666 0.096484375 0.04010416666666667 0.0828125
0 0.2825520833333333 0.097265625 0.034895833333333334 0.07421875
0 0.32421875 0.10234375 0.0453125 0.0578125
0 0.37578125 0.1037109375 0.0546875 0.058984375
0 0.4309895833333333 0.0984375 0.050520833333333334 0.059375
0 0.4864583333333333 0.0953125 0.05520833333333333 0.06640625
0 0.54375 0.0927734375 0.05625 0.062890625
0 0.2565104166666667 0.61328125 0.0359375 0.03359375
0 0.5973958333333333 0.0966796875 0.04479166666666667 0.054296875
0 0.7502604166666667 0.0826171875 0.0609375 0.067578125
0 0.8182291666666667 0.089453125 0.06666666666666667 0.053125
0 0.8893229166666666 0.078515625 0.0703125 0.06796875
0 0.9638020833333333 0.076171875 0.07447916666666667 0.07265625
0 0.8809895833333333 0.23046875 0.08489583333333334 0.103125
0 0.7953125 0.231640625 0.05625 0.09921875
0 0.74453125 0.2263671875 0.044270833333333336 0.106640625
0 0.5734375 0.2359375 0.06041666666666667 0.08046875
0 0.64921875 0.0763671875 0.0546875 0.091796875
0 0.21744791666666666 0.6134765625 0.034895833333333334 0.066796875
0 0.18125 0.6087890625 0.036458333333333336 0.073828125
0 0.14791666666666667 0.6046875 0.027083333333333334 0.065625
0 0.8330729166666667 0.423046875 0.06822916666666666 0.059375
0 0.7658854166666667 0.4193359375 0.0640625 0.062109375
0 0.7036458333333333 0.4134765625 0.057291666666666664 0.053515625
0 0.64296875 0.4095703125 0.058854166666666666 0.058203125
0 0.5859375 0.408203125 0.05416666666666667 0.0546875
0 0.5309895833333333 0.4046875 0.0546875 0.05
0 0.4791666666666667 0.401953125 0.04895833333333333 0.0515625
0 0.42916666666666664 0.400390625 0.046875 0.04609375
0 0.8966145833333333 0.402734375 0.05260416666666667 0.10859375
0 0.38229166666666664 0.397265625 0.046875 0.0515625
0 0.2947916666666667 0.38984375 0.03125 0.0484375
0 0.2609375 0.38828125 0.03229166666666667 0.04609375
0 0.23072916666666668 0.387890625 0.029166666666666667 0.04765625
0 0.1890625 0.3564453125 0.04375 0.091015625
0 0.14609375 0.3638671875 0.030729166666666665 0.073046875
0 0.1046875 0.3640625 0.04583333333333333 0.0609375
0 0.08567708333333333 0.716015625 0.0484375 0.040625
0 0.038802083333333334 0.698046875 0.04114583333333333 0.06875
0 0.33307291666666666 0.3923828125 0.04635416666666667 0.047265625
0 0.95703125 0.4080078125 0.06302083333333333 0.104296875
0 0.7674479166666667 0.56171875 0.08802083333333334 0.05625
0 0.6716145833333333 0.559765625 0.06302083333333333 0.05859375
0 0.09609375 0.596875 0.04114583333333333 0.07109375
0 0.05963541666666667 0.5939453125 0.0296875 0.062890625
0 0.0234375 0.5875 0.034375 0.06484375
0 0.044270833333333336 0.4794921875 0.08229166666666667 0.083984375
0 0.10677083333333333 0.481640625 0.035416666666666666 0.08828125
0 0.14140625 0.483984375 0.034895833333333334 0.08828125
0 0.17552083333333332 0.4873046875 0.03229166666666667 0.092578125
0 0.20807291666666666 0.49765625 0.025520833333333333 0.08125
0 0.240625 0.50078125 0.03229166666666667 0.084375
0 0.28203125 0.5197265625 0.0390625 0.049609375
0 0.3260416666666667 0.5263671875 0.04895833333333333 0.046484375
0 0.4041666666666667 0.509375 0.035416666666666666 0.10078125
0 0.44557291666666665 0.5181640625 0.03697916666666667 0.097265625
0 0.496875 0.5146484375 0.05 0.053515625
0 0.553125 0.5169921875 0.05625 0.051953125
0 0.6098958333333333 0.5236328125 0.053125 0.056640625
0 0.3098958333333333 0.9248046875 0.04895833333333333 0.081640625
0 0.5473958333333333 0.5623046875 0.05416666666666667 0.034765625
0 0.6036458333333333 0.5701171875 0.06041666666666667 0.033984375
0 0.17526041666666667 0.8794921875 0.0890625 0.107421875
0 0.49244791666666665 0.55703125 0.0546875 0.0328125
0 0.5630208333333333 0.976953125 0.041666666666666664 0.0484375
0 0.21197916666666666 0.7314453125 0.040625 0.062890625
0 0.5635416666666667 0.673828125 0.030208333333333334 0.06328125
0 0.60078125 0.6642578125 0.043229166666666666 0.081640625
0 0.65078125 0.6705078125 0.049479166666666664 0.096484375
0 0.76953125 0.6986328125 0.0671875 0.073046875
0 0.8302083333333333 0.7091796875 0.0375 0.070703125
0 0.8783854166666667 0.7107421875 0.05677083333333333 0.087890625
0 0.95703125 0.7095703125 0.08697916666666666 0.103515625
0 0.9223958333333333 0.8578125 0.071875 0.0734375
0 0.8471354166666667 0.83828125 0.07135416666666666 0.103125
0 0.76953125 0.8255859375 0.07552083333333333 0.085546875
0 0.7033854166666667 0.834375 0.0484375 0.05625
0 0.64609375 0.8197265625 0.0453125 0.046484375
0 0.59140625 0.8146484375 0.05260416666666667 0.046484375
0 0.5341145833333333 0.7873046875 0.05260416666666667 0.088671875
0 0.15364583333333334 0.7271484375 0.059375 0.044140625
0 0.3963541666666667 0.7654296875 0.046875 0.068359375
0 0.3453125 0.7529296875 0.04791666666666667 0.068359375
0 0.29635416666666664 0.7439453125 0.04375 0.073828125
0 0.25338541666666664 0.737109375 0.043229166666666666 0.06171875
0 0.48072916666666665 0.7775390625 0.05416666666666667 0.074609375
