0 0.3266203703703704 0.32578125 0.04583333333333333 0.06875
0 0.4011574074074074 0.20911458333333333 0.052314814814814814 0.08177083333333333
0 0.3747685185185185 0.324609375 0.052314814814814814 0.07109375
0 0.15578703703703703 0.20846354166666667 0.050462962962962966 0.07734375
0 0.08194444444444444 0.072265625 0.0824074074074074 0.09401041666666667
0 0.04351851851851852 0.22096354166666668 0.06296296296296296 0.09088541666666666
0 0.44583333333333336 0.083203125 0.06111111111111111 0.07473958333333333
0 0.15486111111111112 0.07747395833333333 0.05324074074074074 0.08567708333333333
0 0.7324074074074074 0.208984375 0.053703703703703705 0.07994791666666666
0 0.01990740740740741 0.07200520833333333 0.03981481481481482 0.09557291666666666
0 0.42291666666666666 0.323828125 0.04212962962962963 0.07213541666666666
0 0.4664351851851852 0.32369791666666664 0.04027777777777778 0.07291666666666667
0 0.5111111111111111 0.3243489583333333 0.04814814814814815 0.07057291666666667
0 0.10277777777777777 0.20872395833333332 0.05092592592592592 0.07786458333333333
0 0.6759259259259259 0.209375 0.05555555555555555 0.07916666666666666
0 0.5101851851851852 0.20677083333333332 0.053703703703703705 0.08854166666666667
0 0.2298611111111111 0.6725260416666666 0.03935185185185185 0.026302083333333334
0 0.3506944444444444 0.20885416666666667 0.04490740740740741 0.08072916666666667
0 0.3025462962962963 0.21041666666666667 0.04675925925925926 0.07708333333333334
0 0.9243055555555556 0.640234375 0.022685185185185187 0.08098958333333334
0 0.25555555555555554 0.20924479166666668 0.04259259259259259 0.07421875
0 0.20810185185185184 0.20846354166666667 0.050462962962962966 0.07630208333333334
0 0.8747685185185186 0.20481770833333332 0.04490740740740741 0.08828125
0 0.9231481481481482 0.20455729166666667 0.05185185185185185 0.08567708333333333
0 0.9800925925925926 0.19153645833333333 0.03981481481481482 0.09401041666666667
0 0.04537037037037037 0.33502604166666666 0.053703703703703705 0.07161458333333333
0 0.11875 0.32200520833333335 0.04953703703703704 0.06588541666666667
0 0.17407407407407408 0.32578125 0.05462962962962963 0.06875
0 0.8789351851851852 0.5802083333333333 0.05324074074074074 0.06614583333333333
0 0.8277777777777777 0.5805989583333333 0.04537037037037037 0.06588541666666667
0 0.9541666666666667 0.6403645833333333 0.032407407407407406 0.08177083333333333
0 0.986574074074074 0.6390625 0.027777777777777776 0.07864583333333333
0 0.017361111111111112 0.6529947916666666 0.034722222222222224 0.05807291666666667
0 0.5488425925925926 0.327734375 0.02546296296296296 0.062239583333333334
0 0.19421296296296298 0.6721354166666667 0.02546296296296296 0.05
0 0.16550925925925927 0.6720052083333333 0.02546296296296296 0.048177083333333336
0 0.27870370370370373 0.325390625 0.04814814814814815 0.06692708333333333
0 0.22777777777777777 0.325 0.04814814814814815 0.0671875
0 0.38842592592592595 0.5811197916666667 0.04722222222222222 0.06692708333333333
0 0.43703703703703706 0.5740885416666667 0.046296296296296294 0.07942708333333333
0 0.45717592592592593 0.20755208333333333 0.04953703703703704 0.08958333333333333
0 0.487962962962963 0.574609375 0.05 0.07994791666666666
0 0.6488425925925926 0.58125 0.04583333333333333 0.06145833333333333
0 0.700462962962963 0.5807291666666666 0.05092592592592592 0.065625
0 0.7578703703703704 0.5751302083333333 0.05185185185185185 0.07682291666666667
0 0.14050925925925925 0.666796875 0.024537037037037038 0.047135416666666666
0 0.10740740740740741 0.653515625 0.04351851851851852 0.05755208333333333
0 0.0587962962962963 0.6533854166666667 0.044444444444444446 0.0578125
0 0.5425925925925926 0.5743489583333333 0.053703703703703705 0.07994791666666666
0 0.5736111111111111 0.3287760416666667 0.025925925925925925 0.06328125
0 0.5657407407407408 0.4220052083333333 0.05462962962962963 0.018489583333333334
0 0.7490740740740741 0.32369791666666664 0.046296296296296294 0.06927083333333334
0 0.8215277777777777 0.47942708333333334 0.016203703703703703 0.06197916666666667
0 0.7958333333333333 0.482421875 0.03425925925925926 0.06484375
0 0.75625 0.48020833333333335 0.04490740740740741 0.06822916666666666
0 0.7097222222222223 0.48190104166666664 0.04537037037037037 0.06848958333333334
0 0.6641203703703704 0.48125 0.03935185185185185 0.06822916666666666
0 0.6199074074074075 0.457421875 0.04537037037037037 0.02109375
0 0.56875 0.45755208333333336 0.05324074074074074 0.020833333333333332
0 0.6143518518518518 0.4845052083333333 0.04722222222222222 0.01953125
0 0.5645833333333333 0.4842447916666667 0.04861111111111111 0.019010416666666665
0 0.6164351851851851 0.5057291666666667 0.047685185185185185 0.020833333333333332
0 0.5680555555555555 0.505859375 0.04722222222222222 0.020572916666666666
0 0.5173611111111112 0.506640625 0.047685185185185185 0.020052083333333335
0 0.5150462962962963 0.48515625 0.047685185185185185 0.020833333333333332
0 0.8777777777777778 0.4822916666666667 0.04259259259259259 0.065625
0 0.5143518518518518 0.46432291666666664 0.05 0.018229166666666668
0 0.4648148148148148 0.48385416666666664 0.049074074074074076 0.022916666666666665
0 0.42453703703703705 0.48072916666666665 0.02962962962962963 0.0671875
0 0.3923611111111111 0.48098958333333336 0.03009259259259259 0.06770833333333333
0 0.3574074074074074 0.48138020833333334 0.03425925925925926 0.06588541666666667
0 0.31805555555555554 0.48216145833333335 0.040740740740740744 0.06796875
0 0.27199074074074076 0.482421875 0.050462962962962966 0.06796875
0 0.21921296296296297 0.48098958333333336 0.05138888888888889 0.065625
0 0.9777777777777777 0.40546875 0.03518518518518519 0.0859375
0 0.9462962962962963 0.40572916666666664 0.02962962962962963 0.084375
0 0.8886574074074074 0.4217447916666667 0.05787037037037037 0.01796875
0 0.8868055555555555 0.40091145833333336 0.05694444444444444 0.022135416666666668
0 0.8398148148148148 0.40481770833333336 0.028703703703703703 0.05286458333333333
0 0.8118055555555556 0.40481770833333336 0.029166666666666667 0.05286458333333333
0 0.4650462962962963 0.50625 0.05324074074074074 0.019791666666666666
0 0.7020833333333333 0.32317708333333334 0.04675925925925926 0.06927083333333334
0 0.9293981481481481 0.5266927083333334 0.02824074074074074 0.07838541666666667
0 0.9898148148148148 0.5252604166666667 0.022222222222222223 0.08020833333333334
0 0.8037037037037037 0.32526041666666666 0.05 0.06979166666666667
0 0.8520833333333333 0.3243489583333333 0.04490740740740741 0.07057291666666667
0 0.8983796296296296 0.325 0.04398148148148148 0.0703125
0 0.9608796296296296 0.30130208333333336 0.050462962962962966 0.08072916666666667
0 0.09745370370370371 0.3990885416666667 0.12175925925925926 0.05755208333333333
0 0.02199074074074074 0.46067708333333335 0.0412037037037037 0.034895833333333334
0 0.19490740740740742 0.4109375 0.03888888888888889 0.0375
0 0.24328703703703702 0.4127604166666667 0.050462962962962966 0.034375
0 0.29444444444444445 0.3828125 0.046296296296296294 0.017708333333333333
0 0.34976851851851853 0.3828125 0.059722222222222225 0.01875
0 0.2969907407407407 0.402734375 0.05138888888888889 0.01640625
0 0.35138888888888886 0.40143229166666666 0.05555555555555555 0.018489583333333334
0 0.29814814814814816 0.4220052083333333 0.053703703703703705 0.020572916666666666
0 0.9606481481481481 0.5260416666666666 0.02962962962962963 0.08072916666666667
0 0.3523148148148148 0.422265625 0.05648148148148148 0.020052083333333335
0 0.5655092592592592 0.3841145833333333 0.0587962962962963 0.018229166666666668
0 0.5685185185185185 0.40325520833333334 0.05648148148148148 0.017447916666666667
0 0.6224537037037037 0.40182291666666664 0.050462962962962966 0.019270833333333334
0 0.6206018518518519 0.420703125 0.055092592592592596 0.01796875
0 0.6886574074074074 0.40325520833333334 0.060648148148148145 0.017447916666666667
0 0.6886574074074074 0.42109375 0.05787037037037037 0.01875
0 0.7664351851851852 0.38229166666666664 0.05694444444444444 0.019270833333333334
0 0.7694444444444445 0.4022135416666667 0.05555555555555555 0.01796875
0 0.7675925925925926 0.42044270833333336 0.05462962962962963 0.017447916666666667
0 0.337037037037037 0.58203125 0.05 0.065625
0 0.28726851851851853 0.5822916666666667 0.04490740740740741 0.06458333333333334
0 0.23587962962962963 0.58125 0.05138888888888889 0.0640625
0 0.025231481481481483 0.54921875 0.038425925925925926 0.0734375
0 0.41388888888888886 0.42356770833333335 0.044444444444444446 0.016927083333333332
0 0.7819444444444444 0.20247395833333334 0.04722222222222222 0.09505208333333333
0 0.8263888888888888 0.20247395833333334 0.04259259259259259 0.09296875
0 0.5138888888888888 0.744921875 0.04537037037037037 0.06796875
0 0.2712962962962963 0.6807291666666667 0.037037037037037035 0.0265625
0 0.42060185185185184 0.7514322916666667 0.03009259259259259 0.061197916666666664
0 0.46620370370370373 0.7451822916666667 0.04722222222222222 0.06901041666666667
0 0.9905092592592593 0.7427083333333333 0.01990740740740741 0.0765625
0 0.9662037037037037 0.742578125 0.024074074074074074 0.07682291666666667
0 0.9381944444444444 0.74296875 0.029166666666666667 0.07604166666666666
0 0.9081018518518519 0.7428385416666666 0.02638888888888889 0.07265625
0 0.40347222222222223 0.6611979166666667 0.052314814814814814 0.06510416666666667
0 0.36018518518518516 0.7623697916666666 0.026851851851851852 0.039322916666666666
0 0.5631944444444444 0.745703125 0.04953703703703704 0.06588541666666667
0 0.6662037037037037 0.744140625 0.05185185185185185 0.06901041666666667
0 0.7199074074074074 0.7442708333333333 0.05185185185185185 0.06770833333333333
0 0.7747685185185185 0.7454427083333334 0.04861111111111111 0.025260416666666667
0 0.8233796296296296 0.7657552083333333 0.04398148148148148 0.024739583333333332
0 0.7759259259259259 0.7688802083333334 0.04722222222222222 0.01953125
0 0.8699074074074075 0.7450520833333333 0.04351851851851852 0.022395833333333334
0 0.8680555555555556 0.7678385416666667 0.03981481481481482 0.022135416666666668
0 0.31157407407407406 0.6665364583333333 0.040740740740740744 0.05234375
0 0.6148148148148148 0.7458333333333333 0.04722222222222222 0.06510416666666667
0 0.3326388888888889 0.7631510416666667 0.02546296296296296 0.037760416666666664
0 0.38796296296296295 0.7627604166666667 0.025925925925925925 0.0390625
0 0.3050925925925926 0.753515625 0.030555555555555555 0.05755208333333333
0 0.4550925925925926 0.6610677083333333 0.05 0.06536458333333334
0 0.5046296296296297 0.6608072916666666 0.04259259259259259 0.06380208333333333
0 0.5460648148148148 0.6615885416666667 0.04027777777777778 0.06380208333333333
0 0.5935185185185186 0.659765625 0.049074074074074076 0.06588541666666667
0 0.6460648148148148 0.6598958333333333 0.05324074074074074 0.06510416666666667
0 0.6995370370370371 0.6610677083333333 0.049074074074074076 0.06276041666666667
0 0.7520833333333333 0.66171875 0.04861111111111111 0.0640625
0 0.3335648148148148 0.7373697916666667 0.027314814814814816 0.013802083333333333
0 0.8256944444444444 0.6610677083333333 0.02824074074074074 0.06328125
0 0.8574074074074074 0.6610677083333333 0.030555555555555555 0.06276041666666667
0 0.7935185185185185 0.6602864583333333 0.02962962962962963 0.06380208333333333
0 0.06712962962962964 0.7502604166666667 0.03611111111111111 0.0625
0 0.10486111111111111 0.7506510416666666 0.034722222222222224 0.06536458333333334
0 0.14027777777777778 0.7569010416666667 0.03148148148148148 0.05026041666666667
0 0.17337962962962963 0.7576822916666667 0.03287037037037037 0.05130208333333333
0 0.2125 0.7459635416666667 0.041666666666666664 0.028385416666666666
0 0.2127314814814815 0.771875 0.04212962962962963 0.020833333333333332
0 0.2474537037037037 0.7598958333333333 0.02638888888888889 0.044270833333333336
0 0.2743055555555556 0.76015625 0.02638888888888889 0.043229166666666666
0 0.8914351851851852 0.6608072916666666 0.033796296296296297 0.06380208333333333
