0 0.17109375 0.8541015625 0.03177083333333333 0.066015625
0 0.13125 0.85546875 0.03125 0.06015625
0 0.09010416666666667 0.8552734375 0.03333333333333333 0.066015625
0 0.049479166666666664 0.855859375 0.03333333333333333 0.06484375
0 0.36822916666666666 0.290234375 0.036458333333333336 0.084375
0 0.8625 0.8294921875 0.023958333333333335 0.098046875
0 0.896875 0.83125 0.026041666666666668 0.09140625
0 0.928125 0.8310546875 0.025 0.089453125
0 0.3234375 0.2880859375 0.04479166666666667 0.085546875
0 0.21692708333333333 0.8490234375 0.0390625 0.066015625
0 0.41484375 0.29140625 0.03697916666666667 0.090625
0 0.009635416666666667 0.8607421875 0.016145833333333335 0.068359375
0 0.2669270833333333 0.8501953125 0.04635416666666667 0.063671875
0 0.7489583333333333 0.84375 0.027083333333333334 0.0671875
0 0.34817708333333336 0.8490234375 0.028645833333333332 0.069921875
0 0.38671875 0.8537109375 0.034895833333333334 0.060546875
0 0.8268229166666666 0.8232421875 0.030729166666666665 0.098046875
0 0.7877604166666666 0.821875 0.028645833333333332 0.09921875
0 0.71328125 0.844921875 0.0296875 0.06171875
0 0.6716145833333333 0.845703125 0.0359375 0.059375
0 0.6294270833333333 0.84921875 0.034895833333333334 0.059375
0 0.42734375 0.8505859375 0.03177083333333333 0.058984375
0 0.47213541666666664 0.85078125 0.03177083333333333 0.06328125
0 0.5088541666666667 0.85 0.029166666666666667 0.05546875
0 0.5518229166666667 0.8470703125 0.027604166666666666 0.062109375
0 0.5921875 0.8484375 0.03333333333333333 0.06640625
0 0.9833333333333333 0.70390625 0.03229166666666667 0.1
0 0.46328125 0.2912109375 0.044270833333333336 0.087890625
0 0.30859375 0.8498046875 0.0265625 0.062890625
0 0.60234375 0.5794921875 0.033854166666666664 0.055859375
0 0.74296875 0.1685546875 0.0390625 0.073828125
0 0.5619791666666667 0.294921875 0.0375 0.07890625
0 0.99375 0.826953125 0.0125 0.0890625
0 0.9645833333333333 0.8314453125 0.028125 0.091796875
0 0.41875 0.15546875 0.04791666666666667 0.09453125
0 0.371875 0.1416015625 0.03854166666666667 0.119921875
0 0.33046875 0.1400390625 0.04010416666666667 0.123046875
0 0.29192708333333334 0.13984375 0.033854166666666664 0.1203125
0 0.24817708333333333 0.1365234375 0.0359375 0.126171875
0 0.20338541666666668 0.1326171875 0.033854166666666664 0.116015625
0 0.16145833333333334 0.13203125 0.034375 0.1171875
0 0.11979166666666667 0.1287109375 0.03229166666666667 0.114453125
0 0.07786458333333333 0.125 0.030729166666666665 0.1171875
0 0.034895833333333334 0.126171875 0.03125 0.11953125
0 0.46640625 0.1546875 0.03697916666666667 0.0890625
0 0.51484375 0.1580078125 0.03802083333333333 0.087109375
0 0.5609375 0.158984375 0.041666666666666664 0.084375
0 0.6057291666666667 0.159375 0.0375 0.08828125
0 0.6583333333333333 0.16328125 0.03958333333333333 0.08515625
0 0.83046875 0.3015625 0.034895833333333334 0.08046875
0 0.7932291666666667 0.2970703125 0.036458333333333336 0.083203125
0 0.7473958333333334 0.297265625 0.042708333333333334 0.07734375
0 0.7013020833333333 0.2962890625 0.03802083333333333 0.081640625
0 0.659375 0.2970703125 0.03854166666666667 0.083203125
0 0.60859375 0.294140625 0.044270833333333336 0.08359375
0 0.5127604166666667 0.294921875 0.03697916666666667 0.08515625
0 0.9546875 0.173828125 0.052083333333333336 0.10078125
0 0.8838541666666667 0.3146484375 0.05416666666666667 0.101953125
0 0.8955729166666667 0.17734375 0.0453125 0.0765625
0 0.8434895833333333 0.1751953125 0.050520833333333334 0.076953125
0 0.7864583333333334 0.172265625 0.036458333333333336 0.06640625
0 0.5578125 0.573828125 0.03125 0.05859375
0 0.7044270833333334 0.1638671875 0.0359375 0.084765625
0 0.9411458333333333 0.294921875 0.030208333333333334 0.05234375
0 0.5192708333333333 0.575 0.03854166666666667 0.059375
0 0.89609375 0.571484375 0.0296875 0.0953125
0 0.43333333333333335 0.57734375 0.03854166666666667 0.06171875
0 0.11666666666666667 0.6982421875 0.03125 0.087109375
0 0.07526041666666666 0.69921875 0.033854166666666664 0.08515625
0 0.03567708333333333 0.6986328125 0.027604166666666666 0.085546875
0 0.6184895833333334 0.7091796875 0.0328125 0.047265625
0 0.6559895833333333 0.7072265625 0.0265625 0.041796875
0 0.6940104166666666 0.70234375 0.04010416666666667 0.05859375
0 0.7380208333333333 0.7013671875 0.035416666666666666 0.058203125
0 0.8036458333333333 0.6890625 0.025 0.07890625
0 0.94921875 0.4498046875 0.0546875 0.049609375
0 0.8294270833333334 0.4375 0.027604166666666666 0.0703125
0 0.7877604166666666 0.442578125 0.033854166666666664 0.0640625
0 0.7432291666666667 0.4435546875 0.034375 0.072265625
0 0.7041666666666667 0.4435546875 0.03229166666666667 0.073828125
0 0.6596354166666667 0.4412109375 0.033854166666666664 0.073046875
0 0.15182291666666667 0.6943359375 0.028645833333333332 0.080859375
0 0.6208333333333333 0.439453125 0.035416666666666666 0.065625
0 0.5354166666666667 0.43828125 0.035416666666666666 0.0734375
0 0.49296875 0.4369140625 0.03802083333333333 0.076953125
0 0.45 0.436328125 0.036458333333333336 0.07578125
0 0.40911458333333334 0.43671875 0.033854166666666664 0.075
0 0.36432291666666666 0.435546875 0.03697916666666667 0.078125
0 0.32083333333333336 0.4333984375 0.03958333333333333 0.078515625
0 0.04114583333333333 0.4302734375 0.036458333333333336 0.077734375
0 0.08697916666666666 0.4294921875 0.042708333333333334 0.078515625
0 0.13880208333333333 0.43203125 0.03802083333333333 0.08125
0 0.18541666666666667 0.4298828125 0.035416666666666666 0.081640625
0 0.22395833333333334 0.43359375 0.034375 0.0765625
0 0.27057291666666666 0.4353515625 0.0453125 0.076171875
0 0.06640625 0.281640625 0.0453125 0.0875
0 0.8705729166666667 0.4380859375 0.025520833333333333 0.071484375
0 0.5765625 0.4388671875 0.03333333333333333 0.070703125
0 0.475 0.576171875 0.040625 0.059375
0 0.19401041666666666 0.69453125 0.028645833333333332 0.0796875
0 0.27734375 0.6962890625 0.03177083333333333 0.080859375
0 0.3919270833333333 0.5779296875 0.03802083333333333 0.058984375
0 0.35052083333333334 0.5791015625 0.036458333333333336 0.061328125
0 0.303125 0.5775390625 0.034375 0.059765625
0 0.26223958333333336 0.57578125 0.04010416666666667 0.05859375
0 0.21328125 0.5712890625 0.04010416666666667 0.073828125
0 0.16692708333333334 0.5708984375 0.04010416666666667 0.071484375
0 0.121875 0.5720703125 0.036458333333333336 0.069921875
0 0.0765625 0.5716796875 0.03854166666666667 0.074609375
0 0.03463541666666667 0.5716796875 0.03697916666666667 0.074609375
0 0.6981770833333333 0.5798828125 0.0265625 0.046484375
0 0.7328125 0.578515625 0.027083333333333334 0.05625
0 0.7752604166666667 0.580078125 0.030729166666666665 0.0546875
0 0.8200520833333333 0.57578125 0.027604166666666666 0.07109375
0 0.8588541666666667 0.58046875 0.029166666666666667 0.0578125
0 0.2328125 0.6966796875 0.03229166666666667 0.081640625
0 0.9447916666666667 0.7005859375 0.03229166666666667 0.098046875
0 0.8763020833333334 0.6962890625 0.0265625 0.111328125
0 0.84375 0.698046875 0.03125 0.06640625
0 0.26901041666666664 0.2861328125 0.03697916666666667 0.083984375
0 0.2234375 0.283984375 0.035416666666666666 0.08359375
0 0.1734375 0.287890625 0.05520833333333333 0.08125
0 0.11744791666666667 0.2822265625 0.0390625 0.086328125
0 0.93515625 0.5841796875 0.028645833333333332 0.062890625
0 0.9817708333333334 0.580859375 0.0375 0.0625
0 0.5817708333333333 0.7013671875 0.035416666666666666 0.062890625
0 0.54140625 0.698046875 0.033854166666666664 0.06171875
0 0.4817708333333333 0.69609375 0.03229166666666667 0.07265625
0 0.4434895833333333 0.69296875 0.04010416666666667 0.0765625
0 0.40208333333333335 0.6986328125 0.036458333333333336 0.075390625
0 0.35625 0.6978515625 0.0375 0.072265625
0 0.90859375 0.6962890625 0.024479166666666666 0.101171875
0 0.31302083333333336 0.7068359375 0.035416666666666666 0.065234375
0 0.6401041666666667 0.578515625 0.040625 0.05390625
