0 0.39659926470588236 0.3220996732026144 0.010723039215686275 0.034722222222222224
0 0.4522058823529412 0.38174019607843135 0.010416666666666666 0.037173202614379085
0 0.4384191176470588 0.38909313725490197 0.013480392156862746 0.05841503267973856
0 0.42325367647058826 0.3868464052287582 0.013786764705882353 0.058823529411764705
0 0.4068627450980392 0.38419117647058826 0.013480392156862746 0.060866013071895424
0 0.39246323529411764 0.3845996732026144 0.011642156862745098 0.061683006535947715
0 0.6539522058823529 0.369281045751634 0.013174019607843137 0.04820261437908497
0 0.6387867647058824 0.3641748366013072 0.014705882352941176 0.046977124183006536
0 0.6230085784313726 0.3619281045751634 0.011948529411764705 0.04738562091503268
0 0.6110600490196079 0.36090686274509803 0.01011029411764706 0.04779411764705882
0 0.5991115196078431 0.35927287581699346 0.01133578431372549 0.046977124183006536
0 0.5856311274509803 0.3570261437908497 0.013174019607843137 0.04738562091503268
0 0.5727634803921569 0.3547794117647059 0.010723039215686275 0.04779411764705882
0 0.4099264705882353 0.32516339869281047 0.012254901960784314 0.03676470588235294
0 0.5595894607843137 0.3525326797385621 0.013174019607843137 0.04820261437908497
0 0.48514093137254904 0.39705882352941174 0.011948529411764705 0.06045751633986928
0 0.4224877450980392 0.3261846405228758 0.010416666666666666 0.03145424836601307
0 0.5208333333333334 0.3388480392156863 0.014705882352941176 0.037173202614379085
0 0.5067401960784313 0.33639705882352944 0.011642156862745098 0.037173202614379085
0 0.49371936274509803 0.3347630718954248 0.012561274509803922 0.04125816993464052
0 0.47962622549019607 0.3319035947712418 0.013174019607843137 0.04044117647058824
0 0.4652267156862745 0.3304738562091503 0.01133578431372549 0.04493464052287582
0 0.4518995098039216 0.3292483660130719 0.013480392156862746 0.04493464052287582
0 0.43612132352941174 0.32945261437908496 0.014399509803921568 0.03308823529411765
0 0.12377450980392157 0.5998774509803921 0.015318627450980392 0.068218954248366
0 0.4987745098039216 0.40012254901960786 0.011642156862745098 0.056781045751633986
0 0.39889705882352944 0.6987336601307189 0.013480392156862746 0.056781045751633986
0 0.38848039215686275 0.45812908496732024 0.011029411764705883 0.05759803921568627
0 0.09926470588235294 0.43300653594771243 0.02022058823529412 0.06944444444444445
0 0.12071078431372549 0.4352532679738562 0.016544117647058824 0.07230392156862746
0 0.13970588235294118 0.43586601307189543 0.016544117647058824 0.06862745098039216
0 0.15839460784313725 0.43933823529411764 0.016544117647058824 0.068218954248366
0 0.17601102941176472 0.440359477124183 0.013786764705882353 0.06781045751633986
0 0.5016850490196079 0.5580065359477124 0.012561274509803922 0.041666666666666664
0 0.3903186274509804 0.6160130718954249 0.014705882352941176 0.05473856209150327
0 0.40609681372549017 0.6160130718954249 0.013786764705882353 0.05718954248366013
0 0.42202818627450983 0.616421568627451 0.015012254901960785 0.06045751633986928
0 0.4378063725490196 0.6174428104575164 0.014093137254901961 0.05759803921568627
0 0.45389093137254904 0.6190767973856209 0.013786764705882353 0.0559640522875817
0 0.6090686274509803 0.7792075163398693 0.014705882352941176 0.04861111111111111
0 0.4814644607843137 0.6203022875816994 0.015012254901960785 0.0559640522875817
0 0.48636642156862747 0.556781045751634 0.014399509803921568 0.04411764705882353
0 0.4713541666666667 0.5555555555555556 0.012561274509803922 0.04411764705882353
0 0.4572610294117647 0.5667892156862745 0.011948529411764705 0.023284313725490197
0 0.43964460784313725 0.5545343137254902 0.00857843137254902 0.0428921568627451
0 0.42693014705882354 0.5524918300653595 0.011948529411764705 0.04534313725490196
0 0.4111519607843137 0.5514705882352942 0.012867647058823529 0.0457516339869281
0 0.3946078431372549 0.5490196078431373 0.014093137254901961 0.04493464052287582
0 0.5093443627450981 0.47181372549019607 0.013174019607843137 0.056372549019607844
0 0.4934129901960784 0.4707924836601307 0.013786764705882353 0.054330065359477125
0 0.47931985294117646 0.46854575163398693 0.010723039215686275 0.05718954248366013
0 0.4465379901960784 0.4644607843137255 0.008272058823529412 0.056372549019607844
0 0.43275122549019607 0.4646650326797386 0.015012254901960785 0.060866013071895424
0 0.38419117647058826 0.7003676470588235 0.014705882352941176 0.06004901960784314
0 0.4024203431372549 0.45935457516339867 0.015012254901960785 0.06004901960784314
0 0.5137867647058824 0.40155228758169936 0.016544117647058824 0.05718954248366013
0 0.5919117647058824 0.7785947712418301 0.016544117647058824 0.049019607843137254
0 0.40808823529411764 0.7800245098039216 0.015931372549019607 0.051879084967320264
0 0.5453431372549019 0.7798202614379085 0.015318627450980392 0.051470588235294115
0 0.9002757352941176 0.4679330065359477 0.007659313725490196 0.04370915032679738
0 0.8895526960784313 0.46711601307189543 0.009497549019607842 0.042075163398692814
0 0.8795955882352942 0.46282679738562094 0.007352941176470588 0.04820261437908497
0 0.8694852941176471 0.4624183006535948 0.010416666666666666 0.04656862745098039
0 0.859375 0.4605800653594771 0.00857843137254902 0.05106209150326797
0 0.8477328431372549 0.45955882352941174 0.010416666666666666 0.04738562091503268
0 0.8368566176470589 0.45955882352941174 0.006433823529411764 0.04656862745098039
0 0.9094669117647058 0.40788398692810457 0.013174019607843137 0.03799019607843137
0 0.9191176470588235 0.4693627450980392 0.007352941176470588 0.04656862745098039
0 0.8961397058823529 0.40604575163398693 0.011642156862745098 0.042483660130718956
0 0.8633578431372549 0.4025735294117647 0.009191176470588236 0.04534313725490196
0 0.8521752450980392 0.4013480392156863 0.011948529411764705 0.04125816993464052
0 0.029564950980392156 0.3464052287581699 0.014399509803921568 0.059640522875817
0 0.0470281862745098 0.349468954248366 0.01685049019607843 0.060866013071895424
0 0.0661764705882353 0.3502859477124183 0.01715686274509804 0.05759803921568627
0 0.08440563725490197 0.35355392156862747 0.016237745098039217 0.05759803921568627
0 0.10278799019607843 0.3555964052287582 0.015012254901960785 0.056781045751633986
0 0.12208946078431372 0.3568218954248366 0.015625 0.054330065359477125
0 0.8759191176470589 0.4027777777777778 0.011029411764705883 0.04084967320261438
0 0.1410845588235294 0.36008986928104575 0.014399509803921568 0.053513071895424834
0 0.8296568627450981 0.5236928104575164 0.007965686274509803 0.05555555555555555
0 0.8553921568627451 0.5257352941176471 0.011029411764705883 0.05392156862745098
0 0.3161764705882353 0.30637254901960786 0.013480392156862746 0.032679738562091505
0 0.3002450980392157 0.3035130718954248 0.014093137254901961 0.03349673202614379
0 0.28400735294117646 0.30044934640522875 0.012254901960784314 0.037173202614379085
0 0.2685355392156863 0.2988153594771242 0.011948529411764705 0.04125816993464052
0 0.25214460784313725 0.2959558823529412 0.015318627450980392 0.03799019607843137
0 0.2339154411764706 0.28982843137254904 0.014399509803921568 0.04044117647058824
0 0.2192095588235294 0.28737745098039214 0.011948529411764705 0.039624183006535946
0 0.1881127450980392 0.2894199346405229 0.012867647058823529 0.05106209150326797
0 0.8420649509803921 0.5236928104575164 0.01133578431372549 0.05718954248366013
0 0.171875 0.29105392156862747 0.016544117647058824 0.054330065359477125
0 0.13694852941176472 0.284109477124183 0.014705882352941176 0.05024509803921569
0 0.11856617647058823 0.28125 0.017769607843137254 0.0494281045751634
0 0.10110294117647059 0.2771650326797386 0.013480392156862746 0.05514705882352941
0 0.07996323529411764 0.27532679738562094 0.0196078431372549 0.051470588235294115
0 0.04335171568627451 0.26715686274509803 0.015012254901960785 0.05228758169934641
0 0.024816176470588234 0.26348039215686275 0.01715686274509804 0.05473856209150327
0 0.882046568627451 0.5277777777777778 0.012254901960784314 0.049836601307189546
0 0.8690257352941176 0.5265522875816994 0.01133578431372549 0.05310457516339869
0 0.15517769607843138 0.2853349673202614 0.015625 0.05514705882352941
0 0.15885416666666666 0.3613153594771242 0.013786764705882353 0.053513071895424834
0 0.17677696078431374 0.36703431372549017 0.01715686274509804 0.0625
0 0.21737132352941177 0.3562091503267974 0.013786764705882353 0.06944444444444445
0 0.19056372549019607 0.7810457516339869 0.017769607843137254 0.06781045751633986
0 0.20879289215686275 0.7826797385620915 0.016237745098039217 0.06454248366013073
0 0.22748161764705882 0.7855392156862745 0.018075980392156864 0.06290849673202614
0 0.24647671568627452 0.78125 0.016237745098039217 0.061683006535947715
0 0.26393995098039214 0.7810457516339869 0.015012254901960785 0.058823529411764705
0 0.2803308823529412 0.7806372549019608 0.015931372549019607 0.06045751633986928
0 0.29764093137254904 0.7790032679738562 0.016237745098039217 0.058823529411764705
0 0.07766544117647059 0.42769607843137253 0.018688725490196078 0.07107843137254902
0 0.14935661764705882 0.7853349673202614 0.018075980392156864 0.05759803921568627
0 0.31449142156862747 0.7787990196078431 0.015625 0.05841503267973856
0 0.3714767156862745 0.7781862745098039 0.016237745098039217 0.05310457516339869
0 0.3897058823529412 0.7808415032679739 0.016544117647058824 0.053513071895424834
0 0.4143688725490196 0.6973039215686274 0.013786764705882353 0.058823529411764705
0 0.4267769607843137 0.7792075163398693 0.01715686274509804 0.05269607843137255
0 0.44485294117647056 0.7798202614379085 0.01715686274509804 0.05392156862745098
0 0.46231617647058826 0.7790032679738562 0.016544117647058824 0.05473856209150327
0 0.4820772058823529 0.7798202614379085 0.01991421568627451 0.05392156862745098
0 0.5300245098039216 0.7798202614379085 0.013480392156862746 0.051470588235294115
0 0.3324142156862745 0.7775735294117647 0.01715686274509804 0.05841503267973856
0 0.13128063725490197 0.7851307189542484 0.016237745098039217 0.05718954248366013
0 0.1132046568627451 0.7837009803921569 0.018075980392156864 0.061683006535947715
0 0.09512867647058823 0.7892156862745098 0.015625 0.05065359477124183
0 0.2345281862745098 0.3570261437908497 0.017463235294117647 0.06862745098039216
0 0.2536764705882353 0.36151960784313725 0.012867647058823529 0.06862745098039216
0 0.2699142156862745 0.3627450980392157 0.012867647058823529 0.07107843137254902
0 0.28630514705882354 0.36642156862745096 0.01685049019607843 0.06372549019607843
0 0.30484068627450983 0.366625816993464 0.017769607843137254 0.06413398692810457
0 0.32245710784313725 0.3715277777777778 0.013786764705882353 0.06413398692810457
0 0.33762254901960786 0.372140522875817 0.013480392156862746 0.06535947712418301
0 0.3555453431372549 0.375 0.018688725490196078 0.06454248366013073
0 0.8414522058823529 0.3999183006535948 0.008272058823529412 0.04411764705882353
0 0.9906556372549019 0.6288807189542484 0.019301470588235295 0.08292483660130719
0 0.9604779411764706 0.6213235294117647 0.03431372549019608 0.0727124183006536
0 0.015778186274509803 0.4213643790849673 0.018688725490196078 0.07312091503267974
0 0.0352328431372549 0.42340686274509803 0.01838235294117647 0.07230392156862746
0 0.05621936274509804 0.42769607843137253 0.020526960784313725 0.07352941176470588
0 0.3353247549019608 0.6968954248366013 0.014399509803921568 0.06290849673202614
0 0.006127450980392157 0.7779820261437909 0.012254901960784314 0.0690359477124183
0 0.02542892156862745 0.7785947712418301 0.022058823529411766 0.06781045751633986
0 0.050551470588235295 0.7800245098039216 0.02389705882352941 0.068218954248366
0 0.07352941176470588 0.7798202614379085 0.0196078431372549 0.06535947712418301
0 0.5614276960784313 0.7794117647058824 0.013174019607843137 0.04820261437908497
0 0.4299938725490196 0.6995506535947712 0.012561274509803922 0.060866013071895424
0 0.5670955882352942 0.43729575163398693 0.013480392156862746 0.042075163398692814
0 0.46078431372549017 0.7003676470588235 0.013480392156862746 0.05514705882352941
0 0.7697610294117647 0.48794934640522875 0.008884803921568627 0.0428921568627451
0 0.7594975490196079 0.4875408496732026 0.00980392156862745 0.042075163398692814
0 0.7486213235294118 0.4846813725490196 0.01011029411764706 0.04370915032679738
0 0.7383578431372549 0.4832516339869281 0.009191176470588236 0.0457516339869281
0 0.7274816176470589 0.4832516339869281 0.010723039215686275 0.04084967320261438
0 0.7161458333333334 0.48223039215686275 0.009497549019607842 0.04125816993464052
0 0.7046568627450981 0.47998366013071897 0.011642156862745098 0.041666666666666664
0 0.7748161764705882 0.4360702614379085 0.00980392156862745 0.03799019607843137
0 0.78125 0.4877450980392157 0.012254901960784314 0.04738562091503268
0 0.7647058823529411 0.434640522875817 0.007965686274509803 0.03676470588235294
0 0.7463235294117647 0.4323937908496732 0.00857843137254902 0.037173202614379085
0 0.7357536764705882 0.4311683006535948 0.009497549019607842 0.037173202614379085
0 0.7262561274509803 0.42769607843137253 0.008272058823529412 0.03758169934640523
0 0.7164522058823529 0.4266748366013072 0.008272058823529412 0.03553921568627451
0 0.7078737745098039 0.4256535947712418 0.007659313725490196 0.04084967320261438
0 0.7895220588235294 0.3858251633986928 0.009191176470588236 0.03799019607843137
0 0.7797181372549019 0.38296568627450983 0.009191176470588236 0.039624183006535946
0 0.7693014705882353 0.38112745098039214 0.00980392156862745 0.03839869281045752
0 0.7558210784313726 0.4323937908496732 0.007965686274509803 0.037173202614379085
0 0.7043504901960784 0.5414624183006536 0.014705882352941176 0.0494281045751634
0 0.717984068627451 0.5428921568627451 0.01133578431372549 0.05473856209150327
0 0.7300857843137255 0.5463643790849673 0.010416666666666666 0.051879084967320264
0 0.7974877450980392 0.6217320261437909 0.02144607843137255 0.061274509803921566
0 0.7748161764705882 0.6145833333333334 0.018995098039215685 0.08700980392156862
0 0.7556678921568627 0.6100898692810458 0.01133578431372549 0.0951797385620915
0 0.9508272058823529 0.9268790849673203 0.0977328431372549 0.125
0 0.7918198529411765 0.8137254901960784 0.07077205882352941 0.13316993464052287
0 0.7234987745098039 0.7361111111111112 0.06219362745098039 0.08823529411764706
0 0.7259497549019608 0.6625816993464052 0.009497549019607842 0.02287581699346405
0 0.7143075980392157 0.6680964052287581 0.01133578431372549 0.03390522875816993
0 0.7022058823529411 0.6687091503267973 0.00857843137254902 0.035130718954248366
0 0.6920955882352942 0.6670751633986928 0.00980392156862745 0.041666666666666664
0 0.7434129901960784 0.5974264705882353 0.01011029411764706 0.027369281045751634
0 0.7331495098039216 0.6045751633986928 0.009191176470588236 0.041666666666666664
0 0.7212009803921569 0.6049836601307189 0.009191176470588236 0.04003267973856209
0 0.7090992647058824 0.6053921568627451 0.011948529411764705 0.04084967320261438
0 0.6968443627450981 0.6025326797385621 0.010723039215686275 0.04411764705882353
0 0.7784926470588235 0.5451388888888888 0.012254901960784314 0.020833333333333332
0 0.7665441176470589 0.5486111111111112 0.00980392156862745 0.025326797385620915
0 0.7533700980392157 0.5445261437908496 0.014093137254901961 0.03349673202614379
0 0.7408088235294118 0.5459558823529411 0.00857843137254902 0.05106209150326797
0 0.7591911764705882 0.38235294117647056 0.009191176470588236 0.03349673202614379
0 0.75 0.3805147058823529 0.007352941176470588 0.034722222222222224
0 0.7408088235294118 0.37888071895424835 0.00857843137254902 0.03390522875816993
0 0.7305453431372549 0.377859477124183 0.009497549019607842 0.031862745098039214
0 0.0059742647058823525 0.6877042483660131 0.011948529411764705 0.0755718954248366
0 0.02297794117647059 0.6891339869281046 0.018995098039215685 0.06862745098039216
0 0.0430453431372549 0.6921977124183006 0.019301470588235295 0.068218954248366
0 0.0628063725490196 0.6897467320261438 0.017769607843137254 0.06985294117647059
0 0.08302696078431372 0.6926062091503268 0.01838235294117647 0.07066993464052287
0 0.10263480392156862 0.6913807189542484 0.016544117647058824 0.068218954248366
0 0.12055759803921569 0.6926062091503268 0.018075980392156864 0.0690359477124183
0 0.13909313725490197 0.6936274509803921 0.01715686274509804 0.06862745098039216
0 0.15778186274509803 0.6926062091503268 0.018995098039215685 0.0690359477124183
0 0.1959252450980392 0.6952614379084967 0.016237745098039217 0.06944444444444445
0 0.21338848039215685 0.6942401960784313 0.015012254901960785 0.06495098039215687
0 0.23100490196078433 0.6948529411764706 0.017769607843137254 0.0661764705882353
0 0.2493872549019608 0.6950571895424836 0.016544117647058824 0.06658496732026144
0 0.26700367647058826 0.696078431372549 0.014399509803921568 0.0661764705882353
0 0.28431372549019607 0.696078431372549 0.01838235294117647 0.0661764705882353
0 0.3017769607843137 0.696078431372549 0.015318627450980392 0.06372549019607843
0 0.31832107843137253 0.6952614379084967 0.015931372549019607 0.06209150326797386
0 0.5735294117647058 0.6317401960784313 0.010416666666666666 0.05024509803921569
0 0.5628063725490197 0.6296977124183006 0.00857843137254902 0.05106209150326797
0 0.3431372549019608 0.6109068627450981 0.018995098039215685 0.060866013071895424
0 0.8268995098039216 0.6352124183006536 0.028186274509803922 0.05555555555555555
0 0.3244485294117647 0.6076388888888888 0.014093137254901961 0.05923202614379085
0 0.29181985294117646 0.6090686274509803 0.01685049019607843 0.06454248366013073
0 0.7208946078431373 0.37602124183006536 0.00857843137254902 0.03227124183006536
0 0.7121629901960784 0.37520424836601307 0.0070465686274509805 0.03308823529411765
0 0.6228553921568627 0.7058823529411765 0.013480392156862746 0.059640522875817
0 0.6078431372549019 0.707312091503268 0.014093137254901961 0.06331699346405228
0 0.5919117647058824 0.7050653594771242 0.014705882352941176 0.06209150326797386
0 0.5759803921568627 0.7050653594771242 0.013480392156862746 0.06209150326797386
0 0.5592830882352942 0.7032271241830066 0.014399509803921568 0.06331699346405228
0 0.538296568627451 0.7015931372549019 0.015318627450980392 0.06004901960784314
0 0.6326593137254902 0.6380718954248366 0.015318627450980392 0.05310457516339869
0 0.6171875 0.6366421568627451 0.013174019607843137 0.05514705882352941
0 0.6018688725490197 0.6350081699346405 0.015012254901960785 0.054330065359477125
0 0.5868566176470589 0.6329656862745098 0.013786764705882353 0.04779411764705882
0 0.1639093137254902 0.6021241830065359 0.01838235294117647 0.06290849673202614
0 0.19990808823529413 0.6031454248366013 0.015012254901960785 0.06985294117647059
0 0.2185968137254902 0.6031454248366013 0.01991421568627451 0.06495098039215687
0 0.23866421568627452 0.6072303921568627 0.01715686274509804 0.068218954248366
0 0.35462622549019607 0.3139297385620915 0.01685049019607843 0.03553921568627451
0 0.2565870098039216 0.6086601307189542 0.01685049019607843 0.06862745098039216
0 0.27450980392156865 0.6096813725490197 0.014705882352941176 0.06576797385620915
0 0.3089767156862745 0.6096813725490197 0.013786764705882353 0.060866013071895424
0 0.44515931372549017 0.7001633986928104 0.015931372549019607 0.06209150326797386
0 0.6233149509803921 0.7951388888888888 0.010723039215686275 0.02165032679738562
0 0.7757352941176471 0.9195261437908496 0.05330882352941176 0.05718954248366013
0 0.5735294117647058 0.5684232026143791 0.012254901960784314 0.024101307189542485
0 0.5857843137254902 0.568218954248366 0.00980392156862745 0.05718954248366013
0 0.5984987745098039 0.5696486928104575 0.013786764705882353 0.05514705882352941
0 0.6125919117647058 0.5708741830065359 0.01133578431372549 0.05514705882352941
0 0.6271446078431373 0.5729166666666666 0.015318627450980392 0.054330065359477125
0 0.21568627450980393 0.43647875816993464 0.017769607843137254 0.06985294117647059
0 0.2349877450980392 0.43852124183006536 0.016544117647058824 0.07148692810457516
0 0.2526041666666667 0.44056372549019607 0.014399509803921568 0.068218954248366
0 0.2693014705882353 0.4430147058823529 0.01715686274509804 0.06576797385620915
0 0.2878370098039216 0.4444444444444444 0.016237745098039217 0.06372549019607843
0 0.30422794117647056 0.4446486928104575 0.014705882352941176 0.061683006535947715
0 0.32138480392156865 0.44893790849673204 0.01715686274509804 0.06535947712418301
0 0.3388480392156863 0.45016339869281047 0.014093137254901961 0.0661764705882353
0 0.3549325980392157 0.45098039215686275 0.016237745098039217 0.06290849673202614
0 0.009497549019607842 0.5061274509803921 0.01715686274509804 0.07434640522875817
0 0.028186274509803922 0.5087826797385621 0.016544117647058824 0.07475490196078431
0 0.04825367647058824 0.5089869281045751 0.017463235294117647 0.0661764705882353
0 0.06832107843137254 0.5110294117647058 0.017769607843137254 0.06781045751633986
0 0.09083946078431372 0.5108251633986928 0.016237745098039217 0.0625
0 0.5595894607843137 0.5661764705882353 0.013174019607843137 0.05555555555555555
0 0.11121323529411764 0.5110294117647058 0.01715686274509804 0.05800653594771242
0 0.006893382352941176 0.5923202614379085 0.013786764705882353 0.06699346405228758
0 0.04580269607843137 0.596609477124183 0.018075980392156864 0.07312091503267974
0 0.47518382352941174 0.701797385620915 0.013480392156862746 0.05800653594771242
0 0.49019607843137253 0.7015931372549019 0.014705882352941176 0.05269607843137255
0 0.5531556372549019 0.4334150326797386 0.012561274509803922 0.04656862745098039
0 0.5814950980392157 0.43852124183006536 0.011642156862745098 0.0428921568627451
0 0.5949754901960784 0.4411764705882353 0.013480392156862746 0.04084967320261438
0 0.6084558823529411 0.4426062091503268 0.011642156862745098 0.04125816993464052
0 0.6210171568627451 0.44342320261437906 0.011642156862745098 0.03799019607843137
0 0.6325061274509803 0.44505718954248363 0.007659313725490196 0.03880718954248366
0 0.6478247549019608 0.4462826797385621 0.015012254901960785 0.03880718954248366
0 0.5493259803921569 0.4965277777777778 0.014093137254901961 0.06004901960784314
0 0.5758272058823529 0.4993872549019608 0.015012254901960785 0.054330065359477125
0 0.5931372549019608 0.5016339869281046 0.015318627450980392 0.056372549019607844
0 0.6070772058823529 0.5022467320261438 0.010723039215686275 0.05024509803921569
0 0.6170343137254902 0.5020424836601307 0.007352941176470588 0.049836601307189546
0 0.6452205882352942 0.5059232026143791 0.015318627450980392 0.05269607843137255
0 0.5439644607843137 0.5647467320261438 0.014399509803921568 0.05759803921568627
0 0.10631127450980392 0.5982434640522876 0.014705882352941176 0.06495098039215687
0 0.08792892156862746 0.5968137254901961 0.015931372549019607 0.0661764705882353
0 0.06770833333333333 0.596609477124183 0.016544117647058824 0.07312091503267974
0 0.02466299019607843 0.5943627450980392 0.01685049019607843 0.07107843137254902
0 0.13082107843137256 0.5151143790849673 0.01715686274509804 0.056372549019607844
0 0.14751838235294118 0.5210375816993464 0.016237745098039217 0.068218954248366
0 0.16559436274509803 0.519812091503268 0.014399509803921568 0.07066993464052287
0 0.9802389705882353 0.42054738562091504 0.0070465686274509805 0.0428921568627451
0 0.991421568627451 0.42034313725490197 0.00980392156862745 0.041666666666666664
0 0.4638480392156863 0.41299019607843135 0.015931372549019607 0.015522875816993464
0 0.46109068627450983 0.42953431372549017 0.0196078431372549 0.012663398692810458
0 0.14368872549019607 0.6060049019607843 0.015931372549019607 0.04616013071895425
0 0.96875 0.7410130718954249 0.061887254901960786 0.09313725490196079
0 0.8717830882352942 0.6893382352941176 0.060355392156862746 0.04534313725490196
0 0.8674938725490197 0.6331699346405228 0.04442401960784314 0.04330065359477124
0 0.45297181372549017 0.5469771241830066 0.013786764705882353 0.012254901960784314
0 0.6420036764705882 0.5727124183006536 0.012561274509803922 0.05228758169934641
0 0.5372242647058824 0.633578431372549 0.013174019607843137 0.056372549019607844
0 0.5511642156862745 0.6319444444444444 0.012254901960784314 0.05555555555555555
0 0.46292892156862747 0.4426062091503268 0.0196078431372549 0.010212418300653595
0 0.46231617647058826 0.4695669934640523 0.01838235294117647 0.011029411764705883
0 0.4583333333333333 0.5095996732026143 0.01715686274509804 0.01184640522875817
0 0.7032781862745098 0.8118872549019608 0.03768382352941176 0.05024509803921569
0 0.6976102941176471 0.8690767973856209 0.03002450980392157 0.03799019607843137
0 0.7054227941176471 0.9272875816993464 0.03829656862745098 0.0392156862745098
0 0.7144607843137255 0.9836601307189542 0.04963235294117647 0.03431372549019608
0 0.9699754901960784 0.42034313725490197 0.00857843137254902 0.04411764705882353
0 0.9587928921568627 0.42054738562091504 0.009497549019607842 0.0494281045751634
0 0.9931066176470589 0.48284313725490197 0.009497549019607842 0.04493464052287582
0 0.9814644607843137 0.4818218954248366 0.009497549019607842 0.04370915032679738
0 0.20603553921568626 0.5243055555555556 0.018075980392156864 0.06985294117647059
0 0.22503063725490197 0.5247140522875817 0.018688725490196078 0.06658496732026144
0 0.24479166666666666 0.5259395424836601 0.016544117647058824 0.06413398692810457
0 0.2624080882352941 0.5294117647058824 0.015625 0.0661764705882353
0 0.28232230392156865 0.5273692810457516 0.016237745098039217 0.06209150326797386
0 0.29901960784313725 0.53125 0.015318627450980392 0.06495098039215687
0 0.3166360294117647 0.5337009803921569 0.016237745098039217 0.0625
0 0.3316482843137255 0.5355392156862745 0.011948529411764705 0.061274509803921566
0 0.3483455882352941 0.5355392156862745 0.016544117647058824 0.061274509803921566
0 0.7735906862745098 0.9789624183006536 0.0508578431372549 0.042075163398692814
0 0.8972120098039216 0.5279820261437909 0.011948529411764705 0.05106209150326797
0 0.9520526960784313 0.5349264705882353 0.011948529411764705 0.05106209150326797
0 0.9647671568627451 0.5381944444444444 0.010416666666666666 0.04616013071895425
0 0.9753370098039216 0.5381944444444444 0.006433823529411764 0.05024509803921569
0 0.9868259803921569 0.5410539215686274 0.00980392156862745 0.0428921568627451
0 0.9963235294117647 0.5402369281045751 0.006740196078431373 0.042075163398692814
0 0.9518995098039216 0.47875816993464054 0.007965686274509803 0.05065359477124183
0 0.9612438725490197 0.4797794117647059 0.008884803921568627 0.04534313725490196
0 0.9712009803921569 0.4803921568627451 0.009191176470588236 0.04738562091503268
0 0.9140625 0.5290032679738562 0.008272058823529412 0.05065359477124183
0 0.3322610294117647 0.30943627450980393 0.013174019607843137 0.03880718954248366
