0 0.7037109375 0.15885416666666666 0.030859375 0.07604166666666666
0 0.2580078125 0.7755208333333333 0.037109375 0.07708333333333334
0 0.219921875 0.7729166666666667 0.03359375 0.084375
0 0.1841796875 0.7765625 0.034765625 0.08541666666666667
0 0.146875 0.7705729166666667 0.03671875 0.08697916666666666
0 0.5904296875 0.15052083333333333 0.032421875 0.09270833333333334
0 0.6267578125 0.1546875 0.034765625 0.08125
0 0.667578125 0.16067708333333333 0.03359375 0.07447916666666667
0 0.7423828125 0.14739583333333334 0.037109375 0.09895833333333333
0 0.9404296875 0.6434895833333333 0.030859375 0.06302083333333333
0 0.81484375 0.16302083333333334 0.0328125 0.06979166666666667
0 0.110546875 0.7697916666666667 0.0328125 0.08541666666666667
0 0.0716796875 0.7770833333333333 0.037890625 0.07083333333333333
0 0.025390625 0.7890625 0.05078125 0.046875
0 0.9736328125 0.6463541666666667 0.033203125 0.06041666666666667
0 0.90390625 0.6450520833333333 0.03515625 0.059895833333333336
0 0.8654296875 0.646875 0.034765625 0.06770833333333333
0 0.8228515625 0.62890625 0.026171875 0.0546875
0 0.7796875 0.16458333333333333 0.0328125 0.06666666666666667
0 0.37265625 0.4890625 0.0296875 0.08958333333333333
0 0.5466796875 0.634375 0.032421875 0.07395833333333333
0 0.7552734375 0.6434895833333333 0.034765625 0.06302083333333333
0 0.0818359375 0.13958333333333334 0.060546875 0.11979166666666667
0 0.1443359375 0.1296875 0.055859375 0.134375
0 0.19921875 0.12994791666666666 0.053125 0.1359375
0 0.2509765625 0.14817708333333332 0.043359375 0.09739583333333333
0 0.2919921875 0.1484375 0.033984375 0.09375
0 0.3302734375 0.1453125 0.040234375 0.09791666666666667
0 0.034765625 0.47708333333333336 0.04921875 0.10520833333333333
0 0.985546875 0.34348958333333335 0.0265625 0.06197916666666667
0 0.9515625 0.34270833333333334 0.01875 0.06666666666666667
0 0.915625 0.32005208333333335 0.04609375 0.10885416666666667
0 0.871484375 0.33098958333333334 0.0390625 0.09010416666666667
0 0.8314453125 0.3294270833333333 0.037890625 0.08489583333333334
0 0.7880859375 0.31614583333333335 0.045703125 0.11145833333333334
0 0.67109375 0.3497395833333333 0.02421875 0.1203125
0 0.63125 0.33984375 0.03359375 0.07239583333333334
0 0.587890625 0.3145833333333333 0.04609375 0.12604166666666666
0 0.54140625 0.33932291666666664 0.0375 0.07864583333333333
0 0.5001953125 0.3341145833333333 0.037890625 0.0890625
0 0.463671875 0.34270833333333334 0.028125 0.071875
0 0.4296875 0.33098958333333334 0.0328125 0.08697916666666666
0 0.3962890625 0.3341145833333333 0.030078125 0.08697916666666666
0 0.3619140625 0.3341145833333333 0.030078125 0.0890625
0 0.326171875 0.334375 0.03359375 0.09166666666666666
0 0.2916015625 0.33359375 0.031640625 0.09010416666666667
0 0.25703125 0.33177083333333335 0.0328125 0.09166666666666666
0 0.2181640625 0.32578125 0.041796875 0.10885416666666667
0 0.1654296875 0.32109375 0.045703125 0.10989583333333333
0 0.1263671875 0.32578125 0.030078125 0.10364583333333334
0 0.0833984375 0.31953125 0.054296875 0.12135416666666667
0 0.022265625 0.15703125 0.04453125 0.10677083333333333
0 0.0884765625 0.4817708333333333 0.047265625 0.09583333333333334
0 0.13359375 0.48932291666666666 0.034375 0.0859375
0 0.167578125 0.4901041666666667 0.03203125 0.0875
0 0.40859375 0.48385416666666664 0.0390625 0.1
0 0.44609375 0.49322916666666666 0.0328125 0.08541666666666667
0 0.4810546875 0.49114583333333334 0.033984375 0.08958333333333333
0 0.5166015625 0.4953125 0.032421875 0.08229166666666667
0 0.5505859375 0.4921875 0.031640625 0.08541666666666667
0 0.5892578125 0.49192708333333335 0.036328125 0.0859375
0 0.6248046875 0.4940104166666667 0.032421875 0.0796875
0 0.6755859375 0.48333333333333334 0.023046875 0.0875
0 0.7041015625 0.49322916666666666 0.027734375 0.08854166666666667
0 0.7384765625 0.4861979166666667 0.031640625 0.09739583333333333
0 0.775 0.5010416666666667 0.0296875 0.07083333333333333
0 0.805078125 0.5018229166666667 0.01953125 0.0609375
0 0.8359375 0.49895833333333334 0.03046875 0.075
0 0.8791015625 0.48671875 0.041796875 0.1046875
0 0.026953125 0.3125 0.0515625 0.13020833333333334
0 0.9197265625 0.4859375 0.037890625 0.109375
0 0.986328125 0.4940104166666667 0.028125 0.08489583333333334
0 0.01953125 0.6270833333333333 0.0390625 0.10416666666666667
0 0.0712890625 0.6291666666666667 0.059765625 0.10520833333333333
0 0.1359375 0.6283854166666667 0.0578125 0.10989583333333333
0 0.1888671875 0.63046875 0.044140625 0.10572916666666667
0 0.242578125 0.62734375 0.05234375 0.10885416666666667
0 0.29296875 0.62578125 0.04609375 0.1046875
0 0.341796875 0.6268229166666667 0.04453125 0.1078125
0 0.384375 0.640625 0.03515625 0.075
0 0.418359375 0.6401041666666667 0.028125 0.07604166666666666
0 0.791796875 0.6424479166666667 0.0328125 0.06302083333333333
0 0.28359375 0.4908854166666667 0.03515625 0.08802083333333334
0 0.2482421875 0.49921875 0.029296875 0.07135416666666666
0 0.2115234375 0.490625 0.037109375 0.08645833333333333
0 0.9560546875 0.5002604166666667 0.027734375 0.07760416666666667
0 0.9802734375 0.15286458333333333 0.037890625 0.09635416666666667
0 0.742578125 0.3296875 0.03984375 0.0875
0 0.914453125 0.16614583333333333 0.02734375 0.06666666666666667
0 0.5126953125 0.6341145833333334 0.028515625 0.07447916666666667
0 0.4818359375 0.6322916666666667 0.027734375 0.078125
0 0.45078125 0.63125 0.028125 0.08229166666666667
0 0.2970703125 0.7765625 0.036328125 0.075
0 0.34765625 0.7690104166666667 0.05859375 0.09010416666666667
0 0.4052734375 0.7671875 0.048046875 0.09895833333333333
0 0.4509765625 0.7677083333333333 0.034765625 0.09791666666666667
0 0.4892578125 0.7828125 0.032421875 0.07083333333333333
0 0.5216796875 0.78359375 0.026171875 0.06614583333333333
0 0.5638671875 0.7885416666666667 0.056640625 0.059375
0 0.625 0.7747395833333334 0.059375 0.08385416666666666
0 0.6724609375 0.76953125 0.030859375 0.08385416666666666
0 0.3287109375 0.478125 0.048828125 0.11145833333333334
0 0.7048828125 0.7872395833333333 0.023046875 0.05364583333333333
0 0.0765625 0.8979166666666667 0.03828125 0.075
0 0.7826171875 0.7828125 0.026953125 0.0625
0 0.812109375 0.7846354166666667 0.025 0.058854166666666666
0 0.8419921875 0.7760416666666666 0.030078125 0.07604166666666666
0 0.8828125 0.7755208333333333 0.0375 0.08229166666666667
0 0.918359375 0.7880208333333333 0.02734375 0.057291666666666664
0 0.948046875 0.7885416666666667 0.02421875 0.05625
0 0.9451171875 0.17005208333333333 0.028515625 0.06197916666666667
0 0.186328125 0.9020833333333333 0.06328125 0.06875
0 0.97734375 0.784375 0.03046875 0.06770833333333333
0 0.0134765625 0.9057291666666667 0.026953125 0.078125
0 0.0419921875 0.89765625 0.029296875 0.07760416666666667
0 0.7302734375 0.7861979166666667 0.021484375 0.05572916666666667
0 0.247265625 0.8986979166666667 0.0515625 0.0703125
0 0.7556640625 0.7856770833333333 0.021484375 0.05677083333333333
0 0.3001953125 0.8744791666666667 0.050390625 0.03229166666666667
0 0.8818359375 0.16484375 0.033203125 0.06927083333333334
0 0.8484375 0.16848958333333333 0.02890625 0.06197916666666667
0 0.3771484375 0.13645833333333332 0.046484375 0.115625
0 0.4203125 0.15755208333333334 0.03203125 0.07552083333333333
0 0.300390625 0.9130208333333333 0.04296875 0.036458333333333336
0 0.4568359375 0.1515625 0.036328125 0.09270833333333334
0 0.498046875 0.14791666666666667 0.03984375 0.09791666666666667
0 0.546875 0.13880208333333333 0.05078125 0.11614583333333334
0 0.71875 0.640625 0.0328125 0.06666666666666667
0 0.68203125 0.6380208333333334 0.0359375 0.06875
0 0.64296875 0.6317708333333333 0.0328125 0.084375
0 0.609375 0.6325520833333333 0.02421875 0.06927083333333334
0 0.580078125 0.634375 0.028125 0.07916666666666666
0 0.938671875 0.90703125 0.0703125 0.0515625
0 0.121875 0.90078125 0.0515625 0.07135416666666666
0 0.87421875 0.9140625 0.03828125 0.0375
0 0.5076171875 0.9010416666666666 0.020703125 0.057291666666666664
0 0.533203125 0.9026041666666667 0.0234375 0.052083333333333336
0 0.8783203125 0.87265625 0.030078125 0.0359375
0 0.5609375 0.9002604166666667 0.02421875 0.07239583333333334
0 0.4431640625 0.89609375 0.030859375 0.0671875
0 0.409375 0.8940104166666667 0.028125 0.07135416666666666
0 0.478125 0.8966145833333333 0.03046875 0.07239583333333334
0 0.588671875 0.8888020833333333 0.02734375 0.06614583333333333
0 0.6271484375 0.8955729166666667 0.045703125 0.07447916666666667
0 0.6875 0.9005208333333333 0.0609375 0.075
0 0.7474609375 0.896875 0.047265625 0.07395833333333333
0 0.816015625 0.9028645833333333 0.06953125 0.0703125
0 0.3619140625 0.9151041666666667 0.064453125 0.035416666666666666
