0 0.4671875 0.515234375 0.0875 0.04453125
0 0.4671875 0.46875 0.0875 0.04453125
0 0.37473958333333335 0.51484375 0.08697916666666666 0.04453125
0 0.37552083333333336 0.467578125 0.0875 0.04453125
0 0.1828125 0.5138671875 0.09583333333333334 0.048046875
0 0.2833333333333333 0.4671875 0.09166666666666666 0.04375
0 0.19244791666666666 0.4634765625 0.0828125 0.041796875
0 0.10182291666666667 0.4876953125 0.0578125 0.095703125
0 0.9747395833333333 0.3990234375 0.049479166666666664 0.042578125
0 0.55859375 0.469921875 0.08697916666666666 0.04453125
0 0.03854166666666667 0.4876953125 0.0625 0.092578125
0 0.28229166666666666 0.5123046875 0.09166666666666666 0.043359375
0 0.5565104166666667 0.51640625 0.08697916666666666 0.04453125
0 0.04765625 0.6208984375 0.05572916666666667 0.083984375
0 0.6484375 0.516796875 0.0875 0.04453125
0 0.7424479166666667 0.471875 0.08697916666666666 0.04453125
0 0.73984375 0.51796875 0.08697916666666666 0.04453125
0 0.8341145833333333 0.469921875 0.08697916666666666 0.04453125
0 0.83203125 0.51875 0.08697916666666666 0.04453125
0 0.92890625 0.4689453125 0.09010416666666667 0.044921875
0 0.9252604166666667 0.5193359375 0.09010416666666667 0.044921875
0 0.10677083333333333 0.6240234375 0.053125 0.079296875
0 0.030989583333333334 0.732421875 0.06197916666666667 0.11015625
0 0.10364583333333334 0.7310546875 0.07604166666666666 0.107421875
0 0.07239583333333334 0.844921875 0.11041666666666666 0.0515625
0 0.978125 0.351171875 0.04375 0.0453125
0 0.9213541666666667 0.633984375 0.08645833333333333 0.0421875
0 0.6489583333333333 0.46953125 0.0875 0.04453125
0 0.9 0.39921875 0.09270833333333334 0.0453125
0 0.8455729166666667 0.22578125 0.09114583333333333 0.0453125
0 0.80625 0.3984375 0.08854166666666667 0.0453125
0 0.9234375 0.5896484375 0.08645833333333333 0.041796875
0 0.37421875 0.2716796875 0.09010416666666667 0.046484375
0 0.46848958333333335 0.271484375 0.09114583333333333 0.04765625
0 0.5638020833333334 0.2220703125 0.09114583333333333 0.047265625
0 0.6583333333333333 0.22265625 0.09166666666666666 0.04609375
0 0.56328125 0.271484375 0.0921875 0.04765625
0 0.6580729166666667 0.2724609375 0.0890625 0.048046875
0 0.7502604166666667 0.225390625 0.08802083333333334 0.04609375
0 0.75 0.273828125 0.08958333333333333 0.0484375
0 0.84609375 0.2744140625 0.0921875 0.045703125
0 0.9385416666666667 0.228125 0.08854166666666667 0.04453125
0 0.93828125 0.276953125 0.08802083333333334 0.0453125
0 0.028645833333333332 0.37265625 0.057291666666666664 0.08828125
0 0.90625 0.3486328125 0.090625 0.044140625
0 0.08723958333333333 0.366015625 0.05572916666666667 0.09921875
0 0.26067708333333334 0.344140625 0.0890625 0.046875
0 0.3611979166666667 0.348046875 0.0890625 0.046875
0 0.45755208333333336 0.3482421875 0.09114583333333333 0.043359375
0 0.55078125 0.3474609375 0.0890625 0.046484375
0 0.17265625 0.3921875 0.0984375 0.04609375
0 0.26979166666666665 0.3935546875 0.09166666666666666 0.046484375
0 0.3645833333333333 0.3958984375 0.090625 0.044140625
0 0.45859375 0.3974609375 0.08802083333333334 0.045703125
0 0.5502604166666667 0.39765625 0.0890625 0.0421875
0 0.6364583333333333 0.3841796875 0.078125 0.070703125
0 0.6958333333333333 0.3330078125 0.078125 0.026171875
0 0.71875 0.384375 0.07708333333333334 0.06953125
0 0.8106770833333333 0.34921875 0.09010416666666667 0.046875
0 0.16432291666666668 0.342578125 0.0890625 0.046875
0 0.8291666666666667 0.633203125 0.08645833333333333 0.0421875
0 0.7216145833333333 0.8150390625 0.08489583333333334 0.037890625
0 0.7377604166666667 0.6306640625 0.0859375 0.041796875
0 0.9729166666666667 0.859765625 0.053125 0.03828125
0 0.9708333333333333 0.9009765625 0.059375 0.039453125
0 0.8950520833333333 0.9009765625 0.08489583333333334 0.037890625
0 0.8989583333333333 0.859375 0.08541666666666667 0.03828125
0 0.903125 0.8166015625 0.08541666666666667 0.037890625
0 0.8127604166666667 0.816796875 0.08489583333333334 0.03828125
0 0.809375 0.859375 0.08541666666666667 0.03828125
0 0.8065104166666667 0.9005859375 0.08489583333333334 0.037890625
0 0.7184895833333333 0.8994140625 0.08489583333333334 0.037890625
0 0.7197916666666667 0.859765625 0.08541666666666667 0.03828125
0 0.46901041666666665 0.2193359375 0.0921875 0.048828125
0 0.63515625 0.8189453125 0.0828125 0.037109375
0 0.63359375 0.8595703125 0.08177083333333333 0.037890625
0 0.9760416666666667 0.8181640625 0.046875 0.041015625
0 0.6291666666666667 0.9015625 0.08333333333333333 0.040625
0 0.5442708333333334 0.8609375 0.08645833333333333 0.0375
0 0.5458333333333333 0.81796875 0.08645833333333333 0.040625
0 0.45625 0.820703125 0.084375 0.0375
0 0.4552083333333333 0.862890625 0.084375 0.0375
0 0.45390625 0.9029296875 0.08489583333333334 0.040234375
0 0.36614583333333334 0.9033203125 0.08541666666666667 0.040234375
0 0.36614583333333334 0.8599609375 0.08541666666666667 0.040234375
0 0.36744791666666665 0.8177734375 0.08697916666666666 0.039453125
0 0.27786458333333336 0.8173828125 0.08697916666666666 0.039453125
0 0.2760416666666667 0.8607421875 0.0875 0.039453125
0 0.27630208333333334 0.9025390625 0.08697916666666666 0.039453125
0 0.18463541666666666 0.9013671875 0.08697916666666666 0.039453125
0 0.184375 0.8591796875 0.0875 0.039453125
0 0.5421875 0.9015625 0.08645833333333333 0.0375
0 0.22135416666666666 0.7015625 0.027083333333333334 0.0359375
0 0.2830729166666667 0.7005859375 0.0921875 0.039453125
0 0.28072916666666664 0.74375 0.090625 0.04296875
0 0.7395833333333334 0.5859375 0.08645833333333333 0.0421875
0 0.64765625 0.6330078125 0.08697916666666666 0.043359375
0 0.6481770833333333 0.587890625 0.08697916666666666 0.04375
0 0.55703125 0.632421875 0.08697916666666666 0.04375
0 0.5598958333333334 0.587890625 0.0875 0.04375
0 0.4674479166666667 0.63125 0.08697916666666666 0.04375
0 0.4674479166666667 0.5859375 0.08697916666666666 0.04375
0 0.3729166666666667 0.6314453125 0.0875 0.043359375
0 0.37057291666666664 0.5853515625 0.08697916666666666 0.043359375
0 0.28203125 0.630078125 0.08697916666666666 0.04375
0 0.28125 0.584765625 0.0875 0.04375
0 0.1890625 0.6302734375 0.09270833333333334 0.044140625
0 0.18802083333333333 0.5822265625 0.09270833333333334 0.044140625
0 0.97890625 0.748046875 0.04114583333333333 0.04140625
0 0.9802083333333333 0.7021484375 0.040625 0.042578125
0 0.9091145833333333 0.7482421875 0.0890625 0.044140625
0 0.9114583333333334 0.7029296875 0.08645833333333333 0.042578125
0 0.81875 0.7462890625 0.08854166666666667 0.041796875
0 0.82109375 0.701171875 0.0859375 0.0421875
0 0.728125 0.7462890625 0.08541666666666667 0.040234375
0 0.73125 0.7025390625 0.0875 0.039453125
0 0.6369791666666667 0.744921875 0.08645833333333333 0.040625
0 0.6416666666666667 0.7013671875 0.08645833333333333 0.040234375
0 0.5489583333333333 0.7427734375 0.08645833333333333 0.040234375
0 0.5526041666666667 0.701171875 0.08645833333333333 0.040625
0 0.46067708333333335 0.7439453125 0.0859375 0.040234375
0 0.4640625 0.6998046875 0.084375 0.041796875
0 0.3723958333333333 0.7447265625 0.08645833333333333 0.041796875
0 0.37552083333333336 0.7005859375 0.08645833333333333 0.041796875
0 0.8302083333333333 0.587890625 0.08645833333333333 0.0421875
0 0.3736979166666667 0.2201171875 0.0921875 0.048828125
0 0.18828125 0.815625 0.08697916666666666 0.0390625
0 0.565625 0.09296875 0.09583333333333334 0.04375
0 0.165625 0.0896484375 0.09583333333333334 0.047265625
0 0.16666666666666666 0.1404296875 0.09375 0.051171875
0 0.26666666666666666 0.0900390625 0.09479166666666666 0.048828125
0 0.26484375 0.1412109375 0.09427083333333333 0.048828125
0 0.365625 0.0908203125 0.09479166666666666 0.048828125
0 0.3625 0.1423828125 0.09479166666666666 0.048828125
0 0.4635416666666667 0.0943359375 0.09583333333333334 0.044140625
0 0.08854166666666667 0.1091796875 0.053125 0.112890625
0 0.4609375 0.141796875 0.09583333333333334 0.04375
0 0.5614583333333333 0.1443359375 0.09583333333333334 0.044140625
0 0.6630208333333333 0.0970703125 0.08854166666666667 0.047265625
0 0.6627604166666666 0.1478515625 0.09322916666666667 0.048828125
0 0.7588541666666667 0.09609375 0.09791666666666667 0.04765625
0 0.7598958333333333 0.146875 0.09270833333333334 0.05078125
0 0.8575520833333333 0.0986328125 0.0953125 0.047265625
0 0.8572916666666667 0.15078125 0.09166666666666666 0.05078125
0 0.2786458333333333 0.2693359375 0.09479166666666666 0.047265625
0 0.953125 0.100390625 0.09270833333333334 0.0453125
0 0.030208333333333334 0.1107421875 0.058333333333333334 0.116015625
0 0.18072916666666666 0.2677734375 0.096875 0.047265625
0 0.023177083333333334 0.2486328125 0.04635416666666667 0.091015625
0 0.27760416666666665 0.218359375 0.09270833333333334 0.0453125
0 0.95234375 0.1517578125 0.09427083333333333 0.049609375
0 0.0890625 0.244140625 0.07395833333333333 0.0984375
0 0.18151041666666667 0.2185546875 0.09322916666666667 0.047265625
0 0.07708333333333334 0.8978515625 0.1125 0.044140625
