0 0.566138698630137 0.5649038461538461 0.018407534246575343 0.046153846153846156
0 0.5447345890410958 0.5650240384615385 0.019263698630136987 0.04783653846153846
0 0.2035530821917808 0.7149038461538462 0.05179794520547945 0.04423076923076923
0 0.2649828767123288 0.7114182692307692 0.052226027397260275 0.042067307692307696
0 0.317208904109589 0.7116586538461539 0.045376712328767124 0.042067307692307696
0 0.3653681506849315 0.7134615384615385 0.04409246575342466 0.04423076923076923
0 0.4137414383561644 0.7197115384615385 0.0449486301369863 0.04326923076923077
0 0.4646832191780822 0.7153846153846154 0.05094178082191781 0.04807692307692308
0 0.5903253424657534 0.7145432692307693 0.04965753424657534 0.04158653846153846
0 0.643193493150685 0.7167067307692307 0.04323630136986301 0.042548076923076925
0 0.6879280821917808 0.7134615384615385 0.0410958904109589 0.036057692307692304
0 0.7382277397260274 0.7134615384615385 0.0526541095890411 0.038461538461538464
0 0.8707191780821918 0.7175480769230769 0.053082191780821915 0.04423076923076923
0 0.9163099315068494 0.7127403846153846 0.03296232876712329 0.03173076923076923
0 0.4839469178082192 0.23677884615384615 0.05950342465753425 0.06394230769230769
0 0.6190068493150684 0.24627403846153847 0.06678082191780822 0.053125
0 0.719820205479452 0.2387019230769231 0.1151541095890411 0.06490384615384616
0 0.8362585616438356 0.24110576923076923 0.1091609589041096 0.061057692307692306
0 0.9509845890410958 0.24807692307692308 0.09717465753424658 0.032692307692307694
0 0.052226027397260275 0.30396634615384616 0.0488013698630137 0.07716346153846154
0 0.026541095890410957 0.2075721153846154 0.052226027397260275 0.051201923076923075
0 0.19392123287671234 0.321875 0.06164383561643835 0.04807692307692308
0 0.030821917808219176 0.41418269230769234 0.04708904109589041 0.057692307692307696
0 0.967679794520548 0.7162259615384615 0.0586472602739726 0.03870192307692308
0 0.08154965753424658 0.4070913461538462 0.0526541095890411 0.07283653846153847
0 0.13142123287671234 0.40853365384615387 0.04708904109589041 0.0733173076923077
0 0.1795804794520548 0.4034855769230769 0.04238013698630137 0.05504807692307692
0 0.22410102739726026 0.4046875 0.0449486301369863 0.05985576923076923
0 0.2688356164383562 0.4043269230769231 0.038527397260273974 0.05913461538461538
0 0.9762414383561644 0.7951923076923076 0.05179794520547945 0.05384615384615385
0 0.8726455479452054 0.8058894230769231 0.10402397260273973 0.01610576923076923
0 0.8842037671232876 0.7765625 0.1074486301369863 0.03822115384615385
0 0.7551369863013698 0.7889423076923077 0.07277397260273973 0.06201923076923077
0 0.045376712328767124 0.11538461538461539 0.08647260273972603 0.04471153846153846
0 0.12821061643835616 0.09170673076923076 0.05950342465753425 0.043028846153846154
0 0.985445205479452 0.6628605769230769 0.032534246575342464 0.023798076923076922
0 0.9452054794520548 0.6618990384615384 0.03767123287671233 0.02716346153846154
0 0.8831335616438356 0.6539663461538462 0.06335616438356165 0.043028846153846154
0 0.6733732876712328 0.6506009615384616 0.05565068493150685 0.042548076923076925
0 0.614083904109589 0.6455528846153846 0.056934931506849314 0.054086538461538464
0 0.5492294520547946 0.6466346153846154 0.06164383561643835 0.04519230769230769
0 0.03595890410958904 0.5849759615384615 0.0702054794520548 0.03774038461538461
0 0.5209760273972602 0.5633413461538461 0.023972602739726026 0.048317307692307694
0 0.11665239726027397 0.5875 0.0663527397260274 0.035576923076923075
0 0.03595890410958904 0.6662259615384616 0.07106164383561644 0.03341346153846154
0 0.11986301369863013 0.6641826923076923 0.08647260273972603 0.03461538461538462
0 0.020976027397260275 0.7229567307692307 0.039383561643835614 0.03341346153846154
0 0.3095034246575342 0.4060096153846154 0.039383561643835614 0.05721153846153846
0 0.08176369863013698 0.7240384615384615 0.07876712328767123 0.03653846153846154
0 0.021618150684931507 0.7870192307692307 0.041523972602739725 0.04038461538461539
0 0.08690068493150685 0.8067307692307693 0.0821917808219178 0.03942307692307692
0 0.14918664383561644 0.7967548076923077 0.03638698630136986 0.056971153846153845
0 0.20590753424657535 0.8015625 0.06592465753424658 0.037259615384615384
0 0.2634845890410959 0.7938701923076923 0.03724315068493151 0.05985576923076923
0 0.3086472602739726 0.7911057692307693 0.045376712328767124 0.05961538461538462
0 0.3619434931506849 0.7832932692307693 0.04238013698630137 0.056971153846153845
0 0.4013270547945205 0.7908653846153846 0.029537671232876712 0.058653846153846154
0 0.4396404109589041 0.7930288461538462 0.039383561643835614 0.06586538461538462
0 0.4886558219178082 0.7919471153846154 0.03638698630136986 0.06081730769230769
0 0.5177654109589042 0.7867788461538462 0.019263698630136987 0.06298076923076923
0 0.5428082191780822 0.7991586538461538 0.02226027397260274 0.04783653846153846
0 0.6076626712328768 0.8002403846153846 0.07748287671232877 0.05336538461538461
0 0.6806506849315068 0.7930288461538462 0.06078767123287671 0.06586538461538462
0 0.14897260273972604 0.7235576923076923 0.04794520547945205 0.03990384615384615
0 0.3548801369863014 0.40637019230769234 0.04708904109589041 0.05552884615384615
0 0.5496575342465754 0.24170673076923077 0.0625 0.057451923076923074
0 0.4704623287671233 0.41802884615384617 0.07705479452054795 0.040865384615384616
0 0.8268407534246576 0.40973557692307694 0.03724315068493151 0.051201923076923075
0 0.4193065068493151 0.2389423076923077 0.061215753424657536 0.05721153846153846
0 0.3276969178082192 0.23665865384615384 0.11772260273972603 0.06081730769230769
0 0.203125 0.23641826923076922 0.12799657534246575 0.06033653846153846
0 0.0858304794520548 0.2222355769230769 0.05607876712328767 0.037259615384615384
0 0.9591181506849316 0.14423076923076922 0.08433219178082192 0.06201923076923077
0 0.8769263698630136 0.14747596153846154 0.06892123287671233 0.05793269230769231
0 0.7836044520547946 0.1420673076923077 0.10830479452054795 0.07115384615384615
0 0.6990582191780822 0.15 0.05393835616438356 0.04951923076923077
0 0.8732876712328768 0.41021634615384617 0.023116438356164382 0.05504807692307692
0 0.6279965753424658 0.14459134615384617 0.07277397260273973 0.05793269230769231
0 0.4989297945205479 0.140625 0.056934931506849314 0.06298076923076923
0 0.4360017123287671 0.14182692307692307 0.05351027397260274 0.06009615384615385
0 0.3775684931506849 0.14086538461538461 0.05393835616438356 0.06346153846153846
0 0.3184931506849315 0.13774038461538463 0.05650684931506849 0.05961538461538462
0 0.2617722602739726 0.1375 0.05351027397260274 0.05913461538461538
0 0.206763698630137 0.14567307692307693 0.0410958904109589 0.04278846153846154
0 0.1622431506849315 0.14423076923076922 0.036815068493150686 0.04326923076923077
0 0.4368578767123288 0.08221153846153846 0.05779109589041096 0.05721153846153846
0 0.21404109589041095 0.10673076923076923 0.03424657534246575 0.032692307692307694
0 0.5616438356164384 0.14038461538461539 0.05736301369863014 0.06490384615384616
0 0.9068921232876712 0.41478365384615384 0.027825342465753425 0.050721153846153846
0 0.9360017123287672 0.4152644230769231 0.02868150684931507 0.051682692307692304
0 0.9766695205479452 0.4159855769230769 0.04666095890410959 0.04879807692307692
0 0.5881849315068494 0.5643028846153846 0.019691780821917807 0.04783653846153846
0 0.6226455479452054 0.56875 0.0449486301369863 0.04326923076923077
0 0.6701626712328768 0.5698317307692308 0.03724315068493151 0.04110576923076923
0 0.723458904109589 0.5618990384615384 0.030821917808219176 0.051201923076923075
0 0.7744006849315068 0.5689903846153846 0.05565068493150685 0.04375
0 0.8428938356164384 0.5631009615384616 0.0761986301369863 0.05456730769230769
0 0.961472602739726 0.5635817307692308 0.06078767123287671 0.05985576923076923
0 0.9839469178082192 0.4872596153846154 0.033818493150684935 0.052884615384615384
0 0.942208904109589 0.4876201923076923 0.0410958904109589 0.05600961538461539
0 0.9011130136986302 0.4896634615384615 0.04023972602739726 0.057692307692307696
0 0.8544520547945206 0.478125 0.038527397260273974 0.04807692307692308
0 0.7262414383561644 0.4862980769230769 0.04580479452054795 0.05336538461538461
0 0.6806506849315068 0.48641826923076925 0.036815068493150686 0.051201923076923075
0 0.6378424657534246 0.48677884615384615 0.04023972602739726 0.052884615384615384
0 0.5976027397260274 0.4859375 0.038527397260273974 0.05024038461538462
0 0.525042808219178 0.49627403846153845 0.08518835616438356 0.024759615384615383
0 0.4550513698630137 0.484375 0.0410958904109589 0.052403846153846155
0 0.4130993150684932 0.4828125 0.039383561643835614 0.051682692307692304
0 0.21982020547945205 0.48028846153846155 0.08946917808219178 0.04951923076923077
0 0.1344178082191781 0.5040865384615385 0.053082191780821915 0.0798076923076923
0 0.06956335616438356 0.5040865384615385 0.06720890410958905 0.08365384615384615
0 0.17465753424657535 0.10372596153846154 0.032534246575342464 0.02956730769230769
0 0.4051797945205479 0.40625 0.04580479452054795 0.052884615384615384
0 0.7842465753424658 0.4115384615384615 0.04195205479452055 0.057692307692307696
0 0.761986301369863 0.3248798076923077 0.09845890410958905 0.056971153846153845
0 0.662457191780822 0.4096153846153846 0.03809931506849315 0.05625
0 0.6185787671232876 0.40973557692307694 0.04195205479452055 0.056490384615384616
0 0.936429794520548 0.3230769230769231 0.07320205479452055 0.05336538461538461
0 0.8493150684931506 0.3217548076923077 0.06164383561643835 0.050721153846153846
0 0.6110873287671232 0.32211538461538464 0.08433219178082192 0.05913461538461538
0 0.5400256849315068 0.3219951923076923 0.048373287671232876 0.05889423076923077
0 0.4892979452054795 0.3205528846153846 0.04708904109589041 0.05889423076923077
0 0.385916095890411 0.3216346153846154 0.04666095890410959 0.058173076923076925
0 0.3223458904109589 0.32271634615384615 0.059931506849315065 0.04927884615384615
0 0.2589897260273973 0.32295673076923076 0.06164383561643835 0.05024038461538462
0 0.5809075342465754 0.40673076923076923 0.023116438356164382 0.05336538461538461
0 0.5408818493150684 0.40889423076923076 0.05008561643835616 0.057692307692307696
0 0.4366438356164384 0.31935096153846154 0.04794520547945205 0.056490384615384616
0 0.723458904109589 0.4235576923076923 0.07448630136986302 0.03028846153846154
