0 0.5059232026143791 0.8537071078431373 0.15890522875816993 0.07506127450980392
0 0.7602124183006536 0.6456801470588235 0.05473856209150327 0.078125
0 0.7048611111111112 0.6430759803921569 0.054330065359477125 0.0821078431372549
0 0.6178513071895425 0.6383272058823529 0.0886437908496732 0.09650735294117647
0 0.5516748366013072 0.6403186274509803 0.042075163398692814 0.09865196078431372
0 0.49468954248366015 0.6683517156862745 0.0727124183006536 0.04013480392156863
0 0.4944852941176471 0.6158088235294118 0.07883986928104575 0.06004901960784314
0 0.4099264705882353 0.6352634803921569 0.08047385620915033 0.09221813725490197
0 0.8819444444444444 0.8656556372549019 0.11437908496732026 0.08425245098039216
0 0.8739787581699346 0.6475183823529411 0.054330065359477125 0.0818014705882353
0 0.2704248366013072 0.6184129901960784 0.05392156862745098 0.04013480392156863
0 0.20894607843137256 0.6170343137254902 0.06740196078431372 0.042279411764705885
0 0.3319035947712418 0.6256127450980392 0.06004901960784314 0.03553921568627451
0 0.3312908496732026 0.6652879901960784 0.058823529411764705 0.04381127450980392
0 0.2716503267973856 0.6645220588235294 0.059640522875817 0.044730392156862746
0 0.764501633986928 0.8674938725490197 0.11968954248366014 0.08731617647058823
0 0.013276143790849673 0.7555147058823529 0.026552287581699346 0.06801470588235294
0 0.0428921568627451 0.7561274509803921 0.031862745098039214 0.06924019607843138
0 0.07659313725490197 0.7541360294117647 0.03308823529411765 0.06770833333333333
0 0.33108660130718953 0.8552389705882353 0.15318627450980393 0.07383578431372549
0 0.21200980392156862 0.8681066176470589 0.041666666666666664 0.08670343137254902
0 0.1576797385620915 0.8690257352941176 0.059640522875817 0.08854166666666667
0 0.10049019607843138 0.8857230392156863 0.04330065359477124 0.05575980392156863
0 0.06331699346405228 0.8848039215686274 0.031862745098039214 0.058823529411764705
0 0.03349673202614379 0.8694852941176471 0.021241830065359478 0.0857843137254902
0 0.012050653594771242 0.8688725490196079 0.024101307189542485 0.08149509803921569
0 0.8837826797385621 0.7535232843137255 0.14338235294117646 0.07077205882352941
0 0.6431781045751634 0.8541666666666666 0.10498366013071896 0.07598039215686274
0 0.7254901960784313 0.7512254901960784 0.136437908496732 0.07107843137254902
0 0.5314542483660131 0.7489276960784313 0.0457516339869281 0.07138480392156862
0 0.4904003267973856 0.7440257352941176 0.0363562091503268 0.06158088235294118
0 0.4583333333333333 0.7409620098039216 0.028594771241830064 0.05545343137254902
0 0.34477124183006536 0.7490808823529411 0.16176470588235295 0.0778186274509804
0 0.24366830065359477 0.7519914215686274 0.03553921568627451 0.07261029411764706
0 0.2079248366013072 0.7552083333333334 0.03349673202614379 0.07965686274509803
0 0.2136437908496732 0.6677389705882353 0.05473856209150327 0.050551470588235295
0 0.11294934640522876 0.7522977941176471 0.039624183006535946 0.06403186274509803
0 0.5982434640522876 0.7504595588235294 0.0494281045751634 0.06709558823529412
0 0.16830065359477125 0.7533700980392157 0.042483660130718956 0.08272058823529412
0 0.14460784313725492 0.6778492647058824 0.06209150326797386 0.04258578431372549
0 0.024305555555555556 0.6557904411764706 0.04861111111111111 0.08670343137254902
0 0.5285947712418301 0.40579044117647056 0.0457516339869281 0.10079656862745098
0 0.4750816993464052 0.4111519607843137 0.049836601307189546 0.08517156862745098
0 0.4144199346405229 0.41268382352941174 0.060866013071895424 0.0857843137254902
0 0.3502859477124183 0.4131433823529412 0.04616013071895425 0.08670343137254902
0 0.29677287581699346 0.4099264705882353 0.046977124183006536 0.1017156862745098
0 0.24632352941176472 0.40808823529411764 0.05310457516339869 0.1053921568627451
0 0.18933823529411764 0.4348958333333333 0.056781045751633986 0.04993872549019608
0 0.12745098039215685 0.4341299019607843 0.06862745098039216 0.0508578431372549
0 0.03982843137254902 0.4146752450980392 0.07965686274509803 0.09957107843137254
0 0.5765931372549019 0.40778186274509803 0.05024509803921569 0.09681372549019608
0 0.9440359477124183 0.26087622549019607 0.11274509803921569 0.11795343137254902
0 0.6901552287581699 0.2643995098039216 0.13194444444444445 0.11825980392156862
0 0.5520833333333334 0.27236519607843135 0.127859477124183 0.11642156862745098
0 0.4426062091503268 0.2824754901960784 0.08619281045751634 0.09803921568627451
0 0.352124183006536 0.28262867647058826 0.08823529411764706 0.09834558823529412
0 0.2661356209150327 0.24800857843137256 0.05841503267973856 0.0585171568627451
0 0.2679738562091503 0.30652573529411764 0.05228758169934641 0.057291666666666664
0 0.20302287581699346 0.28370098039215685 0.06454248366013073 0.10294117647058823
0 0.14399509803921567 0.28370098039215685 0.054330065359477125 0.10110294117647059
0 0.05800653594771242 0.27956495098039214 0.11274509803921569 0.10876225490196079
0 0.8200571895424836 0.2617953431372549 0.1270424836601307 0.11121323529411764
0 0.6292892156862745 0.4050245098039216 0.05514705882352941 0.09436274509803921
0 0.6897467320261438 0.4255514705882353 0.05841503267973856 0.05392156862745098
0 0.7475490196078431 0.4244791666666667 0.05718954248366013 0.050551470588235295
0 0.9009395424836601 0.5416666666666666 0.11233660130718955 0.012867647058823529
0 0.8106617647058824 0.5182291666666666 0.05106209150326797 0.07935049019607843
0 0.7591911764705882 0.5176164215686274 0.0494281045751634 0.07628676470588236
0 0.6811683006535948 0.5162377450980392 0.1017156862745098 0.07720588235294118
0 0.5868055555555556 0.5173100490196079 0.08047385620915033 0.07199754901960784
0 0.5275735294117647 0.5125612745098039 0.028186274509803922 0.06801470588235294
0 0.4895833333333333 0.5150122549019608 0.046977124183006536 0.0704656862745098
0 0.13684640522875818 0.625 0.07352941176470588 0.0625
0 0.3668300653594771 0.5194546568627451 0.06045751633986928 0.0818014705882353
0 0.4256535947712418 0.5162377450980392 0.05228758169934641 0.07536764705882353
0 0.25796568627450983 0.5205269607843137 0.060866013071895424 0.07904411764705882
0 0.1909722222222222 0.5393688725490197 0.056781045751633986 0.05177696078431373
0 0.1294934640522876 0.5419730392156863 0.06290849673202614 0.04840686274509804
0 0.8075980392156863 0.36764705882352944 0.06045751633986928 0.04656862745098039
0 0.7469362745098039 0.3700980392156863 0.05923202614379085 0.04350490196078431
0 0.6893382352941176 0.3711703431372549 0.05759803921568627 0.046875
0 0.8658088235294118 0.42034313725490197 0.056781045751633986 0.05392156862745098
0 0.8073937908496732 0.4209558823529412 0.06004901960784314 0.056372549019607844
0 0.31209150326797386 0.5189950980392157 0.0457516339869281 0.08272058823529412
0 0.900531045751634 0.5254289215686274 0.10416666666666667 0.02022058823529412
