0 0.4899400684931507 0.5191105769230769 0.0389554794520548 0.05216346153846154
0 0.7919520547945206 0.8501201923076923 0.046232876712328765 0.06322115384615384
0 0.5380993150684932 0.5201923076923077 0.046232876712328765 0.013942307692307693
0 0.5913955479452054 0.5114182692307693 0.055222602739726026 0.014182692307692308
0 0.6164383561643836 0.48485576923076923 0.04280821917808219 0.03125
0 0.9815924657534246 0.8513221153846153 0.03767123287671233 0.06322115384615384
0 0.9398544520547946 0.8527644230769231 0.047517123287671235 0.0641826923076923
0 0.895333904109589 0.8506009615384615 0.0389554794520548 0.06658653846153846
0 0.841181506849315 0.8526442307692308 0.05051369863013699 0.06442307692307692
0 0.7412243150684932 0.8617788461538461 0.047517123287671235 0.041346153846153845
0 0.2245291095890411 0.8433894230769231 0.0389554794520548 0.07283653846153847
0 0.648972602739726 0.8394230769230769 0.030821917808219176 0.05913461538461538
0 0.6095890410958904 0.8544471153846154 0.045376712328767124 0.054086538461538464
0 0.5391695205479452 0.8740384615384615 0.08090753424657535 0.021153846153846155
0 0.5404537671232876 0.8532451923076924 0.08690068493150685 0.018990384615384614
0 0.5329623287671232 0.8165865384615385 0.0898972602739726 0.01875
0 0.444777397260274 0.8460336538461538 0.038527397260273974 0.06995192307692308
0 0.3921232876712329 0.8456730769230769 0.06678082191780822 0.07163461538461538
0 0.3232020547945205 0.8519230769230769 0.0488013698630137 0.058173076923076925
0 0.2664811643835616 0.8555288461538462 0.04238013698630137 0.05625
0 0.3803510273972603 0.5353365384615385 0.0783390410958904 0.02451923076923077
0 0.1723030821917808 0.8492788461538462 0.055222602739726026 0.06634615384615385
0 0.6964897260273972 0.8625 0.04195205479452055 0.04038461538461539
0 0.2953767123287671 0.5353365384615385 0.08732876712328767 0.023076923076923078
0 0.902611301369863 0.5046875 0.07148972602739725 0.018028846153846152
0 0.3874143835616438 0.5133413461538462 0.07962328767123288 0.020432692307692308
0 0.7315924657534246 0.5111778846153846 0.0410958904109589 0.04399038461538462
0 0.8125 0.5133413461538462 0.0625 0.045432692307692306
0 0.16930650684931506 0.8058894230769231 0.05351027397260274 0.01706730769230769
0 0.012628424657534247 0.5942307692307692 0.02440068493150685 0.051923076923076926
0 0.06720890410958905 0.5822115384615385 0.0410958904109589 0.04807692307692308
0 0.11451198630136987 0.5932692307692308 0.04666095890410959 0.0625
0 0.16309931506849315 0.5935096153846153 0.0410958904109589 0.06201923076923077
0 0.20804794520547945 0.5949519230769231 0.046232876712328765 0.06346153846153846
0 0.2459332191780822 0.5984375 0.03296232876712329 0.05456730769230769
0 0.2816780821917808 0.5967548076923077 0.03767123287671233 0.04975961538461538
0 0.3223458904109589 0.5980769230769231 0.038527397260273974 0.04807692307692308
0 0.2108304794520548 0.534375 0.0783390410958904 0.025
0 0.3668664383561644 0.5917067307692307 0.04280821917808219 0.05216346153846154
0 0.457833904109589 0.5947115384615385 0.055222602739726026 0.06057692307692308
0 0.5261130136986302 0.5905048076923077 0.04794520547945205 0.056971153846153845
0 0.5704195205479452 0.5819711538461538 0.03125 0.06490384615384616
0 0.6012414383561644 0.5873798076923077 0.030393835616438356 0.054086538461538464
0 0.6354880136986302 0.5949519230769231 0.03210616438356165 0.061057692307692306
0 0.6669520547945206 0.5989182692307692 0.0273972602739726 0.05360576923076923
0 0.6949914383561644 0.5953125 0.026113013698630137 0.054086538461538464
0 0.724529109589041 0.5907451923076923 0.03125 0.06274038461538461
0 0.7568493150684932 0.5875 0.02910958904109589 0.06875
0 0.8060787671232876 0.5935096153846153 0.04280821917808219 0.06442307692307692
0 0.8441780821917808 0.6049278846153846 0.025684931506849314 0.04350961538461538
0 0.4092465753424658 0.5924278846153846 0.04280821917808219 0.056490384615384616
0 0.11065924657534247 0.8461538461538461 0.05607876712328767 0.0798076923076923
0 0.9852311643835616 0.6917067307692307 0.03125 0.011778846153846154
0 0.9959332191780822 0.7507211538461539 0.012414383561643835 0.03461538461538462
0 0.3578767123287671 0.6793269230769231 0.02482876712328767 0.052884615384615384
0 0.2853167808219178 0.6543269230769231 0.04922945205479452 0.03461538461538462
0 0.4248715753424658 0.6748798076923077 0.05179794520547945 0.065625
0 0.479666095890411 0.674639423076923 0.054366438356164386 0.06754807692307692
0 0.5393835616438356 0.6625 0.05821917808219178 0.04855769230769231
0 0.599529109589041 0.6864182692307692 0.0449486301369863 0.01610576923076923
0 0.6675941780821918 0.6677884615384615 0.0740582191780822 0.013942307692307693
0 0.6663099315068494 0.6793269230769231 0.07577054794520548 0.009615384615384616
0 0.6641695205479452 0.6915865384615385 0.07148972602739725 0.013942307692307693
0 0.7465753424657534 0.6685096153846154 0.06678082191780822 0.012980769230769231
0 0.7461472602739726 0.6802884615384616 0.07191780821917808 0.011538461538461539
0 0.7448630136986302 0.6920673076923077 0.07191780821917808 0.0125
0 0.819777397260274 0.675 0.06592465753424658 0.04855769230769231
0 0.878638698630137 0.6751201923076923 0.04580479452054795 0.04591346153846154
0 0.9235873287671232 0.6530048076923077 0.05094178082191781 0.019471153846153846
0 0.9396404109589042 0.674639423076923 0.06506849315068493 0.019951923076923075
0 0.9342893835616438 0.6918269230769231 0.061215753424657536 0.009615384615384616
0 0.04601883561643835 0.2219951923076923 0.033818493150684935 0.06850961538461539
0 0.0802654109589041 0.22151442307692307 0.03125 0.06995192307692308
0 0.2622003424657534 0.23978365384615385 0.0920376712328767 0.018990384615384614
0 0.2604880136986301 0.2552884615384615 0.09888698630136987 0.010096153846153847
0 0.4349315068493151 0.22728365384615384 0.0410958904109589 0.07908653846153846
0 0.4892979452054795 0.2390625 0.06506849315068493 0.05024038461538462
0 0.3272688356164384 0.6841346153846154 0.034674657534246575 0.05144230769230769
0 0.23351883561643835 0.6658653846153846 0.0389554794520548 0.052403846153846155
0 0.18814212328767124 0.6771634615384615 0.04666095890410959 0.06009615384615385
0 0.0642123287671233 0.6883413461538461 0.039383561643835614 0.05504807692307692
0 0.9762414383561644 0.7518028846153846 0.023544520547945206 0.03341346153846154
0 0.9492722602739726 0.7524038461538461 0.026113013698630137 0.03317307692307692
0 0.9190924657534246 0.7520432692307693 0.019691780821917807 0.03293269230769231
0 0.8976883561643836 0.7509615384615385 0.021404109589041095 0.035096153846153846
0 0.8559503424657534 0.7515625 0.04922945205479452 0.03389423076923077
0 0.8189212328767124 0.7516826923076924 0.019691780821917807 0.03413461538461538
0 0.7842465753424658 0.7419471153846153 0.0488013698630137 0.053125
0 0.7420804794520548 0.7411057692307692 0.03125 0.052884615384615384
0 0.709332191780822 0.7413461538461539 0.036815068493150686 0.051923076923076926
0 0.6673801369863014 0.7393028846153846 0.04195205479452055 0.054086538461538464
0 0.599957191780822 0.7409855769230769 0.04580479452054795 0.04014423076923077
0 0.04708904109589041 0.8489182692307692 0.06763698630136987 0.0733173076923077
0 0.4803082191780822 0.753125 0.07363013698630137 0.026923076923076925
0 0.3362585616438356 0.7537259615384615 0.0663527397260274 0.025721153846153845
0 0.2613441780821918 0.7516826923076924 0.0723458904109589 0.023557692307692307
0 0.203125 0.7542067307692307 0.03638698630136986 0.026682692307692307
0 0.16523972602739725 0.7532451923076923 0.03595890410958904 0.025240384615384616
0 0.11258561643835617 0.7552884615384615 0.06934931506849315 0.021153846153846155
0 0.05843321917808219 0.7544471153846154 0.03210616438356165 0.028125
0 0.023758561643835618 0.755048076923077 0.033818493150684935 0.028846153846153848
0 0.9873715753424658 0.6649038461538461 0.02696917808219178 0.035576923076923075
0 0.9030393835616438 0.6002403846153846 0.027825342465753425 0.03894230769230769
0 0.965111301369863 0.6235576923076923 0.07148972602739725 0.015384615384615385
0 0.023972602739726026 0.6883413461538461 0.04366438356164384 0.05504807692307692
0 0.4068921232876712 0.7530048076923077 0.06806506849315068 0.025240384615384616
0 0.1840753424657534 0.3014423076923077 0.06078767123287671 0.03798076923076923
0 0.640625 0.5194711538461538 0.02868150684931507 0.0125
0 0.10209760273972603 0.3019230769230769 0.09289383561643835 0.03317307692307692
0 0.9107448630136986 0.44747596153846153 0.029537671232876712 0.018509615384615385
0 0.9563356164383562 0.4402644230769231 0.04452054794520548 0.031971153846153844
0 0.990154109589041 0.44146634615384617 0.023116438356164382 0.030528846153846153
0 0.8638698630136986 0.4237980769230769 0.02482876712328767 0.021634615384615384
0 0.8996147260273972 0.4231971153846154 0.029537671232876712 0.019471153846153846
0 0.056934931506849314 0.45108173076923075 0.09075342465753425 0.026201923076923078
0 0.12970890410958905 0.5326923076923077 0.08133561643835617 0.025961538461538463
0 0.15946061643835616 0.4598557692307692 0.09631849315068493 0.013461538461538462
0 0.2512842465753425 0.44903846153846155 0.06164383561643835 0.047115384615384615
0 0.3159246575342466 0.45 0.06592465753424658 0.03894230769230769
0 0.4034674657534247 0.45360576923076923 0.0800513698630137 0.036057692307692304
0 0.048159246575342464 0.5301682692307692 0.08261986301369863 0.029086538461538462
0 0.02868150684931507 0.3046875 0.05393835616438356 0.02860576923076923
0 0.9848030821917808 0.2405048076923077 0.030393835616438356 0.06466346153846154
0 0.9079623287671232 0.2388221153846154 0.03767123287671233 0.06322115384615384
0 0.6855736301369864 0.5111778846153846 0.047517123287671235 0.04591346153846154
0 0.868792808219178 0.23677884615384615 0.0389554794520548 0.06826923076923076
0 0.825556506849315 0.23954326923076924 0.041523972602739725 0.0641826923076923
0 0.7840325342465754 0.2388221153846154 0.0389554794520548 0.06466346153846154
0 0.739083904109589 0.23497596153846154 0.03809931506849315 0.065625
0 0.6875 0.23245192307692308 0.0684931506849315 0.07211538461538461
0 0.5485873287671232 0.24026442307692308 0.03210616438356165 0.05264423076923077
0 0.5834760273972602 0.23401442307692308 0.039383561643835614 0.06514423076923077
0 0.6164383561643836 0.23545673076923077 0.02482876712328767 0.06802884615384615
0 0.3035102739726027 0.5110576923076923 0.08561643835616438 0.02403846153846154
0 0.2183219178082192 0.5088942307692308 0.08476027397260275 0.02403846153846154
0 0.947345890410959 0.24002403846153847 0.04452054794520548 0.06466346153846154
0 0.8741438356164384 0.44771634615384615 0.036815068493150686 0.019471153846153846
0 0.1742294520547945 0.43677884615384616 0.06763698630136987 0.025
0 0.7669092465753424 0.42403846153846153 0.07577054794520548 0.06057692307692308
0 0.2786815068493151 0.29254807692307694 0.06678082191780822 0.014423076923076924
0 0.2679794520547945 0.30564903846153846 0.059075342465753425 0.010336538461538461
0 0.2568493150684932 0.3192307692307692 0.06592465753424658 0.0125
0 0.3441780821917808 0.30865384615384617 0.059931506849315065 0.046634615384615385
0 0.4030393835616438 0.3096153846153846 0.056934931506849314 0.04423076923076923
0 0.8296232876712328 0.44182692307692306 0.036815068493150686 0.025
0 0.5006421232876712 0.309375 0.03809931506849315 0.03701923076923077
0 0.5642123287671232 0.3389423076923077 0.06335616438356165 0.07211538461538461
0 0.625 0.33966346153846155 0.04280821917808219 0.06346153846153846
0 0.7065496575342466 0.33942307692307694 0.07148972602739725 0.07788461538461539
0 0.7778253424657534 0.35396634615384615 0.07106164383561644 0.045432692307692306
0 0.8503852739726028 0.35396634615384615 0.0740582191780822 0.04447115384615385
0 0.9195205479452054 0.35420673076923076 0.06506849315068493 0.042548076923076925
0 0.4582619863013699 0.30709134615384615 0.047517123287671235 0.04110576923076923
0 0.038527397260273974 0.38966346153846154 0.07448630136986302 0.025961538461538463
0 0.9775256849315068 0.34615384615384615 0.04666095890410959 0.06153846153846154
0 0.430222602739726 0.38545673076923076 0.0488013698630137 0.04495192307692308
0 0.4854452054794521 0.3875 0.05736301369863014 0.05096153846153846
0 0.5595034246575342 0.43233173076923076 0.04452054794520548 0.04350961538461538
0 0.3803510273972603 0.3856971153846154 0.05179794520547945 0.04447115384615385
0 0.615154109589041 0.42980769230769234 0.05821917808219178 0.046634615384615385
0 0.6917808219178082 0.425 0.07277397260273973 0.05913461538461538
0 0.23309075342465754 0.3893028846153846 0.05179794520547945 0.04495192307692308
0 0.18043664383561644 0.3881009615384615 0.05351027397260274 0.042548076923076925
0 0.1247859589041096 0.3881009615384615 0.05779109589041096 0.042548076923076925
0 0.1190068493150685 0.3566105769230769 0.0642123287671233 0.017548076923076923
0 0.3298373287671233 0.38317307692307695 0.0449486301369863 0.05048076923076923
