0 0.8717320261437909 0.5991115196078431 0.031862745098039214 0.04503676470588235
0 0.9185049019607843 0.5955882352941176 0.03880718954248366 0.061887254901960786
0 0.9828431372549019 0.594515931372549 0.03431372549019608 0.05606617647058824
0 0.21262254901960784 0.7202818627450981 0.026552287581699346 0.07659313725490197
0 0.6999591503267973 0.6211703431372549 0.05759803921568627 0.033394607843137254
0 0.1766748366013072 0.7215073529411765 0.03145424836601307 0.07536764705882353
0 0.7975898692810458 0.6159620098039216 0.03227124183006536 0.04013480392156863
0 0.7536764705882353 0.6168811274509803 0.04084967320261438 0.03829656862745098
0 0.8316993464052288 0.5966605392156863 0.02369281045751634 0.05177696078431373
0 0.6511437908496732 0.6067708333333334 0.035130718954248366 0.07567401960784313
0 0.4193218954248366 0.6119791666666666 0.0363562091503268 0.07077205882352941
0 0.579452614379085 0.6073835784313726 0.0298202614379085 0.06893382352941177
0 0.5269607843137255 0.5908394607843137 0.031862745098039214 0.0664828431372549
0 0.25612745098039214 0.6096813725490197 0.02696078431372549 0.07965686274509803
0 0.28982843137254904 0.6095281862745098 0.028186274509803922 0.07322303921568628
0 0.32822712418300654 0.6012561274509803 0.028186274509803922 0.07689950980392157
0 0.37683823529411764 0.6132046568627451 0.03308823529411765 0.06954656862745098
0 0.46017156862745096 0.6130514705882353 0.0363562091503268 0.07291666666666667
0 0.49468954248366015 0.5949754901960784 0.02369281045751634 0.0741421568627451
0 0.2465277777777778 0.7256433823529411 0.03308823529411765 0.060355392156862746
0 0.6123366013071896 0.5994178921568627 0.024509803921568627 0.06158088235294118
0 0.278390522875817 0.7198223039215687 0.025735294117647058 0.0701593137254902
0 0.2512254901960784 0.4872855392156863 0.03758169934640523 0.078125
0 0.35580065359477125 0.7158394607843137 0.04738562091503268 0.040747549019607844
0 0.2136437908496732 0.8673406862745098 0.028594771241830064 0.10049019607843138
0 0.2485702614379085 0.8653492647058824 0.027369281045751634 0.09099264705882353
0 0.28370098039215685 0.8592218137254902 0.030637254901960783 0.1014093137254902
0 0.31985294117647056 0.8592218137254902 0.02696078431372549 0.0940563725490196
0 0.34538398692810457 0.8439031862745098 0.016748366013071895 0.05177696078431373
0 0.37826797385620914 0.8560049019607843 0.026143790849673203 0.08394607843137254
0 0.4140114379084967 0.8532475490196079 0.0363562091503268 0.09068627450980392
0 0.17340686274509803 0.6239276960784313 0.06576797385620915 0.07567401960784313
0 0.9511846405228758 0.6862745098039216 0.03799019607843137 0.04718137254901961
0 0.9035947712418301 0.6896446078431373 0.04493464052287582 0.05392156862745098
0 0.8560049019607843 0.6910232843137255 0.046977124183006536 0.05667892156862745
0 0.8073937908496732 0.6904105392156863 0.0363562091503268 0.05974264705882353
0 0.7591911764705882 0.6922487745098039 0.042075163398692814 0.0628063725490196
0 0.7007761437908496 0.6925551470588235 0.03227124183006536 0.06709558823529412
0 0.6638071895424836 0.6948529411764706 0.03022875816993464 0.06985294117647059
0 0.6225490196078431 0.7103247549019608 0.04493464052287582 0.04503676470588235
0 0.5774101307189542 0.7003676470588235 0.0363562091503268 0.0704656862745098
0 0.5410539215686274 0.702359068627451 0.024918300653594773 0.06770833333333333
0 0.5120506535947712 0.7048100490196079 0.028186274509803922 0.07322303921568628
0 0.4681372549019608 0.7100183823529411 0.04738562091503268 0.06770833333333333
0 0.4178921568627451 0.7064950980392157 0.049019607843137254 0.0661764705882353
0 0.3118872549019608 0.7172181372549019 0.03145424836601307 0.0741421568627451
0 0.9750816993464052 0.5024509803921569 0.049836601307189546 0.06801470588235294
0 0.9405637254901961 0.2647058823529412 0.0625 0.07720588235294118
0 0.8623366013071896 0.5003063725490197 0.04411764705882353 0.07598039215686274
0 0.6045751633986928 0.8371629901960784 0.029411764705882353 0.08792892156862746
0 0.5763888888888888 0.8347120098039216 0.02369281045751634 0.09466911764705882
0 0.5433006535947712 0.8376225490196079 0.029411764705882353 0.09865196078431372
0 0.5102124183006536 0.8409926470588235 0.018790849673202614 0.09558823529411764
0 0.4795751633986928 0.8432904411764706 0.029411764705882353 0.09528186274509803
0 0.44750816993464054 0.8486519607843137 0.02165032679738562 0.09191176470588236
0 0.6372549019607843 0.8291973039215687 0.02287581699346405 0.09160539215686274
0 0.153390522875817 0.19071691176470587 0.07148692810457516 0.17432598039215685
0 0.2943218954248366 0.21752450980392157 0.06740196078431372 0.125
0 0.40808823529411764 0.22120098039215685 0.04493464052287582 0.1170343137254902
0 0.4609885620915033 0.2259497549019608 0.04861111111111111 0.11488970588235294
0 0.5269607843137255 0.22411151960784315 0.06781045751633986 0.13388480392156862
0 0.5878267973856209 0.22303921568627452 0.041666666666666664 0.13602941176470587
0 0.6284722222222222 0.22472426470588236 0.030637254901960783 0.13939950980392157
0 0.22242647058823528 0.19653799019607843 0.051879084967320264 0.15839460784313725
0 0.6701388888888888 0.8290441176470589 0.03799019607843137 0.08884803921568628
0 0.7091503267973857 0.8402267156862745 0.028594771241830064 0.05974264705882353
0 0.7483660130718954 0.8249080882352942 0.03594771241830065 0.078125
0 0.034722222222222224 0.7763480392156863 0.06944444444444445 0.11948529411764706
0 0.1053921568627451 0.6055453431372549 0.05228758169934641 0.09528186274509803
0 0.12050653594771242 0.7123161764705882 0.06699346405228758 0.08762254901960784
0 0.035130718954248366 0.6651348039215687 0.07026143790849673 0.0545343137254902
0 0.037377450980392156 0.59375 0.07475490196078431 0.061274509803921566
0 0.03676470588235294 0.5173100490196079 0.07352941176470588 0.06525735294117647
0 0.10130718954248366 0.5209865196078431 0.049019607843137254 0.06525735294117647
0 0.046977124183006536 0.42049632352941174 0.09395424836601307 0.1246936274509804
0 0.0974264705882353 0.2847732843137255 0.056781045751633986 0.07506127450980392
0 0.08251633986928104 0.1799938725490196 0.06781045751633986 0.06893382352941177
0 0.9705882352941176 0.7899816176470589 0.0457516339869281 0.10876225490196079
0 0.9158496732026143 0.7910539215686274 0.04330065359477124 0.11151960784313726
0 0.8594771241830066 0.7964154411764706 0.04330065359477124 0.10263480392156862
0 0.8180147058823529 0.8011642156862745 0.026552287581699346 0.11397058823529412
0 0.7865604575163399 0.8209252450980392 0.030637254901960783 0.07873774509803921
0 0.6683006535947712 0.22533700980392157 0.028594771241830064 0.13572303921568626
0 0.9142156862745098 0.5128676470588235 0.05555555555555555 0.05269607843137255
0 0.7238562091503268 0.2259497549019608 0.04820261437908497 0.14552696078431374
0 0.8517156862745098 0.2689950980392157 0.017973856209150325 0.058823529411764705
0 0.21548202614379086 0.4875919117647059 0.027369281045751634 0.07873774509803921
0 0.2951388888888889 0.49234068627450983 0.03308823529411765 0.07659313725490197
0 0.33231209150326796 0.49371936274509803 0.03145424836601307 0.07567401960784313
0 0.3684640522875817 0.49234068627450983 0.03676470588235294 0.08026960784313726
0 0.40625 0.49019607843137253 0.030637254901960783 0.07598039215686274
0 0.5181781045751634 0.4973958333333333 0.024918300653594773 0.06770833333333333
0 0.17197712418300654 0.4875919117647059 0.03758169934640523 0.08241421568627451
0 0.551062091503268 0.4964767156862745 0.029411764705882353 0.06464460784313726
0 0.6151960784313726 0.4966299019607843 0.03022875816993464 0.06801470588235294
0 0.6425653594771242 0.4961703431372549 0.02369281045751634 0.06525735294117647
0 0.6781045751633987 0.49494485294117646 0.03839869281045752 0.06770833333333333
0 0.7371323529411765 0.5006127450980392 0.03880718954248366 0.05514705882352941
0 0.772671568627451 0.4918811274509804 0.028186274509803922 0.0701593137254902
0 0.8141339869281046 0.5062806372549019 0.04493464052287582 0.06219362745098039
0 0.5819035947712419 0.49525122549019607 0.024918300653594773 0.06709558823529412
0 0.7975898692810458 0.24433210784313725 0.07312091503267974 0.1014093137254902
0 0.8014705882352942 0.37974877450980393 0.029411764705882353 0.09283088235294118
0 0.860498366013072 0.38036151960784315 0.08129084967320262 0.0860906862745098
0 0.8809232026143791 0.2699142156862745 0.0298202614379085 0.05392156862745098
0 0.17626633986928106 0.8690257352941176 0.03553921568627451 0.09834558823529412
0 0.988562091503268 0.24708946078431374 0.025326797385620915 0.10324754901960784
0 0.18382352941176472 0.3791360294117647 0.0457516339869281 0.07996323529411764
0 0.2267156862745098 0.3802083333333333 0.03431372549019608 0.07475490196078431
0 0.2659313725490196 0.38005514705882354 0.03104575163398693 0.078125
0 0.960171568627451 0.3783700980392157 0.08129084967320262 0.0821078431372549
0 0.3090277777777778 0.3818933823529412 0.030637254901960783 0.07506127450980392
0 0.4187091503267974 0.3860294117647059 0.04084967320261438 0.06678921568627451
0 0.4609885620915033 0.38357843137254904 0.03308823529411765 0.08517156862745098
0 0.4985702614379085 0.3821997549019608 0.0363562091503268 0.07873774509803921
0 0.5316584967320261 0.3949142156862745 0.020833333333333332 0.06556372549019608
0 0.5686274509803921 0.3831188725490196 0.042483660130718956 0.07751225490196079
0 0.6178513071895425 0.3867953431372549 0.05024509803921569 0.06832107843137254
0 0.7201797385620915 0.37346813725490197 0.12254901960784313 0.10355392156862746
0 0.3707107843137255 0.3861825980392157 0.04125816993464052 0.07138480392156862
0 0.9861111111111112 0.6786151960784313 0.026143790849673203 0.056372549019607844
