0 0.9579248366013072 0.3821997549019608 0.021241830065359478 0.02420343137254902
0 0.9618055555555556 0.35140931372549017 0.017565359477124183 0.028186274509803922
0 0.9415849673202614 0.3541666666666667 0.02042483660130719 0.025122549019607844
0 0.917687908496732 0.3561580882352941 0.01919934640522876 0.02542892156862745
0 0.8946078431372549 0.35983455882352944 0.02042483660130719 0.030330882352941176
0 0.8686683006535948 0.36090686274509803 0.02246732026143791 0.027573529411764705
0 0.8412990196078431 0.36504289215686275 0.02246732026143791 0.0272671568627451
0 0.954248366013072 0.4106924019607843 0.0196078431372549 0.0272671568627451
0 0.9199346405228758 0.41390931372549017 0.011437908496732025 0.024509803921568627
0 0.920751633986928 0.3861825980392157 0.013071895424836602 0.026041666666666668
0 0.792687908496732 0.4021139705882353 0.015931372549019607 0.024816176470588234
0 0.8118872549019608 0.39920343137254904 0.015931372549019607 0.025735294117647058
0 0.8331290849673203 0.3958333333333333 0.01511437908496732 0.025735294117647058
0 0.8521241830065359 0.3944546568627451 0.017973856209150325 0.024816176470588234
0 0.7910539215686274 0.4336703431372549 0.01838235294117647 0.03155637254901961
0 0.8104575163398693 0.43183210784313725 0.013071895424836602 0.03216911764705882
0 0.8316993464052288 0.42493872549019607 0.017973856209150325 0.025122549019607844
0 0.8586601307189542 0.42233455882352944 0.0196078431372549 0.021752450980392156
0 0.9383169934640523 0.38388480392156865 0.010620915032679739 0.025735294117647058
0 0.7685866013071896 0.42110906862745096 0.01919934640522876 0.05422794117647059
0 0.9793709150326797 0.4966299019607843 0.04370915032679738 0.02696078431372549
0 0.9368872549019608 0.47012867647058826 0.03145424836601307 0.030330882352941176
0 0.8698937908496732 0.3912377450980392 0.015931372549019607 0.025122549019607844
0 0.9054330065359477 0.4180453431372549 0.01184640522875817 0.02665441176470588
0 0.8897058823529411 0.42080269607843135 0.017973856209150325 0.0272671568627451
0 0.9060457516339869 0.38848039215686275 0.013071895424836602 0.026348039215686275
0 0.8901143790849673 0.39077818627450983 0.013071895424836602 0.02849264705882353
0 0.9360702614379085 0.41544117647058826 0.01511437908496732 0.03002450980392157
0 0.9787581699346405 0.4647671568627451 0.04493464052287582 0.028799019607843136
0 0.9342320261437909 0.5035232843137255 0.03431372549019608 0.03216911764705882
0 0.06801470588235294 0.9079350490196079 0.09272875816993464 0.05422794117647059
0 0.8739787581699346 0.5193014705882353 0.0763888888888889 0.041666666666666664
0 0.06842320261437909 0.2763480392156863 0.0298202614379085 0.012867647058823529
0 0.10661764705882353 0.27420343137254904 0.03022875816993464 0.015318627450980392
0 0.10294117647058823 0.24693627450980393 0.03431372549019608 0.025735294117647058
0 0.06495098039215687 0.24923406862745098 0.03676470588235294 0.02849264705882353
0 0.028594771241830064 0.24586397058823528 0.03104575163398693 0.026041666666666668
0 0.1431781045751634 0.33455882352941174 0.04534313725490196 0.10784313725490197
0 0.09068627450980392 0.33900122549019607 0.04820261437908497 0.10998774509803921
0 0.04125816993464052 0.34267769607843135 0.041666666666666664 0.1130514705882353
0 0.19914215686274508 0.32950367647058826 0.04534313725490196 0.11121323529411764
0 0.2455065359477124 0.33011642156862747 0.04003267973856209 0.10814950980392157
0 0.28656045751633985 0.3330269607843137 0.03227124183006536 0.10232843137254902
0 0.9252450980392157 0.5736825980392157 0.0718954248366013 0.04381127450980392
0 0.9129901960784313 0.6430759803921569 0.07598039215686274 0.0508578431372549
0 0.8216911764705882 0.5911458333333334 0.08537581699346405 0.04013480392156863
0 0.8204656862745098 0.6308210784313726 0.08374183006535947 0.03615196078431373
0 0.8245506535947712 0.672640931372549 0.0886437908496732 0.040747549019607844
0 0.7379493464052288 0.6202512254901961 0.07148692810457516 0.03462009803921569
0 0.7369281045751634 0.6565563725490197 0.06944444444444445 0.03370098039215686
0 0.7359068627450981 0.6939338235294118 0.06740196078431372 0.03431372549019608
0 0.034109477124183 0.2746629901960784 0.027369281045751634 0.011948529411764705
0 0.7448937908496732 0.4244791666666667 0.02165032679738562 0.06341911764705882
0 0.7230392156862745 0.43045343137254904 0.0196078431372549 0.049019607843137254
0 0.6809640522875817 0.45986519607843135 0.056372549019607844 0.06862745098039216
0 0.7075163398692811 0.2544424019607843 0.059640522875817 0.07996323529411764
0 0.7361111111111112 0.14675245098039216 0.03022875816993464 0.12806372549019607
0 0.7724673202614379 0.15042892156862744 0.03594771241830065 0.13541666666666666
0 0.8462009803921569 0.1557904411764706 0.046977124183006536 0.11795343137254902
0 0.8890931372549019 0.1560968137254902 0.03145424836601307 0.11611519607843138
0 0.922998366013072 0.15824142156862744 0.03227124183006536 0.11611519607843138
0 0.9622140522875817 0.1568627450980392 0.03227124183006536 0.10723039215686274
0 0.9873366013071896 0.2760416666666667 0.024509803921568627 0.08639705882352941
0 0.9581290849673203 0.2775735294117647 0.023284313725490197 0.08762254901960784
0 0.05065359477124183 0.7896752450980392 0.08415032679738563 0.057904411764705885
0 0.9240196078431373 0.28232230392156865 0.026143790849673203 0.09895833333333333
0 0.8400735294117647 0.28599877450980393 0.02900326797385621 0.11060049019607843
0 0.8686683006535948 0.2815563725490196 0.01919934640522876 0.10416666666666667
0 0.7083333333333334 0.5153186274509803 0.04738562091503268 0.03370098039215686
0 0.8737745098039216 0.4777879901960784 0.07924836601307189 0.035845588235294115
0 0.7099673202614379 0.5533088235294118 0.041666666666666664 0.03799019607843137
0 0.6658496732026143 0.5602022058823529 0.03758169934640523 0.0389093137254902
0 0.9879493464052288 0.4010416666666667 0.017565359477124183 0.029411764705882353
0 0.8131127450980392 0.36642156862745096 0.015931372549019607 0.03431372549019608
0 0.7906454248366013 0.3678002450980392 0.017565359477124183 0.0389093137254902
0 0.8937908496732027 0.28125 0.028594771241830064 0.09926470588235294
0 0.7877859477124183 0.28599877450980393 0.03799019607843137 0.10263480392156862
0 0.6431781045751634 0.2931985294117647 0.04861111111111111 0.10784313725490197
0 0.3488562091503268 0.24586397058823528 0.03022875816993464 0.017463235294117647
0 0.4769199346405229 0.7256433823529411 0.04861111111111111 0.036458333333333336
0 0.5302287581699346 0.7078737745098039 0.041666666666666664 0.03829656862745098
0 0.5812908496732027 0.7017463235294118 0.042483660130718956 0.03216911764705882
0 0.6329656862745098 0.6875 0.04125816993464052 0.032475490196078434
0 0.6774918300653595 0.6735600490196079 0.034722222222222224 0.03278186274509804
0 0.6779003267973857 0.6352634803921569 0.04125816993464052 0.0389093137254902
0 0.6358251633986928 0.6473651960784313 0.03553921568627451 0.04350490196078431
0 0.5868055555555556 0.6611519607843137 0.044526143790849675 0.0428921568627451
0 0.5316584967320261 0.6686580882352942 0.05024509803921569 0.03400735294117647
0 0.4209558823529412 0.7421875 0.046977124183006536 0.03707107843137255
0 0.47937091503267976 0.6853553921568627 0.05024509803921569 0.03676470588235294
0 0.3627450980392157 0.8063725490196079 0.05800653594771242 0.04350490196078431
0 0.36233660130718953 0.7596507352941176 0.06045751633986928 0.03952205882352941
0 0.2979983660130719 0.8275122549019608 0.06495098039215687 0.042279411764705885
0 0.2916666666666667 0.7806372549019608 0.06944444444444445 0.042279411764705885
0 0.22589869281045752 0.8484987745098039 0.0661764705882353 0.05177696078431373
0 0.21915849673202614 0.7974877450980392 0.06985294117647059 0.04534313725490196
0 0.15318627450980393 0.8727022058823529 0.07107843137254902 0.048100490196078434
0 0.14705882352941177 0.8232230392156863 0.07352941176470588 0.04044117647058824
0 0.13684640522875818 0.7728247549019608 0.07598039215686274 0.050551470588235295
0 0.4187091503267974 0.6968443627450981 0.05718954248366013 0.03768382352941176
0 0.6966911764705882 0.14384191176470587 0.03553921568627451 0.12898284313725492
0 0.42769607843137253 0.7863051470588235 0.051470588235294115 0.04503676470588235
0 0.5351307189542484 0.7496936274509803 0.049019607843137254 0.04350490196078431
0 0.37949346405228757 0.24785539215686275 0.024509803921568627 0.023284313725490197
0 0.40951797385620914 0.24754901960784315 0.024101307189542485 0.02267156862745098
0 0.4426062091503268 0.24831495098039216 0.023284313725490197 0.02665441176470588
0 0.465890522875817 0.24708946078431374 0.017565359477124183 0.01991421568627451
0 0.49203431372549017 0.2426470588235294 0.020833333333333332 0.0196078431372549
0 0.49019607843137253 0.26868872549019607 0.0196078431372549 0.010416666666666666
0 0.34844771241830064 0.27205882352941174 0.02696078431372549 0.015318627450980392
0 0.37826797385620914 0.27144607843137253 0.022058823529411766 0.015931372549019607
0 0.403390522875817 0.2711397058823529 0.023284313725490197 0.013480392156862746
0 0.4824346405228758 0.7694546568627451 0.05392156862745098 0.0352328431372549
0 0.44505718954248363 0.2693014705882353 0.023284313725490197 0.012867647058823529
0 0.37479575163398693 0.3235294117647059 0.027369281045751634 0.08149509803921569
0 0.4050245098039216 0.3212316176470588 0.02246732026143791 0.078125
0 0.4293300653594771 0.32107843137254904 0.018790849673202614 0.08272058823529412
0 0.4591503267973856 0.31832107843137253 0.022058823529411766 0.08149509803921569
0 0.48876633986928103 0.3164828431372549 0.02246732026143791 0.07598039215686274
0 0.5155228758169934 0.3163296568627451 0.021241830065359478 0.07996323529411764
0 0.6793300653594772 0.7112438725490197 0.04003267973856209 0.033394607843137254
0 0.6341911764705882 0.7251838235294118 0.046977124183006536 0.03125
0 0.5857843137254902 0.7356004901960784 0.0457516339869281 0.028186274509803922
0 0.46772875816993464 0.26838235294117646 0.018790849673202614 0.012254901960784314
0 0.6523692810457516 0.14583333333333334 0.041666666666666664 0.13909313725490197
0 0.5377859477124183 0.46675857843137253 0.04861111111111111 0.0389093137254902
0 0.04636437908496732 0.6859681372549019 0.08782679738562091 0.05330882352941176
0 0.40175653594771243 0.13710171568627452 0.0494281045751634 0.16084558823529413
0 0.34272875816993464 0.1329656862745098 0.05555555555555555 0.1636029411764706
0 0.2761437908496732 0.12852328431372548 0.06209150326797386 0.16574754901960784
0 0.2028186274509804 0.602328431372549 0.0763888888888889 0.0508578431372549
0 0.27798202614379086 0.5948223039215687 0.068218954248366 0.05361519607843137
0 0.28104575163398693 0.6447610294117647 0.06862745098039216 0.04442401960784314
0 0.20894607843137256 0.6597732843137255 0.06985294117647059 0.04871323529411765
0 0.3459967320261438 0.6230085784313726 0.059640522875817 0.03829656862745098
0 0.4097222222222222 0.6139705882352942 0.056372549019607844 0.041666666666666664
0 0.4673202614379085 0.6058517156862745 0.05555555555555555 0.040747549019607844
0 0.5243055555555556 0.5932904411764706 0.053513071895424834 0.04197303921568627
0 0.46282679738562094 0.5589767156862745 0.061274509803921566 0.047487745098039214
0 0.5216503267973857 0.5490196078431373 0.05065359477124183 0.03799019607843137
0 0.5718954248366013 0.5393688725490197 0.04411764705882353 0.03829656862745098
0 0.20302287581699346 0.12009803921568628 0.0661764705882353 0.1795343137254902
0 0.12540849673202614 0.11657475490196079 0.07107843137254902 0.18106617647058823
0 0.049223856209150325 0.11642156862745098 0.0690359477124183 0.1868872549019608
0 0.6638071895424836 0.5211397058823529 0.0392156862745098 0.034926470588235295
0 0.5749591503267973 0.5807291666666666 0.044526143790849675 0.036458333333333336
0 0.6217320261437909 0.5715379901960784 0.042483660130718956 0.0352328431372549
0 0.5122549019607843 0.13893995098039216 0.04656862745098039 0.14920343137254902
0 0.45935457516339867 0.13832720588235295 0.05106209150326797 0.15716911764705882
0 0.6102941176470589 0.14491421568627452 0.03676470588235294 0.14399509803921567
0 0.7837009803921569 0.5364583333333334 0.09354575163398693 0.04105392156862745
0 0.0755718954248366 0.5367647058823529 0.08169934640522876 0.05269607843137255
0 0.14910130718954248 0.46875 0.08333333333333333 0.04718137254901961
0 0.22916666666666666 0.45909926470588236 0.06944444444444445 0.045649509803921566
0 0.23366013071895425 0.5113357843137255 0.0727124183006536 0.04779411764705882
0 0.15522875816993464 0.5246629901960784 0.07516339869281045 0.05667892156862745
0 0.2971813725490196 0.4508272058823529 0.051879084967320264 0.057291666666666664
0 0.3037173202614379 0.5012254901960784 0.0559640522875817 0.03860294117647059
0 0.36213235294117646 0.4401041666666667 0.056781045751633986 0.04442401960784314
0 0.5635212418300654 0.14139093137254902 0.044526143790849675 0.1479779411764706
0 0.4215686274509804 0.43596813725490197 0.059640522875817 0.0428921568627451
0 0.36233660130718953 0.49034926470588236 0.06045751633986928 0.04932598039215686
0 0.5375816993464052 0.4227941176470588 0.05392156862745098 0.03799019607843137
0 0.5931372549019608 0.46078431372549017 0.051470588235294115 0.042279411764705885
0 0.4818218954248366 0.4293811274509804 0.05514705882352941 0.04258578431372549
0 0.4838643790849673 0.4759497549019608 0.056781045751633986 0.04442401960784314
0 0.06209150326797386 0.8492647058823529 0.08905228758169935 0.0545343137254902
0 0.04125816993464052 0.6325061274509803 0.07924836601307189 0.046262254901960786
0 0.12214052287581699 0.6240808823529411 0.07598039215686274 0.044730392156862746
0 0.1337826797385621 0.6732536764705882 0.07883986928104575 0.043198529411764705
0 0.42687908496732024 0.48422181372549017 0.05310457516339869 0.04993872549019608
0 0.6207107843137255 0.5323223039215687 0.0428921568627451 0.03768382352941176
