0 0.5342948717948718 0.3140625 0.04807692307692308 0.023317307692307693
0 0.5846153846153846 0.31622596153846155 0.047435897435897434 0.023317307692307693
0 0.6326923076923077 0.3186298076923077 0.04551282051282051 0.023317307692307693
0 0.7796474358974359 0.32403846153846155 0.03942307692307692 0.022596153846153846
0 0.7306089743589743 0.3200721153846154 0.04262820512820513 0.023798076923076922
0 0.9041666666666667 0.3308894230769231 0.035897435897435895 0.018509615384615385
0 0.8637820512820513 0.3264423076923077 0.03717948717948718 0.022596153846153846
0 0.8229166666666666 0.3251201923076923 0.0375 0.02235576923076923
0 0.6823717948717949 0.3188701923076923 0.047435897435897434 0.023317307692307693
0 0.9447115384615384 0.33185096153846155 0.038141025641025644 0.018990384615384614
0 0.4328525641025641 0.5772836538461539 0.047115384615384615 0.024278846153846154
0 0.3786858974358974 0.27896634615384613 0.049679487179487176 0.02716346153846154
0 0.32532051282051283 0.2778846153846154 0.0532051282051282 0.025
0 0.3298076923076923 0.5759615384615384 0.046794871794871795 0.02403846153846154
0 0.3817307692307692 0.5768028846153846 0.052564102564102565 0.026682692307692307
0 0.9852564102564103 0.33076923076923076 0.03076923076923077 0.01875
0 0.4740384615384615 0.5453125 0.028846153846153848 0.01706730769230769
0 0.5059294871794872 0.5459134615384615 0.032371794871794875 0.01730769230769231
0 0.5400641025641025 0.5454326923076923 0.03141025641025641 0.01971153846153846
0 0.5764423076923076 0.5455528846153846 0.0342948717948718 0.020432692307692308
0 0.6209935897435898 0.5532451923076923 0.04775641025641025 0.028125
0 0.6753205128205129 0.5552884615384616 0.058333333333333334 0.022115384615384617
0 0.7873397435897436 0.15901442307692307 0.02980769230769231 0.031490384615384615
0 0.42932692307692305 0.28329326923076925 0.049679487179487176 0.023317307692307693
0 0.02435897435897436 0.32415865384615383 0.032692307692307694 0.018028846153846152
0 0.6514423076923077 0.20733173076923078 0.0483974358974359 0.026201923076923078
0 0.08301282051282051 0.3340144230769231 0.026923076923076925 0.023317307692307693
0 0.10560897435897436 0.17920673076923077 0.05352564102564102 0.029086538461538462
0 0.04423076923076923 0.17451923076923076 0.05576923076923077 0.026923076923076925
0 0.9863782051282052 0.17103365384615385 0.0266025641025641 0.03245192307692308
0 0.958974358974359 0.16826923076923078 0.028846153846153848 0.03317307692307692
0 0.7469551282051282 0.1594951923076923 0.047115384615384615 0.024759615384615383
0 0.9302884615384616 0.16670673076923076 0.027884615384615386 0.031490384615384615
0 0.9020833333333333 0.16598557692307692 0.02532051282051282 0.03341346153846154
0 0.8733974358974359 0.16454326923076923 0.025 0.031009615384615385
0 0.846474358974359 0.16201923076923078 0.027564102564102563 0.032692307692307694
0 0.8181089743589743 0.16117788461538463 0.027884615384615386 0.030528846153846153
0 0.28509615384615383 0.4668269230769231 0.03621794871794872 0.023557692307692307
0 0.23733974358974358 0.4643028846153846 0.0483974358974359 0.023798076923076922
0 0.19054487179487178 0.46153846153846156 0.04006410256410257 0.022596153846153846
0 0.1641025641025641 0.18245192307692307 0.05641025641025641 0.025961538461538463
0 0.22852564102564102 0.18653846153846154 0.05576923076923077 0.029326923076923077
0 0.2849358974358974 0.18954326923076922 0.05512820512820513 0.023798076923076922
0 0.3424679487179487 0.19483173076923077 0.049679487179487176 0.02956730769230769
0 0.39471153846153845 0.19783653846153845 0.05032051282051282 0.025961538461538463
0 0.44711538461538464 0.19819711538461537 0.05384615384615385 0.026682692307692307
0 0.5011217948717949 0.20228365384615385 0.05096153846153846 0.024278846153846154
0 0.5509615384615385 0.20444711538461538 0.046794871794871795 0.02956730769230769
0 0.6012820512820513 0.20600961538461537 0.04935897435897436 0.026442307692307692
0 0.5711538461538461 0.4951923076923077 0.03012820512820513 0.019230769230769232
0 0.32756410256410257 0.4480769230769231 0.035897435897435895 0.021634615384615384
0 0.36907051282051284 0.4503605769230769 0.04326923076923077 0.023317307692307693
0 0.4083333333333333 0.4514423076923077 0.03333333333333333 0.023557692307692307
0 0.11201923076923077 0.3350961538461538 0.027884615384615386 0.021634615384615384
0 0.055288461538461536 0.32548076923076924 0.02532051282051282 0.01826923076923077
0 0.6988782051282051 0.15889423076923076 0.04519230769230769 0.026442307692307692
0 0.8326923076923077 0.11826923076923077 0.03205128205128205 0.023076923076923078
0 0.6044871794871794 0.15384615384615385 0.046153846153846156 0.02403846153846154
0 0.13926282051282052 0.4108173076923077 0.038141025641025644 0.02548076923076923
0 0.17932692307692308 0.4098557692307692 0.03621794871794872 0.02403846153846154
0 0.022275641025641026 0.43377403846153845 0.03493589743589744 0.026201923076923078
0 0.05881410256410256 0.43377403846153845 0.032371794871794875 0.023317307692307693
0 0.09487179487179487 0.4338942307692308 0.03461538461538462 0.02403846153846154
0 0.14086538461538461 0.4383413461538462 0.05096153846153846 0.023798076923076922
0 0.19150641025641027 0.43930288461538464 0.0483974358974359 0.020913461538461537
0 0.23990384615384616 0.43810096153846156 0.04391025641025641 0.020913461538461537
0 0.48333333333333334 0.3108173076923077 0.047435897435897434 0.02451923076923077
0 0.10096153846153846 0.40973557692307694 0.03141025641025641 0.024278846153846154
0 0.28381410256410255 0.43966346153846153 0.04006410256410257 0.019230769230769232
0 0.6253205128205128 0.4221153846153846 0.03397435897435897 0.03028846153846154
0 0.5875 0.42199519230769234 0.03461538461538462 0.031009615384615385
0 0.6253205128205128 0.39831730769230766 0.03397435897435897 0.013942307692307693
0 0.5887820512820513 0.39879807692307695 0.03076923076923077 0.013461538461538462
0 0.5461538461538461 0.42620192307692306 0.04038461538461539 0.020673076923076922
0 0.5025641025641026 0.42536057692307694 0.041666666666666664 0.018990384615384614
0 0.472275641025641 0.42584134615384617 0.015705128205128205 0.017548076923076923
0 0.5451923076923076 0.4033653846153846 0.04487179487179487 0.022596153846153846
0 0.5009615384615385 0.403125 0.041666666666666664 0.023076923076923078
0 0.6697115384615384 0.4046875 0.047115384615384615 0.018028846153846152
0 0.47115384615384615 0.40276442307692306 0.013461538461538462 0.025721153846153845
0 0.07115384615384615 0.409375 0.02564102564102564 0.025
0 0.015064102564102564 0.409375 0.026923076923076925 0.020192307692307693
0 0.7221153846153846 0.4247596153846154 0.02564102564102564 0.012980769230769231
0 0.7488782051282051 0.42572115384615383 0.022115384615384617 0.014903846153846155
0 0.8008012820512821 0.4115384615384615 0.03108974358974359 0.01971153846153846
0 0.8347756410256411 0.41177884615384613 0.02980769230769231 0.020192307692307693
0 0.865224358974359 0.4155048076923077 0.027243589743589744 0.018028846153846152
0 0.9040064102564103 0.41165865384615385 0.04519230769230769 0.018028846153846152
0 0.951602564102564 0.4138221153846154 0.04230769230769231 0.01706730769230769
0 0.7692307692307693 0.4094951923076923 0.023717948717948717 0.015625
0 0.746474358974359 0.40889423076923076 0.020512820512820513 0.013942307692307693
0 0.04375 0.409375 0.02403846153846154 0.020192307692307693
0 0.7209935897435897 0.409375 0.0266025641025641 0.017788461538461538
0 0.7746794871794872 0.4266826923076923 0.02435897435897436 0.014423076923076924
0 0.8024038461538462 0.4338942307692308 0.027884615384615386 0.021634615384615384
0 0.8328525641025641 0.4359375 0.029166666666666667 0.02139423076923077
0 0.8626602564102565 0.4349759615384615 0.02532051282051282 0.020913461538461537
0 0.9046474358974359 0.4338942307692308 0.046474358974358976 0.021634615384615384
0 0.9511217948717948 0.4359375 0.04455128205128205 0.02139423076923077
0 0.7203525641025641 0.4362980769230769 0.022115384615384617 0.007692307692307693
0 0.7474358974358974 0.43701923076923077 0.022435897435897436 0.006730769230769231
0 0.7737179487179487 0.4388221153846154 0.02435897435897436 0.008413461538461538
0 0.6708333333333333 0.42560096153846155 0.04487179487179487 0.024278846153846154
0 0.9551282051282052 0.27103365384615385 0.03974358974358974 0.021875
0 0.9121794871794872 0.26875 0.0391025641025641 0.020673076923076922
0 0.8735576923076923 0.26742788461538464 0.0375 0.019471153846153846
0 0.5057692307692307 0.49423076923076925 0.028846153846153848 0.016346153846153847
0 0.5376602564102564 0.4953125 0.02980769230769231 0.018990384615384614
0 0.6088141025641025 0.10588942307692308 0.04519230769230769 0.025240384615384616
0 0.6559294871794872 0.10757211538461539 0.04775641025641025 0.028125
0 0.7027243589743589 0.11153846153846154 0.0375 0.023557692307692307
0 0.749198717948718 0.11310096153846154 0.0516025641025641 0.02716346153846154
0 0.7959935897435897 0.11670673076923077 0.0375 0.02235576923076923
0 0.8705128205128205 0.12115384615384615 0.041025641025641026 0.020673076923076922
0 0.9128205128205128 0.12223557692307692 0.03717948717948718 0.024278846153846154
0 0.4733974358974359 0.4936298076923077 0.03076923076923077 0.018028846153846152
0 0.9530448717948717 0.12463942307692308 0.035576923076923075 0.021875
0 0.12307692307692308 0.12463942307692308 0.0532051282051282 0.026682692307692307
0 0.18701923076923077 0.13004807692307693 0.05480769230769231 0.02548076923076923
0 0.24775641025641026 0.13257211538461539 0.0532051282051282 0.025721153846153845
0 0.3006410256410256 0.13509615384615384 0.04551282051282051 0.025961538461538463
0 0.35144230769230766 0.1388221153846154 0.04903846153846154 0.02860576923076923
0 0.40400641025641026 0.14350961538461537 0.049679487179487176 0.023557692307692307
0 0.45705128205128204 0.1466346153846154 0.04551282051282051 0.02548076923076923
0 0.5054487179487179 0.1483173076923077 0.047435897435897434 0.023076923076923078
0 0.5556089743589744 0.15096153846153845 0.046474358974358976 0.026923076923076925
0 0.9876602564102565 0.12776442307692307 0.025961538461538463 0.023317307692307693
0 0.4326923076923077 0.5204326923076923 0.05 0.01971153846153846
0 0.38269230769230766 0.51875 0.04487179487179487 0.019230769230769232
0 0.33365384615384613 0.5198317307692307 0.04487179487179487 0.018509615384615385
0 0.8338141025641026 0.2671875 0.0375 0.019951923076923075
0 0.7932692307692307 0.26334134615384613 0.038461538461538464 0.021875
0 0.9504807692307692 0.2508413461538462 0.04006410256410257 0.01610576923076923
0 0.9110576923076923 0.25 0.03621794871794872 0.016826923076923076
0 0.872275641025641 0.24723557692307693 0.03493589743589744 0.015625
0 0.8320512820512821 0.2467548076923077 0.04038461538461539 0.01610576923076923
0 0.791025641025641 0.24350961538461538 0.03717948717948718 0.015384615384615385
0 0.7471153846153846 0.2606971153846154 0.04423076923076923 0.026201923076923078
0 0.6987179487179487 0.26021634615384615 0.04487179487179487 0.027644230769230768
0 0.6501602564102564 0.25745192307692305 0.04903846153846154 0.02548076923076923
0 0.6 0.2567307692307692 0.04358974358974359 0.03028846153846154
0 0.03878205128205128 0.2645432692307692 0.05512820512820513 0.029086538461538462
0 0.0983974358974359 0.2683894230769231 0.057692307692307696 0.02235576923076923
0 0.15849358974358974 0.27127403846153847 0.05608974358974359 0.025721153846153845
0 0.21650641025641026 0.2753605769230769 0.05416666666666667 0.025240384615384616
0 0.02467948717948718 0.45913461538461536 0.03333333333333333 0.025
0 0.05961538461538462 0.4597355769230769 0.03397435897435897 0.026201923076923078
0 0.09695512820512821 0.4597355769230769 0.033012820512820513 0.026201923076923078
0 0.14198717948717948 0.46165865384615384 0.046794871794871795 0.02235576923076923
0 0.2705128205128205 0.2742788461538462 0.04807692307692308 0.025
0 0.4346153846153846 0.4991586538461538 0.04487179487179487 0.021875
0 0.6509615384615385 0.15745192307692307 0.04423076923076923 0.023557692307692307
0 0.43125 0.30877403846153845 0.05032051282051282 0.027644230769230768
0 0.33413461538461536 0.4967548076923077 0.04903846153846154 0.024278846153846154
0 0.32419871794871796 0.3049278846153846 0.05096153846153846 0.024759615384615383
0 0.7213141025641026 0.5225961538461539 0.02403846153846154 0.026442307692307692
0 0.752724358974359 0.5016826923076924 0.033012820512820513 0.015384615384615385
0 0.7637820512820512 0.5251201923076924 0.03653846153846154 0.024278846153846154
0 0.7993589743589744 0.5073317307692308 0.03461538461538462 0.024278846153846154
0 0.8328525641025641 0.5070913461538461 0.029166666666666667 0.023798076923076922
0 0.8641025641025641 0.5079326923076923 0.03141025641025641 0.02548076923076923
0 0.8003205128205129 0.5292067307692307 0.03333333333333333 0.018028846153846152
0 0.8318910256410257 0.5298076923076923 0.027243589743589744 0.01875
0 0.8631410256410257 0.5298076923076923 0.029487179487179487 0.016826923076923076
0 0.9033653846153846 0.5070913461538461 0.04391025641025641 0.01658653846153846
0 0.7211538461538461 0.3629807692307692 0.020512820512820513 0.01730769230769231
0 0.7455128205128205 0.3621394230769231 0.021794871794871794 0.017548076923076923
0 0.774198717948718 0.3609375 0.02532051282051282 0.015625
0 0.7987179487179488 0.3638221153846154 0.025 0.01658653846153846
0 0.8256410256410256 0.36502403846153847 0.02435897435897436 0.01658653846153846
0 0.8514423076923077 0.3646634615384615 0.02532051282051282 0.01730769230769231
0 0.8774038461538461 0.36478365384615385 0.023397435897435898 0.01610576923076923
0 0.7237179487179487 0.3828125 0.022435897435897436 0.02283653846153846
0 0.7482371794871795 0.3836538461538462 0.02403846153846154 0.023076923076923078
0 0.7745192307692308 0.3844951923076923 0.022756410256410255 0.024759615384615383
0 0.8004807692307693 0.38509615384615387 0.02403846153846154 0.025961538461538463
0 0.6806089743589744 0.5243990384615385 0.047115384615384615 0.020432692307692308
0 0.8290064102564103 0.3864182692307692 0.02467948717948718 0.023317307692307693
0 0.6788461538461539 0.5024038461538461 0.046794871794871795 0.021634615384615384
0 0.8046474358974359 0.4609375 0.02980769230769231 0.023798076923076922
0 0.83125 0.21959134615384615 0.03878205128205128 0.02283653846153846
0 0.7876602564102564 0.21838942307692308 0.04583333333333333 0.021875
0 0.9540064102564103 0.20204326923076923 0.040705128205128206 0.024759615384615383
0 0.9144230769230769 0.20060096153846155 0.03717948717948718 0.020432692307692308
0 0.8721153846153846 0.19807692307692307 0.041025641025641026 0.02403846153846154
0 0.8302884615384616 0.19579326923076923 0.03942307692307692 0.020913461538461537
0 0.7873397435897436 0.19375 0.041987179487179484 0.025
0 0.7450320512820513 0.20853365384615385 0.03365384615384615 0.03774038461538461
0 0.7017628205128205 0.21165865384615384 0.04519230769230769 0.024759615384615383
0 0.5342948717948718 0.47055288461538464 0.028846153846153848 0.028125
0 0.5604166666666667 0.4715144230769231 0.021474358974358974 0.028125
0 0.5935897435897436 0.47451923076923075 0.03782051282051282 0.021153846153846155
0 0.5939102564102564 0.45552884615384615 0.03461538461538462 0.017788461538461538
0 0.6227564102564103 0.4543269230769231 0.01987179487179487 0.020192307692307693
0 0.6233974358974359 0.4765625 0.017948717948717947 0.021875
0 0.6532051282051282 0.45132211538461536 0.03653846153846154 0.014182692307692308
0 0.6884615384615385 0.45132211538461536 0.03076923076923077 0.01658653846153846
0 0.6541666666666667 0.47391826923076924 0.03205128205128205 0.02860576923076923
0 0.6895833333333333 0.4748798076923077 0.03621794871794872 0.026682692307692307
0 0.7373397435897436 0.4539663461538462 0.035576923076923075 0.023317307692307693
0 0.7725961538461539 0.4606971153846154 0.03173076923076923 0.023317307692307693
0 0.8365384615384616 0.46129807692307695 0.03012820512820513 0.023076923076923078
0 0.8546474358974359 0.38677884615384617 0.02532051282051282 0.02451923076923077
0 0.8814102564102564 0.3891826923076923 0.021794871794871794 0.025
0 0.9125 0.38713942307692306 0.03333333333333333 0.026201923076923078
0 0.17836538461538462 0.5729567307692308 0.027884615384615386 0.02283653846153846
0 0.22131410256410255 0.5691105769230769 0.04775641025641025 0.030048076923076924
0 0.27339743589743587 0.5681490384615384 0.047435897435897434 0.02956730769230769
0 0.327724358974359 0.5495192307692308 0.04903846153846154 0.02548076923076923
0 0.38044871794871793 0.5498798076923077 0.05 0.023317307692307693
0 0.9557692307692308 0.4831730769230769 0.047435897435897434 0.021634615384615384
0 0.028846153846153848 0.4856971153846154 0.038461538461538464 0.023317307692307693
0 0.06698717948717949 0.4873798076923077 0.032692307692307694 0.027644230769230768
0 0.1125 0.4885817307692308 0.057692307692307696 0.02716346153846154
0 0.17147435897435898 0.4896634615384615 0.05512820512820513 0.02548076923076923
0 0.2203525641025641 0.49290865384615384 0.03621794871794872 0.02139423076923077
0 0.25576923076923075 0.4949519230769231 0.03141025641025641 0.023076923076923078
0 0.28733974358974357 0.4951923076923077 0.027884615384615386 0.021634615384615384
0 0.026121794871794873 0.5098557692307693 0.03621794871794872 0.022115384615384617
0 0.06458333333333334 0.5126201923076923 0.0342948717948718 0.019951923076923075
0 0.11474358974358974 0.5134615384615384 0.05576923076923077 0.01971153846153846
0 0.17147435897435898 0.5137019230769231 0.052564102564102565 0.020192307692307693
0 0.22131410256410255 0.5144230769230769 0.038141025641025644 0.019230769230769232
0 0.43317307692307694 0.5515625 0.05096153846153846 0.02235576923076923
0 0.25753205128205126 0.5168269230769231 0.028525641025641025 0.016346153846153847
0 0.2899038461538462 0.5171875 0.033012820512820513 0.017548076923076923
0 0.14166666666666666 0.5736778846153846 0.03717948717948718 0.023317307692307693
0 0.10112179487179487 0.5729567307692308 0.038141025641025644 0.025240384615384616
0 0.06057692307692308 0.571875 0.032692307692307694 0.01971153846153846
0 0.021794871794871794 0.5709134615384616 0.03397435897435897 0.023557692307692307
0 0.9091346153846154 0.35877403846153844 0.03942307692307692 0.025721153846153845
0 0.9509615384615384 0.3618990384615385 0.04358974358974359 0.025240384615384616
0 0.8612179487179488 0.4625 0.019230769230769232 0.022115384615384617
0 0.9094551282051282 0.45997596153846154 0.049679487179487176 0.014663461538461538
0 0.9592948717948718 0.46165865384615384 0.04487179487179487 0.020432692307692308
0 0.9065705128205128 0.48365384615384616 0.04391025641025641 0.021634615384615384
0 0.9504807692307692 0.39026442307692305 0.03685897435897436 0.02716346153846154
0 0.01810897435897436 0.38798076923076924 0.03621794871794872 0.020192307692307693
0 0.07307692307692308 0.38545673076923076 0.026282051282051282 0.019951923076923075
0 0.10192307692307692 0.38545673076923076 0.026923076923076925 0.02283653846153846
0 0.8732371794871795 0.22151442307692307 0.04006410256410257 0.02139423076923077
0 0.13974358974358975 0.38521634615384615 0.035897435897435895 0.02139423076923077
0 0.9565705128205129 0.5075721153846153 0.055448717948717946 0.018028846153846152
0 0.9051282051282051 0.528485576923077 0.04423076923076923 0.018990384615384614
0 0.9512820512820512 0.5288461538461539 0.041666666666666664 0.01971153846153846
0 0.03221153846153846 0.5438701923076923 0.041987179487179484 0.023798076923076922
0 0.06826923076923076 0.5451923076923076 0.02564102564102564 0.023557692307692307
0 0.10272435897435897 0.5467548076923077 0.038141025641025644 0.024759615384615383
0 0.13926282051282052 0.5478365384615385 0.032371794871794875 0.025
0 0.17483974358974358 0.5483173076923077 0.03365384615384615 0.023076923076923078
0 0.21923076923076923 0.5393028846153847 0.05 0.024278846153846154
0 0.27355769230769234 0.5394230769230769 0.05096153846153846 0.023076923076923078
0 0.17772435897435898 0.3870192307692308 0.033012820512820513 0.022115384615384617
0 0.37932692307692306 0.3066105769230769 0.05096153846153846 0.024278846153846154
0 0.9144230769230769 0.22247596153846153 0.03717948717948718 0.021875
0 0.025 0.22716346153846154 0.05 0.027884615384615386
0 0.6830128205128205 0.29447115384615385 0.04871794871794872 0.025
0 0.6323717948717948 0.2921875 0.04230769230769231 0.027644230769230768
0 0.5842948717948718 0.28894230769230766 0.05 0.026442307692307692
0 0.5338141025641026 0.28810096153846154 0.047115384615384615 0.026201923076923078
0 0.4830128205128205 0.2846153846153846 0.05 0.02548076923076923
0 0.11217948717948718 0.3602163461538462 0.028205128205128206 0.023798076923076922
0 0.14471153846153847 0.36033653846153846 0.03365384615384615 0.023557692307692307
0 0.1782051282051282 0.36117788461538464 0.03076923076923077 0.023317307692307693
0 0.21746794871794872 0.346875 0.04006410256410257 0.020673076923076922
0 0.25849358974358977 0.3485576923076923 0.03685897435897436 0.016826923076923076
0 0.29471153846153847 0.3526442307692308 0.03365384615384615 0.013461538461538462
0 0.2169871794871795 0.36754807692307695 0.0391025641025641 0.01730769230769231
0 0.25785256410256413 0.3697115384615385 0.035576923076923075 0.021634615384615384
0 0.29439102564102565 0.3697115384615385 0.02980769230769231 0.019230769230769232
0 0.34102564102564104 0.3524038461538462 0.046794871794871795 0.017788461538461538
0 0.3905448717948718 0.35336538461538464 0.04519230769230769 0.01730769230769231
0 0.43701923076923077 0.3563701923076923 0.04326923076923077 0.018509615384615385
0 0.47612179487179485 0.3412259615384615 0.033012820512820513 0.018990384615384614
0 0.5100961538461538 0.34170673076923075 0.0342948717948718 0.018028846153846152
0 0.549198717948718 0.3429086538461538 0.03685897435897436 0.015625
0 0.5844551282051282 0.34471153846153846 0.03173076923076923 0.016346153846153847
0 0.7339743589743589 0.29302884615384617 0.04935897435897436 0.022115384615384617
0 0.6155448717948718 0.34759615384615383 0.027243589743589744 0.015865384615384615
0 0.7807692307692308 0.3002403846153846 0.038461538461538464 0.022115384615384617
0 0.08173076923076923 0.36033653846153846 0.03076923076923077 0.025961538461538463
0 0.2703525641025641 0.3016826923076923 0.05096153846153846 0.02451923076923077
0 0.21618589743589745 0.30084134615384617 0.05352564102564102 0.023317307692307693
0 0.15657051282051282 0.30036057692307694 0.05416666666666667 0.02235576923076923
0 0.09743589743589744 0.2955528846153846 0.05576923076923077 0.02716346153846154
0 0.03926282051282051 0.2932692307692308 0.05352564102564102 0.025
0 0.9849358974358975 0.30853365384615383 0.03012820512820513 0.02283653846153846
0 0.9451923076923077 0.3091346153846154 0.0391025641025641 0.021153846153846155
0 0.9051282051282051 0.30865384615384617 0.03782051282051282 0.022596153846153846
0 0.8657051282051282 0.30456730769230766 0.03141025641025641 0.021634615384615384
0 0.14631410256410257 0.33605769230769234 0.03365384615384615 0.022596153846153846
0 0.17932692307692308 0.3388221153846154 0.0266025641025641 0.02139423076923077
0 0.2155448717948718 0.32908653846153846 0.03942307692307692 0.013461538461538462
0 0.25608974358974357 0.3306490384615385 0.038461538461538464 0.014182692307692308
0 0.29455128205128206 0.3350961538461538 0.035897435897435895 0.016346153846153847
0 0.33942307692307694 0.33521634615384616 0.046794871794871795 0.01658653846153846
0 0.3887820512820513 0.3361778846153846 0.04423076923076923 0.014663461538461538
0 0.43477564102564104 0.33798076923076925 0.04519230769230769 0.01730769230769231
0 0.020192307692307693 0.3435096153846154 0.027564102564102563 0.01875
0 0.052243589743589745 0.34435096153846156 0.028846153846153848 0.015625
0 0.020833333333333332 0.3623798076923077 0.02564102564102564 0.018509615384615385
0 0.04871794871794872 0.3640625 0.028205128205128206 0.019471153846153846
0 0.8246794871794871 0.3010817307692308 0.041025641025641026 0.020913461538461537
0 0.6504807692307693 0.3490384615384615 0.03685897435897436 0.017788461538461538
0 0.47884615384615387 0.35889423076923077 0.03205128205128205 0.016346153846153847
0 0.5139423076923076 0.3602163461538462 0.032371794871794875 0.01658653846153846
0 0.5615384615384615 0.4461538461538462 0.023717948717948717 0.017788461538461538
0 0.47708333333333336 0.4701923076923077 0.022115384615384617 0.02403846153846154
0 0.5044871794871795 0.47055288461538464 0.026282051282051282 0.026201923076923078
0 0.5536858974358975 0.25384615384615383 0.04583333333333333 0.026442307692307692
0 0.5052884615384615 0.2519230769230769 0.047115384615384615 0.02451923076923077
0 0.4528846153846154 0.24951923076923077 0.052564102564102565 0.027403846153846154
0 0.40400641025641026 0.24903846153846154 0.04326923076923077 0.02548076923076923
0 0.35384615384615387 0.2455528846153846 0.05064102564102564 0.029086538461538462
0 0.5975961538461538 0.5033653846153846 0.01955128205128205 0.02548076923076923
0 0.6310897435897436 0.5051682692307692 0.03974358974358974 0.02283653846153846
0 0.47483974358974357 0.5189903846153846 0.027243589743589744 0.025961538461538463
0 0.5044871794871795 0.51875 0.029487179487179487 0.026442307692307692
0 0.5378205128205128 0.5209134615384615 0.032692307692307694 0.025
0 0.5697115384615384 0.5210336538461539 0.027243589743589744 0.024278846153846154
0 0.6003205128205128 0.5231971153846153 0.028205128205128206 0.018028846153846152
0 0.6349358974358974 0.5247596153846154 0.041025641025641026 0.014423076923076924
0 0.30096153846153845 0.24242788461538461 0.051923076923076926 0.024759615384615383
0 0.24919871794871795 0.2403846153846154 0.046474358974358976 0.025961538461538463
0 0.19407051282051282 0.23677884615384615 0.05032051282051282 0.026442307692307692
0 0.13766025641025642 0.2328125 0.05737179487179487 0.02716346153846154
0 0.08269230769230769 0.23185096153846155 0.051923076923076926 0.026682692307692307
0 0.5338141025641026 0.446875 0.02467948717948718 0.01875
0 0.5057692307692307 0.44519230769230766 0.02564102564102564 0.020673076923076922
0 0.4778846153846154 0.44747596153846153 0.023717948717948717 0.019951923076923075
0 0.4461538461538462 0.4740384615384615 0.035256410256410256 0.013942307692307693
0 0.551923076923077 0.36141826923076925 0.035897435897435895 0.01658653846153846
0 0.5858974358974359 0.3622596153846154 0.028205128205128206 0.01730769230769231
0 0.6197115384615385 0.3644230769230769 0.032371794871794875 0.015384615384615385
0 0.6540064102564103 0.3661057692307692 0.03173076923076923 0.01201923076923077
0 0.6868589743589744 0.34927884615384613 0.03076923076923077 0.013942307692307693
0 0.6894230769230769 0.36622596153846154 0.035256410256410256 0.01658653846153846
0 0.340224358974359 0.3721153846153846 0.04519230769230769 0.019230769230769232
0 0.3892628205128205 0.3735576923076923 0.04519230769230769 0.01826923076923077
0 0.4387820512820513 0.37512019230769234 0.046794871794871795 0.015625
0 0.4807692307692308 0.3758413461538462 0.032692307692307694 0.01706730769230769
0 0.9548076923076924 0.2251201923076923 0.0391025641025641 0.018990384615384614
0 0.5158653846153847 0.378125 0.03621794871794872 0.013942307692307693
0 0.5884615384615385 0.37896634615384617 0.03012820512820513 0.014663461538461538
0 0.6192307692307693 0.38185096153846154 0.028205128205128206 0.01706730769230769
0 0.3857371794871795 0.4986778846153846 0.04775641025641025 0.019471153846153846
0 0.6926282051282051 0.38377403846153846 0.035897435897435895 0.01658653846153846
0 0.7291666666666666 0.34615384615384615 0.023717948717948717 0.014423076923076924
0 0.7564102564102564 0.3466346153846154 0.021794871794871794 0.012980769230769231
0 0.44519230769230766 0.45264423076923077 0.03717948717948718 0.025961538461538463
0 0.32740384615384616 0.4700721153846154 0.03878205128205128 0.020913461538461537
0 0.3698717948717949 0.47139423076923076 0.038461538461538464 0.019230769230769232
0 0.4091346153846154 0.4734375 0.03493589743589744 0.018028846153846152
0 0.5533653846153846 0.3786057692307692 0.035576923076923075 0.015384615384615385
0 0.652724358974359 0.3817307692307692 0.035576923076923075 0.016346153846153847
0 0.6166666666666667 0.5814903846153846 0.04551282051282051 0.023076923076923078
0 0.5022435897435897 0.10096153846153846 0.0532051282051282 0.023076923076923078
0 0.12564102564102564 0.7341346153846153 0.05512820512820513 0.029326923076923077
0 0.0625 0.7640625 0.06153846153846154 0.025721153846153845
0 0.9450320512820513 0.7019230769230769 0.035576923076923075 0.012980769230769231
0 0.9025641025641026 0.7025240384615384 0.04230769230769231 0.014182692307692308
0 0.9697115384615385 0.6739182692307693 0.015064102564102564 0.030528846153846153
0 0.9432692307692307 0.6864182692307692 0.035256410256410256 0.015625
0 0.9025641025641026 0.6852163461538462 0.04230769230769231 0.017548076923076923
0 0.941025641025641 0.6653846153846154 0.03974358974358974 0.01971153846153846
0 0.9017628205128205 0.6657451923076924 0.0375 0.018509615384615385
0 0.853525641025641 0.6816105769230769 0.04807692307692308 0.05264423076923077
0 0.7347756410256411 0.696875 0.06698717948717949 0.016826923076923076
0 0.8073717948717949 0.6740384615384616 0.02564102564102564 0.019230769230769232
0 0.7769230769230769 0.6736778846153846 0.03076923076923077 0.020432692307692308
0 0.6700320512820512 0.6705528846153846 0.05096153846153846 0.025721153846153845
0 0.6161858974358975 0.6700721153846154 0.05096153846153846 0.02956730769230769
0 0.1780448717948718 0.7355769230769231 0.046474358974358976 0.02548076923076923
0 0.12355769230769231 0.7625 0.05096153846153846 0.025
0 0.175 0.7609375 0.046794871794871795 0.020913461538461537
0 0.2512820512820513 0.7358173076923077 0.09166666666666666 0.023557692307692307
0 0.6193910256410257 0.7615384615384615 0.05096153846153846 0.023076923076923078
0 0.6764423076923077 0.7325721153846154 0.05737179487179487 0.024278846153846154
0 0.6192307692307693 0.7314903846153846 0.05384615384615385 0.03221153846153846
0 0.5623397435897436 0.7615384615384615 0.05352564102564102 0.022115384615384617
0 0.5108974358974359 0.7615384615384615 0.04230769230769231 0.023076923076923078
0 0.5602564102564103 0.7360576923076924 0.052564102564102565 0.027884615384615386
0 0.5108974358974359 0.739423076923077 0.04230769230769231 0.019230769230769232
0 0.5634615384615385 0.6717548076923077 0.04935897435897436 0.028125
0 0.5112179487179487 0.7153846153846154 0.04294871794871795 0.02548076923076923
0 0.41634615384615387 0.7618990384615385 0.046153846153846156 0.023798076923076922
0 0.46490384615384617 0.7325721153846154 0.04519230769230769 0.029086538461538462
0 0.41746794871794873 0.7338942307692308 0.04519230769230769 0.02980769230769231
0 0.37756410256410255 0.7407451923076923 0.025 0.05504807692307692
0 0.33205128205128204 0.7290865384615385 0.0641025641025641 0.03701923076923077
0 0.32868589743589743 0.7625 0.06634615384615385 0.022596153846153846
0 0.24903846153846154 0.7627403846153846 0.08717948717948718 0.02548076923076923
0 0.4636217948717949 0.7614182692307693 0.04262820512820513 0.024759615384615383
0 0.5129807692307692 0.6683894230769231 0.046474358974358976 0.028125
0 0.47612179487179485 0.6704326923076923 0.023397435897435898 0.028846153846153848
0 0.44150641025641024 0.6711538461538461 0.03942307692307692 0.026923076923076925
0 0.8336538461538462 0.6418269230769231 0.04038461538461539 0.020673076923076922
0 0.8846153846153846 0.6198317307692308 0.047435897435897434 0.025721153846153845
0 0.8362179487179487 0.6186298076923077 0.04551282051282051 0.023798076923076922
0 0.5543269230769231 0.10264423076923077 0.05032051282051282 0.025
0 0.43862179487179487 0.42175480769230766 0.04326923076923077 0.018990384615384614
0 0.3873397435897436 0.4210336538461538 0.04775641025641025 0.020432692307692308
0 0.3373397435897436 0.41983173076923075 0.04583333333333333 0.02235576923076923
0 0.8802884615384615 0.6427884615384616 0.0483974358974359 0.020192307692307693
0 0.43830128205128205 0.4013221153846154 0.04583333333333333 0.020432692307692308
0 0.33365384615384613 0.39663461538461536 0.05128205128205128 0.020673076923076922
0 0.296474358974359 0.41778846153846155 0.03076923076923077 0.01826923076923077
0 0.2588141025641026 0.421875 0.0375 0.011538461538461539
0 0.21971153846153846 0.4204326923076923 0.038141025641025644 0.011538461538461539
0 0.2905448717948718 0.39663461538461536 0.03108974358974359 0.020673076923076922
0 0.2591346153846154 0.4012019230769231 0.03173076923076923 0.029326923076923077
0 0.2201923076923077 0.3997596153846154 0.04230769230769231 0.029326923076923077
0 0.38653846153846155 0.3992788461538462 0.04935897435897436 0.01875
0 0.6756410256410257 0.7598557692307693 0.052564102564102565 0.02548076923076923
0 0.9642628205128205 0.6088942307692308 0.041987179487179484 0.01875
0 0.9639423076923077 0.6269230769230769 0.032371794871794875 0.016346153846153847
0 0.3955128205128205 0.6692307692307692 0.04871794871794872 0.02403846153846154
0 0.33782051282051284 0.6686298076923077 0.06282051282051282 0.029086538461538462
0 0.2762820512820513 0.6912259615384615 0.04358974358974359 0.030048076923076924
0 0.22532051282051282 0.6927884615384615 0.052564102564102565 0.027884615384615386
0 0.2762820512820513 0.6621394230769231 0.05 0.024278846153846154
0 0.22435897435897437 0.6634615384615384 0.05064102564102564 0.025961538461538463
0 0.1700320512820513 0.6966346153846154 0.055448717948717946 0.021634615384615384
0 0.9280448717948718 0.6252403846153847 0.033012820512820513 0.01826923076923077
0 0.11538461538461539 0.6962740384615385 0.047435897435897434 0.02283653846153846
0 0.020192307692307693 0.6959134615384616 0.04038461538461539 0.026923076923076925
0 0.16891025641025642 0.6711538461538461 0.0532051282051282 0.025
0 0.1155448717948718 0.6671875 0.04775641025641025 0.031009615384615385
0 0.06762820512820512 0.6643028846153847 0.04038461538461539 0.024278846153846154
0 0.022435897435897436 0.6669471153846154 0.04487179487179487 0.030528846153846153
0 0.9602564102564103 0.6447115384615385 0.028205128205128206 0.016346153846153847
0 0.9262820512820513 0.6453125 0.032692307692307694 0.015625
0 0.06474358974358975 0.6949519230769231 0.041025641025641026 0.029326923076923077
0 0.7386217948717949 0.74375 0.055448717948717946 0.04903846153846154
0 0.06233974358974359 0.7320913461538462 0.058012820512820515 0.028125
0 0.7823717948717949 0.6390625 0.057692307692307696 0.02283653846153846
0 0.9280448717948718 0.5513221153846154 0.03621794871794872 0.018028846153846152
0 0.9634615384615385 0.5520432692307692 0.03141025641025641 0.018990384615384614
0 0.9283653846153846 0.5707932692307692 0.03365384615384615 0.018509615384615385
0 0.9631410256410257 0.5713942307692308 0.03076923076923077 0.01826923076923077
0 0.9274038461538462 0.5888221153846154 0.03173076923076923 0.014182692307692308
0 0.9629807692307693 0.5895432692307693 0.03365384615384615 0.01514423076923077
0 0.020192307692307693 0.6064903846153846 0.04038461538461539 0.028365384615384615
0 0.06826923076923076 0.6070913461538462 0.05448717948717949 0.027644230769230768
0 0.12564102564102564 0.6013221153846153 0.04935897435897436 0.024759615384615383
0 0.1685897435897436 0.6013221153846153 0.03076923076923077 0.024759615384615383
0 0.22147435897435896 0.6044471153846154 0.04807692307692308 0.024278846153846154
0 0.2623397435897436 0.6046875 0.028525641025641025 0.025240384615384616
0 0.2862179487179487 0.6189903846153846 0.016666666666666666 0.05336538461538461
0 0.13333333333333333 0.6306490384615384 0.051923076923076926 0.026682692307692307
0 0.1782051282051282 0.6310096153846154 0.027564102564102563 0.026923076923076925
0 0.8762820512820513 0.5834134615384615 0.046153846153846156 0.022115384615384617
0 0.22275641025641027 0.6324519230769231 0.047435897435897434 0.023076923076923078
0 0.8645833333333334 0.5581730769230769 0.0483974358974359 0.021153846153846155
0 0.8217948717948718 0.5826923076923077 0.05128205128205128 0.023076923076923078
0 0.4480769230769231 0.09867788461538461 0.052564102564102565 0.029086538461538462
0 0.3956730769230769 0.09507211538461538 0.04903846153846154 0.023317307692307693
0 0.3458333333333333 0.09086538461538461 0.047435897435897434 0.03028846153846154
0 0.4740384615384615 0.5629807692307692 0.02564102564102564 0.016826923076923076
0 0.5048076923076923 0.5649038461538461 0.03012820512820513 0.015865384615384615
0 0.5394230769230769 0.5646634615384616 0.035897435897435895 0.015384615384615385
0 0.5745192307692307 0.5646634615384616 0.03365384615384615 0.015384615384615385
0 0.4738782051282051 0.5822115384615385 0.028525641025641025 0.01730769230769231
0 0.5084935897435897 0.5822115384615385 0.03108974358974359 0.015865384615384615
0 0.5435897435897435 0.5830528846153846 0.028846153846153848 0.01658653846153846
0 0.7956730769230769 0.7412259615384615 0.052884615384615384 0.053125
0 0.6725961538461539 0.5800480769230769 0.052884615384615384 0.020192307692307693
0 0.7282051282051282 0.5525240384615384 0.041025641025641026 0.019951923076923075
0 0.7828525641025641 0.5540865384615384 0.03621794871794872 0.01971153846153846
0 0.7466346153846154 0.5793269230769231 0.058653846153846154 0.028365384615384615
0 0.8201923076923077 0.5586538461538462 0.035256410256410256 0.022596153846153846
0 0.2618589743589744 0.6317307692307692 0.027564102564102563 0.027884615384615386
0 0.5764423076923076 0.5822115384615385 0.02467948717948718 0.01826923076923077
0 0.3655448717948718 0.6127403846153846 0.04519230769230769 0.023557692307692307
0 0.5149038461538461 0.6237980769230769 0.03108974358974359 0.015384615384615385
0 0.319551282051282 0.6116586538461538 0.041666666666666664 0.024278846153846154
0 0.5551282051282052 0.6262019230769231 0.04230769230769231 0.015384615384615385
0 0.4855769230769231 0.6408653846153847 0.032692307692307694 0.01875
0 0.5181089743589744 0.6411057692307692 0.028525641025641025 0.016346153846153847
0 0.5583333333333333 0.6436298076923077 0.04230769230769231 0.01706730769230769
0 0.6072115384615384 0.6368990384615385 0.0483974358974359 0.024759615384615383
0 0.6626602564102564 0.6389423076923076 0.055448717948717946 0.023076923076923078
0 0.9017628205128205 0.7479567307692307 0.0342948717948718 0.026682692307692307
0 0.9395833333333333 0.7487980769230769 0.03108974358974359 0.028365384615384615
0 0.9762820512820513 0.7504807692307692 0.03782051282051282 0.029326923076923077
0 0.7237179487179487 0.6103365384615385 0.05384615384615385 0.021634615384615384
0 0.7807692307692308 0.6117788461538461 0.057692307692307696 0.02548076923076923
0 0.7225961538461538 0.6361778846153846 0.0516025641025641 0.025721153846153845
0 0.8520833333333333 0.7382211538461538 0.05480769230769231 0.05
0 0.6594551282051282 0.6150240384615384 0.058012820512820515 0.018990384615384614
0 0.48157051282051283 0.6225961538461539 0.03108974358974359 0.017788461538461538
0 0.41233974358974357 0.6126201923076923 0.047115384615384615 0.02139423076923077
0 0.4498397435897436 0.637860576923077 0.02467948717948718 0.02283653846153846
0 0.4169871794871795 0.6381009615384615 0.041025641025641026 0.02283653846153846
0 0.3701923076923077 0.6377403846153846 0.04551282051282051 0.023076923076923078
0 0.32403846153846155 0.6373798076923077 0.041666666666666664 0.023798076923076922
0 0.4482371794871795 0.6117788461538461 0.02467948717948718 0.02548076923076923
0 0.6024038461538461 0.6111778846153846 0.0516025641025641 0.025721153846153845
0 0.5520833333333334 0.6040865384615385 0.04262820512820513 0.023557692307692307
0 0.5136217948717948 0.6033653846153846 0.03173076923076923 0.023076923076923078
0 0.4790064102564103 0.6027644230769231 0.032371794871794875 0.02235576923076923
