0 0.5473856209150327 0.3157169117647059 0.03022875816993464 0.06893382352941177
0 0.5102124183006536 0.3170955882352941 0.03758169934640523 0.06862745098039216
0 0.7465277777777778 0.3215379901960784 0.037173202614379085 0.06341911764705882
0 0.7060866013071896 0.3252144607843137 0.03799019607843137 0.060355392156862746
0 0.8337418300653595 0.3180147058823529 0.04084967320261438 0.06740196078431372
0 0.8784722222222222 0.3167892156862745 0.044526143790849675 0.06495098039215687
0 0.926062091503268 0.40410539215686275 0.029411764705882353 0.07107843137254902
0 0.5931372549019608 0.3170955882352941 0.04493464052287582 0.07169117647058823
0 0.9816176470588235 0.29181985294117646 0.03839869281045752 0.07996323529411764
0 0.9618055555555556 0.4059436274509804 0.027369281045751634 0.07475490196078431
0 0.7890114379084967 0.3209252450980392 0.0363562091503268 0.06403186274509803
0 0.6370506535947712 0.31724877450980393 0.034722222222222224 0.07199754901960784
0 0.25 0.43581495098039214 0.07598039215686274 0.12224264705882353
0 0.08312908496732026 0.23544730392156862 0.08047385620915033 0.18351715686274508
0 0.20363562091503268 0.25735294117647056 0.056781045751633986 0.14767156862745098
0 0.4319852941176471 0.43045343137254904 0.024101307189542485 0.10845588235294118
0 0.39828431372549017 0.43183210784313725 0.03431372549019608 0.10814950980392157
0 0.3678513071895425 0.4446997549019608 0.02246732026143791 0.09099264705882353
0 0.31862745098039214 0.43275122549019607 0.05392156862745098 0.11917892156862746
0 0.5573937908496732 0.42264093137254904 0.017565359477124183 0.09589460784313726
0 0.5241013071895425 0.4212622549019608 0.04493464052287582 0.09926470588235294
0 0.5884395424836601 0.42049632352941174 0.039624183006535946 0.09160539215686274
0 0.630718954248366 0.41881127450980393 0.042483660130718956 0.08823529411764706
0 0.9419934640522876 0.2936580882352941 0.032679738562091505 0.07383578431372549
0 0.6166258169934641 0.6542585784313726 0.046977124183006536 0.09466911764705882
0 0.6709558823529411 0.32184436274509803 0.02900326797385621 0.06893382352941177
0 0.985702614379085 0.18520220588235295 0.03022875816993464 0.09466911764705882
0 0.02185457516339869 0.0546875 0.04370915032679738 0.109375
0 0.8776552287581699 0.1954656862745098 0.046977124183006536 0.08333333333333333
0 0.5737336601307189 0.6593137254901961 0.03227124183006536 0.09681372549019608
0 0.14991830065359477 0.6303615196078431 0.0718954248366013 0.1565563725490196
0 0.06066176470588235 0.6456801470588235 0.10498366013071896 0.16881127450980393
0 0.03819444444444445 0.4846813725490196 0.0763888888888889 0.07965686274509803
0 0.127859477124183 0.4797794117647059 0.09068627450980392 0.07352941176470588
0 0.08537581699346405 0.40579044117647056 0.16258169934640523 0.07138480392156862
0 0.46425653594771243 0.42815563725490197 0.03553921568627451 0.10079656862745098
0 0.31352124183006536 0.5874693627450981 0.06004901960784314 0.12591911764705882
0 0.36887254901960786 0.5862438725490197 0.04493464052287582 0.11427696078431372
0 0.4456699346405229 0.5837928921568627 0.04330065359477124 0.060355392156862746
0 0.0857843137254902 0.06587009803921569 0.07598039215686274 0.13174019607843138
0 0.15849673202614378 0.0819546568627451 0.06372549019607843 0.13449754901960784
0 0.21691176470588236 0.10324754901960784 0.05228758169934641 0.1329656862745098
0 0.2708333333333333 0.10845588235294118 0.05228758169934641 0.13419117647058823
0 0.32393790849673204 0.12270220588235294 0.04820261437908497 0.13511029411764705
0 0.36764705882352944 0.1482843137254902 0.03431372549019608 0.10416666666666667
0 0.40318627450980393 0.1557904411764706 0.027777777777777776 0.0977328431372549
0 0.4323937908496732 0.16681985294117646 0.020833333333333332 0.09221813725490197
0 0.4810049019607843 0.17509191176470587 0.05106209150326797 0.10018382352941177
0 0.5294117647058824 0.18596813725490197 0.0392156862745098 0.09375
0 0.5733251633986928 0.1870404411764706 0.04534313725490196 0.09895833333333333
0 0.7091503267973857 0.19883578431372548 0.04003267973856209 0.08884803921568628
0 0.7508169934640523 0.20036764705882354 0.03758169934640523 0.07965686274509803
0 0.7918709150326797 0.19898897058823528 0.03799019607843137 0.08241421568627451
0 0.8329248366013072 0.19669117647058823 0.0392156862745098 0.08149509803921569
0 0.9450571895424836 0.19132965686274508 0.0428921568627451 0.0860906862745098
0 0.5371732026143791 0.6677389705882353 0.03839869281045752 0.09712009803921569
0 0.2107843137254902 0.6174938725490197 0.04656862745098039 0.14920343137254902
0 0.5573937908496732 0.5410539215686274 0.04616013071895425 0.09436274509803921
0 0.7081290849673203 0.6534926470588235 0.03390522875816993 0.06556372549019608
0 0.7475490196078431 0.6518075980392157 0.035130718954248366 0.0664828431372549
0 0.7867647058823529 0.6551776960784313 0.03594771241830065 0.07199754901960784
0 0.8261846405228758 0.6510416666666666 0.03799019607843137 0.06801470588235294
0 0.8682598039215687 0.6551776960784313 0.04044117647058824 0.07199754901960784
0 0.7103758169934641 0.7691482843137255 0.017973856209150325 0.04871323529411765
0 0.7303921568627451 0.7633272058823529 0.01715686274509804 0.046262254901960786
0 0.4076797385620915 0.5951286764705882 0.028594771241830064 0.0585171568627451
0 0.03227124183006536 0.8674938725490197 0.06045751633986928 0.16636029411764705
0 0.09824346405228758 0.8412990196078431 0.06495098039215687 0.15073529411764705
0 0.15073529411764705 0.8102022058823529 0.04084967320261438 0.15533088235294118
0 0.21895424836601307 0.7951899509803921 0.06699346405228758 0.14920343137254902
0 0.28921568627450983 0.7544424019607843 0.031862745098039214 0.13878676470588236
0 0.3229166666666667 0.7449448529411765 0.025735294117647058 0.13511029411764705
0 0.3492647058823529 0.7326899509803921 0.022058823529411766 0.13817401960784315
0 0.4309640522875817 0.6992953431372549 0.05473856209150327 0.10814950980392157
0 0.4889705882352941 0.6810661764705882 0.05228758169934641 0.11458333333333333
0 0.5586192810457516 0.7774203431372549 0.044526143790849675 0.09589460784313726
0 0.5939542483660131 0.7679227941176471 0.026143790849673203 0.09834558823529412
0 0.5110294117647058 0.8125 0.035130718954248366 0.10232843137254902
0 0.43709150326797386 0.8638174019607843 0.04656862745098039 0.10998774509803921
0 0.36764705882352944 0.8880208333333334 0.04656862745098039 0.12162990196078431
0 0.22303921568627452 0.960171568627451 0.06290849673202614 0.07965686274509803
0 0.28431372549019607 0.9443933823529411 0.05800653594771242 0.11182598039215687
0 0.3278186274509804 0.9103860294117647 0.027369281045751634 0.1173406862745098
0 0.8654003267973857 0.5421262254901961 0.03880718954248366 0.06893382352941177
0 0.8235294117647058 0.5425857843137255 0.03676470588235294 0.06678921568627451
0 0.7843137254901961 0.5415134803921569 0.03676470588235294 0.06832107843137254
0 0.7424428104575164 0.5358455882352942 0.04125816993464052 0.07536764705882353
0 0.5006127450980392 0.5438112745098039 0.046977124183006536 0.09375
0 0.6819852941176471 0.7498468137254902 0.030637254901960783 0.09283088235294118
0 0.6439950980392157 0.7605698529411765 0.04044117647058824 0.09283088235294118
0 0.9591503267973857 0.7781862745098039 0.08333333333333333 0.10049019607843138
0 0.8251633986928104 0.7412683823529411 0.04820261437908497 0.04503676470588235
0 0.8700980392156863 0.7512254901960784 0.031862745098039214 0.025122549019607844
0 0.8882761437908496 0.7858455882352942 0.03145424836601307 0.027573529411764705
0 0.8171977124183006 0.7787990196078431 0.03227124183006536 0.025735294117647058
0 0.7606209150326797 0.7682291666666666 0.032679738562091505 0.053002450980392156
0 0.2536764705882353 0.26700367647058826 0.03839869281045752 0.13939950980392157
0 0.29697712418300654 0.2858455882352941 0.04330065359477124 0.1096813725490196
0 0.33762254901960786 0.28799019607843135 0.0363562091503268 0.1096813725490196
0 0.6076388888888888 0.5381433823529411 0.0494281045751634 0.09160539215686274
0 0.3888888888888889 0.2864583333333333 0.0457516339869281 0.11642156862745098
0 0.4562908496732026 0.2939644607843137 0.03104575163398693 0.109375
0 0.8735702614379085 0.42815563725490197 0.0428921568627451 0.06403186274509803
0 0.7062908496732027 0.4189644607843137 0.0392156862745098 0.08547794117647059
0 0.744281045751634 0.41681985294117646 0.032679738562091505 0.08670343137254902
0 0.7839052287581699 0.4260110294117647 0.042483660130718956 0.06893382352941177
0 0.8288398692810458 0.4263174019607843 0.0392156862745098 0.0664828431372549
0 0.9513888888888888 0.4961703431372549 0.09640522875816994 0.078125
0 0.9125816993464052 0.5799632352941176 0.02696078431372549 0.05575980392156863
0 0.9456699346405228 0.5862438725490197 0.03594771241830065 0.04993872549019608
0 0.9820261437908496 0.5853247549019608 0.035130718954248366 0.05422794117647059
0 0.9473039215686274 0.6727941176470589 0.10457516339869281 0.07352941176470588
0 0.701797385620915 0.5340073529411765 0.03758169934640523 0.0741421568627451
0 0.4258578431372549 0.2913602941176471 0.024101307189542485 0.11151960784313726
0 0.2618464052287582 0.6027879901960784 0.042483660130718956 0.1400122549019608
