0 0.8609068627450981 0.40625 0.037173202614379085 0.014093137254901961
0 0.8586601307189542 0.10661764705882353 0.02042483660130719 0.0741421568627451
0 0.2792075163398693 0.08272058823529412 0.016748366013071895 0.013480392156862746
0 0.29840686274509803 0.06709558823529412 0.024918300653594773 0.01715686274509804
0 0.24611928104575165 0.05116421568627451 0.0428921568627451 0.09926470588235294
0 0.27205882352941174 0.3837316176470588 0.0457516339869281 0.046875
0 0.20649509803921567 0.3929227941176471 0.0821078431372549 0.04013480392156863
0 0.2062908496732026 0.35263480392156865 0.08251633986928104 0.03799019607843137
0 0.11213235294117647 0.3538602941176471 0.09354575163398693 0.03982843137254902
0 0.11540032679738563 0.3947610294117647 0.0959967320261438 0.036458333333333336
0 0.032883986928104576 0.36106004901960786 0.0625 0.11917892156862746
0 0.9566993464052288 0.21001838235294118 0.02042483660130719 0.06832107843137254
0 0.9268790849673203 0.20756740196078433 0.025326797385620915 0.07322303921568628
0 0.8837826797385621 0.21200980392156862 0.01511437908496732 0.06372549019607843
0 0.8560049019607843 0.21292892156862744 0.037173202614379085 0.06372549019607843
0 0.8147467320261438 0.20894607843137256 0.04861111111111111 0.0741421568627451
0 0.7677696078431373 0.21568627450980393 0.03880718954248366 0.05759803921568627
0 0.2824754901960784 0.33639705882352944 0.037173202614379085 0.04656862745098039
0 0.7269199346405228 0.20542279411764705 0.04125816993464052 0.07322303921568628
0 0.3425245098039216 0.34987745098039214 0.07720588235294118 0.09375
0 0.304125816993464 0.08318014705882353 0.027369281045751634 0.015012254901960785
0 0.9027777777777778 0.3232230392156863 0.03839869281045752 0.07352941176470588
0 0.8645833333333334 0.32598039215686275 0.026552287581699346 0.0741421568627451
0 0.8396650326797386 0.33578431372549017 0.02165032679738562 0.0625
0 0.8143382352941176 0.3350183823529412 0.023284313725490197 0.0628063725490196
0 0.7933006535947712 0.33670343137254904 0.014705882352941176 0.06311274509803921
0 0.7765522875816994 0.3394607843137255 0.015522875816993464 0.06433823529411764
0 0.7551062091503268 0.3402267156862745 0.027369281045751634 0.06341911764705882
0 0.7261029411764706 0.34129901960784315 0.0298202614379085 0.06740196078431372
0 0.7022058823529411 0.34160539215686275 0.016339869281045753 0.0661764705882353
0 0.6768790849673203 0.3446691176470588 0.032679738562091505 0.07230392156862746
0 0.6343954248366013 0.34589460784313725 0.0392156862745098 0.0704656862745098
0 0.5896650326797386 0.3446691176470588 0.026552287581699346 0.06985294117647059
0 0.5598447712418301 0.34972426470588236 0.030637254901960783 0.06893382352941177
0 0.5218545751633987 0.3480392156862745 0.042075163398692814 0.07904411764705882
0 0.08966503267973856 0.04335171568627451 0.04370915032679738 0.08486519607843138
0 0.4125816993464052 0.34451593137254904 0.0457516339869281 0.0934436274509804
0 0.9538398692810458 0.3209252450980392 0.04003267973856209 0.07322303921568628
0 0.6805555555555556 0.22840073529411764 0.0457516339869281 0.027879901960784315
0 0.599468954248366 0.20802696078431374 0.024918300653594773 0.06985294117647059
0 0.6832107843137255 0.0974264705882353 0.0363562091503268 0.0661764705882353
0 0.6478758169934641 0.09528186274509803 0.032679738562091505 0.061887254901960786
0 0.8921568627450981 0.39767156862745096 0.029411764705882353 0.011029411764705883
0 0.6141748366013072 0.0900735294117647 0.03553921568627451 0.07230392156862746
0 0.5755718954248366 0.08838848039215687 0.03839869281045752 0.07077205882352941
0 0.5443218954248366 0.09037990196078431 0.024101307189542485 0.0661764705882353
0 0.5130718954248366 0.08762254901960784 0.03839869281045752 0.06311274509803921
0 0.4758986928104575 0.08547794117647059 0.03431372549019608 0.06801470588235294
0 0.4279003267973856 0.05713848039215686 0.039624183006535946 0.11427696078431372
0 0.38480392156862747 0.05376838235294118 0.04493464052287582 0.10753676470588236
0 0.3366013071895425 0.06832107843137254 0.041666666666666664 0.07475490196078431
0 0.27961601307189543 0.09604779411764706 0.024918300653594773 0.010723039215686275
0 0.3059640522875817 0.09834558823529412 0.02696078431372549 0.012254901960784314
0 0.19669117647058823 0.07582720588235294 0.056781045751633986 0.046262254901960786
0 0.13848039215686275 0.04656862745098039 0.05310457516339869 0.09252450980392157
0 0.713031045751634 0.08792892156862746 0.024101307189542485 0.0857843137254902
0 0.6315359477124183 0.21001838235294118 0.03349673202614379 0.06403186274509803
0 0.7389705882352942 0.0899203431372549 0.02696078431372549 0.08363970588235294
0 0.8129084967320261 0.10401348039215687 0.02369281045751634 0.07628676470588236
0 0.5700571895424836 0.20925245098039216 0.0298202614379085 0.06801470588235294
0 0.5402369281045751 0.20879289215686275 0.025735294117647058 0.07138480392156862
0 0.4904003267973856 0.2035845588235294 0.05024509803921569 0.08118872549019608
0 0.42687908496732024 0.19745710784313725 0.04656862745098039 0.0897671568627451
0 0.38112745098039214 0.19669117647058823 0.04330065359477124 0.08823529411764706
0 0.3417075163398693 0.19362745098039216 0.03227124183006536 0.09375
0 0.3053513071895425 0.19439338235294118 0.03553921568627451 0.0977328431372549
0 0.26348039215686275 0.19393382352941177 0.04411764705882353 0.09865196078431372
0 0.19158496732026145 0.1946997549019608 0.04084967320261438 0.08915441176470588
0 0.12479575163398693 0.18458946078431374 0.06004901960784314 0.11488970588235294
0 0.05780228758169935 0.18198529411764705 0.06658496732026144 0.11642156862745098
0 0.9462826797385621 0.11488970588235294 0.024918300653594773 0.0625
0 0.920547385620915 0.1135110294117647 0.027369281045751634 0.06341911764705882
0 0.8856209150326797 0.1096813725490196 0.03022875816993464 0.06495098039215687
0 0.8376225490196079 0.10431985294117647 0.020833333333333332 0.07567401960784313
0 0.7832924836601307 0.10309436274509803 0.034722222222222224 0.07751225490196079
0 0.046977124183006536 0.5484068627450981 0.06045751633986928 0.0784313725490196
0 0.45036764705882354 0.34221813725490197 0.025735294117647058 0.09252450980392157
0 0.9746732026143791 0.6806066176470589 0.05065359477124183 0.09037990196078431
0 0.7446895424836601 0.45205269607843135 0.027777777777777776 0.07322303921568628
0 0.7062908496732027 0.46109068627450983 0.024509803921568627 0.07720588235294118
0 0.6727941176470589 0.4635416666666667 0.029411764705882353 0.0784313725490196
0 0.6374591503267973 0.4649203431372549 0.037173202614379085 0.07873774509803921
0 0.5917075163398693 0.47181372549019607 0.04861111111111111 0.08149509803921569
0 0.5316584967320261 0.4681372549019608 0.042075163398692814 0.07291666666666667
0 0.49550653594771243 0.4731924019607843 0.02696078431372549 0.08854166666666667
0 0.46711601307189543 0.48422181372549017 0.0298202614379085 0.08670343137254902
0 0.403390522875817 0.4898897058823529 0.060866013071895424 0.09926470588235294
0 0.7890114379084967 0.4496017156862745 0.037173202614379085 0.07322303921568628
0 0.3445669934640523 0.49371936274509803 0.05024509803921569 0.10876225490196079
0 0.25674019607843135 0.5081188725490197 0.051879084967320264 0.10079656862745098
0 0.20915032679738563 0.5114889705882353 0.0392156862745098 0.11917892156862746
0 0.1582924836601307 0.5212928921568627 0.06004901960784314 0.10202205882352941
0 0.09538398692810457 0.5237438725490197 0.03308823529411765 0.1056985294117647
0 0.6627859477124183 0.5762867647058824 0.023284313725490197 0.044730392156862746
0 0.9797794117647058 0.5736825980392157 0.04044117647058824 0.05545343137254902
0 0.7426470588235294 0.5572916666666666 0.041666666666666664 0.05514705882352941
0 0.8249591503267973 0.5436580882352942 0.05024509803921569 0.0548406862745098
0 0.8682598039215687 0.5473345588235294 0.03145424836601307 0.024816176470588234
0 0.3016748366013072 0.5173100490196079 0.034722222222222224 0.08241421568627451
0 0.9111519607843137 0.5231311274509803 0.044526143790849675 0.06893382352941177
0 0.8468137254901961 0.43443627450980393 0.051470588235294115 0.023284313725490197
0 0.8521241830065359 0.4693627450980392 0.07107843137254902 0.012867647058823529
0 0.8944035947712419 0.4128370098039216 0.02165032679738562 0.01133578431372549
0 0.8868464052287581 0.42892156862745096 0.027777777777777776 0.011642156862745098
0 0.018790849673202614 0.696078431372549 0.03758169934640523 0.11948529411764706
0 0.06862745098039216 0.6835171568627451 0.05473856209150327 0.1170343137254902
0 0.12111928104575163 0.6937806372549019 0.04616013071895425 0.078125
0 0.17136437908496732 0.6614583333333334 0.05759803921568627 0.1213235294117647
0 0.2261029411764706 0.6545649509803921 0.042075163398692814 0.1173406862745098
0 0.27818627450980393 0.6551776960784313 0.051470588235294115 0.08302696078431372
0 0.3290441176470588 0.6358762254901961 0.0559640522875817 0.10876225490196079
0 0.8488562091503268 0.45450367647058826 0.06045751633986928 0.01685049019607843
0 0.3772467320261438 0.6455269607843137 0.03308823529411765 0.06372549019607843
0 0.45731209150326796 0.6109068627450981 0.04370915032679738 0.11151960784313726
0 0.4895833333333333 0.5862438725490197 0.020833333333333332 0.07138480392156862
0 0.5381944444444444 0.5575980392156863 0.05514705882352941 0.037377450980392156
0 0.5390114379084967 0.5984987745098039 0.05024509803921569 0.040747549019607844
0 0.5970179738562091 0.602328431372549 0.04779411764705882 0.02696078431372549
0 0.6366421568627451 0.5853247549019608 0.030637254901960783 0.04197303921568627
0 0.8939950980392157 0.44776348039215685 0.023284313725490197 0.012561274509803922
0 0.9234068627450981 0.4609375 0.04044117647058824 0.015625
0 0.9217728758169934 0.44378063725490197 0.03145424836601307 0.016237745098039217
0 0.4152369281045752 0.6190257352941176 0.04125816993464052 0.1173406862745098
0 0.036968954248366014 0.8468137254901961 0.07393790849673203 0.10416666666666667
0 0.7015931372549019 0.5530024509803921 0.039624183006535946 0.06678921568627451
0 0.1744281045751634 0.8071384803921569 0.05473856209150327 0.11182598039215687
0 0.40175653594771243 0.7441789215686274 0.034722222222222224 0.09129901960784313
0 0.4389297385620915 0.733609068627451 0.03880718954248366 0.09099264705882353
0 0.5275735294117647 0.7302389705882353 0.09354575163398693 0.08731617647058823
0 0.11254084967320262 0.8549325980392157 0.06576797385620915 0.07689950980392157
0 0.6196895424836601 0.7014399509803921 0.08496732026143791 0.0818014705882353
0 0.6975081699346405 0.6746323529411765 0.06985294117647059 0.09252450980392157
0 0.7595996732026143 0.6721813725490197 0.04861111111111111 0.07291666666666667
0 0.8231209150326797 0.6528799019607843 0.0727124183006536 0.07169117647058823
0 0.8950163398692811 0.6482843137254902 0.06862745098039216 0.0625
0 0.0835375816993464 0.9537377450980392 0.10008169934640523 0.09436274509803921
0 0.17197712418300654 0.9443933823529411 0.07434640522875817 0.08915441176470588
0 0.23488562091503268 0.9267769607843137 0.04738562091503268 0.1096813725490196
0 0.2849264705882353 0.8995098039215687 0.046977124183006536 0.08639705882352941
0 0.3386437908496732 0.8844975490196079 0.059640522875817 0.09191176470588236
0 0.4099264705882353 0.8670343137254902 0.07393790849673203 0.0778186274509804
0 0.5202205882352942 0.8374693627450981 0.08946078431372549 0.09895833333333333
0 0.6117238562091504 0.8169424019607843 0.08619281045751634 0.0934436274509804
0 0.6887254901960784 0.8014705882352942 0.06209150326797386 0.08946078431372549
0 0.7634803921568627 0.7777267156862745 0.07761437908496732 0.07751225490196079
0 0.8392565359477124 0.7542892156862745 0.05759803921568627 0.09252450980392157
0 0.8944035947712419 0.7380514705882353 0.051879084967320264 0.042279411764705885
0 0.36560457516339867 0.7679227941176471 0.03676470588235294 0.10876225490196079
0 0.3243464052287582 0.7725183823529411 0.04330065359477124 0.10018382352941177
0 0.03390522875816993 0.04197303921568627 0.06454248366013073 0.08333333333333333
0 0.2252859477124183 0.7942708333333334 0.04779411764705882 0.11366421568627451
0 0.27450980392156865 0.7850796568627451 0.05065359477124183 0.11121323529411764
