0 0.6891339869281046 0.6346507352941176 0.03758169934640523 0.08057598039215687
0 0.30330882352941174 0.6202512254901961 0.04125816993464052 0.03462009803921569
0 0.43647875816993464 0.7261029411764706 0.037173202614379085 0.07965686274509803
0 0.40032679738562094 0.7253370098039216 0.03431372549019608 0.0818014705882353
0 0.3022875816993464 0.7202818627450981 0.03594771241830065 0.07659313725490197
0 0.2665441176470588 0.7181372549019608 0.03390522875816993 0.0821078431372549
0 0.23223039215686275 0.7159926470588235 0.03227124183006536 0.07904411764705882
0 0.20220588235294118 0.7170649509803921 0.03104575163398693 0.07567401960784313
0 0.47120098039215685 0.7282475490196079 0.03145424836601307 0.08333333333333333
0 0.1664624183006536 0.7146139705882353 0.034722222222222224 0.07567401960784313
0 0.0974264705882353 0.7115502450980392 0.027369281045751634 0.07751225490196079
0 0.06372549019607843 0.7107843137254902 0.03839869281045752 0.07965686274509803
0 0.9536356209150327 0.8615196078431373 0.04861111111111111 0.08026960784313726
0 0.9052287581699346 0.860140931372549 0.04411764705882353 0.08302696078431372
0 0.8602941176470589 0.8589154411764706 0.0457516339869281 0.08547794117647059
0 0.8120915032679739 0.8547794117647058 0.04738562091503268 0.07720588235294118
0 0.13174019607843138 0.7135416666666666 0.03799019607843137 0.07904411764705882
0 0.5049019607843137 0.7310049019607843 0.03758169934640523 0.0784313725490196
0 0.5402369281045751 0.7319240196078431 0.03308823529411765 0.08272058823529412
0 0.5729166666666666 0.7357536764705882 0.03390522875816993 0.07506127450980392
0 0.2638888888888889 0.6178002450980392 0.03431372549019608 0.0744485294117647
0 0.22977941176470587 0.6190257352941176 0.03308823529411765 0.07628676470588236
0 0.19526143790849673 0.6168811274509803 0.03676470588235294 0.07261029411764706
0 0.1309232026143791 0.6147365196078431 0.0363562091503268 0.07567401960784313
0 0.09293300653594772 0.6135110294117647 0.03799019607843137 0.07506127450980392
0 0.05759803921568627 0.6124387254901961 0.03431372549019608 0.0778186274509804
0 0.9838643790849673 0.7578125 0.03145424836601307 0.07751225490196079
0 0.948937908496732 0.7547487745098039 0.032679738562091505 0.078125
0 0.9111519607843137 0.7532169117647058 0.042075163398692814 0.07322303921568628
0 0.8690767973856209 0.7498468137254902 0.03799019607843137 0.07628676470588236
0 0.8331290849673203 0.7470894607843137 0.03308823529411765 0.07506127450980392
0 0.7986111111111112 0.7458639705882353 0.03676470588235294 0.07873774509803921
0 0.6828022875816994 0.7408088235294118 0.042075163398692814 0.07720588235294118
0 0.6429738562091504 0.7368259803921569 0.03758169934640523 0.07475490196078431
0 0.6070261437908496 0.7359068627450981 0.032679738562091505 0.07598039215686274
0 0.7720588235294118 0.850796568627451 0.03104575163398693 0.08394607843137254
0 0.40604575163398693 0.6220894607843137 0.029411764705882353 0.07567401960784313
0 0.6854575163398693 0.8405330882352942 0.0392156862745098 0.07199754901960784
0 0.6098856209150327 0.835171568627451 0.032679738562091505 0.07598039215686274
0 0.4050245098039216 0.5315563725490197 0.03227124183006536 0.08272058823529412
0 0.2988153594771242 0.5235906862745098 0.04044117647058824 0.07536764705882353
0 0.2604166666666667 0.524203431372549 0.03308823529411765 0.0704656862745098
0 0.22508169934640523 0.5232843137254902 0.035130718954248366 0.06740196078431372
0 0.1919934640522876 0.5197610294117647 0.032679738562091505 0.07383578431372549
0 0.1556372549019608 0.5205269607843137 0.04084967320261438 0.07475490196078431
0 0.4387254901960784 0.5309436274509803 0.03594771241830065 0.08333333333333333
0 0.1184640522875817 0.5196078431372549 0.03349673202614379 0.07598039215686274
0 0.051470588235294115 0.5191482843137255 0.03022875816993464 0.07689950980392157
0 0.9681372549019608 0.6504289215686274 0.04738562091503268 0.07659313725490197
0 0.9256535947712419 0.6464460784313726 0.03758169934640523 0.08272058823529412
0 0.8856209150326797 0.6444546568627451 0.04084967320261438 0.078125
0 0.8482434640522876 0.6435355392156863 0.03553921568627451 0.08118872549019608
0 0.8088235294117647 0.640625 0.04330065359477124 0.07904411764705882
0 0.08312908496732026 0.5199142156862745 0.03553921568627451 0.07598039215686274
0 0.47487745098039214 0.5341605392156863 0.03553921568627451 0.08792892156862746
0 0.5110294117647058 0.5396752450980392 0.03839869281045752 0.07628676470588236
0 0.5504493464052288 0.5349264705882353 0.039624183006535946 0.07720588235294118
0 0.5778186274509803 0.835171568627451 0.03308823529411765 0.07475490196078431
0 0.5424836601307189 0.8299632352941176 0.03431372549019608 0.0821078431372549
0 0.5071486928104575 0.8270526960784313 0.03880718954248366 0.07628676470588236
0 0.4699754901960784 0.8270526960784313 0.034722222222222224 0.0744485294117647
0 0.43729575163398693 0.828890931372549 0.030637254901960783 0.07689950980392157
0 0.40604575163398693 0.8258272058823529 0.031862745098039214 0.08241421568627451
0 0.29677287581699346 0.8272058823529411 0.028186274509803922 0.07230392156862746
0 0.26491013071895425 0.8259803921568627 0.03390522875816993 0.07230392156862746
0 0.23345588235294118 0.8296568627450981 0.034722222222222224 0.06678921568627451
0 0.19464869281045752 0.8143382352941176 0.03553921568627451 0.08088235294117647
0 0.15706699346405228 0.8115808823529411 0.04125816993464052 0.08700980392156862
0 0.1156045751633987 0.8108149509803921 0.041666666666666664 0.0818014705882353
0 0.0727124183006536 0.8111213235294118 0.042483660130718956 0.0818014705882353
0 0.5919117647058824 0.5361519607843137 0.03839869281045752 0.08333333333333333
0 0.9556781045751634 0.23897058823529413 0.03880718954248366 0.06862745098039216
0 0.6458333333333334 0.8368566176470589 0.03758169934640523 0.07322303921568628
0 0.4368872549019608 0.6236213235294118 0.03227124183006536 0.07383578431372549
0 0.16258169934640523 0.6158088235294118 0.02696078431372549 0.07352941176470588
0 0.6625816993464052 0.5404411764705882 0.035130718954248366 0.07904411764705882
0 0.044526143790849675 0.24724264705882354 0.03594771241830065 0.06004901960784314
0 0.7118055555555556 0.33088235294117646 0.044526143790849675 0.08639705882352941
0 0.6713643790849673 0.32797181372549017 0.03880718954248366 0.09160539215686274
0 0.6270424836601307 0.3310355392156863 0.03104575163398693 0.08547794117647059
0 0.5898692810457516 0.32950367647058826 0.042483660130718956 0.0934436274509804
0 0.5518790849673203 0.3325674019607843 0.03349673202614379 0.09037990196078431
0 0.0806781045751634 0.2495404411764706 0.0363562091503268 0.05912990196078431
0 0.5177696078431373 0.3333333333333333 0.03799019607843137 0.08333333333333333
0 0.4401552287581699 0.32766544117647056 0.03880718954248366 0.08854166666666667
0 0.4056372549019608 0.32643995098039214 0.028594771241830064 0.09466911764705882
0 0.6268382352941176 0.5372242647058824 0.03308823529411765 0.08363970588235294
0 0.29534313725490197 0.3544730392156863 0.027777777777777776 0.058823529411764705
0 0.2667483660130719 0.35309436274509803 0.031862745098039214 0.05422794117647059
0 0.230187908496732 0.3466605392156863 0.03145424836601307 0.07138480392156862
0 0.47998366013071897 0.3287377450980392 0.04003267973856209 0.09129901960784313
0 0.1395016339869281 0.25183823529411764 0.039624183006535946 0.0625
0 0.1781045751633987 0.24908088235294118 0.03022875816993464 0.06556372549019608
0 0.21160130718954248 0.25199142156862747 0.03594771241830065 0.06219362745098039
0 0.9150326797385621 0.24525122549019607 0.03839869281045752 0.046875
0 0.8794934640522876 0.24617034313725492 0.03104575163398693 0.04932598039215686
0 0.8433415032679739 0.24586397058823528 0.0428921568627451 0.04932598039215686
0 0.7085375816993464 0.24662990196078433 0.034722222222222224 0.04595588235294118
0 0.6517565359477124 0.24479166666666666 0.04125816993464052 0.04534313725490196
0 0.6137663398692811 0.24371936274509803 0.034722222222222224 0.046262254901960786
0 0.5757761437908496 0.24632352941176472 0.039624183006535946 0.0508578431372549
0 0.5406454248366013 0.24816176470588236 0.030637254901960783 0.051470588235294115
0 0.5063316993464052 0.24540441176470587 0.034722222222222224 0.05269607843137255
0 0.4736519607843137 0.24448529411764705 0.03308823529411765 0.0545343137254902
0 0.44076797385620914 0.24310661764705882 0.031862745098039214 0.05116421568627451
0 0.40727124183006536 0.24387254901960784 0.03431372549019608 0.0508578431372549
0 0.31924019607843135 0.25214460784313725 0.02246732026143791 0.05392156862745098
0 0.29125816993464054 0.24892769607843138 0.03104575163398693 0.06341911764705882
0 0.24591503267973855 0.25275735294117646 0.035130718954248366 0.0625
0 0.1977124183006536 0.34849877450980393 0.03349673202614379 0.06770833333333333
0 0.15543300653594772 0.3472732843137255 0.0298202614379085 0.06403186274509803
0 0.3212826797385621 0.3518688725490196 0.024101307189542485 0.06525735294117647
0 0.09477124183006536 0.3449754901960784 0.027777777777777776 0.06678921568627451
0 0.12234477124183006 0.43167892156862747 0.03880718954248366 0.08149509803921569
0 0.08598856209150327 0.42984068627450983 0.03227124183006536 0.07659313725490197
0 0.05310457516339869 0.4270833333333333 0.03676470588235294 0.08088235294117647
0 0.1256127450980392 0.34589460784313725 0.03145424836601307 0.06678921568627451
0 0.891952614379085 0.5603553921568627 0.03390522875816993 0.061274509803921566
0 0.6511437908496732 0.6289828431372549 0.028594771241830064 0.07107843137254902
0 0.16196895424836602 0.43244485294117646 0.0428921568627451 0.0818014705882353
0 0.6162173202614379 0.632046568627451 0.037173202614379085 0.08149509803921569
0 0.5465686274509803 0.6295955882352942 0.03431372549019608 0.08026960784313726
0 0.5102124183006536 0.6285232843137255 0.03676470588235294 0.078125
0 0.4730392156862745 0.6274509803921569 0.03758169934640523 0.08026960784313726
0 0.8547794117647058 0.5588235294117647 0.03799019607843137 0.05698529411764706
0 0.8171977124183006 0.5572916666666666 0.034722222222222224 0.05943627450980392
0 0.7003676470588235 0.5402879901960784 0.04125816993464052 0.07751225490196079
0 0.5808823529411765 0.6305147058823529 0.03349673202614379 0.07659313725490197
0 0.20220588235294118 0.4342830882352941 0.03349673202614379 0.08486519607843138
0 0.931781045751634 0.5612745098039216 0.04411764705882353 0.06004901960784314
0 0.27205882352941174 0.43673406862745096 0.03676470588235294 0.08547794117647059
0 0.06331699346405228 0.3449754901960784 0.031862745098039214 0.06740196078431372
0 0.9509803921568627 0.4384191176470588 0.04084967320261438 0.08455882352941177
0 0.9064542483660131 0.43704044117647056 0.049019607843137254 0.08118872549019608
0 0.23508986928104575 0.43213848039215685 0.03308823529411765 0.08854166666666667
0 0.8263888888888888 0.4336703431372549 0.042483660130718956 0.08547794117647059
0 0.6703431372549019 0.4335171568627451 0.03676470588235294 0.08517156862745098
0 0.6343954248366013 0.43213848039215685 0.03676470588235294 0.08057598039215687
0 0.7089460784313726 0.4332107843137255 0.03880718954248366 0.08639705882352941
0 0.5590277777777778 0.4284620098039216 0.037173202614379085 0.08547794117647059
0 0.5249183006535948 0.4284620098039216 0.03022875816993464 0.08547794117647059
0 0.4875408496732026 0.42953431372549017 0.03880718954248366 0.08762254901960784
0 0.45098039215686275 0.44745710784313725 0.032679738562091505 0.045649509803921566
0 0.4180964052287582 0.4284620098039216 0.03390522875816993 0.09221813725490197
0 0.3084150326797386 0.43704044117647056 0.03431372549019608 0.08486519607843138
0 0.5957924836601307 0.42892156862745096 0.03799019607843137 0.08639705882352941
