0 0.34439102564102564 0.9208650190114068 0.06891025641025642 0.03231939163498099
0 0.11875 0.8814163498098859 0.06762820512820512 0.027566539923954372
0 0.26810897435897435 0.9176568441064639 0.06955128205128205 0.03065589353612167
0 0.25801282051282054 0.8850998098859315 0.05576923076923077 0.032081749049429654
0 0.19150641025641027 0.8822480988593155 0.06955128205128205 0.02923003802281369
0 0.7866987179487179 0.4042300380228137 0.07275641025641026 0.034695817490494295
0 0.12051282051282051 0.9129039923954373 0.06794871794871794 0.033507604562737645
0 0.8658653846153846 0.40304182509505704 0.07467948717948718 0.0370722433460076
0 0.8671474358974359 0.36394961977186313 0.07403846153846154 0.03588403041825095
0 0.7846153846153846 0.3656131178707224 0.07884615384615384 0.0339828897338403
0 0.34375 0.8870009505703422 0.07083333333333333 0.028754752851711026
0 0.9455128205128205 0.32259980988593157 0.07692307692307693 0.11858365019011406
0 0.19310897435897437 0.9169439163498099 0.06955128205128205 0.0339828897338403
0 0.4251602564102564 0.9206273764258555 0.07660256410256411 0.02899239543726236
0 0.16362179487179487 0.37725760456273766 0.07724358974358975 0.015446768060836502
0 0.5113782051282051 0.9100522813688213 0.0625 0.04776615969581749
0 0.659775641025641 0.9183697718631179 0.06570512820512821 0.02970532319391635
0 0.5868589743589744 0.9167062737642585 0.06987179487179487 0.033507604562737645
0 0.7721153846153846 0.9001901140684411 0.12692307692307692 0.05750950570342205
0 0.940224358974359 0.8551568441064639 0.1201923076923077 0.155180608365019
0 0.8357371794871795 0.8246197718631179 0.07403846153846154 0.03231939163498099
0 0.6120192307692308 0.40185361216730037 0.07019230769230769 0.03754752851711027
0 0.691025641025641 0.40304182509505704 0.0782051282051282 0.0370722433460076
0 0.08076923076923077 0.376425855513308 0.07179487179487179 0.0185361216730038
0 0.24631410256410258 0.3663260456273764 0.06891025641025642 0.03303231939163498
0 0.33076923076923076 0.3672766159695818 0.07115384615384615 0.03968631178707224
0 0.4076923076923077 0.33816539923954375 0.07179487179487179 0.03612167300380228
0 0.48878205128205127 0.33994771863117873 0.07051282051282051 0.02970532319391635
0 0.8620192307692308 0.281606463878327 0.06378205128205128 0.02899239543726236
0 0.4362179487179487 0.8873574144486692 0.07564102564102564 0.029467680608365018
0 0.7969551282051283 0.283032319391635 0.05673076923076923 0.024714828897338403
0 0.649198717948718 0.13925855513307986 0.061217948717948716 0.060836501901140684
0 0.517147435897436 0.27103136882129275 0.06378205128205128 0.06012357414448669
0 0.09743589743589744 0.11454372623574144 0.05128205128205128 0.03612167300380228
0 0.15833333333333333 0.11288022813688213 0.05 0.03802281368821293
0 0.04310897435897436 0.1525665399239544 0.03942307692307692 0.03564638783269962
0 0.09647435897435898 0.15114068441064638 0.046153846153846156 0.03279467680608365
0 0.1546474358974359 0.15268536121673004 0.05608974358974359 0.03588403041825095
0 0.22387820512820514 0.15221007604562736 0.05737179487179487 0.037309885931558935
0 0.32371794871794873 0.15197243346007605 0.04423076923076923 0.039211026615969584
0 0.41875 0.14365494296577946 0.12724358974358974 0.0501425855513308
0 0.5501602564102565 0.14377376425855512 0.1266025641025641 0.05038022813688213
0 0.4064102564102564 0.37309885931558934 0.07179487179487179 0.029467680608365018
0 0.7182692307692308 0.13450570342205323 0.06282051282051282 0.06606463878326996
0 0.7895833333333333 0.15565589353612166 0.06185897435897436 0.024714828897338403
0 0.8684294871794872 0.15458650190114068 0.06955128205128205 0.032081749049429654
0 0.7858974358974359 0.13438688212927757 0.05448717948717949 0.01164448669201521
0 0.6852564102564103 0.27115019011406843 0.15 0.055133079847908745
0 0.8594551282051283 0.1311787072243346 0.06826923076923076 0.009980988593155894
0 0.860897435897436 0.11787072243346007 0.0782051282051282 0.010931558935361217
0 0.8395833333333333 0.0899477186311787 0.07211538461538461 0.01164448669201521
0 0.7850961538461538 0.11775190114068441 0.05673076923076923 0.010693916349809885
0 0.7778846153846154 0.09980988593155894 0.04551282051282051 0.01188212927756654
0 0.7573717948717948 0.0872148288973384 0.06794871794871794 0.011406844106463879
0 0.9488782051282051 0.11169201520912547 0.06057692307692308 0.10979087452471482
0 0.2759615384615385 0.27685361216730037 0.075 0.0470532319391635
0 0.20208333333333334 0.29039923954372626 0.06762820512820512 0.019486692015209126
0 0.27307692307692305 0.24643536121673004 0.07628205128205129 0.010931558935361217
0 0.2762820512820513 0.23431558935361216 0.07564102564102564 0.011406844106463879
0 0.35881410256410257 0.24192015209125475 0.05416666666666667 0.016634980988593156
0 0.3591346153846154 0.27756653992395436 0.058012820512820515 0.045627376425855515
0 0.4217948717948718 0.27827946768060835 0.05641025641025641 0.04230038022813688
0 0.4219551282051282 0.24560361216730037 0.05352564102564102 0.016397338403041826
0 0.8538461538461538 0.1033745247148289 0.07051282051282051 0.011406844106463879
0 0.41009615384615383 0.407675855513308 0.07019230769230769 0.02685361216730038
0 0.17836538461538462 0.628208174904943 0.0733974358974359 0.0278041825095057
0 0.48509615384615384 0.37274239543726234 0.07660256410256411 0.028754752851711026
0 0.7737179487179487 0.7256416349809885 0.07371794871794872 0.032081749049429654
0 0.7931089743589743 0.692134030418251 0.07275641025641026 0.019724334600760455
0 0.7041666666666667 0.6904705323193916 0.07435897435897436 0.028754752851711026
0 0.698076923076923 0.7263545627376425 0.07243589743589744 0.031131178707224334
0 0.5532051282051282 0.7138783269961977 0.05961538461538462 0.04325095057034221
0 0.6165064102564103 0.6996197718631179 0.052884615384615384 0.0470532319391635
0 0.4809294871794872 0.6888070342205324 0.06506410256410257 0.03255703422053232
0 0.4879807692307692 0.7264733840304183 0.0625 0.03136882129277566
0 0.42275641025641025 0.7267110266159695 0.06217948717948718 0.029467680608365018
0 0.3453525641025641 0.7305133079847909 0.08044871794871795 0.0370722433460076
0 0.04358974358974359 0.11228612167300381 0.05064102564102564 0.039211026615969584
0 0.2641025641025641 0.7301568441064639 0.075 0.031606463878326996
0 0.18060897435897436 0.7034220532319392 0.07788461538461539 0.027566539923954372
0 0.18381410256410258 0.7351473384030418 0.0810897435897436 0.02637832699619772
0 0.10032051282051282 0.6894011406844106 0.07756410256410257 0.03136882129277566
0 0.10657051282051282 0.7238593155893536 0.06634615384615385 0.03136882129277566
0 0.11266025641025641 0.8262832699619772 0.07532051282051282 0.03802281368821293
0 0.19487179487179487 0.8275903041825095 0.06987179487179487 0.03588403041825095
0 0.2748397435897436 0.8252138783269962 0.07275641025641026 0.028754752851711026
0 0.3556089743589744 0.8250950570342205 0.07083333333333333 0.030893536121673004
0 0.4389423076923077 0.8318678707224335 0.06762820512820512 0.02970532319391635
0 0.4310897435897436 0.8018060836501901 0.07884615384615384 0.02614068441064639
0 0.43493589743589745 0.7763783269961977 0.07948717948717948 0.01758555133079848
0 0.5203525641025641 0.7839828897338403 0.06698717948717949 0.025190114068441065
0 0.5213141025641026 0.8231939163498099 0.07211538461538461 0.03944866920152091
0 0.5993589743589743 0.8230750950570342 0.0685897435897436 0.036834600760456276
0 0.6745192307692308 0.8225998098859315 0.06891025641025642 0.04586501901140684
0 0.7503205128205128 0.7934885931558935 0.07371794871794872 0.03184410646387833
0 0.7474358974358974 0.8311549429657795 0.07115384615384615 0.035408745247148286
0 0.8541666666666666 0.7295627376425855 0.07115384615384615 0.03754752851711027
0 0.5472756410256411 0.6311787072243346 0.07403846153846154 0.03849809885931559
0 0.46971153846153846 0.6297528517110266 0.07596153846153846 0.03326996197718631
0 0.9448717948717948 0.6715779467680608 0.09935897435897435 0.15874524714828897
0 0.0828525641025641 0.4031606463878327 0.07596153846153846 0.03255703422053232
0 0.16634615384615384 0.40399239543726234 0.08076923076923077 0.034220532319391636
0 0.3299679487179487 0.4049429657794677 0.0733974358974359 0.03136882129277566
0 0.0953525641025641 0.48086977186311786 0.08044871794871795 0.02970532319391635
0 0.09967948717948719 0.5181796577946768 0.08269230769230769 0.03493346007604563
0 0.18365384615384617 0.4836026615969582 0.07371794871794872 0.03279467680608365
0 0.1831730769230769 0.5180608365019012 0.07596153846153846 0.03231939163498099
0 0.2608974358974359 0.4838403041825095 0.075 0.030893536121673004
0 0.2626602564102564 0.5191302281368821 0.07211538461538461 0.032081749049429654
0 0.33814102564102566 0.47136406844106465 0.07307692307692308 0.035408745247148286
0 0.3375 0.5148526615969582 0.07179487179487179 0.04063688212927757
0 0.4206730769230769 0.4681558935361217 0.07788461538461539 0.04134980988593156
0 0.4206730769230769 0.5143773764258555 0.07788461538461539 0.04491444866920152
0 0.6272435897435897 0.47920627376425856 0.0673076923076923 0.0339828897338403
0 0.4842948717948718 0.408388783269962 0.0685897435897436 0.03065589353612167
0 0.6969551282051282 0.47920627376425856 0.06378205128205128 0.031131178707224334
0 0.7035256410256411 0.5184173003802282 0.07307692307692308 0.03065589353612167
0 0.7737179487179487 0.5116444866920152 0.05705128205128205 0.034220532319391636
0 0.8491987179487179 0.5166349809885932 0.061217948717948716 0.03944866920152091
0 0.9447115384615384 0.5008317490494296 0.10224358974358974 0.14615019011406843
0 0.09887820512820512 0.6291587452471483 0.07083333333333333 0.02970532319391635
0 0.2568910256410256 0.622504752851711 0.06057692307692308 0.033507604562737645
0 0.32596153846153847 0.6270199619771863 0.075 0.035408745247148286
0 0.4716346153846154 0.593393536121673 0.06955128205128205 0.034695817490494295
0 0.5463141025641025 0.594106463878327 0.07211538461538461 0.03374524714828897
0 0.6245192307692308 0.594819391634981 0.07211538461538461 0.04277566539923954
0 0.6261217948717949 0.6333174904942965 0.07211538461538461 0.030418250950570342
0 0.7548076923076923 0.625 0.05897435897435897 0.043726235741444866
0 0.8432692307692308 0.5968393536121673 0.07628205128205129 0.02923003802281369
0 0.844551282051282 0.6301093155893536 0.075 0.031606463878326996
0 0.6278846153846154 0.5186549429657795 0.0685897435897436 0.031131178707224334
0 0.2637820512820513 0.6936787072243346 0.07756410256410257 0.03279467680608365
0 0.2501602564102564 0.4031606463878327 0.0733974358974359 0.03255703422053232
