0 0.4536356209150327 0.6505821078431373 0.037173202614379085 0.06158088235294118
0 0.7700163398692811 0.6580882352941176 0.011437908496732025 0.07965686274509803
0 0.497140522875817 0.6539522058823529 0.025326797385620915 0.07261029411764706
0 0.5955882352941176 0.6354166666666666 0.04003267973856209 0.0741421568627451
0 0.6864787581699346 0.6606924019607843 0.0298202614379085 0.0860906862745098
0 0.7297794117647058 0.6603860294117647 0.030637254901960783 0.07873774509803921
0 0.7947303921568627 0.6560968137254902 0.01919934640522876 0.0818014705882353
0 0.9315767973856209 0.6484375 0.030637254901960783 0.08118872549019608
0 0.8186274509803921 0.6550245098039216 0.00980392156862745 0.08455882352941177
0 0.9154411764705882 0.7562806372549019 0.03431372549019608 0.05912990196078431
0 0.8316993464052288 0.6528799019607843 0.016339869281045753 0.0900735294117647
0 0.8703022875816994 0.6511948529411765 0.03880718954248366 0.08486519607843138
0 0.9889705882352942 0.6698835784313726 0.021241830065359478 0.08057598039215687
0 0.9603758169934641 0.6605392156862745 0.024509803921568627 0.08149509803921569
0 0.41482843137254904 0.6560968137254902 0.03308823529411765 0.0628063725490196
0 0.8086192810457516 0.6547181372549019 0.00857843137254902 0.08394607843137254
0 0.31556372549019607 0.6606924019607843 0.020016339869281044 0.05974264705882353
0 0.9689542483660131 0.5560661764705882 0.0196078431372549 0.07475490196078431
0 0.3805147058823529 0.6737132352941176 0.02246732026143791 0.06678921568627451
0 0.9350490196078431 0.5566789215686274 0.008986928104575163 0.07475490196078431
0 0.10947712418300654 0.7700674019607843 0.059640522875817 0.06954656862745098
0 0.9456699346405228 0.5560661764705882 0.011437908496732025 0.07720588235294118
0 0.9558823529411765 0.5548406862745098 0.008986928104575163 0.07598039215686274
0 0.9901960784313726 0.5464154411764706 0.02042483660130719 0.07628676470588236
0 0.025122549019607844 0.6637561274509803 0.03145424836601307 0.09957107843137254
0 0.0690359477124183 0.6616115196078431 0.0392156862745098 0.09528186274509803
0 0.29840686274509803 0.6597732843137255 0.01184640522875817 0.05912990196078431
0 0.10416666666666667 0.6602328431372549 0.02287581699346405 0.08762254901960784
0 0.15155228758169934 0.6812193627450981 0.022058823529411766 0.10508578431372549
0 0.17320261437908496 0.6825980392156863 0.02042483660130719 0.10600490196078431
0 0.19301470588235295 0.6832107843137255 0.02165032679738562 0.10355392156862746
0 0.23794934640522875 0.6609987745098039 0.04779411764705882 0.0701593137254902
0 0.2818627450980392 0.6573223039215687 0.01715686274509804 0.06525735294117647
0 0.346609477124183 0.6701899509803921 0.01511437908496732 0.0744485294117647
0 0.3611111111111111 0.6734068627450981 0.015522875816993464 0.06801470588235294
0 0.13031045751633988 0.6821384803921569 0.02042483660130719 0.10263480392156862
0 0.15788398692810457 0.7628676470588235 0.03145424836601307 0.04840686274509804
0 0.9330065359477124 0.8428308823529411 0.0661764705882353 0.02144607843137255
0 0.23672385620915032 0.7604166666666666 0.025735294117647058 0.0821078431372549
0 0.3619281045751634 0.8534007352941176 0.06862745098039216 0.021139705882352942
0 0.43933823529411764 0.8149509803921569 0.0763888888888889 0.020833333333333332
0 0.4362745098039216 0.8448223039215687 0.06372549019607843 0.02297794117647059
0 0.5136846405228758 0.8486519607843137 0.08374183006535947 0.023284313725490197
0 0.6078431372549019 0.8374693627450981 0.08088235294117647 0.022365196078431373
0 0.6719771241830066 0.8336397058823529 0.0392156862745098 0.03431372549019608
0 0.7124183006535948 0.8282781862745098 0.03431372549019608 0.030943627450980393
0 0.28165849673202614 0.8135723039215687 0.09027777777777778 0.020526960784313725
0 0.766952614379085 0.8374693627450981 0.06985294117647059 0.022365196078431373
0 0.8600898692810458 0.8524816176470589 0.0763888888888889 0.021752450980392156
0 0.9227941176470589 0.8193933823529411 0.07107843137254902 0.017463235294117647
0 0.923202614379085 0.7988664215686274 0.07516339869281045 0.015012254901960785
0 0.9846813725490197 0.8462009803921569 0.03145424836601307 0.01838235294117647
0 0.8572303921568627 0.8219975490196079 0.042075163398692814 0.034926470588235295
0 0.9875408496732027 0.7515318627450981 0.024918300653594773 0.061887254901960786
0 0.9172794117647058 0.5548406862745098 0.01838235294117647 0.07475490196078431
0 0.7939133986928104 0.8175551470588235 0.0755718954248366 0.016237745098039217
0 0.2042483660130719 0.758578431372549 0.03104575163398693 0.03982843137254902
0 0.28145424836601307 0.8573835784313726 0.08006535947712418 0.011948529411764705
0 0.18647875816993464 0.8567708333333334 0.07883986928104575 0.020526960784313725
0 0.3002450980392157 0.7567401960784313 0.025326797385620915 0.06985294117647059
0 0.3382352941176471 0.7472426470588235 0.021241830065359478 0.05821078431372549
0 0.375 0.7555147058823529 0.04656862745098039 0.06985294117647059
0 0.4285130718954248 0.7602634803921569 0.04493464052287582 0.07935049019607843
0 0.5006127450980392 0.7596507352941176 0.025735294117647058 0.078125
0 0.5400326797385621 0.7564338235294118 0.03104575163398693 0.08149509803921569
0 0.6100898692810458 0.7463235294117647 0.05024509803921569 0.08026960784313726
0 0.2702205882352941 0.8416053921568627 0.08619281045751634 0.016544117647058824
0 0.6893382352941176 0.7680759803921569 0.03227124183006536 0.08272058823529412
0 0.7994281045751634 0.7568933823529411 0.028594771241830064 0.07996323529411764
0 0.8378267973856209 0.757046568627451 0.028594771241830064 0.07536764705882353
0 0.02062908496732026 0.8328737745098039 0.04125816993464052 0.06158088235294118
0 0.014093137254901961 0.7723651960784313 0.028186274509803922 0.05575980392156863
0 0.09803921568627451 0.8215379901960784 0.06781045751633986 0.021752450980392156
0 0.09803921568627451 0.852328431372549 0.08415032679738563 0.02144607843137255
0 0.17749183006535948 0.8239889705882353 0.07965686274509803 0.01991421568627451
0 0.7553104575163399 0.7624080882352942 0.03676470588235294 0.06893382352941177
0 0.9009395424836601 0.5562193627450981 0.014297385620915032 0.07383578431372549
0 0.05494281045751634 0.7601102941176471 0.03308823529411765 0.061887254901960786
0 0.858047385620915 0.5454963235294118 0.01511437908496732 0.07199754901960784
0 0.9297385620915033 0.3169424019607843 0.024509803921568627 0.09650735294117647
0 0.8954248366013072 0.31418504901960786 0.035130718954248366 0.09589460784313726
0 0.8476307189542484 0.31878063725490197 0.029411764705882353 0.07628676470588236
0 0.8092320261437909 0.3177083333333333 0.016339869281045753 0.08639705882352941
0 0.7965686274509803 0.3174019607843137 0.010620915032679739 0.0857843137254902
0 0.7824754901960784 0.33026960784313725 0.014297385620915032 0.08517156862745098
0 0.7689950980392157 0.33118872549019607 0.012663398692810458 0.0821078431372549
0 0.7448937908496732 0.31418504901960786 0.012663398692810458 0.08854166666666667
0 0.9648692810457516 0.31173406862745096 0.03022875816993464 0.09589460784313726
0 0.7297794117647058 0.31265318627450983 0.017565359477124183 0.09037990196078431
0 0.6862745098039216 0.31403186274509803 0.01715686274509804 0.09313725490196079
0 0.6513480392156863 0.3154105392156863 0.03308823529411765 0.08915441176470588
0 0.6058006535947712 0.32015931372549017 0.035130718954248366 0.09129901960784313
0 0.5678104575163399 0.3160232843137255 0.032679738562091505 0.09712009803921569
0 0.5296160130718954 0.3137254901960784 0.0298202614379085 0.09987745098039216
0 0.4963235294117647 0.3112745098039216 0.02696078431372549 0.0974264705882353
0 0.5512663398692811 0.6521139705882353 0.024918300653594773 0.07628676470588236
0 0.5241013071895425 0.6528799019607843 0.025326797385620915 0.07291666666666667
0 0.7030228758169934 0.31387867647058826 0.015522875816993464 0.09160539215686274
0 0.015727124183006536 0.4410232843137255 0.028186274509803922 0.0977328431372549
0 0.0479983660130719 0.4352022058823529 0.01919934640522876 0.09589460784313726
0 0.06495098039215687 0.43581495098039214 0.014705882352941176 0.09466911764705882
0 0.5275735294117647 0.43795955882352944 0.015931372549019607 0.08241421568627451
0 0.4948937908496732 0.4325980392156863 0.027369281045751634 0.0857843137254902
0 0.45874183006535946 0.4322916666666667 0.022058823529411766 0.08762254901960784
0 0.42544934640522875 0.4348958333333333 0.016748366013071895 0.07751225490196079
0 0.4105392156862745 0.43474264705882354 0.012254901960784314 0.0778186274509804
0 0.38255718954248363 0.42784926470588236 0.023284313725490197 0.08118872549019608
0 0.3478349673202614 0.4244791666666667 0.017565359477124183 0.0934436274509804
0 0.3263888888888889 0.42493872549019607 0.02287581699346405 0.09191176470588236
0 0.29983660130718953 0.4263174019607843 0.014705882352941176 0.09466911764705882
0 0.28125 0.42800245098039214 0.02246732026143791 0.09129901960784313
0 0.25449346405228757 0.43857230392156865 0.0196078431372549 0.09895833333333333
0 0.23386437908496732 0.4387254901960784 0.020016339869281044 0.09803921568627451
0 0.20710784313725492 0.4260110294117647 0.017973856209150325 0.08792892156862746
0 0.19056372549019607 0.4260110294117647 0.016748366013071895 0.08915441176470588
0 0.15706699346405228 0.43535539215686275 0.016748366013071895 0.09313725490196079
0 0.13664215686274508 0.43535539215686275 0.024101307189542485 0.09375
0 0.1090686274509804 0.4299938725490196 0.0196078431372549 0.09712009803921569
0 0.08966503267973856 0.43045343137254904 0.01919934640522876 0.09620098039215687
0 0.8770424836601307 0.5470281862745098 0.021241830065359478 0.06893382352941177
0 0.4673202614379085 0.31464460784313725 0.02369281045751634 0.09926470588235294
0 0.5437091503267973 0.43933823529411764 0.016339869281045753 0.08026960784313726
0 0.4244281045751634 0.3154105392156863 0.02369281045751634 0.09099264705882353
0 0.38766339869281047 0.32015931372549017 0.014705882352941176 0.08884803921568628
0 0.6090686274509803 0.19439338235294118 0.041666666666666664 0.10079656862745098
0 0.5698529411764706 0.1881127450980392 0.03022875816993464 0.10294117647058823
0 0.5367647058823529 0.18336397058823528 0.027777777777777776 0.10508578431372549
0 0.4987745098039216 0.18382352941176472 0.035130718954248366 0.1017156862745098
0 0.46486928104575165 0.18933823529411764 0.027777777777777776 0.10049019607843138
0 0.42626633986928103 0.19132965686274508 0.030637254901960783 0.09712009803921569
0 0.3954248366013072 0.19224877450980393 0.03022875816993464 0.1014093137254902
0 0.35130718954248363 0.18949142156862744 0.03758169934640523 0.10079656862745098
0 0.6546160130718954 0.18535539215686275 0.0363562091503268 0.10477941176470588
0 0.3147467320261438 0.19286151960784315 0.024918300653594773 0.0977328431372549
0 0.23508986928104575 0.1870404411764706 0.015931372549019607 0.1056985294117647
0 0.22099673202614378 0.1871936274509804 0.013888888888888888 0.10355392156862746
0 0.18974673202614378 0.18091299019607843 0.01511437908496732 0.09834558823529412
0 0.1715686274509804 0.1799938725490196 0.02042483660130719 0.09834558823529412
0 0.13562091503267973 0.18627450980392157 0.03431372549019608 0.09926470588235294
0 0.09824346405228758 0.1876531862745098 0.0298202614379085 0.10447303921568628
0 0.04738562091503268 0.18673406862745098 0.03431372549019608 0.0977328431372549
0 0.01184640522875817 0.18627450980392157 0.02369281045751634 0.1017156862745098
0 0.2792075163398693 0.19224877450980393 0.03390522875816993 0.09650735294117647
0 0.690359477124183 0.18887867647058823 0.03104575163398693 0.10202205882352941
0 0.7308006535947712 0.18857230392156862 0.032679738562091505 0.10386029411764706
0 0.7647058823529411 0.18918504901960784 0.032679738562091505 0.10508578431372549
0 0.35580065359477125 0.3118872549019608 0.021241830065359478 0.09068627450980392
0 0.33619281045751637 0.3118872549019608 0.01715686274509804 0.09129901960784313
0 0.3082107843137255 0.31357230392156865 0.01511437908496732 0.09221813725490197
0 0.2930964052287582 0.3134191176470588 0.013480392156862746 0.09191176470588236
0 0.255718954248366 0.31387867647058826 0.018790849673202614 0.0940563725490196
0 0.23835784313725492 0.3118872549019608 0.015931372549019607 0.09620098039215687
0 0.21343954248366012 0.3131127450980392 0.024101307189542485 0.09375
0 0.17034313725490197 0.3134191176470588 0.017973856209150325 0.0974264705882353
0 0.15012254901960784 0.31173406862745096 0.01919934640522876 0.10079656862745098
0 0.10355392156862746 0.3161764705882353 0.034722222222222224 0.10232843137254902
0 0.058823529411764705 0.3098958333333333 0.03104575163398693 0.10876225490196079
0 0.013888888888888888 0.3137254901960784 0.027777777777777776 0.09987745098039216
0 0.9507761437908496 0.19102328431372548 0.024918300653594773 0.09160539215686274
0 0.9178921568627451 0.1948529411764706 0.016339869281045753 0.09497549019607843
0 0.889501633986928 0.18504901960784315 0.023284313725490197 0.0900735294117647
0 0.8717320261437909 0.18566176470588236 0.013888888888888888 0.09068627450980392
0 0.8515114379084967 0.18581495098039216 0.017565359477124183 0.09834558823529412
0 0.8331290849673203 0.1879595588235294 0.01919934640522876 0.09283088235294118
0 0.8041258169934641 0.20235906862745098 0.025735294117647058 0.09528186274509803
0 0.4021650326797386 0.3206188725490196 0.014297385620915032 0.08792892156862746
0 0.5641339869281046 0.4306066176470588 0.012254901960784314 0.07689950980392157
0 0.7563316993464052 0.6579350490196079 0.015931372549019607 0.08057598039215687
0 0.610702614379085 0.43213848039215685 0.02696078431372549 0.08792892156862746
0 0.7724673202614379 0.5370710784313726 0.0196078431372549 0.07904411764705882
0 0.7561274509803921 0.5396752450980392 0.012254901960784314 0.0744485294117647
0 0.22630718954248366 0.5523897058823529 0.021241830065359478 0.07291666666666667
0 0.7258986928104575 0.5430453431372549 0.031862745098039214 0.0860906862745098
0 0.25326797385620914 0.5514705882352942 0.02042483660130719 0.08149509803921569
0 0.2730800653594771 0.5520833333333334 0.01838235294117647 0.08026960784313726
0 0.6758578431372549 0.5454963235294118 0.037173202614379085 0.0860906862745098
0 0.8078022875816994 0.5513174019607843 0.0298202614379085 0.08854166666666667
0 0.6407271241830066 0.5431985294117647 0.024918300653594773 0.08884803921568628
0 0.5383986928104575 0.5438112745098039 0.027777777777777776 0.08517156862745098
0 0.49754901960784315 0.5511642156862745 0.029411764705882353 0.09252450980392157
0 0.4618055555555556 0.5484068627450981 0.028186274509803922 0.08946078431372549
0 0.4229983660130719 0.5496323529411765 0.027369281045751634 0.09191176470588236
0 0.3874591503267974 0.5459558823529411 0.020016339869281044 0.08823529411764706
0 0.3110702614379085 0.5502450980392157 0.014297385620915032 0.07904411764705882
0 0.5772058823529411 0.43014705882352944 0.016339869281045753 0.07720588235294118
0 0.5910947712418301 0.5387561274509803 0.03104575163398693 0.0897671568627451
0 0.3672385620915033 0.546109068627451 0.021241830065359478 0.08731617647058823
0 0.3292483660130719 0.5487132352941176 0.022058823529411766 0.08026960784313726
0 0.6964869281045751 0.4371936274509804 0.017973856209150325 0.08946078431372549
0 0.20751633986928106 0.5517769607843137 0.015522875816993464 0.07475490196078431
0 0.9650735294117647 0.43995098039215685 0.01838235294117647 0.07475490196078431
0 0.9462826797385621 0.43765318627450983 0.01919934640522876 0.07935049019607843
0 0.9031862745098039 0.43275122549019607 0.028594771241830064 0.08363970588235294
0 0.8703022875816994 0.4368872549019608 0.0298202614379085 0.08946078431372549
0 0.7571486928104575 0.4368872549019608 0.03390522875816993 0.08946078431372549
0 0.730187908496732 0.4401041666666667 0.01511437908496732 0.08854166666666667
0 0.7167075163398693 0.4404105392156863 0.013480392156862746 0.08915441176470588
0 0.030433006535947712 0.5559129901960784 0.02246732026143791 0.07996323529411764
0 0.013276143790849673 0.5559129901960784 0.013480392156862746 0.08057598039215687
0 0.18116830065359477 0.5503982843137255 0.020016339869281044 0.07935049019607843
0 0.6807598039215687 0.4378063725490196 0.01511437908496732 0.08884803921568628
0 0.13337418300653595 0.5643382352941176 0.020833333333333332 0.07536764705882353
0 0.11764705882352941 0.5628063725490197 0.011437908496732025 0.0778186274509804
0 0.08680555555555555 0.5542279411764706 0.013480392156862746 0.07169117647058823
0 0.07169117647058823 0.5526960784313726 0.012663398692810458 0.0741421568627451
0 0.6401143790849673 0.4330575980392157 0.02696078431372549 0.09160539215686274
