0 0.84375 0.6012561274509803 0.011029411764705883 0.07689950980392157
0 0.1750408496732026 0.6174938725490197 0.1156045751633987 0.018688725490196078
0 0.7632761437908496 0.6109068627450981 0.12050653594771242 0.02022058823529412
0 0.2977941176470588 0.6151960784313726 0.10784313725490197 0.026348039215686275
0 0.4070669934640523 0.6110600490196079 0.10334967320261437 0.01991421568627451
0 0.5263480392156863 0.6113664215686274 0.11151960784313726 0.016237745098039217
0 0.6403186274509803 0.6124387254901961 0.1090686274509804 0.02022058823529412
0 0.8592728758169934 0.6104473039215687 0.015931372549019607 0.06158088235294118
0 0.7463235294117647 0.6829044117647058 0.04820261437908497 0.09558823529411764
0 0.7939133986928104 0.6818321078431373 0.03553921568627451 0.0860906862745098
0 0.8796977124183006 0.7256433823529411 0.011029411764705883 0.0818014705882353
0 0.18647875816993464 0.5870098039215687 0.09926470588235294 0.025122549019607844
0 0.8858251633986928 0.6049325980392157 0.011029411764705883 0.07567401960784313
0 0.9015522875816994 0.4909620098039216 0.010620915032679739 0.07873774509803921
0 0.9475081699346405 0.6032475490196079 0.015931372549019607 0.07904411764705882
0 0.9283088235294118 0.6011029411764706 0.015931372549019607 0.07475490196078431
0 0.9315767973856209 0.48651960784313725 0.01184640522875817 0.07598039215686274
0 0.9722222222222222 0.4928002450980392 0.011437908496732025 0.06893382352941177
0 0.9865196078431373 0.4918811274509804 0.00980392156862745 0.06832107843137254
0 0.9430147058823529 0.49004289215686275 0.011029411764705883 0.0744485294117647
0 0.9164624183006536 0.4921875 0.01511437908496732 0.0818014705882353
0 0.7532679738562091 0.5439644607843137 0.10049019607843138 0.018688725490196078
0 0.6491013071895425 0.5430453431372549 0.09558823529411764 0.023590686274509803
0 0.6441993464052288 0.5173100490196079 0.10130718954248366 0.017463235294117647
0 0.5267565359477124 0.5145526960784313 0.11233660130718955 0.014399509803921568
0 0.5334967320261438 0.5465686274509803 0.10620915032679738 0.018995098039215685
0 0.8929738562091504 0.7241115196078431 0.010620915032679739 0.07935049019607843
0 0.9015522875816994 0.6035539215686274 0.016339869281045753 0.07536764705882353
0 0.9080882352941176 0.7225796568627451 0.013888888888888888 0.07077205882352941
0 0.5277777777777778 0.6841299019607843 0.05228758169934641 0.0900735294117647
0 0.9712009803921569 0.7302389705882353 0.013480392156862746 0.07261029411764706
0 0.8786764705882353 0.8471200980392157 0.016339869281045753 0.08700980392156862
0 0.9050245098039216 0.8394607843137255 0.01184640522875817 0.08455882352941177
0 0.9330065359477124 0.8443627450980392 0.017973856209150325 0.08946078431372549
0 0.9781454248366013 0.8538602941176471 0.023284313725490197 0.08762254901960784
0 0.7310049019607843 0.9203431372549019 0.051879084967320264 0.01838235294117647
0 0.7297794117647058 0.9394914215686274 0.0494281045751634 0.01133578431372549
0 0.7412173202614379 0.9005821078431373 0.05269607843137255 0.008884803921568627
0 0.7461192810457516 0.8818933823529411 0.06004901960784314 0.017463235294117647
0 0.7877859477124183 0.9378063725490197 0.054330065359477125 0.017769607843137254
0 0.6092728758169934 0.8884803921568627 0.046977124183006536 0.02144607843137255
0 0.6652369281045751 0.8855698529411765 0.05106209150326797 0.02420343137254902
0 0.6646241830065359 0.9114583333333334 0.0457516339869281 0.015931372549019607
0 0.610498366013072 0.9099264705882353 0.05269607843137255 0.012867647058823529
0 0.6137663398692811 0.9235600490196079 0.051879084967320264 0.011948529411764705
0 0.6117238562091504 0.9373468137254902 0.05923202614379085 0.013174019607843137
0 0.6687091503267973 0.9385723039215687 0.04656862745098039 0.010723039215686275
0 0.6672794117647058 0.9253982843137255 0.044526143790849675 0.008272058823529412
0 0.5557598039215687 0.9053308823529411 0.039624183006535946 0.0741421568627451
0 0.5228758169934641 0.8932291666666666 0.02369281045751634 0.05238970588235294
0 0.3611111111111111 0.9053308823529411 0.042483660130718956 0.06801470588235294
0 0.4452614379084967 0.9056372549019608 0.03349673202614379 0.07659313725490197
0 0.48713235294117646 0.9060968137254902 0.0363562091503268 0.07567401960784313
0 0.19934640522875818 0.9114583333333334 0.04493464052287582 0.0704656862745098
0 0.8482434640522876 0.844515931372549 0.01919934640522876 0.0860906862745098
0 0.9511846405228758 0.7308517156862745 0.01184640522875817 0.07138480392156862
0 0.7918709150326797 0.8072916666666666 0.046977124183006536 0.06862745098039216
0 0.602328431372549 0.8013174019607843 0.04779411764705882 0.08302696078431372
0 0.9879493464052288 0.7270220588235294 0.012663398692810458 0.0704656862745098
0 0.8504901960784313 0.7052696078431373 0.008986928104575163 0.07352941176470588
0 0.8202614379084967 0.7074142156862745 0.008986928104575163 0.07352941176470588
0 0.8282271241830066 0.703125 0.00857843137254902 0.06556372549019608
0 0.8359885620915033 0.7049632352941176 0.00857843137254902 0.06556372549019608
0 0.8417075163398693 0.7034313725490197 0.00857843137254902 0.06556372549019608
0 0.6339869281045751 0.6815257352941176 0.049836601307189546 0.10386029411764706
0 0.5804738562091504 0.6865808823529411 0.04656862745098039 0.09068627450980392
0 0.18852124183006536 0.6916360294117647 0.046977124183006536 0.08915441176470588
0 0.23794934640522875 0.6924019607843137 0.0494281045751634 0.09068627450980392
0 0.2900326797385621 0.6899509803921569 0.049836601307189546 0.0900735294117647
0 0.34987745098039214 0.6890318627450981 0.05024509803921569 0.0857843137254902
0 0.03676470588235294 0.6334252450980392 0.04656862745098039 0.08486519607843138
0 0.032066993464052285 0.4970894607843137 0.04861111111111111 0.109375
0 0.037377450980392156 0.765625 0.07475490196078431 0.09129901960784313
0 0.17585784313725492 0.8040747549019608 0.051879084967320264 0.08915441176470588
0 0.23141339869281047 0.8019301470588235 0.04044117647058824 0.08486519607843138
0 0.27961601307189543 0.8023897058823529 0.04779411764705882 0.08700980392156862
0 0.3286356209150327 0.8000919117647058 0.034722222222222224 0.08547794117647059
0 0.37193627450980393 0.8034620098039216 0.044526143790849675 0.08731617647058823
0 0.42463235294117646 0.8043811274509803 0.042075163398692814 0.08547794117647059
0 0.47855392156862747 0.796875 0.054330065359477125 0.08088235294117647
0 0.5388071895424836 0.8022365196078431 0.04820261437908497 0.08425245098039216
0 0.6605392156862745 0.8002450980392157 0.03758169934640523 0.08823529411764706
0 0.7318218954248366 0.8046875 0.0494281045751634 0.07077205882352941
0 0.4068627450980392 0.9045649509803921 0.03758169934640523 0.08425245098039216
0 0.8098447712418301 0.2621017156862745 0.013480392156862746 0.08670343137254902
0 0.33312908496732024 0.3705575980392157 0.028186274509803922 0.0744485294117647
0 0.3022875816993464 0.3705575980392157 0.024509803921568627 0.06893382352941177
0 0.2775735294117647 0.36902573529411764 0.017565359477124183 0.07751225490196079
0 0.2520424836601307 0.3727022058823529 0.0196078431372549 0.06158088235294118
0 0.2275326797385621 0.3746936274509804 0.01715686274509804 0.06066176470588235
0 0.2079248366013072 0.3714767156862745 0.016339869281045753 0.06709558823529412
0 0.18525326797385622 0.3710171568627451 0.016748366013071895 0.07352941176470588
0 0.1750408496732026 0.4557291666666667 0.027369281045751634 0.05116421568627451
0 0.21343954248366012 0.4571078431372549 0.03145424836601307 0.05698529411764706
0 0.2581699346405229 0.45327818627450983 0.031862745098039214 0.04993872549019608
0 0.2930964052287582 0.45526960784313725 0.024918300653594773 0.06066176470588235
0 0.32802287581699346 0.45465686274509803 0.026143790849673203 0.05330882352941176
0 0.3613153594771242 0.4502144607843137 0.030637254901960783 0.05606617647058824
0 0.4795751633986928 0.36902573529411764 0.021241830065359478 0.06587009803921569
0 0.40236928104575165 0.4557291666666667 0.032679738562091505 0.05422794117647059
0 0.4950980392156863 0.4476102941176471 0.022058823529411766 0.07904411764705882
0 0.5187908496732027 0.4476102941176471 0.015522875816993464 0.07904411764705882
0 0.5418709150326797 0.45113357843137253 0.01919934640522876 0.07199754901960784
0 0.5800653594771242 0.44607843137254904 0.03022875816993464 0.07598039215686274
0 0.6254084967320261 0.44454656862745096 0.028594771241830064 0.07352941176470588
0 0.6631944444444444 0.4446997549019608 0.024101307189542485 0.0701593137254902
0 0.7040441176470589 0.44224877450980393 0.02900326797385621 0.0664828431372549
0 0.17994281045751634 0.5482536764705882 0.10253267973856209 0.018688725490196078
0 0.2973856209150327 0.5441176470588235 0.11437908496732026 0.01838235294117647
0 0.4166666666666667 0.5473345588235294 0.10702614379084967 0.020526960784313725
0 0.21977124183006536 0.2619485294117647 0.024509803921568627 0.09865196078431372
0 0.19607843137254902 0.2624080882352941 0.0196078431372549 0.09466911764705882
0 0.15502450980392157 0.25566789215686275 0.02165032679738562 0.09650735294117647
0 0.4507761437908497 0.45098039215686275 0.04861111111111111 0.08088235294117647
0 0.5098039215686274 0.3681066176470588 0.02042483660130719 0.06770833333333333
0 0.5475898692810458 0.37545955882352944 0.012663398692810458 0.06709558823529412
0 0.5698529411764706 0.37254901960784315 0.013888888888888888 0.061887254901960786
0 0.33905228758169936 0.26669730392156865 0.021241830065359478 0.08915441176470588
0 0.36642156862745096 0.2616421568627451 0.014705882352941176 0.09620098039215687
0 0.3874591503267974 0.2613357843137255 0.017565359477124183 0.08823529411764706
0 0.45098039215686275 0.2536764705882353 0.017973856209150325 0.09497549019607843
0 0.47610294117647056 0.25582107843137253 0.014297385620915032 0.10477941176470588
0 0.5004084967320261 0.25827205882352944 0.021241830065359478 0.09436274509803921
0 0.5241013071895425 0.25796568627450983 0.022058823529411766 0.09803921568627451
0 0.5598447712418301 0.25643382352941174 0.020833333333333332 0.10661764705882353
0 0.6437908496732027 0.25582107843137253 0.0196078431372549 0.09926470588235294
0 0.715890522875817 0.25245098039215685 0.02900326797385621 0.10294117647058823
0 0.7532679738562091 0.25505514705882354 0.02369281045751634 0.10386029411764706
0 0.7747140522875817 0.25765931372549017 0.012663398692810458 0.09558823529411764
0 0.7930964052287581 0.2616421568627451 0.011029411764705883 0.09313725490196079
0 0.9258578431372549 0.25168504901960786 0.03390522875816993 0.09589460784313726
0 0.9771241830065359 0.2522977941176471 0.00980392156862745 0.09221813725490197
0 0.9910130718954249 0.2533700980392157 0.010620915032679739 0.0900735294117647
0 0.9323937908496732 0.37806372549019607 0.024101307189542485 0.08823529411764706
0 0.9607843137254902 0.37316176470588236 0.0196078431372549 0.08946078431372549
0 0.6427696078431373 0.3704044117647059 0.04044117647058824 0.06924019607843138
0 0.7087418300653595 0.36672794117647056 0.03022875816993464 0.0704656862745098
0 0.7381535947712419 0.3759191176470588 0.016339869281045753 0.08946078431372549
0 0.7681781045751634 0.36856617647058826 0.01511437908496732 0.0784313725490196
0 0.7849264705882353 0.36764705882352944 0.013480392156862746 0.07169117647058823
0 0.8080065359477124 0.36933210784313725 0.01715686274509804 0.07996323529411764
0 0.7996323529411765 0.4459252450980392 0.024101307189542485 0.06770833333333333
0 0.7722630718954249 0.44776348039215685 0.023284313725490197 0.06709558823529412
0 0.7406045751633987 0.4571078431372549 0.032679738562091505 0.06004901960784314
0 0.16523692810457516 0.37300857843137253 0.01511437908496732 0.06954656862745098
0 0.13684640522875818 0.4560355392156863 0.027777777777777776 0.05606617647058824
0 0.1301062091503268 0.2575061274509804 0.020016339869281044 0.09037990196078431
0 0.26919934640522875 0.25857843137254904 0.03104575163398693 0.10232843137254902
0 0.24611928104575165 0.2624080882352941 0.015931372549019607 0.09160539215686274
