0 0.25859375 0.872265625 0.05260416666666667 0.10703125
0 0.91640625 0.80703125 0.03802083333333333 0.0859375
0 0.9513020833333333 0.800390625 0.025520833333333333 0.0890625
0 0.3104166666666667 0.86328125 0.042708333333333334 0.103125
0 0.4625 0.860546875 0.040625 0.07890625
0 0.4171875 0.8568359375 0.04791666666666667 0.094921875
0 0.50234375 0.8576171875 0.034895833333333334 0.076953125
0 0.55078125 0.843359375 0.04635416666666667 0.09453125
0 0.5911458333333334 0.86015625 0.03333333333333333 0.0546875
0 0.6296875 0.8369140625 0.03958333333333333 0.088671875
0 0.6729166666666667 0.834765625 0.040625 0.08203125
0 0.7143229166666667 0.8283203125 0.04010416666666667 0.087890625
0 0.753125 0.8240234375 0.034375 0.086328125
0 0.7877604166666666 0.815625 0.030729166666666665 0.0984375
0 0.8205729166666667 0.81484375 0.0296875 0.08671875
0 0.98203125 0.79921875 0.030729166666666665 0.08671875
0 0.365625 0.8607421875 0.04895833333333333 0.098046875
0 0.8596354166666667 0.8072265625 0.03697916666666667 0.093359375
0 0.1734375 0.334375 0.040625 0.07890625
0 0.8276041666666667 0.7185546875 0.03125 0.046484375
0 0.5109375 0.4578125 0.04895833333333333 0.10546875
0 0.5572916666666666 0.46484375 0.0375 0.08125
0 0.59453125 0.4650390625 0.0359375 0.076953125
0 0.63203125 0.4572265625 0.034895833333333334 0.087109375
0 0.66953125 0.45703125 0.03697916666666667 0.08671875
0 0.7072916666666667 0.4533203125 0.034375 0.091796875
0 0.7497395833333333 0.44453125 0.04635416666666667 0.1046875
0 0.7942708333333334 0.444921875 0.041666666666666664 0.103125
0 0.8377604166666667 0.4419921875 0.04010416666666667 0.101953125
0 0.8778645833333333 0.4103515625 0.033854166666666664 0.082421875
0 0.9127604166666666 0.4091796875 0.033854166666666664 0.079296875
0 0.9510416666666667 0.4072265625 0.034375 0.077734375
0 0.978125 0.409375 0.016666666666666666 0.07734375
0 0.9893229166666667 0.3021484375 0.022395833333333334 0.078515625
0 0.96640625 0.3017578125 0.0203125 0.081640625
0 0.93828125 0.3015625 0.033854166666666664 0.08125
0 0.8934895833333333 0.3005859375 0.050520833333333334 0.082421875
0 0.84296875 0.3224609375 0.04739583333333333 0.087890625
0 0.7921875 0.32265625 0.052083333333333336 0.08828125
0 0.7403645833333333 0.3236328125 0.0484375 0.087890625
0 0.69375 0.3228515625 0.041666666666666664 0.091015625
0 0.6471354166666666 0.3173828125 0.05260416666666667 0.099609375
0 0.5921875 0.31484375 0.05416666666666667 0.10859375
0 0.8984375 0.61015625 0.027083333333333334 0.078125
0 0.8697916666666666 0.6138671875 0.027083333333333334 0.078515625
0 0.9908854166666666 0.6984375 0.019270833333333334 0.06484375
0 0.9575520833333333 0.7021484375 0.04114583333333333 0.069921875
0 0.9223958333333333 0.7044921875 0.025 0.069140625
0 0.8934895833333333 0.70625 0.030729166666666665 0.07109375
0 0.453125 0.46328125 0.0625 0.0921875
0 0.39296875 0.4583984375 0.05260416666666667 0.106640625
0 0.33697916666666666 0.4658203125 0.05416666666666667 0.097265625
0 0.27630208333333334 0.46328125 0.059895833333333336 0.0984375
0 0.9236979166666667 0.6095703125 0.024479166666666666 0.076953125
0 0.9513020833333333 0.60703125 0.025520833333333333 0.071875
0 0.9799479166666667 0.512890625 0.0296875 0.07109375
0 0.953125 0.5109375 0.021875 0.07890625
0 0.9265625 0.5115234375 0.027083333333333334 0.078515625
0 0.8981770833333333 0.508984375 0.025520833333333333 0.08359375
0 0.87265625 0.5107421875 0.024479166666666666 0.080859375
0 0.7885416666666667 0.58359375 0.035416666666666666 0.08671875
0 0.7513020833333334 0.5845703125 0.03697916666666667 0.088671875
0 0.709375 0.58046875 0.042708333333333334 0.10859375
0 0.6622395833333333 0.5828125 0.0484375 0.10546875
0 0.61953125 0.5904296875 0.034895833333333334 0.091015625
0 0.5783854166666667 0.5958984375 0.044270833333333336 0.094921875
0 0.5309895833333333 0.598046875 0.0390625 0.096875
0 0.8604166666666667 0.7052734375 0.030208333333333334 0.078515625
0 0.4869791666666667 0.5939453125 0.04479166666666667 0.107421875
0 0.39453125 0.61171875 0.04635416666666667 0.08515625
0 0.3416666666666667 0.61796875 0.04375 0.07421875
0 0.29739583333333336 0.622265625 0.041666666666666664 0.0765625
0 0.2609375 0.6091796875 0.03229166666666667 0.104296875
0 0.2234375 0.609765625 0.03958333333333333 0.10546875
0 0.15572916666666667 0.6177734375 0.03333333333333333 0.109765625
0 0.11770833333333333 0.617578125 0.0375 0.10703125
0 0.07864583333333333 0.6181640625 0.0375 0.110546875
0 0.04010416666666667 0.6205078125 0.03958333333333333 0.108203125
0 0.020572916666666666 0.4880859375 0.04114583333333333 0.065234375
0 0.06328125 0.4896484375 0.034895833333333334 0.066796875
0 0.10208333333333333 0.4888671875 0.041666666666666664 0.067578125
0 0.15520833333333334 0.455859375 0.06041666666666667 0.12265625
0 0.21510416666666668 0.4578125 0.057291666666666664 0.11953125
0 0.440625 0.6123046875 0.04479166666666667 0.083984375
0 0.7908854166666667 0.6953125 0.03697916666666667 0.08828125
0 0.8299479166666667 0.574609375 0.04114583333333333 0.1046875
0 0.7333333333333333 0.70625 0.04375 0.08359375
0 0.07109375 0.3185546875 0.04114583333333333 0.108984375
0 0.024479166666666666 0.3162109375 0.04895833333333333 0.111328125
0 0.05234375 0.161328125 0.0640625 0.10859375
0 0.11692708333333333 0.164453125 0.06197916666666667 0.1015625
0 0.19192708333333333 0.17890625 0.0421875 0.07421875
0 0.22578125 0.1859375 0.0234375 0.0640625
0 0.3104166666666667 0.165625 0.051041666666666666 0.10859375
0 0.36223958333333334 0.18203125 0.0421875 0.078125
0 0.4705729166666667 0.196484375 0.04114583333333333 0.059375
0 0.40598958333333335 0.1740234375 0.04114583333333333 0.028515625
0 0.12265625 0.3123046875 0.058854166666666666 0.117578125
0 0.41744791666666664 0.206640625 0.06197916666666667 0.034375
0 0.56171875 0.1849609375 0.03697916666666667 0.083203125
0 0.59921875 0.1822265625 0.034895833333333334 0.091015625
0 0.6494791666666667 0.1841796875 0.06354166666666666 0.088671875
0 0.7510416666666667 0.1974609375 0.04583333333333333 0.069921875
0 0.8 0.1912109375 0.04895833333333333 0.083984375
0 0.8505208333333333 0.190234375 0.046875 0.0890625
0 0.8872395833333333 0.1955078125 0.024479166666666666 0.083203125
0 0.97265625 0.18515625 0.034895833333333334 0.0953125
0 0.20234375 0.8767578125 0.05677083333333333 0.101953125
0 0.14036458333333332 0.882421875 0.05677083333333333 0.11640625
0 0.5184895833333333 0.1853515625 0.0453125 0.086328125
0 0.22447916666666667 0.316796875 0.058333333333333334 0.1140625
0 0.25364583333333335 0.185546875 0.027083333333333334 0.065625
0 0.33255208333333336 0.3076171875 0.0453125 0.044140625
0 0.6846354166666667 0.7107421875 0.0265625 0.089453125
0 0.6588541666666666 0.7154296875 0.021875 0.084765625
0 0.6192708333333333 0.7134765625 0.028125 0.092578125
0 0.28203125 0.314453125 0.05260416666666667 0.11484375
0 0.5033854166666667 0.73046875 0.0453125 0.0828125
0 0.45703125 0.7357421875 0.0453125 0.080859375
0 0.41067708333333336 0.7400390625 0.044270833333333336 0.079296875
0 0.36432291666666666 0.741796875 0.043229166666666666 0.08359375
0 0.31640625 0.743359375 0.0484375 0.08359375
0 0.2682291666666667 0.7498046875 0.04479166666666667 0.082421875
0 0.21510416666666668 0.75859375 0.06041666666666667 0.08359375
0 0.5505208333333333 0.7212890625 0.04895833333333333 0.091796875
0 0.09635416666666667 0.771875 0.057291666666666664 0.071875
0 0.15416666666666667 0.7685546875 0.058333333333333334 0.072265625
0 0.3380208333333333 0.3509765625 0.05625 0.043359375
0 0.3893229166666667 0.3423828125 0.0390625 0.056640625
0 0.4825520833333333 0.314453125 0.0546875 0.11015625
0 0.5348958333333333 0.30546875 0.04583333333333333 0.04453125
0 0.43125 0.3173828125 0.040625 0.104296875
0 0.08333333333333333 0.890234375 0.053125 0.11015625
0 0.02734375 0.895703125 0.0546875 0.11640625
0 0.03229166666666667 0.7765625 0.06145833333333333 0.0765625
0 0.5388020833333333 0.3498046875 0.05364583333333333 0.044140625
