0 0.2462890625 0.484375 0.038671875 0.096875
0 0.5169921875 0.48020833333333335 0.041015625 0.10416666666666667
0 0.4767578125 0.47682291666666665 0.038671875 0.11302083333333333
0 0.442578125 0.475 0.02734375 0.11770833333333333
0 0.2853515625 0.48385416666666664 0.036328125 0.1
0 0.365234375 0.4796875 0.0375 0.10520833333333333
0 0.3255859375 0.48046875 0.041015625 0.1046875
0 0.5552734375 0.48020833333333335 0.034765625 0.10416666666666667
0 0.4046875 0.48385416666666664 0.0390625 0.09270833333333334
0 0.594140625 0.48203125 0.04140625 0.10364583333333334
0 0.966796875 0.6346354166666667 0.03203125 0.1015625
0 0.67578125 0.47890625 0.0375 0.10364583333333334
0 0.7162109375 0.47994791666666664 0.037890625 0.10677083333333333
0 0.7548828125 0.48072916666666665 0.034765625 0.10625
0 0.792578125 0.48072916666666665 0.0390625 0.11145833333333334
0 0.833984375 0.47760416666666666 0.0421875 0.109375
0 0.87109375 0.47708333333333336 0.03125 0.11354166666666667
0 0.9095703125 0.4734375 0.041796875 0.11458333333333333
0 0.9494140625 0.471875 0.033203125 0.11145833333333334
0 0.983984375 0.4744791666666667 0.03203125 0.10833333333333334
0 0.207421875 0.484375 0.03671875 0.09895833333333333
0 0.635546875 0.48020833333333335 0.0375 0.10104166666666667
0 0.1693359375 0.4861979166666667 0.037890625 0.09739583333333333
0 0.5927734375 0.3 0.040234375 0.10625
0 0.0537109375 0.48854166666666665 0.038671875 0.09583333333333334
0 0.84921875 0.29583333333333334 0.0421875 0.11458333333333333
0 0.8052734375 0.29713541666666665 0.045703125 0.1203125
0 0.7640625 0.3 0.0359375 0.1125
0 0.722265625 0.30052083333333335 0.0484375 0.11458333333333333
0 0.679296875 0.2994791666666667 0.0359375 0.11666666666666667
0 0.6365234375 0.29453125 0.043359375 0.11822916666666666
0 0.9283203125 0.6356770833333333 0.042578125 0.0984375
0 0.551953125 0.29739583333333336 0.040625 0.11145833333333334
0 0.509765625 0.2984375 0.03515625 0.1125
0 0.4708984375 0.2981770833333333 0.039453125 0.11302083333333333
0 0.1302734375 0.48776041666666664 0.037890625 0.09739583333333333
0 0.427734375 0.309375 0.04375 0.09375
0 0.34296875 0.30911458333333336 0.0421875 0.09635416666666667
0 0.3005859375 0.30442708333333335 0.038671875 0.10052083333333334
0 0.259765625 0.3015625 0.0421875 0.11041666666666666
0 0.218359375 0.3028645833333333 0.040625 0.10677083333333333
0 0.179296875 0.3020833333333333 0.03828125 0.103125
0 0.13828125 0.3026041666666667 0.0421875 0.10416666666666667
0 0.0978515625 0.3026041666666667 0.037890625 0.10416666666666667
0 0.0548828125 0.3 0.044140625 0.1125
0 0.01640625 0.2986979166666667 0.0328125 0.1140625
0 0.0171875 0.48385416666666664 0.034375 0.10520833333333333
0 0.3849609375 0.30911458333333336 0.039453125 0.0953125
0 0.8900390625 0.6364583333333333 0.033984375 0.10208333333333333
0 0.9576171875 0.8229166666666666 0.041015625 0.128125
0 0.8146484375 0.6421875 0.035546875 0.09791666666666667
0 0.523828125 0.8450520833333334 0.0296875 0.1171875
0 0.490234375 0.86328125 0.02890625 0.08697916666666666
0 0.457421875 0.8619791666666666 0.03203125 0.08645833333333333
0 0.4248046875 0.8591145833333333 0.030859375 0.09114583333333333
0 0.3888671875 0.859375 0.032421875 0.09166666666666666
0 0.353125 0.8588541666666667 0.034375 0.09375
0 0.3169921875 0.8580729166666666 0.035546875 0.09114583333333333
0 0.28359375 0.8604166666666667 0.03125 0.08333333333333333
0 0.24921875 0.86015625 0.03515625 0.08385416666666666
0 0.213671875 0.8591145833333333 0.03515625 0.0859375
0 0.178125 0.8580729166666666 0.03046875 0.0859375
0 0.1412109375 0.859375 0.032421875 0.08541666666666667
0 0.10703125 0.8591145833333333 0.03515625 0.08802083333333334
0 0.0703125 0.8591145833333333 0.0375 0.0859375
0 0.0353515625 0.8578125 0.031640625 0.08854166666666667
0 0.03828125 0.64375 0.03828125 0.10416666666666667
0 0.0748046875 0.6434895833333333 0.029296875 0.10364583333333334
0 0.1095703125 0.6455729166666667 0.037890625 0.10052083333333334
0 0.1462890625 0.6481770833333333 0.033203125 0.09739583333333333
0 0.18203125 0.6471354166666666 0.0375 0.09739583333333333
0 0.8908203125 0.29713541666666665 0.041796875 0.1109375
0 0.5533203125 0.8453125 0.026171875 0.11875
0 0.58828125 0.86171875 0.0390625 0.08697916666666666
0 0.6263671875 0.85859375 0.034765625 0.08072916666666667
0 0.6642578125 0.8520833333333333 0.037109375 0.0875
0 0.77265625 0.6421875 0.03984375 0.09791666666666667
0 0.723046875 0.6447916666666667 0.0359375 0.09375
0 0.6849609375 0.64375 0.033984375 0.09479166666666666
0 0.64609375 0.6455729166666667 0.03359375 0.08802083333333334
0 0.608203125 0.6455729166666667 0.03828125 0.0921875
0 0.570703125 0.6424479166666667 0.03515625 0.0984375
0 0.531640625 0.6442708333333333 0.0328125 0.096875
0 0.4572265625 0.6455729166666667 0.037109375 0.0953125
0 0.4185546875 0.6442708333333333 0.038671875 0.1
0 0.3869140625 0.6455729166666667 0.022265625 0.0984375
0 0.8541015625 0.6395833333333333 0.037109375 0.096875
0 0.35859375 0.6447916666666667 0.03515625 0.10208333333333333
0 0.2931640625 0.6458333333333334 0.037890625 0.096875
0 0.25546875 0.6453125 0.0375 0.09791666666666667
0 0.219140625 0.6463541666666667 0.03203125 0.096875
0 0.9228515625 0.8213541666666667 0.026953125 0.13229166666666667
0 0.892578125 0.82109375 0.0328125 0.13177083333333334
0 0.858984375 0.84609375 0.0296875 0.09635416666666667
0 0.82421875 0.84765625 0.03828125 0.09635416666666667
0 0.7861328125 0.8471354166666667 0.033203125 0.0984375
0 0.747265625 0.84921875 0.03828125 0.09947916666666666
0 0.7025390625 0.8536458333333333 0.035546875 0.09583333333333334
0 0.3267578125 0.6432291666666666 0.027734375 0.1
0 0.967578125 0.2947916666666667 0.04453125 0.115625
0 0.09296875 0.4875 0.03671875 0.1
0 0.943359375 0.08958333333333333 0.0453125 0.12395833333333334
0 0.9833984375 0.0921875 0.030859375 0.11979166666666667
0 0.037890625 0.1 0.04140625 0.11458333333333333
0 0.0787109375 0.09973958333333334 0.040234375 0.11510416666666666
0 0.1232421875 0.09427083333333333 0.044921875 0.12083333333333333
0 0.1658203125 0.09635416666666667 0.040234375 0.11354166666666667
0 0.25078125 0.09375 0.040625 0.121875
0 0.29375 0.09401041666666667 0.04375 0.1234375
0 0.33671875 0.09375 0.040625 0.121875
0 0.379296875 0.09114583333333333 0.040625 0.12395833333333334
0 0.4236328125 0.09557291666666666 0.044140625 0.11822916666666666
0 0.2091796875 0.09348958333333333 0.042578125 0.12239583333333333
0 0.5048828125 0.09817708333333333 0.034765625 0.1171875
0 0.5466796875 0.09296875 0.044921875 0.12552083333333333
0 0.592578125 0.09557291666666666 0.03828125 0.1234375
0 0.637890625 0.09244791666666667 0.04609375 0.12135416666666667
0 0.6814453125 0.0921875 0.039453125 0.11979166666666667
0 0.897265625 0.09270833333333334 0.04453125 0.12083333333333333
0 0.7279296875 0.09114583333333333 0.047265625 0.12083333333333333
0 0.771875 0.09401041666666667 0.04140625 0.11822916666666666
0 0.8123046875 0.09036458333333333 0.035546875 0.11927083333333334
0 0.852734375 0.0890625 0.04453125 0.121875
0 0.4658203125 0.09921875 0.039453125 0.11302083333333333
