0 0.22120098039215685 0.38449754901960786 0.016748366013071895 0.028186274509803922
0 0.13623366013071894 0.4658394607843137 0.051879084967320264 0.078125
0 0.08312908496732026 0.4777879901960784 0.044526143790849675 0.05361519607843137
0 0.03022875816993464 0.45511642156862747 0.05392156862745098 0.09957107843137254
0 0.9613970588235294 0.4050245098039216 0.0428921568627451 0.0545343137254902
0 0.9023692810457516 0.4105392156862745 0.06862745098039216 0.0704656862745098
0 0.599468954248366 0.43121936274509803 0.04779411764705882 0.020526960784313725
0 0.8474264705882353 0.39047181372549017 0.015931372549019607 0.02297794117647059
0 0.8031045751633987 0.39077818627450983 0.01715686274509804 0.026041666666666668
0 0.20588235294117646 0.5036764705882353 0.05392156862745098 0.01715686274509804
0 0.7849264705882353 0.3915441176470588 0.015931372549019607 0.027573529411764705
0 0.764501633986928 0.38909313725490197 0.016748366013071895 0.027573529411764705
0 0.7481617647058824 0.3932291666666667 0.015931372549019607 0.026041666666666668
0 0.7289624183006536 0.3915441176470588 0.015931372549019607 0.03002450980392157
0 0.7079248366013072 0.39077818627450983 0.018790849673202614 0.026041666666666668
0 0.6856617647058824 0.3883272058823529 0.01919934640522876 0.02849264705882353
0 0.8259803921568627 0.39077818627450983 0.017973856209150325 0.026041666666666668
0 0.6640114379084967 0.38878676470588236 0.016748366013071895 0.024509803921568627
0 0.20506535947712418 0.5176164215686274 0.061274509803921566 0.008884803921568627
0 0.26000816993464054 0.46246936274509803 0.05024509803921569 0.047487745098039214
0 0.4334150326797386 0.2630208333333333 0.029411764705882353 0.14246323529411764
0 0.465890522875817 0.2722120098039216 0.0298202614379085 0.13939950980392157
0 0.5036764705882353 0.27190563725490197 0.035130718954248366 0.13878676470588236
0 0.5404411764705882 0.2746629901960784 0.031862745098039214 0.13939950980392157
0 0.5784313725490197 0.27205882352941174 0.025326797385620915 0.13664215686274508
0 0.6162173202614379 0.2728247549019608 0.03308823529411765 0.1332720588235294
0 0.6924019607843137 0.2763480392156863 0.026143790849673203 0.13541666666666666
0 0.6560457516339869 0.2734375 0.02696078431372549 0.13939950980392157
0 0.20690359477124182 0.5287990196078431 0.0559640522875817 0.00980392156862745
0 0.7271241830065359 0.2858455882352941 0.022058823529411766 0.14950980392156862
0 0.8396650326797386 0.2607230392156863 0.042075163398692814 0.08026960784313726
0 0.8907271241830066 0.2783394607843137 0.03880718954248366 0.0940563725490196
0 0.9332107843137255 0.2771139705882353 0.03390522875816993 0.10324754901960784
0 0.9820261437908496 0.27512254901960786 0.03594771241830065 0.09436274509803921
0 0.9607843137254902 0.13128063725490197 0.08006535947712418 0.09957107843137254
0 0.846609477124183 0.06678921568627451 0.08455882352941177 0.12377450980392157
0 0.30861928104575165 0.5206801470588235 0.025735294117647058 0.022365196078431373
0 0.26266339869281047 0.5145526960784313 0.049019607843137254 0.043198529411764705
0 0.7773692810457516 0.28262867647058826 0.032679738562091505 0.15042892156862744
0 0.6464460784313726 0.38955269607843135 0.014297385620915032 0.026041666666666668
0 0.6111111111111112 0.39108455882352944 0.01715686274509804 0.029105392156862746
0 0.24162581699346405 0.38556985294117646 0.016748366013071895 0.02297794117647059
0 0.10804738562091504 0.04718137254901961 0.0494281045751634 0.08455882352941177
0 0.0443218954248366 0.04871323529411765 0.06004901960784314 0.0900735294117647
0 0.11029411764705882 0.21430759803921567 0.04820261437908497 0.05912990196078431
0 0.060866013071895424 0.21537990196078433 0.04493464052287582 0.04963235294117647
0 0.017973856209150325 0.21706495098039216 0.029411764705882353 0.03829656862745098
0 0.983047385620915 0.5140931372549019 0.034722222222222224 0.0545343137254902
0 0.4826388888888889 0.3880208333333333 0.015931372549019607 0.027879901960784315
0 0.1656454248366013 0.051470588235294115 0.05923202614379085 0.09558823529411764
0 0.5077614379084967 0.38756127450980393 0.021241830065359478 0.02696078431372549
0 0.547998366013072 0.3828125 0.01184640522875817 0.036458333333333336
0 0.31209150326797386 0.2685355392156863 0.029411764705882353 0.14368872549019607
0 0.26919934640522875 0.2633272058823529 0.03022875816993464 0.14552696078431374
0 0.23202614379084968 0.26056985294117646 0.03594771241830065 0.14920343137254902
0 0.18872549019607843 0.26455269607843135 0.035130718954248366 0.15716911764705882
0 0.09068627450980392 0.34528186274509803 0.05065359477124183 0.0625
0 0.1968954248366013 0.38449754901960786 0.0196078431372549 0.034926470588235295
0 0.5263480392156863 0.3854166666666667 0.016748366013071895 0.03002450980392157
0 0.22977941176470587 0.05315563725490196 0.06004901960784314 0.10386029411764706
0 0.29268790849673204 0.0546875 0.054330065359477125 0.10447303921568628
0 0.35294117647058826 0.05545343137254902 0.05392156862745098 0.10600490196078431
0 0.5884395424836601 0.3883272058823529 0.015931372549019607 0.02849264705882353
0 0.5659722222222222 0.38786764705882354 0.015931372549019607 0.027573529411764705
0 0.7367238562091504 0.06387867647058823 0.11805555555555555 0.12040441176470588
0 0.5878267973856209 0.05958946078431373 0.04656862745098039 0.11672794117647059
0 0.5371732026143791 0.05897671568627451 0.04820261437908497 0.1130514705882353
0 0.47487745098039214 0.05821078431372549 0.060866013071895424 0.1090686274509804
0 0.33108660130718953 0.3866421568627451 0.01919934640522876 0.027573529411764705
0 0.30923202614379086 0.3857230392156863 0.01715686274509804 0.030637254901960783
0 0.2855392156862745 0.38526348039215685 0.017973856209150325 0.02971813725490196
0 0.2659313725490196 0.38756127450980393 0.01715686274509804 0.02696078431372549
0 0.35498366013071897 0.3861825980392157 0.02287581699346405 0.02665441176470588
0 0.3770424836601307 0.3866421568627451 0.018790849673202614 0.027573529411764705
0 0.39950980392156865 0.3864889705882353 0.015522875816993464 0.03216911764705882
0 0.4187091503267974 0.38863357843137253 0.018790849673202614 0.03155637254901961
0 0.4401552287581699 0.3864889705882353 0.016748366013071895 0.03216911764705882
0 0.46078431372549017 0.3825061274509804 0.02287581699346405 0.043198529411764705
0 0.41360294117647056 0.057904411764705885 0.06004901960784314 0.10845588235294118
0 0.6294934640522876 0.3903186274509804 0.017973856209150325 0.03002450980392157
0 0.6425653594771242 0.06219362745098039 0.05718954248366013 0.12193627450980392
0 0.010620915032679739 0.5716911764705882 0.014705882352941176 0.06433823529411764
0 0.3539624183006536 0.2633272058823529 0.0298202614379085 0.14552696078431374
0 0.8680555555555556 0.5949754901960784 0.07026143790849673 0.06311274509803921
0 0.8141339869281046 0.6170343137254902 0.0196078431372549 0.023284313725490197
0 0.8118872549019608 0.592984068627451 0.025735294117647058 0.02297794117647059
0 0.7785947712418301 0.6098345588235294 0.035130718954248366 0.0352328431372549
0 0.7806372549019608 0.5706188725490197 0.03594771241830065 0.03829656862745098
0 0.9530228758169934 0.5972732843137255 0.08333333333333333 0.053002450980392156
0 0.9381127450980392 0.5471813725490197 0.04370915032679738 0.04411764705882353
0 0.8868464052287581 0.5078125 0.05310457516339869 0.06587009803921569
0 0.8319035947712419 0.5139399509803921 0.0298202614379085 0.02542892156862745
0 0.7497957516339869 0.4993872549019608 0.05106209150326797 0.06801470588235294
0 0.7540849673202614 0.4456188725490196 0.06944444444444445 0.0352328431372549
0 0.6754493464052288 0.5145526960784313 0.020833333333333332 0.029105392156862746
0 0.6129493464052288 0.5090379901960784 0.05923202614379085 0.04197303921568627
0 0.610498366013072 0.46660539215686275 0.056781045751633986 0.03860294117647059
0 0.6488970588235294 0.4336703431372549 0.034722222222222224 0.020526960784313725
0 0.5292075163398693 0.44424019607843135 0.044526143790849675 0.041666666666666664
0 0.5586192810457516 0.5067401960784313 0.04616013071895425 0.013480392156862746
0 0.5573937908496732 0.5171568627450981 0.046977124183006536 0.007965686274509803
0 0.5604575163398693 0.5280330882352942 0.049836601307189546 0.008272058823529412
0 0.505718954248366 0.5134803921568627 0.02696078431372549 0.024509803921568627
0 0.48304738562091504 0.5159313725490197 0.016748366013071895 0.022058823529411766
0 0.47671568627450983 0.44362745098039214 0.026143790849673203 0.04044117647058824
0 0.4477124183006536 0.5093443627450981 0.04820261437908497 0.04503676470588235
0 0.43157679738562094 0.46078431372549017 0.04779411764705882 0.04840686274509804
0 0.3882761437908497 0.5090379901960784 0.04779411764705882 0.04197303921568627
0 0.6568627450980392 0.6182598039215687 0.018790849673202614 0.032475490196078434
0 0.6842320261437909 0.6196384803921569 0.027777777777777776 0.02849264705882353
0 0.7269199346405228 0.6122855392156863 0.056781045751633986 0.04442401960784314
0 0.6198937908496732 0.5727634803921569 0.06004901960784314 0.04258578431372549
0 0.08496732026143791 0.5615808823529411 0.02287581699346405 0.04656862745098039
0 0.13174019607843138 0.5637254901960784 0.020833333333333332 0.03860294117647059
0 0.1488970588235294 0.5686274509803921 0.010212418300653595 0.03676470588235294
0 0.39705882352941174 0.2616421568627451 0.03022875816993464 0.14705882352941177
0 0.03022875816993464 0.5545343137254902 0.015522875816993464 0.0661764705882353
0 0.05759803921568627 0.5943627450980392 0.0196078431372549 0.015931372549019607
0 0.21548202614379086 0.6006433823529411 0.053513071895424834 0.035845588235294115
0 0.27941176470588236 0.5759803921568627 0.05392156862745098 0.04411764705882353
0 0.2771650326797386 0.6205575980392157 0.05841503267973856 0.03707107843137255
0 0.22058823529411764 0.6412377450980392 0.05392156862745098 0.009191176470588236
0 0.2173202614379085 0.6276041666666666 0.05718954248366013 0.015625
0 0.2122140522875817 0.5635723039215687 0.04044117647058824 0.019301470588235295
0 0.35232843137254904 0.44454656862745096 0.03308823529411765 0.042279411764705885
0 0.3560049019607843 0.6271446078431373 0.027369281045751634 0.03125
0 0.3319035947712418 0.5620404411764706 0.030637254901960783 0.021139705882352942
0 0.39889705882352944 0.6015625 0.05269607843137255 0.008884803921568627
0 0.40155228758169936 0.6110600490196079 0.05473856209150327 0.008884803921568627
0 0.4040032679738562 0.6191789215686274 0.059640522875817 0.007965686274509803
0 0.40236928104575165 0.6272977941176471 0.049836601307189546 0.007659313725490196
0 0.3974673202614379 0.6375612745098039 0.049836601307189546 0.009191176470588236
0 0.45445261437908496 0.5733762254901961 0.051879084967320264 0.04136029411764706
0 0.45526960784313725 0.6176470588235294 0.04370915032679738 0.04105392156862745
0 0.5036764705882353 0.6234681372549019 0.02287581699346405 0.03125
0 0.5253267973856209 0.6174938725490197 0.014705882352941176 0.02849264705882353
0 0.5569852941176471 0.6070772058823529 0.0559640522875817 0.05361519607843137
0 0.6225490196078431 0.6153492647058824 0.0457516339869281 0.0389093137254902
0 0.3257761437908497 0.6260723039215687 0.024918300653594773 0.0389093137254902
0 0.315359477124183 0.44454656862745096 0.032679738562091505 0.04044117647058824
0 0.6509395424836601 0.5142463235294118 0.016748366013071895 0.023590686274509803
0 0.041666666666666664 0.9606311274509803 0.07679738562091504 0.07261029411764706
0 0.39828431372549017 0.8498774509803921 0.07107843137254902 0.014093137254901961
0 0.397875816993464 0.8658088235294118 0.07026143790849673 0.01715686274509804
0 0.3161764705882353 0.8717830882352942 0.08905228758169935 0.014399509803921568
0 0.3112745098039216 0.8376225490196079 0.0727124183006536 0.013480392156862746
0 0.2318218954248366 0.8754595588235294 0.07965686274509803 0.015012254901960785
0 0.230187908496732 0.8581495098039216 0.0763888888888889 0.013480392156862746
0 0.22998366013071894 0.8405330882352942 0.07924836601307189 0.011948529411764705
0 0.037173202614379085 0.8164828431372549 0.03594771241830065 0.03370098039215686
0 0.07720588235294118 0.8128063725490197 0.03594771241830065 0.03553921568627451
0 0.042075163398692814 0.8590686274509803 0.03594771241830065 0.04411764705882353
0 0.0821078431372549 0.8556985294117647 0.03349673202614379 0.044730392156862746
0 0.12336601307189543 0.8599877450980392 0.03594771241830065 0.0508578431372549
0 0.1715686274509804 0.8589154411764706 0.03594771241830065 0.0585171568627451
0 0.3429330065359477 0.5191482843137255 0.027369281045751634 0.02420343137254902
0 0.11723856209150327 0.9518995098039216 0.049019607843137254 0.07659313725490197
0 0.16462418300653595 0.9529718137254902 0.0392156862745098 0.08241421568627451
0 0.23223039215686275 0.9828431372549019 0.061683006535947715 0.03308823529411765
0 0.30494281045751637 0.9693627450980392 0.07312091503267974 0.034926470588235295
0 0.37826797385620914 0.9571078431372549 0.04656862745098039 0.06740196078431372
0 0.4505718954248366 0.9715073529411765 0.0727124183006536 0.0508578431372549
0 0.5234885620915033 0.9724264705882353 0.05923202614379085 0.05024509803921569
0 0.5982434640522876 0.9613970588235294 0.07393790849673203 0.0784313725490196
0 0.6750408496732027 0.9592524509803921 0.07393790849673203 0.08149509803921569
0 0.7542892156862745 0.9603247549019608 0.06004901960784314 0.07383578431372549
0 0.9503676470588235 0.9563419117647058 0.08782679738562091 0.06587009803921569
0 0.8747957516339869 0.9399509803921569 0.042075163398692814 0.10049019607843138
0 0.8171977124183006 0.9509803921568627 0.05514705882352941 0.08394607843137254
0 0.3882761437908497 0.8302696078431373 0.06985294117647059 0.017769607843137254
0 0.4803921568627451 0.8612132352941176 0.07516339869281045 0.014705882352941176
0 0.315359477124183 0.8527879901960784 0.08088235294117647 0.015012254901960785
0 0.4769199346405229 0.8305759803921569 0.07802287581699346 0.011029411764705883
0 0.051879084967320264 0.5416666666666666 0.011437908496732025 0.04044117647058824
0 0.05698529411764706 0.7034313725490197 0.0625 0.14276960784313725
0 0.12908496732026145 0.6996017156862745 0.0727124183006536 0.14246323529411764
0 0.20874183006535948 0.7239583333333334 0.0718954248366013 0.09558823529411764
0 0.30126633986928103 0.7172181372549019 0.08129084967320262 0.10355392156862746
0 0.3819444444444444 0.7127757352941176 0.07352941176470588 0.09957107843137254
0 0.49080882352941174 0.6717218137254902 0.07393790849673203 0.029105392156862746
0 0.4624183006535948 0.7259497549019608 0.061274509803921566 0.05361519607843137
0 0.5314542483660131 0.7248774509803921 0.06862745098039216 0.056372549019607844
0 0.47855392156862747 0.84375 0.07475490196078431 0.015931372549019607
0 0.6740196078431373 0.7153799019607843 0.03349673202614379 0.07107843137254902
0 0.733251633986928 0.7205882352941176 0.0727124183006536 0.04534313725490196
0 0.6111111111111112 0.7166053921568627 0.08741830065359477 0.06372549019607843
0 0.7859477124183006 0.8063725490196079 0.0784313725490196 0.0900735294117647
0 0.5575980392156863 0.8163296568627451 0.06944444444444445 0.08854166666666667
0 0.8061683006535948 0.7132352941176471 0.04861111111111111 0.0545343137254902
0 0.630718954248366 0.8114276960784313 0.07516339869281045 0.09037990196078431
0 0.707312091503268 0.8085171568627451 0.06495098039215687 0.09191176470588236
0 0.47610294117647056 0.7931985294117647 0.07965686274509803 0.015931372549019607
0 0.9201388888888888 0.8051470588235294 0.1017156862745098 0.07904411764705882
0 0.47324346405228757 0.8152573529411765 0.07965686274509803 0.014093137254901961
0 0.9366830065359477 0.7006740196078431 0.1119281045751634 0.06801470588235294
0 0.8600898692810458 0.7018995098039216 0.034722222222222224 0.0704656862745098
0 0.846609477124183 0.8083639705882353 0.037173202614379085 0.07261029411764706
