0 0.14982876712328766 0.35697115384615385 0.04023972602739726 0.03653846153846154
0 0.20034246575342465 0.35889423076923077 0.05736301369863014 0.03798076923076923
0 0.2574914383561644 0.3576923076923077 0.0526541095890411 0.036057692307692304
0 0.7831763698630136 0.34026442307692306 0.05607876712328767 0.026682692307692307
0 0.7211044520547946 0.3401442307692308 0.0646404109589041 0.027403846153846154
0 0.7767551369863014 0.36899038461538464 0.06977739726027397 0.028365384615384615
0 0.7127568493150684 0.3680288461538462 0.052226027397260275 0.026442307692307692
0 0.6517551369863014 0.36165865384615387 0.062071917808219176 0.03870192307692308
0 0.3118578767123288 0.359375 0.05607876712328767 0.03894230769230769
0 0.3709332191780822 0.3606971153846154 0.055222602739726026 0.03485576923076923
0 0.1292808219178082 0.28389423076923076 0.03424657534246575 0.028846153846153848
0 0.4323630136986301 0.36165865384615387 0.06763698630136987 0.03581730769230769
0 0.589041095890411 0.2795673076923077 0.02054794520547945 0.04471153846153846
0 0.6127996575342466 0.28112980769230766 0.023544520547945206 0.04783653846153846
0 0.1660958904109589 0.2768028846153846 0.032534246575342464 0.042067307692307696
0 0.5610017123287672 0.2826923076923077 0.034674657534246575 0.03894230769230769
0 0.5271832191780822 0.2824519230769231 0.03724315068493151 0.040865384615384616
0 0.4676797945205479 0.27896634615384613 0.02440068493150685 0.04639423076923077
0 0.7228167808219178 0.4980769230769231 0.07662671232876712 0.03221153846153846
0 0.4933647260273973 0.2778846153846154 0.02696917808219178 0.047596153846153844
0 0.4347174657534247 0.2831730769230769 0.03724315068493151 0.027403846153846154
0 0.3895547945205479 0.2820913461538462 0.0351027397260274 0.03245192307692308
0 0.347388698630137 0.28221153846153846 0.034674657534246575 0.032692307692307694
0 0.3060787671232877 0.28197115384615384 0.04452054794520548 0.035096153846153846
0 0.2587756849315068 0.2753605769230769 0.02868150684931507 0.04158653846153846
0 0.5881849315068494 0.35985576923076923 0.05821917808219178 0.0375
0 0.12007705479452055 0.1997596153846154 0.05950342465753425 0.028846153846153848
0 0.916095890410959 0.2170673076923077 0.06678082191780822 0.01875
0 0.8383989726027398 0.17752403846153847 0.06977739726027397 0.01658653846153846
0 0.8747859589041096 0.2745192307692308 0.041523972602739725 0.06201923076923077
0 0.9165239726027398 0.2748798076923077 0.036815068493150686 0.05793269230769231
0 0.9586900684931506 0.27740384615384617 0.03296232876712329 0.055288461538461536
0 0.16652397260273974 0.41814903846153845 0.0642123287671233 0.025240384615384616
0 0.17059075342465754 0.3971153846153846 0.06378424657534247 0.017788461538461538
0 0.971318493150685 0.42764423076923075 0.05393835616438356 0.02980769230769231
0 0.8403253424657534 0.28137019230769234 0.025684931506849314 0.03870192307692308
0 0.9133133561643836 0.42740384615384613 0.056934931506849314 0.02548076923076923
0 0.7816780821917808 0.4252403846153846 0.0625 0.02980769230769231
0 0.7236729452054794 0.41971153846153847 0.047517123287671235 0.040865384615384616
0 0.6725171232876712 0.4185096153846154 0.0547945205479452 0.04326923076923077
0 0.961472602739726 0.33774038461538464 0.06934931506849315 0.015384615384615385
0 0.9666095890410958 0.3546875 0.06678082191780822 0.01706730769230769
0 0.914597602739726 0.19663461538461538 0.0723458904109589 0.020192307692307693
0 0.849529109589041 0.42596153846153845 0.061215753424657536 0.03125
0 0.1877140410958904 0.20348557692307692 0.06292808219178082 0.031009615384615385
0 0.2607020547945205 0.20420673076923077 0.08133561643835617 0.029086538461538462
0 0.3416095890410959 0.20336538461538461 0.07534246575342465 0.03076923076923077
0 0.8381849315068494 0.1935096153846154 0.06934931506849315 0.016346153846153847
0 0.833904109589041 0.21334134615384615 0.07448630136986302 0.023798076923076922
0 0.8388270547945206 0.3682692307692308 0.05351027397260274 0.029326923076923077
0 0.9021832191780822 0.36959134615384615 0.06549657534246575 0.02716346153846154
0 0.9683219178082192 0.37427884615384616 0.06592465753424658 0.019230769230769232
0 0.5006421232876712 0.20685096153846153 0.08090753424657535 0.030528846153846153
0 0.6382705479452054 0.2796875 0.026541095890410957 0.04495192307692308
0 0.6639554794520548 0.2793269230769231 0.02910958904109589 0.04951923076923077
0 0.6926369863013698 0.2793269230769231 0.02482876712328767 0.047115384615384615
0 0.719820205479452 0.28112980769230766 0.02183219178082192 0.04783653846153846
0 0.751070205479452 0.28028846153846154 0.02696917808219178 0.046153846153846156
0 0.7780393835616438 0.28076923076923077 0.02440068493150685 0.047115384615384615
0 0.8107876712328768 0.2823317307692308 0.028253424657534245 0.045432692307692306
0 0.4160958904109589 0.21141826923076923 0.06592465753424658 0.02235576923076923
0 0.4173801369863014 0.18689903846153846 0.0642123287671233 0.02283653846153846
0 0.6800085616438356 0.215625 0.09631849315068493 0.01826923076923077
0 0.5811215753424658 0.2078125 0.07919520547945205 0.027644230769230768
0 0.9381421232876712 0.7804086538461539 0.0449486301369863 0.040625
0 0.594820205479452 0.6350961538461538 0.08433219178082192 0.03173076923076923
0 0.016695205479452056 0.6949519230769231 0.02482876712328767 0.04519230769230769
0 0.9272260273972602 0.6393028846153846 0.08476027397260275 0.03245192307692308
0 0.3728595890410959 0.4174278846153846 0.0547945205479452 0.04399038461538462
0 0.8548801369863014 0.6370192307692307 0.06335616438356165 0.03317307692307692
0 0.773972602739726 0.6418269230769231 0.07277397260273973 0.035096153846153846
0 0.693279109589041 0.6390625 0.07491438356164383 0.02716346153846154
0 0.6457619863013698 0.4935096153846154 0.0723458904109589 0.032692307692307694
0 0.5074914383561644 0.6350961538461538 0.08176369863013698 0.03413461538461538
0 0.03831335616438356 0.6926682692307692 0.03296232876712329 0.043028846153846154
0 0.430222602739726 0.6331730769230769 0.06763698630136987 0.03028846153846154
0 0.2525684931506849 0.41670673076923076 0.06078767123287671 0.039663461538461536
0 0.3690068493150685 0.6334134615384616 0.059931506849315065 0.03076923076923077
0 0.20804794520547945 0.4193509615384615 0.019691780821917807 0.02283653846153846
0 0.8268407534246576 0.7025240384615384 0.05094178082191781 0.045432692307692306
0 0.8707191780821918 0.7072115384615385 0.03339041095890411 0.03653846153846154
0 0.9086044520547946 0.7006009615384615 0.020976027397260275 0.04639423076923077
0 0.9398544520547946 0.6963942307692308 0.03981164383561644 0.04855769230769231
0 0.03638698630136986 0.768389423076923 0.02910958904109589 0.05841346153846154
0 0.3142123287671233 0.41670673076923076 0.05136986301369863 0.037259615384615384
0 0.0721318493150685 0.7836538461538461 0.0389554794520548 0.051923076923076926
0 0.06378424657534247 0.6978365384615385 0.02226027397260274 0.03125
0 0.1449058219178082 0.6993990384615385 0.0389554794520548 0.031490384615384615
0 0.5363869863013698 0.41622596153846153 0.05136986301369863 0.03774038461538461
0 0.9584760273972602 0.5013221153846154 0.08561643835616438 0.026201923076923078
0 0.8769263698630136 0.49987980769230766 0.0723458904109589 0.025721153846153845
0 0.8002996575342466 0.4986778846153846 0.07320205479452055 0.028125
0 0.7602739726027398 0.700360576923077 0.06335616438356165 0.04350961538461538
0 0.7052654109589042 0.6932692307692307 0.041523972602739725 0.05
0 0.655179794520548 0.6956730769230769 0.04666095890410959 0.05144230769230769
0 0.603595890410959 0.6939903846153846 0.05393835616438356 0.05096153846153846
0 0.08283390410958905 0.6971153846153846 0.015839041095890412 0.03461538461538462
0 0.563570205479452 0.692548076923077 0.026113013698630137 0.05
0 0.4824486301369863 0.6956730769230769 0.031678082191780824 0.058653846153846154
0 0.4402825342465753 0.6927884615384615 0.048373287671232876 0.05096153846153846
0 0.397902397260274 0.69375 0.0389554794520548 0.05
0 0.3583047945205479 0.6921875 0.038527397260273974 0.046875
0 0.3107876712328767 0.6896634615384616 0.05821917808219178 0.051923076923076926
0 0.2570633561643836 0.6944711538461539 0.034674657534246575 0.052403846153846155
0 0.2148972602739726 0.6939903846153846 0.04195205479452055 0.05048076923076923
0 0.18065068493150685 0.6975961538461538 0.0351027397260274 0.03365384615384615
0 0.5246147260273972 0.6924278846153846 0.04580479452054795 0.056490384615384616
0 0.12585616438356165 0.7962740384615384 0.031678082191780824 0.057451923076923074
0 0.2970890410958904 0.6325721153846153 0.06164383561643835 0.029086538461538462
0 0.22367294520547945 0.6330528846153847 0.07320205479452055 0.024278846153846154
0 0.3602311643835616 0.4828125 0.05094178082191781 0.05600961538461539
0 0.4227311643835616 0.49146634615384616 0.07063356164383562 0.036298076923076926
0 0.4948630136986301 0.4930288461538462 0.07363013698630137 0.03173076923076923
0 0.5736301369863014 0.4949519230769231 0.07277397260273973 0.035576923076923075
0 0.2320205479452055 0.7775240384615385 0.032534246575342464 0.059375
0 0.272902397260274 0.7758413461538461 0.0526541095890411 0.06081730769230769
0 0.3257705479452055 0.7796875 0.04366438356164384 0.06610576923076923
0 0.375 0.7802884615384615 0.0547945205479452 0.0673076923076923
0 0.3067208904109589 0.4879807692307692 0.04580479452054795 0.03413461538461538
0 0.426583904109589 0.7766826923076923 0.05179794520547945 0.06778846153846153
0 0.5361729452054794 0.7775240384615385 0.07320205479452055 0.071875
0 0.5886130136986302 0.7801682692307692 0.032534246575342464 0.07716346153846154
0 0.6230736301369864 0.7793269230769231 0.03981164383561644 0.052884615384615384
0 0.6667380136986302 0.7848557692307693 0.047517123287671235 0.06682692307692308
0 0.719820205479452 0.7972355769230769 0.0526541095890411 0.04447115384615385
0 0.7716181506849316 0.8009615384615385 0.04238013698630137 0.03701923076923077
0 0.8225599315068494 0.776201923076923 0.04666095890410959 0.07163461538461538
0 0.8884845890410958 0.7967548076923077 0.05094178082191781 0.04591346153846154
0 0.4803082191780822 0.778485576923077 0.04023972602739726 0.07139423076923077
0 0.20590753424657535 0.27247596153846154 0.05051369863013699 0.050721153846153846
0 0.2604880136986301 0.48846153846153845 0.041523972602739725 0.032692307692307694
0 0.2086900684931507 0.46887019230769234 0.05607876712328767 0.025721153846153845
0 0.15710616438356165 0.6332932692307692 0.059075342465753425 0.025721153846153845
0 0.10081335616438356 0.6353365384615385 0.05179794520547945 0.01971153846153846
0 0.047517123287671235 0.6336538461538461 0.05565068493150685 0.021153846153846155
0 0.9424229452054794 0.55625 0.07577054794520548 0.03221153846153846
0 0.8657962328767124 0.5581730769230769 0.07662671232876712 0.03125
0 0.950556506849315 0.5884615384615385 0.0740582191780822 0.03221153846153846
0 0.8707191780821918 0.5873798076923077 0.0642123287671233 0.030048076923076924
0 0.7844606164383562 0.5703125 0.0723458904109589 0.05024038461538462
0 0.691138698630137 0.5711538461538461 0.07063356164383562 0.05432692307692308
0 0.6085188356164384 0.5683894230769231 0.08090753424657535 0.06370192307692307
0 0.5222602739726028 0.5711538461538461 0.09332191780821918 0.051923076923076926
0 0.4345034246575342 0.5711538461538461 0.08561643835616438 0.05432692307692308
0 0.3491010273972603 0.5700721153846153 0.07320205479452055 0.04975961538461538
0 0.2613441780821918 0.5775240384615384 0.0783390410958904 0.04014423076923077
0 0.16331335616438356 0.5604567307692307 0.0800513698630137 0.045432692307692306
0 0.0391695205479452 0.5564903846153846 0.034674657534246575 0.04230769230769231
0 0.07384417808219178 0.5549278846153847 0.04666095890410959 0.042067307692307696
0 0.2054794520547945 0.4921875 0.059075342465753425 0.025240384615384616
0 0.1812928082191781 0.775 0.04580479452054795 0.06923076923076923
0 0.4809503424657534 0.4157451923076923 0.055222602739726026 0.040625
0 0.4267979452054795 0.4170673076923077 0.052226027397260275 0.04326923076923077
