0 0.3668664383561644 0.7248798076923076 0.11215753424657535 0.05985576923076923
0 0.8212756849315068 0.7305288461538462 0.0389554794520548 0.047596153846153844
0 0.773972602739726 0.7290865384615385 0.04366438356164384 0.047596153846153844
0 0.724957191780822 0.7275240384615385 0.0449486301369863 0.04735576923076923
0 0.6200770547945206 0.7199519230769231 0.12799657534246575 0.06442307692307692
0 0.4940068493150685 0.7206730769230769 0.12071917808219178 0.06009615384615385
0 0.2773972602739726 0.715625 0.059075342465753425 0.05576923076923077
0 0.08283390410958905 0.7069711538461538 0.040667808219178085 0.025961538461538463
0 0.22196061643835616 0.6313701923076923 0.03809931506849315 0.051682692307692304
0 0.2185359589041096 0.7174278846153846 0.05094178082191781 0.059375
0 0.17123287671232876 0.7262019230769231 0.03339041095890411 0.05048076923076923
0 0.1305650684931507 0.7228365384615385 0.04195205479452055 0.05576923076923077
0 0.869220890410959 0.73125 0.04666095890410959 0.051923076923076926
0 0.08540239726027397 0.7344951923076923 0.04580479452054795 0.020913461538461537
0 0.031035958904109588 0.7335336538461539 0.04666095890410959 0.030048076923076924
0 0.6547517123287672 0.6461538461538462 0.07148972602739725 0.03990384615384615
0 0.1752996575342466 0.6426682692307693 0.047517123287671235 0.02716346153846154
0 0.9173801369863014 0.7161057692307692 0.04366438356164384 0.03317307692307692
0 0.3818493150684932 0.8212740384615385 0.0642123287671233 0.07956730769230769
0 0.9601883561643836 0.7459134615384615 0.04023972602739726 0.01971153846153846
0 0.9777397260273972 0.6231971153846154 0.04965753424657534 0.06754807692307692
0 0.02504280821917808 0.6280048076923077 0.03981164383561644 0.05360576923076923
0 0.07341609589041095 0.6135817307692307 0.0526541095890411 0.021875
0 0.07384417808219178 0.6417067307692308 0.05094178082191781 0.028125
0 0.17101883561643835 0.6147836538461539 0.04922945205479452 0.024278846153846154
0 0.9591181506849316 0.8254807692307692 0.08518835616438356 0.06442307692307692
0 0.8518835616438356 0.8211538461538461 0.0642123287671233 0.0673076923076923
0 0.7465753424657534 0.8212740384615385 0.09332191780821918 0.07956730769230769
0 0.664597602739726 0.8347355769230769 0.0389554794520548 0.06514423076923077
0 0.6168664383561644 0.8266826923076923 0.032534246575342464 0.06971153846153846
0 0.565068493150685 0.8284855769230769 0.038527397260273974 0.06754807692307692
0 0.4595462328767123 0.8269230769230769 0.06806506849315068 0.08509615384615385
0 0.3073630136986301 0.8165865384615385 0.07191780821917808 0.07596153846153846
0 0.2360873287671233 0.809375 0.0646404109589041 0.0673076923076923
0 0.1622431506849315 0.8240384615384615 0.07363013698630137 0.07932692307692307
0 0.07876712328767123 0.8274038461538461 0.07363013698630137 0.0798076923076923
0 0.9154537671232876 0.7483173076923076 0.03981164383561644 0.01875
0 0.9689640410958904 0.7151442307692307 0.04238013698630137 0.0375
0 0.12585616438356165 0.6409855769230769 0.04965753424657534 0.02956730769230769
0 0.2624143835616438 0.6319711538461539 0.03424657534246575 0.052884615384615384
0 0.037457191780821915 0.19242788461538463 0.06977739726027397 0.030048076923076924
0 0.2465753424657534 0.5411057692307693 0.04965753424657534 0.08221153846153846
0 0.11772260273972603 0.5399038461538461 0.053082191780821915 0.0798076923076923
0 0.0646404109589041 0.5397836538461539 0.04023972602739726 0.07956730769230769
0 0.017123287671232876 0.5373798076923076 0.03339041095890411 0.07475961538461538
0 0.9886558219178082 0.39447115384615383 0.02440068493150685 0.06442307692307692
0 0.9315068493150684 0.4081730769230769 0.07191780821917808 0.03317307692307692
0 0.8125 0.4048076923076923 0.07363013698630137 0.032692307692307694
0 0.6733732876712328 0.4539663461538462 0.0410958904109589 0.04591346153846154
0 0.594820205479452 0.4419471153846154 0.04580479452054795 0.07427884615384615
0 0.5158390410958904 0.4539663461538462 0.10188356164383562 0.05456730769230769
0 0.4452054794520548 0.45324519230769234 0.02910958904109589 0.05024038461538462
0 0.4167380136986301 0.45384615384615384 0.02440068493150685 0.04855769230769231
0 0.4464897260273973 0.4060096153846154 0.023116438356164382 0.04375
0 0.4184503424657534 0.4054086538461538 0.027825342465753425 0.045432692307692306
0 0.3812071917808219 0.43978365384615387 0.03638698630136986 0.0733173076923077
0 0.301583904109589 0.5419471153846154 0.04409246575342466 0.078125
0 0.3775684931506849 0.5371394230769231 0.05051369863013699 0.065625
0 0.4345034246575342 0.5413461538461538 0.05393835616438356 0.07115384615384615
0 0.6703767123287672 0.5370192307692307 0.04023972602739726 0.06538461538461539
0 0.5595034246575342 0.6216346153846154 0.09503424657534247 0.03221153846153846
0 0.9184503424657534 0.6302884615384615 0.04580479452054795 0.04375
0 0.8458904109589042 0.6353365384615385 0.04708904109589041 0.03894230769230769
0 0.7930222602739726 0.6253605769230769 0.04580479452054795 0.056971153846153845
0 0.7544948630136986 0.6207932692307693 0.020976027397260275 0.06322115384615384
0 0.7251712328767124 0.6204326923076923 0.029965753424657533 0.06201923076923077
0 0.859375 0.5443509615384615 0.0526541095890411 0.019951923076923075
0 0.3362585616438356 0.43653846153846154 0.04580479452054795 0.07836538461538461
0 0.8032962328767124 0.54375 0.05008561643835616 0.020192307692307693
0 0.8587328767123288 0.5221153846153846 0.046232876712328765 0.020192307692307693
0 0.8037243150684932 0.5229567307692308 0.05094178082191781 0.019471153846153846
0 0.808861301369863 0.5019230769230769 0.05094178082191781 0.01826923076923077
0 0.8615154109589042 0.5012019230769231 0.04238013698630137 0.016826923076923076
0 0.8625856164383562 0.47836538461538464 0.04366438356164384 0.02403846153846154
0 0.8097174657534246 0.4830528846153846 0.047517123287671235 0.01610576923076923
0 0.7514982876712328 0.5300480769230769 0.04580479452054795 0.06009615384615385
0 0.918236301369863 0.5319711538461539 0.05565068493150685 0.046153846153846156
0 0.2810359589041096 0.44771634615384615 0.03981164383561644 0.05985576923076923
0 0.3707191780821918 0.6292067307692307 0.052226027397260275 0.053125
0 0.18493150684931506 0.4486778846153846 0.046232876712328765 0.04399038461538462
0 0.21404109589041095 0.23076923076923078 0.0625 0.03028846153846154
0 0.3884845890410959 0.1985576923076923 0.05607876712328767 0.03413461538461538
0 0.331763698630137 0.19663461538461538 0.052226027397260275 0.038461538461538464
0 0.272902397260274 0.20024038461538463 0.06035958904109589 0.03076923076923077
0 0.2106164383561644 0.1984375 0.06078767123287671 0.030528846153846153
0 0.6962756849315068 0.21466346153846153 0.03981164383561644 0.06923076923076923
0 0.6425513698630136 0.23329326923076923 0.05821917808219178 0.031971153846153844
0 0.592679794520548 0.209375 0.03125 0.07836538461538461
0 0.4779537671232877 0.21358173076923076 0.03638698630136986 0.078125
0 0.3914811643835616 0.1640625 0.056934931506849314 0.031971153846153844
0 0.2707619863013699 0.16490384615384615 0.05607876712328767 0.03653846153846154
0 0.2089041095890411 0.1640625 0.0625 0.03485576923076923
0 0.15175513698630136 0.2280048076923077 0.0526541095890411 0.031009615384615385
0 0.14961472602739725 0.19375 0.05351027397260274 0.032692307692307694
0 0.0920376712328767 0.22716346153846154 0.059075342465753425 0.032692307692307694
0 0.24315068493150685 0.43978365384615387 0.026541095890410957 0.0733173076923077
0 0.03232020547945205 0.22536057692307693 0.054366438356164386 0.02860576923076923
0 0.2756849315068493 0.23149038461538463 0.05565068493150685 0.032692307692307694
0 0.3377568493150685 0.2328125 0.05393835616438356 0.030048076923076924
0 0.5327482876712328 0.21790865384615385 0.06292808219178082 0.05985576923076923
0 0.4392123287671233 0.22115384615384615 0.032534246575342464 0.052403846153846155
0 0.3929794520547945 0.23221153846153847 0.04965753424657534 0.028365384615384615
0 0.04922945205479452 0.42932692307692305 0.046232876712328765 0.07259615384615385
0 0.662457191780822 0.32247596153846153 0.03981164383561644 0.08533653846153846
0 0.616652397260274 0.3219951923076923 0.03724315068493151 0.08677884615384615
0 0.5751284246575342 0.32608173076923075 0.03809931506849315 0.08966346153846154
0 0.10466609589041095 0.42980769230769234 0.04238013698630137 0.0764423076923077
0 0.4798801369863014 0.32548076923076924 0.04023972602739726 0.08509615384615385
0 0.4332191780821918 0.3219951923076923 0.046232876712328765 0.08966346153846154
0 0.1466181506849315 0.4283653846153846 0.02696917808219178 0.07355769230769231
0 0.5273972602739726 0.3247596153846154 0.04708904109589041 0.09230769230769231
0 0.332833904109589 0.3313701923076923 0.0389554794520548 0.06754807692307692
0 0.288527397260274 0.33245192307692306 0.039383561643835614 0.06971153846153846
0 0.2440068493150685 0.33197115384615383 0.04452054794520548 0.06346153846153846
0 0.2046232876712329 0.3311298076923077 0.03339041095890411 0.06706730769230769
0 0.3790667808219178 0.33245192307692306 0.04238013698630137 0.06971153846153846
