0 0.602328431372549 0.3909313725490196 0.04044117647058824 0.05024509803921569
0 0.6468545751633987 0.3193933823529412 0.04044117647058824 0.050551470588235295
0 0.6958741830065359 0.3169424019607843 0.04044117647058824 0.050551470588235295
0 0.474468954248366 0.39077818627450983 0.04044117647058824 0.04993872549019608
0 0.5179738562091504 0.39200367647058826 0.04003267973856209 0.04993872549019608
0 0.556781045751634 0.39108455882352944 0.04003267973856209 0.04993872549019608
0 0.647671568627451 0.38924632352941174 0.04044117647058824 0.04993872549019608
0 0.5234885620915033 0.5098039215686274 0.03799019607843137 0.04963235294117647
0 0.47406045751633985 0.4419424019607843 0.04044117647058824 0.04993872549019608
0 0.5132761437908496 0.4420955882352941 0.04044117647058824 0.05024509803921569
0 0.5606617647058824 0.4440870098039216 0.04044117647058824 0.04993872549019608
0 0.602328431372549 0.43826593137254904 0.04044117647058824 0.04993872549019608
0 0.6472630718954249 0.43857230392156865 0.04044117647058824 0.04993872549019608
0 0.6934232026143791 0.4410232843137255 0.04044117647058824 0.04993872549019608
0 0.4797794117647059 0.5114889705882353 0.0363562091503268 0.04381127450980392
0 0.6072303921568627 0.31878063725490197 0.04044117647058824 0.050551470588235295
0 0.6872957516339869 0.39047181372549017 0.04044117647058824 0.04993872549019608
0 0.5649509803921569 0.31862745098039214 0.04003267973856209 0.05024509803921569
0 0.5181781045751634 0.7688419117647058 0.042075163398692814 0.050551470588235295
0 0.4777369281045752 0.3206188725490196 0.04044117647058824 0.050551470588235295
0 0.5678104575163399 0.5119485294117647 0.03758169934640523 0.04963235294117647
0 0.5614787581699346 0.7685355392156863 0.042075163398692814 0.050551470588235295
0 0.6043709150326797 0.7673100490196079 0.042075163398692814 0.050551470588235295
0 0.6474673202614379 0.7660845588235294 0.042483660130718956 0.050551470588235295
0 0.6934232026143791 0.7699142156862745 0.042075163398692814 0.05024509803921569
0 0.47058823529411764 0.8196997549019608 0.042483660130718956 0.050551470588235295
0 0.5136846405228758 0.8193933823529411 0.042075163398692814 0.050551470588235295
0 0.5622957516339869 0.819546568627451 0.042075163398692814 0.05024509803921569
0 0.6033496732026143 0.8206188725490197 0.042483660130718956 0.050551470588235295
0 0.6482843137254902 0.8227634803921569 0.042483660130718956 0.050551470588235295
0 0.6944444444444444 0.8215379901960784 0.042483660130718956 0.050551470588235295
0 0.47732843137254904 0.26715686274509803 0.04044117647058824 0.05024509803921569
0 0.5173611111111112 0.26547181372549017 0.04044117647058824 0.050551470588235295
0 0.5659722222222222 0.26516544117647056 0.04044117647058824 0.050551470588235295
0 0.6072303921568627 0.2659313725490196 0.04044117647058824 0.05024509803921569
0 0.6497140522875817 0.26700367647058826 0.04044117647058824 0.050551470588235295
0 0.693218954248366 0.26577818627450983 0.04003267973856209 0.050551470588235295
0 0.5181781045751634 0.3180147058823529 0.04044117647058824 0.05024509803921569
0 0.6115196078431373 0.5121017156862745 0.041666666666666664 0.046875
0 0.6495098039215687 0.6798406862745098 0.04330065359477124 0.04779411764705882
0 0.6958741830065359 0.5078125 0.03308823529411765 0.04197303921568627
0 0.21834150326797386 0.6452205882352942 0.060866013071895424 0.11151960784313726
0 0.28717320261437906 0.647671568627451 0.06045751633986928 0.11151960784313726
0 0.3515114379084967 0.6450674019607843 0.060866013071895424 0.11121323529411764
0 0.41482843137254904 0.6485906862745098 0.060866013071895424 0.11151960784313726
0 0.2281454248366013 0.5260416666666666 0.05841503267973856 0.11151960784313726
0 0.2973856209150327 0.5251225490196079 0.058823529411764705 0.11151960784313726
0 0.3668300653594771 0.5275735294117647 0.058823529411764705 0.11151960784313726
0 0.41748366013071897 0.7765012254901961 0.06699346405228758 0.11795343137254902
0 0.4264705882352941 0.5297181372549019 0.058823529411764705 0.11151960784313726
0 0.2861519607843137 0.4010416666666667 0.05841503267973856 0.1170343137254902
0 0.3541666666666667 0.4007352941176471 0.058823529411764705 0.1170343137254902
0 0.4170751633986928 0.40778186274509803 0.058823529411764705 0.1170343137254902
0 0.2152777777777778 0.30330882352941174 0.05718954248366013 0.06740196078431372
0 0.2863562091503268 0.2974877450980392 0.058823529411764705 0.06311274509803921
0 0.3474264705882353 0.2974877450980392 0.068218954248366 0.06985294117647059
0 0.4207516339869281 0.29503676470588236 0.06454248366013073 0.06924019607843138
0 0.22344771241830066 0.39920343137254904 0.058823529411764705 0.1170343137254902
0 0.35232843137254904 0.7740502450980392 0.06740196078431372 0.11795343137254902
0 0.28431372549019607 0.7774203431372549 0.06699346405228758 0.11795343137254902
0 0.21262254901960784 0.7814031862745098 0.06740196078431372 0.11795343137254902
0 0.4789624183006536 0.5589767156862745 0.04044117647058824 0.046875
0 0.525531045751634 0.5556066176470589 0.04044117647058824 0.04258578431372549
0 0.5720996732026143 0.5583639705882353 0.04044117647058824 0.040747549019607844
0 0.6145833333333334 0.5583639705882353 0.04044117647058824 0.040747549019607844
0 0.6552287581699346 0.5571384803921569 0.04003267973856209 0.040747549019607844
0 0.6975081699346405 0.5565257352941176 0.04044117647058824 0.040747549019607844
0 0.4758986928104575 0.6292892156862745 0.04330065359477124 0.04779411764705882
0 0.5159313725490197 0.6295955882352942 0.04330065359477124 0.04779411764705882
0 0.5600490196078431 0.6315870098039216 0.04330065359477124 0.047487745098039214
0 0.6043709150326797 0.6331188725490197 0.04370915032679738 0.047487745098039214
0 0.6517565359477124 0.6295955882352942 0.04370915032679738 0.04779411764705882
0 0.6977124183006536 0.6289828431372549 0.04330065359477124 0.04779411764705882
0 0.4736519607843137 0.6813725490196079 0.04370915032679738 0.04779411764705882
0 0.5196078431372549 0.6810661764705882 0.04330065359477124 0.04779411764705882
0 0.5645424836601307 0.6813725490196079 0.04330065359477124 0.04779411764705882
0 0.6058006535947712 0.6810661764705882 0.04330065359477124 0.04779411764705882
0 0.693218954248366 0.6809129901960784 0.04330065359477124 0.047487745098039214
0 0.6556372549019608 0.5090379901960784 0.041666666666666664 0.046875
0 0.4722222222222222 0.764859068627451 0.042483660130718956 0.050551470588235295
