0 0.6738153594771242 0.8514093137254902 0.03227124183006536 0.10416666666666667
0 0.6280637254901961 0.8290441176470589 0.04125816993464052 0.09926470588235294
0 0.5835375816993464 0.8613664215686274 0.04044117647058824 0.08363970588235294
0 0.5388071895424836 0.8497242647058824 0.04330065359477124 0.10631127450980392
0 0.4950980392156863 0.8506433823529411 0.04084967320261438 0.1056985294117647
0 0.4526143790849673 0.8627450980392157 0.032679738562091505 0.0857843137254902
0 0.0923202614379085 0.8622855392156863 0.07761437908496732 0.07873774509803921
0 0.37888071895424835 0.8659620098039216 0.046977124183006536 0.07689950980392157
0 0.2971813725490196 0.8655024509803921 0.10661764705882353 0.07598039215686274
0 0.18709150326797386 0.8638174019607843 0.10049019607843138 0.07261029411764706
0 0.024305555555555556 0.8604473039215687 0.04861111111111111 0.07935049019607843
0 0.0298202614379085 0.7233455882352942 0.059640522875817 0.09375
0 0.1090686274509804 0.7282475490196079 0.09558823529411764 0.09375
0 0.20179738562091504 0.7106311274509803 0.0727124183006536 0.0585171568627451
0 0.4187091503267974 0.8625919117647058 0.028594771241830064 0.08363970588235294
0 0.7203839869281046 0.8391544117647058 0.05269607843137255 0.09926470588235294
0 0.2730800653594771 0.45465686274509803 0.03553921568627451 0.10355392156862746
0 0.8492647058823529 0.8500306372549019 0.03349673202614379 0.1056985294117647
0 0.5508578431372549 0.4886642156862745 0.027369281045751634 0.03370098039215686
0 0.5157271241830066 0.4606311274509804 0.02165032679738562 0.01685049019607843
0 0.43218954248366015 0.703125 0.05228758169934641 0.10294117647058823
0 0.516952614379085 0.4895833333333333 0.020833333333333332 0.03982843137254902
0 0.49264705882352944 0.48912377450980393 0.018790849673202614 0.043198529411764705
0 0.4701797385620915 0.4856004901960784 0.02042483660130719 0.03982843137254902
0 0.4368872549019608 0.4765625 0.039624183006535946 0.06096813725490196
0 0.7943218954248366 0.8520220588235294 0.068218954248366 0.10477941176470588
0 0.38786764705882354 0.47549019607843135 0.03880718954248366 0.05698529411764706
0 0.30923202614379086 0.4543504901960784 0.032679738562091505 0.10232843137254902
0 0.9828431372549019 0.850796568627451 0.028594771241830064 0.05330882352941176
0 0.9726307189542484 0.7930453431372549 0.042483660130718956 0.036458333333333336
0 0.9387254901960784 0.8206188725490197 0.02369281045751634 0.03829656862745098
0 0.8960375816993464 0.8157169117647058 0.044526143790849675 0.035845588235294115
0 0.9473039215686274 0.8895526960784313 0.0392156862745098 0.02420343137254902
0 0.8966503267973857 0.8811274509803921 0.05718954248366013 0.049019607843137254
0 0.346609477124183 0.47487745098039214 0.03880718954248366 0.06004901960784314
0 0.47855392156862747 0.6983762254901961 0.04044117647058824 0.0977328431372549
0 0.36968954248366015 0.5795036764705882 0.051470588235294115 0.10508578431372549
0 0.5749591503267973 0.7048100490196079 0.039624183006535946 0.10508578431372549
0 0.18504901960784315 0.5479473039215687 0.08251633986928104 0.017463235294117647
0 0.2571486928104575 0.5278799019607843 0.16380718954248366 0.014093137254901961
0 0.28022875816993464 0.6292892156862745 0.12254901960784313 0.07536764705882353
0 0.16830065359477125 0.6283700980392157 0.09068627450980392 0.07904411764705882
0 0.06740196078431372 0.6302083333333334 0.09558823529411764 0.07352941176470588
0 0.061683006535947715 0.5703125 0.12336601307189543 0.01685049019607843
0 0.07107843137254902 0.5326286764705882 0.1380718954248366 0.023590686274509803
0 0.06658496732026144 0.553921568627451 0.12990196078431374 0.013480392156862746
0 0.016748366013071895 0.45465686274509803 0.03349673202614379 0.09803921568627451
0 0.0661764705882353 0.4803921568627451 0.0457516339869281 0.05269607843137255
0 0.11519607843137254 0.45143995098039214 0.04330065359477124 0.10508578431372549
0 0.16891339869281047 0.48360906862745096 0.046977124183006536 0.04381127450980392
0 0.20669934640522875 0.49111519607843135 0.025326797385620915 0.028799019607843136
0 0.5761846405228758 0.49325980392156865 0.016748366013071895 0.034926470588235295
0 0.23651960784313725 0.45511642156862747 0.03431372549019608 0.0977328431372549
0 0.24428104575163398 0.5687806372549019 0.19362745098039216 0.021752450980392156
0 0.41768790849673204 0.5787377450980392 0.04125816993464052 0.10600490196078431
0 0.4646650326797386 0.5793504901960784 0.044526143790849675 0.1053921568627451
0 0.6072303921568627 0.5834865196078431 0.046977124183006536 0.10508578431372549
0 0.6239787581699346 0.7064950980392157 0.05106209150326797 0.1017156862745098
0 0.6734068627450981 0.7075674019607843 0.0494281045751634 0.09957107843137254
0 0.7169117647058824 0.6962316176470589 0.03594771241830065 0.0897671568627451
0 0.7636846405228758 0.7063419117647058 0.0428921568627451 0.10814950980392157
0 0.8080065359477124 0.7048100490196079 0.03839869281045752 0.10814950980392157
0 0.8474264705882353 0.7049632352941176 0.03799019607843137 0.1053921568627451
0 0.8921568627450981 0.7051164215686274 0.04493464052287582 0.10447303921568628
0 0.5279820261437909 0.7048100490196079 0.04616013071895425 0.10263480392156862
0 0.9491421568627451 0.7253370098039216 0.05841503267973856 0.06525735294117647
0 0.9603758169934641 0.5886948529411765 0.05228758169934641 0.0940563725490196
0 0.9089052287581699 0.5782781862745098 0.032679738562091505 0.10508578431372549
0 0.8705065359477124 0.5905330882352942 0.041666666666666664 0.0977328431372549
0 0.8118872549019608 0.5854779411764706 0.04370915032679738 0.10110294117647059
0 0.7685866013071896 0.5853247549019608 0.04044117647058824 0.09528186274509803
0 0.7189542483660131 0.5808823529411765 0.05392156862745098 0.11029411764705882
0 0.661968954248366 0.5805759803921569 0.0559640522875817 0.10723039215686274
0 0.9834558823529411 0.6735600490196079 0.03145424836601307 0.040747549019607844
0 0.602328431372549 0.4915747549019608 0.01838235294117647 0.03278186274509804
0 0.2928921568627451 0.7274816176470589 0.10049019607843138 0.09099264705882353
0 0.6441993464052288 0.4889705882352941 0.02369281045751634 0.04350490196078431
0 0.8396650326797386 0.3075980392156863 0.04044117647058824 0.058823529411764705
0 0.7967728758169934 0.30484068627450983 0.03390522875816993 0.06004901960784314
0 0.7526552287581699 0.30392156862745096 0.04616013071895425 0.05821078431372549
0 0.6276552287581699 0.3049938725490196 0.03308823529411765 0.0628063725490196
0 0.5843545751633987 0.3005514705882353 0.05106209150326797 0.06740196078431372
0 0.5402369281045751 0.3043811274509804 0.027369281045751634 0.06709558823529412
0 0.4936683006535948 0.2902879901960784 0.05269607843137255 0.09037990196078431
0 0.4456699346405229 0.30330882352941174 0.0392156862745098 0.061887254901960786
0 0.40441176470588236 0.30545343137254904 0.03594771241830065 0.05821078431372549
0 0.3625408496732026 0.30453431372549017 0.042075163398692814 0.05943627450980392
0 0.05780228758169935 0.3662683823529412 0.061683006535947715 0.030330882352941176
0 0.8772467320261438 0.3079044117647059 0.03308823529411765 0.06066176470588235
0 0.012663398692810458 0.3388480392156863 0.025326797385620915 0.07107843137254902
0 0.1823937908496732 0.33746936274509803 0.03799019607843137 0.08792892156862746
0 0.22426470588235295 0.3396139705882353 0.022058823529411766 0.078125
0 0.31556372549019607 0.3405330882352941 0.051879084967320264 0.08731617647058823
0 0.3770424836601307 0.38848039215686275 0.04003267973856209 0.05698529411764706
0 0.41748366013071897 0.38863357843137253 0.03839869281045752 0.06341911764705882
0 0.47671568627450983 0.39108455882352944 0.07434640522875817 0.06709558823529412
0 0.5363562091503268 0.39108455882352944 0.03431372549019608 0.057291666666666664
0 0.5749591503267973 0.3915441176470588 0.039624183006535946 0.05759803921568627
0 0.6133578431372549 0.39139093137254904 0.034722222222222224 0.060355392156862746
0 0.6529820261437909 0.39338235294117646 0.042075163398692814 0.05943627450980392
0 0.7032271241830066 0.4114583333333333 0.0494281045751634 0.026348039215686275
0 0.12397875816993464 0.3443627450980392 0.06495098039215687 0.07659313725490197
0 0.9185049019607843 0.3079044117647059 0.04370915032679738 0.06066176470588235
0 0.9585375816993464 0.3083639705882353 0.03390522875816993 0.05606617647058824
0 0.9895833333333334 0.3017769607843137 0.01919934640522876 0.06495098039215687
0 0.6200980392156863 0.49754901960784315 0.015522875816993464 0.02389705882352941
0 0.021241830065359478 0.1801470588235294 0.042483660130718956 0.11519607843137254
0 0.07066993464052287 0.17754289215686275 0.05310457516339869 0.12714460784313725
0 0.13459967320261437 0.18137254901960784 0.06495098039215687 0.1170343137254902
0 0.1999591503267974 0.18903186274509803 0.042075163398692814 0.09926470588235294
0 0.2587826797385621 0.18106617647058823 0.068218954248366 0.11642156862745098
0 0.3167892156862745 0.1868872549019608 0.042075163398692814 0.10355392156862746
0 0.3660130718954248 0.18075980392156862 0.04411764705882353 0.06495098039215687
0 0.41360294117647056 0.18305759803921567 0.0428921568627451 0.06219362745098039
0 0.45465686274509803 0.15747549019607843 0.032679738562091505 0.10477941176470588
0 0.4889705882352941 0.15931372549019607 0.035130718954248366 0.10723039215686274
0 0.5234885620915033 0.16069240196078433 0.034722222222222224 0.1056985294117647
0 0.5578022875816994 0.16544117647058823 0.030637254901960783 0.0974264705882353
0 0.5917075163398693 0.16590073529411764 0.03145424836601307 0.09466911764705882
0 0.6247957516339869 0.16681985294117646 0.03308823529411765 0.0977328431372549
0 0.6564542483660131 0.16850490196078433 0.03104575163398693 0.09987745098039216
0 0.6897467320261438 0.16712622549019607 0.02900326797385621 0.09957107843137254
0 0.7232434640522876 0.16804534313725492 0.03799019607843137 0.10079656862745098
0 0.7561274509803921 0.16973039215686275 0.026143790849673203 0.09926470588235294
0 0.7881944444444444 0.1721813725490196 0.03390522875816993 0.10294117647058823
0 0.8227124183006536 0.16574754901960784 0.032679738562091505 0.11029411764705882
0 0.8564133986928104 0.16804534313725492 0.03390522875816993 0.11427696078431372
0 0.8899101307189542 0.18841911764705882 0.03145424836601307 0.0704656862745098
0 0.9279003267973857 0.1881127450980392 0.042075163398692814 0.06924019607843138
0 0.9750816993464052 0.1881127450980392 0.04820261437908497 0.0741421568627451
0 0.7728758169934641 0.3929227941176471 0.0718954248366013 0.06832107843137254
0 0.8382352941176471 0.40900735294117646 0.04820261437908497 0.028186274509803922
0 0.2618464052287582 0.3400735294117647 0.04738562091503268 0.08455882352941177
0 0.6699346405228758 0.49004289215686275 0.024509803921568627 0.0389093137254902
0 0.7132352941176471 0.4889705882352941 0.021241830065359478 0.03799019607843137
0 0.7352941176470589 0.4886642156862745 0.018790849673202614 0.0392156862745098
0 0.7616421568627451 0.49065563725490197 0.028186274509803922 0.03768382352941176
0 0.7881944444444444 0.49034926470588236 0.020016339869281044 0.03707107843137255
0 0.8120915032679739 0.4915747549019608 0.021241830065359478 0.035845588235294115
0 0.8335375816993464 0.49065563725490197 0.017565359477124183 0.03768382352941176
0 0.858047385620915 0.49050245098039214 0.023284313725490197 0.034926470588235295
0 0.8839869281045751 0.49142156862745096 0.021241830065359478 0.03676470588235294
0 0.9103349673202614 0.49065563725490197 0.024101307189542485 0.03462009803921569
0 0.9697712418300654 0.48636642156862747 0.03104575163398693 0.043198529411764705
0 0.9364787581699346 0.49264705882352944 0.01511437908496732 0.030637254901960783
0 0.9932598039215687 0.49019607843137253 0.01511437908496732 0.030637254901960783
0 0.9848856209150327 0.3996629901960784 0.031862745098039214 0.05238970588235294
0 0.9401552287581699 0.39568014705882354 0.04616013071895425 0.05545343137254902
0 0.8921568627450981 0.3952205882352941 0.04493464052287582 0.06372549019607843
0 0.6936274509803921 0.4895833333333333 0.014705882352941176 0.03308823529411765
0 0.6566584967320261 0.4583333333333333 0.023284313725490197 0.015931372549019607
0 0.6879084967320261 0.45955882352941174 0.021241830065359478 0.015931372549019607
