0 0.6842320261437909 0.6482843137254902 0.04738562091503268 0.09436274509803921
0 0.31699346405228757 0.6590073529411765 0.04493464052287582 0.09068627450980392
0 0.5855800653594772 0.6609987745098039 0.07393790849673203 0.06893382352941177
0 0.5249183006535948 0.6508884803921569 0.04493464052287582 0.0934436274509804
0 0.48141339869281047 0.6567095588235294 0.0428921568627451 0.09283088235294118
0 0.43852124183006536 0.6576286764705882 0.04044117647058824 0.08363970588235294
0 0.40012254901960786 0.6591605392156863 0.04044117647058824 0.08363970588235294
0 0.3611111111111111 0.6571691176470589 0.04330065359477124 0.08762254901960784
0 0.05923202614379085 0.6622242647058824 0.03758169934640523 0.09037990196078431
0 0.2005718954248366 0.6643688725490197 0.03839869281045752 0.07751225490196079
0 0.16094771241830066 0.6662071078431373 0.042483660130718956 0.08241421568627451
0 0.09824346405228758 0.6675857843137255 0.04044117647058824 0.08394607843137254
0 0.02185457516339869 0.6622242647058824 0.04044117647058824 0.09037990196078431
0 0.039624183006535946 0.5431985294117647 0.05392156862745098 0.09436274509803921
0 0.0988562091503268 0.5405943627450981 0.059640522875817 0.0977328431372549
0 0.9170751633986928 0.8221507352941176 0.04411764705882353 0.05912990196078431
0 0.7994281045751634 0.6674325980392157 0.07107843137254902 0.07383578431372549
0 0.2440767973856209 0.6675857843137255 0.04044117647058824 0.08394607843137254
0 0.8737745098039216 0.6603860294117647 0.08088235294117647 0.07873774509803921
0 0.3602941176470588 0.7495404411764706 0.06535947712418301 0.05667892156862745
0 0.8956290849673203 0.7643995098039216 0.051879084967320264 0.02696078431372549
0 0.5808823529411765 0.8575367647058824 0.051470588235294115 0.0857843137254902
0 0.5249183006535948 0.8598345588235294 0.042483660130718956 0.07261029411764706
0 0.48427287581699346 0.8602941176470589 0.0428921568627451 0.07352941176470588
0 0.4426062091503268 0.8607536764705882 0.042075163398692814 0.07077205882352941
0 0.40175653594771243 0.8630514705882353 0.04044117647058824 0.07230392156862746
0 0.35804738562091504 0.8602941176470589 0.046977124183006536 0.07352941176470588
0 0.3159722222222222 0.8638174019607843 0.03799019607843137 0.07751225490196079
0 0.2763480392156863 0.8635110294117647 0.042075163398692814 0.07567401960784313
0 0.23080065359477125 0.8670343137254902 0.04656862745098039 0.08394607843137254
0 0.1111111111111111 0.8587622549019608 0.04330065359477124 0.08088235294117647
0 0.9479166666666666 0.6576286764705882 0.06331699346405228 0.07996323529411764
0 0.07598039215686274 0.7532169117647058 0.11683006535947713 0.05361519607843137
0 0.2930964052287582 0.7484681372549019 0.06985294117647059 0.058823529411764705
0 0.4207516339869281 0.7509191176470589 0.051470588235294115 0.052083333333333336
0 0.47344771241830064 0.7506127450980392 0.049836601307189546 0.05024509803921569
0 0.5179738562091504 0.7512254901960784 0.03594771241830065 0.05330882352941176
0 0.5498366013071896 0.7512254901960784 0.02696078431372549 0.04656862745098039
0 0.5853758169934641 0.7518382352941176 0.03431372549019608 0.052083333333333336
0 0.6254084967320261 0.7484681372549019 0.03758169934640523 0.058823529411764705
0 0.6723856209150327 0.7464767156862745 0.04493464052287582 0.06096813725490196
0 0.9540441176470589 0.7625612745098039 0.053513071895424834 0.028799019607843136
0 0.8954248366013072 0.734375 0.061274509803921566 0.026348039215686275
0 0.22977941176470587 0.7408088235294118 0.060866013071895424 0.04595588235294118
0 0.06311274509803921 0.17095588235294118 0.0559640522875817 0.08088235294117647
0 0.19321895424836602 0.28737745098039214 0.0784313725490196 0.11458333333333333
0 0.19015522875816993 0.16773897058823528 0.06740196078431372 0.08731617647058823
0 0.07169117647058823 0.41299019607843135 0.06740196078431372 0.11458333333333333
0 0.1343954248366013 0.4417892156862745 0.05800653594771242 0.06556372549019608
0 0.19383169934640523 0.43673406862745096 0.054330065359477125 0.06709558823529412
0 0.26838235294117646 0.4180453431372549 0.0784313725490196 0.10447303921568628
0 0.3327205882352941 0.43275122549019607 0.054330065359477125 0.06832107843137254
0 0.4076797385620915 0.4131433823529412 0.0661764705882353 0.10753676470588236
0 0.4728349673202614 0.43137254901960786 0.056781045751633986 0.08394607843137254
0 0.5359477124183006 0.41574754901960786 0.06944444444444445 0.10232843137254902
0 0.6174428104575164 0.4143688725490196 0.08537581699346405 0.10753676470588236
0 0.6924019607843137 0.4247855392156863 0.06535947712418301 0.09099264705882353
0 0.7581699346405228 0.42018995098039214 0.05555555555555555 0.08915441176470588
0 0.8696895424836601 0.4181985294117647 0.06944444444444445 0.09129901960784313
0 0.9703839869281046 0.42172181372549017 0.06004901960784314 0.09589460784313726
0 0.9671160130718954 0.5399816176470589 0.042075163398692814 0.0860906862745098
0 0.8944035947712419 0.5363051470588235 0.07475490196078431 0.11243872549019608
0 0.8112745098039216 0.546109068627451 0.06781045751633986 0.09099264705882353
0 0.7324346405228758 0.5355392156862745 0.08088235294117647 0.09926470588235294
0 0.6544117647058824 0.5012254901960784 0.05228758169934641 0.024509803921568627
0 0.6497140522875817 0.5514705882352942 0.046977124183006536 0.06924019607843138
0 0.5743464052287581 0.5415134803921569 0.056372549019607844 0.08915441176470588
0 0.5075571895424836 0.5465686274509803 0.07393790849673203 0.0857843137254902
0 0.41687091503267976 0.5441176470588235 0.06495098039215687 0.09068627450980392
0 0.35641339869281047 0.5379901960784313 0.05841503267973856 0.09620098039215687
0 0.2818627450980392 0.5369178921568627 0.08088235294117647 0.10263480392156862
0 0.20833333333333334 0.5451899509803921 0.06290849673202614 0.09283088235294118
0 0.15400326797385622 0.5428921568627451 0.04738562091503268 0.0974264705882353
0 0.8310866013071896 0.8238357843137255 0.042075163398692814 0.06433823529411764
0 0.049836601307189546 0.2861519607843137 0.07107843137254902 0.12316176470588236
0 0.12050653594771242 0.3095894607843137 0.06535947712418301 0.07199754901960784
0 0.26409313725490197 0.31081495098039214 0.05841503267973856 0.06770833333333333
0 0.32883986928104575 0.28768382352941174 0.06781045751633986 0.11580882352941177
0 0.2542892156862745 0.16773897058823528 0.05759803921568627 0.08731617647058823
0 0.3194444444444444 0.1724877450980392 0.06290849673202614 0.0778186274509804
0 0.3821486928104575 0.17356004901960784 0.06495098039215687 0.07567401960784313
0 0.5688316993464052 0.17310049019607843 0.05514705882352941 0.0741421568627451
0 0.12377450980392157 0.16789215686274508 0.061274509803921566 0.08455882352941177
0 0.6333741830065359 0.16896446078431374 0.056781045751633986 0.08241421568627451
0 0.7005718954248366 0.16605392156862744 0.06045751633986928 0.09068627450980392
0 0.8878676470588235 0.16513480392156862 0.0559640522875817 0.08823529411764706
0 0.9477124183006536 0.29932598039215685 0.06944444444444445 0.08394607843137254
0 0.8754084967320261 0.8215379901960784 0.04084967320261438 0.05361519607843137
0 0.8088235294117647 0.3008578431372549 0.06944444444444445 0.08762254901960784
0 0.7395833333333334 0.3046875 0.051879084967320264 0.07751225490196079
0 0.6683006535947712 0.3014705882352941 0.07598039215686274 0.08394607843137254
0 0.4011437908496732 0.3053002450980392 0.06699346405228758 0.08302696078431372
0 0.6033496732026143 0.2549019607843137 0.061274509803921566 0.03431372549019608
0 0.477124183006536 0.2878370098039216 0.07107843137254902 0.11795343137254902
0 0.5396241830065359 0.30545343137254904 0.032679738562091505 0.07598039215686274
0 0.5976307189542484 0.3085171568627451 0.05555555555555555 0.06556372549019608
0 0.8764297385620915 0.3017769607843137 0.05841503267973856 0.07904411764705882
