0 0.07414529914529915 0.575 0.02435897435897436 0.041826923076923074
0 0.7566239316239316 0.7056490384615385 0.0594017094017094 0.056490384615384616
0 0.823076923076923 0.705889423076923 0.05726495726495726 0.05456730769230769
0 0.9106837606837607 0.7364182692307693 0.05042735042735043 0.05552884615384615
0 0.9572649572649573 0.7287259615384616 0.042735042735042736 0.05360576923076923
0 0.7741452991452992 0.5502403846153846 0.06623931623931624 0.016346153846153847
0 0.7735042735042735 0.5705528846153847 0.06495726495726496 0.01610576923076923
0 0.8478632478632478 0.571875 0.07863247863247863 0.013942307692307693
0 0.8517094017094017 0.5540865384615384 0.07521367521367521 0.016826923076923076
0 0.8497863247863248 0.5344951923076923 0.08162393162393163 0.020432692307692308
0 0.9057692307692308 0.5379807692307692 0.026923076923076925 0.026442307692307692
0 0.911965811965812 0.5757211538461539 0.03675213675213675 0.026442307692307692
0 0.9534188034188035 0.5670673076923077 0.038461538461538464 0.027884615384615386
0 0.9478632478632478 0.5389423076923077 0.046153846153846156 0.026923076923076925
0 0.9521367521367521 0.6485576923076923 0.04188034188034188 0.05
0 0.9053418803418803 0.6495192307692308 0.03632478632478633 0.05048076923076923
0 0.8158119658119658 0.627764423076923 0.07435897435897436 0.018509615384615385
0 0.8166666666666667 0.6490384615384616 0.0735042735042735 0.016346153846153847
0 0.7373931623931624 0.6436298076923077 0.06538461538461539 0.027644230769230768
0 0.7341880341880341 0.6116586538461538 0.07435897435897436 0.03341346153846154
0 0.6568376068376068 0.6074519230769231 0.05641025641025641 0.015865384615384615
0 0.6916666666666667 0.7054086538461538 0.06282051282051282 0.056971153846153845
0 0.6378205128205128 0.7060096153846154 0.0405982905982906 0.06490384615384616
0 0.5824786324786325 0.7364182692307693 0.06068376068376068 0.07379807692307692
0 0.5098290598290598 0.7205528846153846 0.06581196581196581 0.08918269230769231
0 0.12991452991452992 0.7441105769230769 0.06837606837606838 0.06947115384615385
0 0.20619658119658119 0.74375 0.07222222222222222 0.06826923076923076
0 0.2829059829059829 0.7462740384615385 0.06495726495726496 0.06850961538461539
0 0.35213675213675216 0.6945913461538461 0.0735042735042735 0.03293269230769231
0 0.8365384615384616 0.43689903846153844 0.0841880341880342 0.04014423076923077
0 0.7589743589743589 0.48088942307692306 0.07777777777777778 0.040625
0 0.844017094017094 0.4811298076923077 0.0829059829059829 0.039663461538461536
0 0.9303418803418804 0.453125 0.0735042735042735 0.03221153846153846
0 0.47307692307692306 0.3858173076923077 0.06581196581196581 0.029326923076923077
0 0.551923076923077 0.37572115384615384 0.07307692307692308 0.052884615384615384
0 0.6245726495726496 0.37548076923076923 0.06367521367521367 0.052403846153846155
0 0.6604700854700855 0.6253605769230769 0.06367521367521367 0.01610576923076923
0 0.7032051282051283 0.37596153846153846 0.06623931623931624 0.05048076923076923
0 0.8730769230769231 0.37512019230769234 0.06752136752136752 0.050721153846153846
0 0.9446581196581196 0.4015625 0.06282051282051282 0.030048076923076924
0 0.9435897435897436 0.3686298076923077 0.0641025641025641 0.03533653846153846
0 0.9382478632478632 0.28810096153846154 0.03376068376068376 0.027644230769230768
0 0.9386752136752137 0.31646634615384617 0.03376068376068376 0.025240384615384616
0 0.9794871794871794 0.31514423076923076 0.041025641025641026 0.023557692307692307
0 0.979059829059829 0.28725961538461536 0.040170940170940174 0.027884615384615386
0 0.47670940170940174 0.3548076923076923 0.06623931623931624 0.023557692307692307
0 0.40384615384615385 0.384375 0.05384615384615385 0.03221153846153846
0 0.3598290598290598 0.740625 0.06666666666666667 0.052403846153846155
0 0.4371794871794872 0.7207932692307693 0.06153846153846154 0.09591346153846154
0 0.7976495726495727 0.37512019230769234 0.07564102564102564 0.05024038461538462
0 0.6638888888888889 0.6460336538461539 0.05683760683760684 0.02235576923076923
0 0.5168803418803419 0.6260817307692308 0.06880341880341881 0.04399038461538462
0 0.0764957264957265 0.728125 0.023076923076923078 0.03221153846153846
0 0.3747863247863248 0.534375 0.04957264957264957 0.026442307692307692
0 0.3717948717948718 0.5633413461538461 0.0547008547008547 0.02956730769230769
0 0.31495726495726495 0.5385817307692308 0.05128205128205128 0.014182692307692308
0 0.2568376068376068 0.5324519230769231 0.05213675213675214 0.03221153846153846
0 0.20106837606837608 0.5334134615384616 0.04829059829059829 0.03365384615384615
0 0.14636752136752137 0.5329326923076924 0.049145299145299144 0.03317307692307692
0 0.05277777777777778 0.5098557692307693 0.031196581196581197 0.04230769230769231
0 0.012393162393162393 0.5109375 0.024786324786324785 0.04014423076923077
0 0.059188034188034186 0.4450721153846154 0.03034188034188034 0.042067307692307696
0 0.021153846153846155 0.4450721153846154 0.03547008547008547 0.04350961538461538
0 0.43803418803418803 0.5335336538461538 0.06324786324786325 0.019471153846153846
0 0.27115384615384613 0.48509615384615384 0.06111111111111111 0.028846153846153848
0 0.3408119658119658 0.48389423076923077 0.06623931623931624 0.028365384615384615
0 0.6677350427350427 0.47920673076923076 0.08076923076923077 0.034375
0 0.5837606837606838 0.478125 0.06923076923076923 0.038461538461538464
0 0.5017094017094017 0.48425480769230766 0.07692307692307693 0.03533653846153846
0 0.4173076923076923 0.48257211538461536 0.07735042735042735 0.034375
0 0.294017094017094 0.384375 0.05213675213675214 0.03221153846153846
0 0.23931623931623933 0.3840144230769231 0.04957264957264957 0.03293269230769231
0 0.18482905982905984 0.38269230769230766 0.050854700854700854 0.03173076923076923
0 0.130982905982906 0.38329326923076923 0.050854700854700854 0.03341346153846154
0 0.03461538461538462 0.28870192307692305 0.023931623931623933 0.04230769230769231
0 0.2602564102564103 0.4515625 0.07435897435897436 0.03485576923076923
0 0.5895299145299145 0.6259615384615385 0.06794871794871794 0.041826923076923074
0 0.4373931623931624 0.5506009615384615 0.06452991452991454 0.01514423076923077
0 0.5111111111111111 0.5679086538461539 0.0735042735042735 0.02139423076923077
0 0.44529914529914527 0.6248798076923077 0.06837606837606838 0.04495192307692308
0 0.36901709401709404 0.6359375 0.06880341880341881 0.05360576923076923
0 0.2987179487179487 0.6366586538461538 0.06923076923076923 0.054086538461538464
0 0.22606837606837607 0.6377403846153846 0.07179487179487179 0.05048076923076923
0 0.15534188034188035 0.6365384615384615 0.06880341880341881 0.05144230769230769
0 0.09594017094017095 0.6417067307692308 0.04230769230769231 0.04014423076923077
0 0.050854700854700854 0.6411057692307692 0.03675213675213675 0.03942307692307692
0 0.01452991452991453 0.6418269230769231 0.02905982905982906 0.038461538461538464
0 0.024145299145299146 0.575 0.023504273504273504 0.03990384615384615
0 0.05064102564102564 0.5748798076923077 0.019230769230769232 0.042067307692307696
0 0.43824786324786325 0.5694711538461539 0.06709401709401709 0.016346153846153847
0 0.3502136752136752 0.3847355769230769 0.05 0.03293269230769231
0 0.31517094017094016 0.5719951923076924 0.051709401709401706 0.014182692307692308
0 0.31303418803418803 0.5552884615384616 0.050854700854700854 0.015865384615384615
0 0.25833333333333336 0.5634615384615385 0.04829059829059829 0.026442307692307692
0 0.2012820512820513 0.5649038461538461 0.0547008547008547 0.02548076923076923
0 0.14358974358974358 0.5662259615384615 0.05726495726495726 0.02860576923076923
0 0.6517094017094017 0.5683894230769231 0.04871794871794872 0.018028846153846152
0 0.6485042735042735 0.5510817307692307 0.052564102564102565 0.014182692307692308
0 0.6399572649572649 0.5298076923076923 0.04829059829059829 0.022596153846153846
0 0.5873931623931624 0.5507211538461538 0.06965811965811966 0.01730769230769231
0 0.5912393162393162 0.5698317307692308 0.06452991452991454 0.01706730769230769
0 0.10128205128205128 0.5748798076923077 0.02735042735042735 0.04014423076923077
0 0.04807692307692308 0.731610576923077 0.026923076923076925 0.031971153846153844
0 0.9335470085470086 0.4858173076923077 0.07307692307692308 0.028365384615384615
0 0.018162393162393164 0.7592548076923077 0.023504273504273504 0.019471153846153846
0 0.050854700854700854 0.21129807692307692 0.04358974358974359 0.047596153846153844
0 0.12307692307692308 0.30685096153846153 0.06068376068376068 0.03774038461538461
0 0.2497863247863248 0.27572115384615387 0.054273504273504275 0.028365384615384615
0 0.308974358974359 0.27740384615384617 0.062393162393162394 0.02451923076923077
0 0.30833333333333335 0.31021634615384613 0.050854700854700854 0.03533653846153846
0 0.24764957264957266 0.30901442307692306 0.053418803418803416 0.03485576923076923
0 0.397008547008547 0.31045673076923075 0.05641025641025641 0.03581730769230769
0 0.13568376068376067 0.2171875 0.09273504273504274 0.02860576923076923
0 0.460042735042735 0.3108173076923077 0.06196581196581197 0.038461538461538464
0 0.6485042735042735 0.3038461538461538 0.09786324786324786 0.05048076923076923
0 0.7613247863247863 0.30432692307692305 0.09615384615384616 0.058173076923076925
0 0.8666666666666667 0.30528846153846156 0.10512820512820513 0.052884615384615384
0 0.012606837606837607 0.20853365384615385 0.025213675213675214 0.042067307692307696
0 0.009615384615384616 0.2879807692307692 0.019230769230769232 0.04230769230769231
0 0.6681623931623931 0.4372596153846154 0.08076923076923077 0.04326923076923077
0 0.01688034188034188 0.728125 0.02435897435897436 0.03028846153846154
0 0.5504273504273505 0.30649038461538464 0.08974358974358974 0.046153846153846156
0 0.5012820512820513 0.4400240384615385 0.08632478632478632 0.046875
0 0.2311965811965812 0.21826923076923077 0.08974358974358974 0.03125
0 0.3557692307692308 0.2049278846153846 0.04230769230769231 0.06370192307692307
0 0.6547008547008547 0.17680288461538463 0.07863247863247863 0.04495192307692308
0 0.7361111111111112 0.18028846153846154 0.07136752136752136 0.04519230769230769
0 0.7912393162393162 0.20841346153846155 0.029487179487179487 0.05480769230769231
0 0.8264957264957264 0.21646634615384616 0.03418803418803419 0.040625
0 0.8583333333333333 0.21754807692307693 0.02863247863247863 0.041826923076923074
0 0.9010683760683761 0.2063701923076923 0.047435897435897434 0.06081730769230769
0 0.9628205128205128 0.22524038461538462 0.05042735042735043 0.026442307692307692
0 0.305982905982906 0.22259615384615383 0.0547008547008547 0.021153846153846155
0 0.9525641025641025 0.1936298076923077 0.042735042735042736 0.03245192307692308
0 0.7337606837606837 0.22067307692307692 0.0735042735042735 0.03221153846153846
0 0.5918803418803419 0.20420673076923077 0.028205128205128206 0.06129807692307692
0 0.5617521367521368 0.2064903846153846 0.023504273504273504 0.05673076923076923
0 0.5307692307692308 0.20576923076923076 0.03076923076923077 0.06201923076923077
0 0.5010683760683761 0.20733173076923078 0.025213675213675214 0.05456730769230769
0 0.46111111111111114 0.209375 0.04871794871794872 0.04903846153846154
0 0.41239316239316237 0.20853365384615385 0.044444444444444446 0.04975961538461538
0 0.6493589743589744 0.21923076923076923 0.07307692307692308 0.03461538461538462
0 0.41623931623931626 0.44122596153846155 0.07094017094017094 0.03774038461538461
0 0.5848290598290599 0.4360576923076923 0.07478632478632478 0.04230769230769231
0 0.0811965811965812 0.7631009615384615 0.02564102564102564 0.03245192307692308
0 0.05299145299145299 0.7617788461538462 0.03162393162393162 0.026923076923076925
