0 0.5666666666666667 0.6900390625 0.08125 0.029296875
0 0.4822916666666667 0.6970703125 0.07604166666666666 0.021484375
0 0.39817708333333335 0.7396484375 0.0828125 0.041015625
0 0.39869791666666665 0.68671875 0.07447916666666667 0.015625
0 0.5645833333333333 0.729296875 0.07395833333333333 0.03984375
0 0.30546875 0.7396484375 0.0765625 0.041015625
0 0.04505208333333333 0.729296875 0.03177083333333333 0.046875
0 0.1640625 0.6865234375 0.04791666666666667 0.027734375
0 0.23541666666666666 0.745703125 0.04479166666666667 0.03359375
0 0.4869791666666667 0.733203125 0.075 0.05
0 0.6403645833333333 0.705078125 0.06302083333333333 0.05234375
0 0.92734375 0.722265625 0.03177083333333333 0.09140625
0 0.7578125 0.744140625 0.07291666666666667 0.03515625
0 0.97109375 0.831640625 0.059895833333333336 0.078125
0 0.9080729166666667 0.829296875 0.0609375 0.0765625
0 0.8442708333333333 0.8287109375 0.06354166666666666 0.075390625
0 0.7807291666666667 0.829296875 0.06041666666666667 0.0734375
0 0.71640625 0.829296875 0.06197916666666667 0.0734375
0 0.653125 0.8275390625 0.0625 0.077734375
0 0.6015625 0.845703125 0.0375 0.04296875
0 0.5575520833333333 0.841796875 0.044270833333333336 0.05
0 0.4515625 0.8306640625 0.05625 0.073828125
0 0.3953125 0.84296875 0.051041666666666666 0.04453125
0 0.33880208333333334 0.8447265625 0.05572916666666667 0.045703125
0 0.28411458333333334 0.8423828125 0.05364583333333333 0.038671875
0 0.22578125 0.8458984375 0.0515625 0.043359375
0 0.16354166666666667 0.8330078125 0.06979166666666667 0.041796875
0 0.0421875 0.8337890625 0.04895833333333333 0.062890625
0 0.9799479166666667 0.7306640625 0.0421875 0.074609375
0 0.8502604166666666 0.73671875 0.08177083333333333 0.04765625
0 0.6557291666666667 0.740234375 0.084375 0.015625
0 0.5080729166666667 0.8306640625 0.05260416666666667 0.073828125
0 0.9096354166666667 0.3564453125 0.09010416666666667 0.058203125
0 0.28489583333333335 0.61484375 0.022916666666666665 0.0625
0 0.21536458333333333 0.4869140625 0.03697916666666667 0.077734375
0 0.15651041666666668 0.4931640625 0.04635416666666667 0.055859375
0 0.10338541666666666 0.4978515625 0.050520833333333334 0.048046875
0 0.024739583333333332 0.0556640625 0.049479166666666664 0.057421875
0 0.028645833333333332 0.0134765625 0.051041666666666666 0.022265625
0 0.07734375 0.05625 0.05364583333333333 0.05390625
0 0.05572916666666667 0.4984375 0.042708333333333334 0.046875
0 0.134375 0.05625 0.057291666666666664 0.05625
0 0.19088541666666667 0.059765625 0.049479166666666664 0.0484375
0 0.24895833333333334 0.0607421875 0.052083333333333336 0.045703125
0 0.2453125 0.019140625 0.051041666666666666 0.0359375
0 0.3028645833333333 0.04296875 0.0484375 0.08359375
0 0.35104166666666664 0.067578125 0.04479166666666667 0.0375
0 0.403125 0.043359375 0.04791666666666667 0.084375
0 0.453125 0.0568359375 0.046875 0.059765625
0 0.5059895833333333 0.06171875 0.0515625 0.05
0 0.5567708333333333 0.045703125 0.05 0.08125
0 0.27734375 0.4830078125 0.043229166666666666 0.081640625
0 0.6067708333333334 0.04609375 0.046875 0.08828125
0 0.35104166666666664 0.503125 0.096875 0.0390625
0 0.50859375 0.5017578125 0.0890625 0.053515625
0 0.3203125 0.603515625 0.035416666666666666 0.08125
0 0.23776041666666667 0.6056640625 0.0421875 0.070703125
0 0.196875 0.6025390625 0.03229166666666667 0.083984375
0 0.14192708333333334 0.6013671875 0.0359375 0.089453125
0 0.09921875 0.624609375 0.0484375 0.0453125
0 0.04869791666666667 0.6224609375 0.0484375 0.045703125
0 0.06692708333333333 0.5888671875 0.0390625 0.019921875
0 0.96171875 0.4833984375 0.0515625 0.082421875
0 0.9111979166666667 0.489453125 0.03802083333333333 0.07265625
0 0.8669270833333333 0.4880859375 0.044270833333333336 0.075390625
0 0.8151041666666666 0.4830078125 0.034375 0.084765625
0 0.7736979166666667 0.4845703125 0.043229166666666666 0.084765625
0 0.7244791666666667 0.48515625 0.04895833333333333 0.0859375
0 0.66953125 0.48828125 0.05572916666666667 0.078125
0 0.6169270833333333 0.4888671875 0.0453125 0.076953125
0 0.5729166666666666 0.475390625 0.03854166666666667 0.10078125
0 0.5033854166666667 0.458984375 0.07552083333333333 0.021875
0 0.42682291666666666 0.4845703125 0.05260416666666667 0.080078125
0 0.36041666666666666 0.605078125 0.040625 0.08203125
0 0.6572916666666667 0.0470703125 0.051041666666666666 0.089453125
0 0.7486979166666666 0.0474609375 0.0484375 0.082421875
0 0.9591145833333333 0.214453125 0.08177083333333333 0.053125
0 0.9466145833333334 0.161328125 0.07864583333333333 0.046875
0 0.3234375 0.336328125 0.04479166666666667 0.08671875
0 0.27369791666666665 0.2990234375 0.05260416666666667 0.055859375
0 0.2734375 0.3537109375 0.052083333333333336 0.050390625
0 0.22213541666666667 0.330859375 0.04739583333333333 0.09296875
0 0.16979166666666667 0.341015625 0.053125 0.071875
0 0.11588541666666667 0.3330078125 0.049479166666666664 0.082421875
0 0.05520833333333333 0.33515625 0.06145833333333333 0.08203125
0 0.39453125 0.3234375 0.06302083333333333 0.01953125
0 0.39765625 0.3595703125 0.0953125 0.044921875
0 0.4739583333333333 0.330078125 0.052083333333333336 0.103125
0 0.5268229166666667 0.33046875 0.050520833333333334 0.10390625
0 0.578125 0.3294921875 0.04895833333333333 0.101953125
0 0.6515625 0.36484375 0.09166666666666666 0.04140625
0 0.7348958333333333 0.3359375 0.06354166666666666 0.1
0 0.8153645833333333 0.3576171875 0.08072916666666667 0.048828125
0 0.8575520833333333 0.2083984375 0.09322916666666667 0.065234375
0 0.7020833333333333 0.045703125 0.036458333333333336 0.08671875
0 0.7481770833333333 0.2109375 0.09947916666666666 0.06015625
0 0.65 0.1580078125 0.08854166666666667 0.059765625
0 0.80390625 0.05234375 0.0515625 0.075
0 0.86484375 0.055078125 0.05572916666666667 0.07578125
0 0.9348958333333334 0.046484375 0.06354166666666666 0.0859375
0 0.025520833333333333 0.19375 0.041666666666666664 0.084375
0 0.07630208333333334 0.2078125 0.0546875 0.05390625
0 0.13098958333333333 0.20703125 0.050520833333333334 0.06015625
0 0.18098958333333334 0.206640625 0.04635416666666667 0.0546875
0 0.16666666666666666 0.1544921875 0.059375 0.042578125
0 0.10182291666666667 0.153125 0.05677083333333333 0.0453125
0 0.23411458333333332 0.1974609375 0.0484375 0.075390625
0 0.2833333333333333 0.2083984375 0.04583333333333333 0.055078125
0 0.33255208333333336 0.194921875 0.049479166666666664 0.084375
0 0.3919270833333333 0.201953125 0.04114583333333333 0.07421875
0 0.43255208333333334 0.1998046875 0.03177083333333333 0.074609375
0 0.4734375 0.1939453125 0.03854166666666667 0.092578125
0 0.5489583333333333 0.175 0.09166666666666666 0.025
0 0.5510416666666667 0.2142578125 0.09270833333333334 0.050390625
0 0.64765625 0.215234375 0.08697916666666666 0.05234375
0 0.4049479166666667 0.61328125 0.034895833333333334 0.06640625
0 0.11458333333333333 0.0146484375 0.06979166666666667 0.024609375
0 0.4901041666666667 0.6111328125 0.03958333333333333 0.072265625
0 0.5908854166666667 0.6126953125 0.0390625 0.067578125
0 0.63125 0.6125 0.03854166666666667 0.0703125
0 0.6692708333333334 0.6095703125 0.03333333333333333 0.080859375
0 0.7479166666666667 0.6173828125 0.034375 0.062890625
0 0.7885416666666667 0.6072265625 0.0375 0.030078125
0 0.7854166666666667 0.6375 0.0375 0.025
0 0.8330729166666667 0.6033203125 0.04739583333333333 0.093359375
0 0.8807291666666667 0.6076171875 0.042708333333333334 0.084765625
0 0.9315104166666667 0.6095703125 0.05572916666666667 0.083984375
0 0.08802083333333334 0.72578125 0.04895833333333333 0.06953125
0 0.13776041666666666 0.7427734375 0.04739583333333333 0.032421875
0 0.18697916666666667 0.74296875 0.04479166666666667 0.03046875
0 0.7119791666666667 0.61640625 0.03333333333333333 0.065625
0 0.4453125 0.6025390625 0.034375 0.091796875
0 0.06432291666666666 0.4462890625 0.0734375 0.047265625
0 0.5348958333333333 0.609375 0.0375 0.07578125
