0 0.4354166666666667 0.646484375 0.0875 0.0515625
0 0.6901041666666666 0.376953125 0.075 0.04453125
0 0.76640625 0.371875 0.0734375 0.04375
0 0.84140625 0.369921875 0.06614583333333333 0.03671875
0 0.9109375 0.3662109375 0.06979166666666667 0.035546875
0 0.6875 0.502734375 0.07291666666666667 0.0453125
0 0.6083333333333333 0.5091796875 0.07604166666666666 0.045703125
0 0.5268229166666667 0.511328125 0.08385416666666666 0.05
0 0.4388020833333333 0.52109375 0.08489583333333334 0.0484375
0 0.3453125 0.528515625 0.084375 0.04765625
0 0.30364583333333334 0.0841796875 0.10208333333333333 0.082421875
0 0.24817708333333333 0.5359375 0.10260416666666666 0.05390625
0 0.13854166666666667 0.540234375 0.09791666666666667 0.053125
0 0.12291666666666666 0.4734375 0.10104166666666667 0.05078125
0 0.228125 0.469140625 0.09791666666666667 0.0515625
0 0.33177083333333335 0.4640625 0.09479166666666666 0.05625
0 0.42630208333333336 0.4556640625 0.08489583333333334 0.055078125
0 0.5197916666666667 0.4541015625 0.08958333333333333 0.051953125
0 0.6130208333333333 0.44765625 0.075 0.0515625
0 0.6875 0.4416015625 0.06875 0.044921875
0 0.7622395833333333 0.4361328125 0.0703125 0.043359375
0 0.8356770833333333 0.4296875 0.06927083333333334 0.04609375
0 0.9096354166666667 0.4255859375 0.0640625 0.047265625
0 0.6111979166666667 0.3830078125 0.07447916666666667 0.044140625
0 0.34427083333333336 0.66015625 0.090625 0.0515625
0 0.5276041666666667 0.387890625 0.08229166666666667 0.04765625
0 0.3372395833333333 0.3935546875 0.10052083333333334 0.047265625
0 0.9744791666666667 0.3611328125 0.051041666666666666 0.039453125
0 0.24635416666666668 0.6740234375 0.090625 0.051171875
0 0.14609375 0.685546875 0.09947916666666666 0.05625
0 0.0421875 0.6966796875 0.08229166666666667 0.056640625
0 0.13255208333333332 0.6197265625 0.1140625 0.043359375
0 0.24088541666666666 0.603125 0.09322916666666667 0.05
0 0.33932291666666664 0.5962890625 0.0921875 0.045703125
0 0.43046875 0.5857421875 0.08072916666666667 0.048828125
0 0.51875 0.578515625 0.08020833333333334 0.05
0 0.6020833333333333 0.569921875 0.071875 0.0484375
0 0.68125 0.5609375 0.06875 0.0421875
0 0.7625 0.5521484375 0.06979166666666667 0.043359375
0 0.82734375 0.5443359375 0.06197916666666667 0.039453125
0 0.8950520833333333 0.537890625 0.06510416666666667 0.0421875
0 0.9638020833333333 0.531640625 0.0578125 0.0421875
0 0.9716145833333333 0.478125 0.058854166666666666 0.0453125
0 0.9065104166666667 0.4853515625 0.058854166666666666 0.041015625
0 0.83125 0.4921875 0.078125 0.0453125
0 0.7596354166666667 0.496875 0.0640625 0.04453125
0 0.21276041666666667 0.3181640625 0.10052083333333334 0.046484375
0 0.10052083333333334 0.319140625 0.10520833333333333 0.05078125
0 0.1125 0.4 0.10520833333333333 0.05390625
0 0.23203125 0.395703125 0.10260416666666666 0.0546875
0 0.4388020833333333 0.3890625 0.0890625 0.05
0 0.9721354166666667 0.423828125 0.05364583333333333 0.040625
0 0.40572916666666664 0.0892578125 0.10208333333333333 0.077734375
0 0.6932291666666667 0.678515625 0.065625 0.0453125
0 0.44505208333333335 0.7169921875 0.0765625 0.048828125
0 0.3533854166666667 0.726953125 0.09635416666666667 0.053125
0 0.2518229166666667 0.742578125 0.09114583333333333 0.05703125
0 0.15208333333333332 0.7572265625 0.08333333333333333 0.052734375
0 0.04739583333333333 0.770703125 0.09270833333333334 0.0640625
0 0.07630208333333334 0.8361328125 0.10052083333333334 0.057421875
0 0.18255208333333334 0.8212890625 0.09947916666666666 0.049609375
0 0.28098958333333335 0.8033203125 0.07447916666666667 0.050390625
0 0.37786458333333334 0.7861328125 0.0796875 0.049609375
0 0.5270833333333333 0.7046875 0.07083333333333333 0.0515625
0 0.4640625 0.7724609375 0.08333333333333333 0.049609375
0 0.6234375 0.74609375 0.07395833333333333 0.04296875
0 0.70078125 0.735546875 0.06614583333333333 0.04609375
0 0.771875 0.7216796875 0.075 0.045703125
0 0.8489583333333334 0.709375 0.06354166666666666 0.03984375
0 0.19348958333333333 0.081640625 0.10677083333333333 0.08671875
0 0.07604166666666666 0.075390625 0.11666666666666667 0.09296875
0 0.31197916666666664 0.2462890625 0.10208333333333333 0.048828125
0 0.09427083333333333 0.2453125 0.10104166666666667 0.053125
0 0.20364583333333333 0.2447265625 0.09791666666666667 0.055078125
0 0.55078125 0.758203125 0.07239583333333334 0.0484375
0 0.6166666666666667 0.6912109375 0.071875 0.045703125
0 0.3184895833333333 0.3181640625 0.09739583333333333 0.051953125
0 0.41640625 0.3193359375 0.09322916666666667 0.054296875
0 0.9705729166666667 0.2451171875 0.0609375 0.041015625
0 0.9604166666666667 0.30859375 0.04479166666666667 0.0390625
0 0.90234375 0.3095703125 0.06302083333333333 0.044140625
0 0.8356770833333333 0.3119140625 0.06614583333333333 0.048828125
0 0.7651041666666667 0.3123046875 0.06770833333333333 0.049609375
0 0.6864583333333333 0.3140625 0.075 0.05
0 0.5984375 0.3140625 0.07916666666666666 0.05
0 0.07265625 0.167578125 0.1078125 0.05703125
0 0.18932291666666667 0.170703125 0.10677083333333333 0.05390625
0 0.29583333333333334 0.175390625 0.09791666666666667 0.04765625
0 0.39791666666666664 0.1791015625 0.09270833333333334 0.049609375
0 0.49453125 0.1775390625 0.08697916666666666 0.049609375
0 0.58515625 0.183203125 0.0859375 0.0421875
0 0.6666666666666666 0.184375 0.07291666666666667 0.04140625
0 0.7330729166666666 0.1826171875 0.04635416666666667 0.044140625
0 0.7596354166666667 0.2513671875 0.07864583333333333 0.050390625
0 0.6739583333333333 0.251953125 0.07083333333333333 0.0421875
0 0.5947916666666667 0.25078125 0.08229166666666667 0.04609375
0 0.5036458333333333 0.2513671875 0.08541666666666667 0.047265625
0 0.4114583333333333 0.24765625 0.09479166666666666 0.04609375
0 0.5114583333333333 0.3134765625 0.08645833333333333 0.042578125
0 0.9057291666666667 0.24921875 0.06875 0.03671875
0 0.7622395833333333 0.671875 0.06197916666666667 0.046875
0 0.8338541666666667 0.2482421875 0.065625 0.044140625
0 0.9015625 0.5951171875 0.06041666666666667 0.040234375
0 0.8455729166666667 0.765625 0.05364583333333333 0.0453125
0 0.9091145833333333 0.75234375 0.06510416666666667 0.04296875
0 0.6299479166666667 0.80625 0.0734375 0.05625
0 0.5479166666666667 0.82109375 0.07395833333333333 0.04921875
0 0.46640625 0.8306640625 0.07447916666666667 0.049609375
0 0.38333333333333336 0.846875 0.07708333333333334 0.0484375
0 0.28463541666666664 0.86640625 0.09114583333333333 0.05390625
0 0.19244791666666666 0.88046875 0.08802083333333334 0.0515625
0 0.08229166666666667 0.90546875 0.10416666666666667 0.05546875
0 0.20651041666666667 0.9640625 0.08489583333333334 0.05078125
0 0.7768229166666667 0.7783203125 0.06510416666666667 0.042578125
0 0.29765625 0.94375 0.08177083333333333 0.05234375
0 0.4778645833333333 0.9091796875 0.0796875 0.050390625
0 0.5625 0.8859375 0.08229166666666667 0.05703125
0 0.10572916666666667 0.9740234375 0.090625 0.051953125
0 0.9453125 0.189453125 0.034375 0.03359375
0 0.8377604166666667 0.11015625 0.06614583333333333 0.06640625
0 0.9091145833333333 0.1173828125 0.06927083333333334 0.069921875
0 0.7627604166666667 0.1083984375 0.0765625 0.072265625
0 0.6825520833333333 0.10546875 0.07447916666666667 0.0703125
0 0.5984375 0.0978515625 0.08333333333333333 0.070703125
0 0.5080729166666667 0.09453125 0.09739583333333333 0.07265625
0 0.38776041666666666 0.9267578125 0.08072916666666667 0.051953125
0 0.7033854166666667 0.790234375 0.06510416666666667 0.0421875
0 0.7020833333333333 0.851953125 0.071875 0.05546875
0 0.778125 0.840625 0.06666666666666667 0.0484375
0 0.96953125 0.5865234375 0.058854166666666666 0.044921875
0 0.8322916666666667 0.6564453125 0.05625 0.041015625
0 0.89375 0.6484375 0.059375 0.03671875
0 0.9627604166666667 0.6396484375 0.07239583333333334 0.037890625
0 0.7583333333333333 0.6080078125 0.06145833333333333 0.041796875
0 0.6875 0.6162109375 0.06875 0.042578125
0 0.7747395833333334 0.18046875 0.0328125 0.04296875
0 0.81171875 0.1853515625 0.0359375 0.037109375
0 0.8315104166666667 0.6048828125 0.0578125 0.041796875
0 0.6096354166666667 0.624609375 0.07760416666666667 0.05078125
0 0.846875 0.186328125 0.035416666666666666 0.0390625
0 0.8828125 0.1865234375 0.028125 0.039453125
0 0.9140625 0.187890625 0.027083333333333334 0.03671875
0 0.984375 0.1884765625 0.03333333333333333 0.043359375
0 0.9135416666666667 0.6990234375 0.06041666666666667 0.033984375
0 0.9752604166666666 0.6896484375 0.04739583333333333 0.042578125
0 0.9721354166666667 0.73984375 0.049479166666666664 0.0421875
0 0.9770833333333333 0.80078125 0.04791666666666667 0.0453125
0 0.91171875 0.816015625 0.059895833333333336 0.04453125
0 0.8453125 0.8265625 0.058333333333333334 0.04765625
0 0.5247395833333334 0.6349609375 0.0796875 0.049609375
