0 0.5322712418300654 0.5879289215686274 0.032679738562091505 0.06862745098039216
0 0.5622957516339869 0.5911458333333334 0.027369281045751634 0.07506127450980392
0 0.08272058823529412 0.12423406862745098 0.046977124183006536 0.14430147058823528
0 0.9491421568627451 0.6911764705882353 0.05923202614379085 0.024509803921568627
0 0.9487336601307189 0.5896139705882353 0.10416666666666667 0.03462009803921569
0 0.9401552287581699 0.6279105392156863 0.11887254901960784 0.022365196078431373
0 0.8216911764705882 0.6145833333333334 0.12214052287581699 0.02144607843137255
0 0.7320261437908496 0.6009497549019608 0.04084967320261438 0.06403186274509803
0 0.693218954248366 0.5991115196078431 0.032679738562091505 0.06954656862745098
0 0.6531862745098039 0.5965073529411765 0.04656862745098039 0.06678921568627451
0 0.6184640522875817 0.5994178921568627 0.022058823529411766 0.06709558823529412
0 0.5941584967320261 0.5963541666666666 0.026552287581699346 0.06096813725490196
0 0.6776960784313726 0.6807598039215687 0.02287581699346405 0.06801470588235294
0 0.44812091503267976 0.8723958333333334 0.03349673202614379 0.05974264705882353
0 0.4127859477124183 0.9002757352941176 0.034722222222222224 0.04197303921568627
0 0.3727532679738562 0.9116115196078431 0.037173202614379085 0.02971813725490196
0 0.21956699346405228 0.9615502450980392 0.17851307189542484 0.07077205882352941
0 0.8915441176470589 0.6683517156862745 0.06004901960784314 0.009497549019607842
0 0.4783496732026144 0.5882352941176471 0.06781045751633986 0.07107843137254902
0 0.32393790849673204 0.6144301470588235 0.08088235294117647 0.08302696078431372
0 0.2232434640522876 0.6547181372549019 0.07148692810457516 0.04656862745098039
0 0.14705882352941177 0.6801470588235294 0.07761437908496732 0.06495098039215687
0 0.05044934640522876 0.6845894607843137 0.10089869281045752 0.10018382352941177
0 0.012663398692810458 0.5984987745098039 0.025326797385620915 0.05606617647058824
0 0.04370915032679738 0.5896139705882353 0.035130718954248366 0.04993872549019608
0 0.07393790849673203 0.5874693627450981 0.02369281045751634 0.05545343137254902
0 0.11417483660130719 0.5537683823529411 0.044526143790849675 0.08486519607843138
0 0.15992647058823528 0.5494791666666666 0.046977124183006536 0.08670343137254902
0 0.2107843137254902 0.5399816176470589 0.05555555555555555 0.07322303921568628
0 0.2608251633986928 0.5399816176470589 0.04125816993464052 0.03952205882352941
0 0.30637254901960786 0.5260416666666666 0.04003267973856209 0.06740196078431372
0 0.3425245098039216 0.5200674019607843 0.03227124183006536 0.057904411764705885
0 0.37540849673202614 0.516390931372549 0.031862745098039214 0.06341911764705882
0 0.40441176470588236 0.5969669117647058 0.07924836601307189 0.07138480392156862
0 0.8880718954248366 0.6833639705882353 0.059640522875817 0.015012254901960785
0 0.829452614379085 0.6737132352941176 0.0494281045751634 0.013480392156862746
0 0.8419117647058824 0.6530330882352942 0.05718954248366013 0.011948529411764705
0 0.5925245098039216 0.6956188725490197 0.1482843137254902 0.03707107843137255
0 0.7949346405228758 0.7328431372549019 0.06862745098039216 0.011642156862745098
0 0.8682598039215687 0.7420343137254902 0.07312091503267974 0.028186274509803922
0 0.9550653594771242 0.7601102941176471 0.0915032679738562 0.011642156862745098
0 0.9616013071895425 0.7378982843137255 0.0784313725490196 0.02542892156862745
0 0.9262663398692811 0.8144914215686274 0.13357843137254902 0.057291666666666664
0 0.8129084967320261 0.7916666666666666 0.08660130718954248 0.06801470588235294
0 0.6938316993464052 0.7797181372549019 0.14583333333333334 0.03982843137254902
0 0.5674019607843137 0.7654718137254902 0.10457516339869281 0.06525735294117647
0 0.44362745098039214 0.6953125 0.03839869281045752 0.040747549019607844
0 0.40012254901960786 0.6991421568627451 0.027369281045751634 0.06495098039215687
0 0.35947712418300654 0.7080269607843137 0.04738562091503268 0.0428921568627451
0 0.3098447712418301 0.7175245098039216 0.05269607843137255 0.06495098039215687
0 0.25326797385620914 0.7331495098039216 0.04411764705882353 0.06556372549019608
0 0.20302287581699346 0.7622549019607843 0.05473856209150327 0.07475490196078431
0 0.14297385620915032 0.7827818627450981 0.06045751633986928 0.05514705882352941
0 0.06801470588235294 0.8080575980392157 0.08782679738562091 0.08425245098039216
0 0.7828839869281046 0.6659007352941176 0.04044117647058824 0.01991421568627451
0 0.7428513071895425 0.6858149509803921 0.03553921568627451 0.06893382352941177
0 0.4812091503267974 0.8563112745098039 0.032679738562091505 0.07659313725490197
0 0.5814950980392157 0.8511029411764706 0.1294934640522876 0.05698529411764706
0 0.7009803921568627 0.8678002450980392 0.08660130718954248 0.08425245098039216
0 0.8310866013071896 0.9051776960784313 0.13602941176470587 0.06709558823529412
0 0.41299019607843135 0.5137867647058824 0.03839869281045752 0.05821078431372549
0 0.9515931372549019 0.9284620098039216 0.09681372549019608 0.07567401960784313
0 0.4207516339869281 0.7941176470588235 0.042483660130718956 0.04779411764705882
0 0.36887254901960786 0.8016237745098039 0.061274509803921566 0.040747549019607844
0 0.31433823529411764 0.8219975490196079 0.053513071895424834 0.04718137254901961
0 0.22446895424836602 0.8791360294117647 0.0951797385620915 0.03707107843137255
0 0.12377450980392157 0.9002757352941176 0.08415032679738563 0.048100490196078434
0 0.03594771241830065 0.9546568627450981 0.0718954248366013 0.08149509803921569
0 0.4693627450980392 0.7722120098039216 0.0457516339869281 0.0548406862745098
0 0.44730392156862747 0.5130208333333334 0.03104575163398693 0.05974264705882353
0 0.707312091503268 0.6813725490196079 0.03308823529411765 0.07169117647058823
0 0.5220588235294118 0.5041360294117647 0.04493464052287582 0.06341911764705882
0 0.5917075163398693 0.19408700980392157 0.03390522875816993 0.09528186274509803
0 0.6227532679738562 0.19347426470588236 0.026552287581699346 0.09650735294117647
0 0.6537990196078431 0.19209558823529413 0.03553921568627451 0.10232843137254902
0 0.6883169934640523 0.19087009803921567 0.03104575163398693 0.10049019607843138
0 0.7212009803921569 0.19025735294117646 0.03553921568627451 0.10294117647058823
0 0.7559232026143791 0.1878063725490196 0.03145424836601307 0.1096813725490196
0 0.795547385620915 0.18964460784313725 0.04125816993464052 0.10723039215686274
0 0.8737745098039216 0.21446078431372548 0.10457516339869281 0.05269607843137255
0 0.951797385620915 0.31786151960784315 0.09803921568627451 0.06158088235294118
0 0.8488562091503268 0.3174019607843137 0.10457516339869281 0.06004901960784314
0 0.7741013071895425 0.33318014705882354 0.041666666666666664 0.07077205882352941
0 0.7338643790849673 0.3362438725490196 0.037173202614379085 0.06403186274509803
0 0.696078431372549 0.33777573529411764 0.0392156862745098 0.06158088235294118
0 0.6450163398692811 0.33700980392156865 0.06372549019607843 0.05943627450980392
0 0.5878267973856209 0.35079656862745096 0.051470588235294115 0.032475490196078434
0 0.5361519607843137 0.3359375 0.04861111111111111 0.060355392156862746
0 0.37826797385620914 0.42049632352941174 0.03104575163398693 0.057904411764705885
0 0.2855392156862745 0.4309129901960784 0.049019607843137254 0.05545343137254902
0 0.20179738562091504 0.4322916666666667 0.05310457516339869 0.0741421568627451
0 0.14052287581699346 0.43581495098039214 0.06862745098039216 0.07322303921568628
0 0.07393790849673203 0.44316789215686275 0.06209150326797386 0.0860906862745098
0 0.02165032679738562 0.4465379901960784 0.04330065359477124 0.08241421568627451
0 0.058619281045751634 0.3232230392156863 0.04616013071895425 0.08455882352941177
0 0.5602532679738562 0.19424019607843138 0.027369281045751634 0.09497549019607843
0 0.10089869281045752 0.3239889705882353 0.03839869281045752 0.08241421568627451
0 0.31004901960784315 0.31234681372549017 0.04820261437908497 0.09712009803921569
0 0.47998366013071897 0.5099571078431373 0.03104575163398693 0.05361519607843137
0 0.3486519607843137 0.3325674019607843 0.0298202614379085 0.06587009803921569
0 0.38296568627450983 0.34329044117647056 0.037173202614379085 0.04442401960784314
0 0.43995098039215685 0.3327205882352941 0.06209150326797386 0.0661764705882353
0 0.49244281045751637 0.3314950980392157 0.03880718954248366 0.06801470588235294
0 0.17483660130718953 0.3089767156862745 0.09477124183006536 0.11917892156862746
0 0.33619281045751637 0.42325367647058826 0.05228758169934641 0.057291666666666664
0 0.5304330065359477 0.1954656862745098 0.024918300653594773 0.09558823529411764
0 0.47406045751633985 0.19056372549019607 0.02246732026143791 0.09987745098039216
0 0.5784313725490197 0.5107230392156863 0.0661764705882353 0.06740196078431372
0 0.6423611111111112 0.5219056372549019 0.0363562091503268 0.04381127450980392
0 0.6821895424836601 0.5229779411764706 0.042483660130718956 0.049019607843137254
0 0.7269199346405228 0.5249693627450981 0.0428921568627451 0.04381127450980392
0 0.7675653594771242 0.5268075980392157 0.03839869281045752 0.047487745098039214
0 0.9593545751633987 0.5376838235294118 0.08292483660130719 0.03553921568627451
0 0.8745915032679739 0.49693627450980393 0.11437908496732026 0.01838235294117647
0 0.8623366013071896 0.5199142156862745 0.11029411764705882 0.02144607843137255
0 0.8564133986928104 0.5399816176470589 0.11887254901960784 0.018075980392156864
0 0.9007352941176471 0.4330575980392157 0.18055555555555555 0.020526960784313725
0 0.8997140522875817 0.4482230392156863 0.1809640522875817 0.00857843137254902
0 0.8886846405228758 0.46859681372549017 0.18831699346405228 0.026041666666666668
0 0.8954248366013072 0.3723958333333333 0.1642156862745098 0.013786764705882353
0 0.8760212418300654 0.38817401960784315 0.16462418300653595 0.018995098039215685
0 0.8715277777777778 0.40410539215686275 0.1736111111111111 0.014705882352941176
0 0.7665441176470589 0.4319852941176471 0.03227124183006536 0.04411764705882353
0 0.7269199346405228 0.43704044117647056 0.03880718954248366 0.024816176470588234
0 0.44955065359477125 0.1881127450980392 0.02246732026143791 0.09497549019607843
0 0.4227941176470588 0.18152573529411764 0.03022875816993464 0.10631127450980392
0 0.3641748366013072 0.17432598039215685 0.03553921568627451 0.1133578431372549
0 0.3014705882352941 0.16712622549019607 0.03594771241830065 0.11427696078431372
0 0.2440767973856209 0.17371323529411764 0.039624183006535946 0.08088235294117647
0 0.21384803921568626 0.17049632352941177 0.020016339869281044 0.08731617647058823
0 0.5004084967320261 0.19178921568627452 0.03104575163398693 0.09681372549019608
0 0.18566176470588236 0.15946691176470587 0.03308823529411765 0.09099264705882353
0 0.42197712418300654 0.42080269607843135 0.05718954248366013 0.0585171568627451
0 0.037173202614379085 0.11274509803921569 0.04411764705882353 0.15379901960784315
0 0.4846813725490196 0.41590073529411764 0.06004901960784314 0.057904411764705885
0 0.5535130718954249 0.4180453431372549 0.06699346405228758 0.06219362745098039
0 0.6303104575163399 0.4186580882352941 0.07434640522875817 0.0585171568627451
0 0.6881127450980392 0.4270833333333333 0.03799019607843137 0.0508578431372549
0 0.14052287581699346 0.15272671568627452 0.05718954248366013 0.10692401960784313
