0 0.41360294117647056 0.6469056372549019 0.024918300653594773 0.03952205882352941
0 0.34906045751633985 0.6479779411764706 0.02900326797385621 0.04411764705882353
0 0.3167892156862745 0.6475183823529411 0.026552287581699346 0.03829656862745098
0 0.2855392156862745 0.647671568627451 0.028594771241830064 0.04350490196078431
0 0.08660130718954248 0.7305453431372549 0.05310457516339869 0.03829656862745098
0 0.02696078431372549 0.7277879901960784 0.05392156862745098 0.04013480392156863
0 0.1468545751633987 0.7758884803921569 0.056781045751633986 0.04136029411764706
0 0.08496732026143791 0.7738970588235294 0.059640522875817 0.042279411764705885
0 0.026756535947712417 0.7717524509803921 0.053513071895424834 0.04044117647058824
0 0.9912173202614379 0.6369485294117647 0.017565359477124183 0.08762254901960784
0 0.3827614379084967 0.6453737745098039 0.025326797385620915 0.0389093137254902
0 0.7453022875816994 0.6090686274509803 0.025735294117647058 0.0392156862745098
0 0.24918300653594772 0.6481311274509803 0.03104575163398693 0.04197303921568627
0 0.2193627450980392 0.6462928921568627 0.026143790849673203 0.040747549019607844
0 0.1875 0.6475183823529411 0.024509803921568627 0.04503676470588235
0 0.0690359477124183 0.5873161764705882 0.05718954248366013 0.0392156862745098
0 0.06842320261437909 0.6282169117647058 0.0559640522875817 0.035845588235294115
0 0.1403186274509804 0.6323529411764706 0.06004901960784314 0.041666666666666664
0 0.1374591503267974 0.6752450980392157 0.054330065359477125 0.034926470588235295
0 0.07393790849673203 0.672640931372549 0.05718954248366013 0.03462009803921569
0 0.015318627450980392 0.586703431372549 0.030637254901960783 0.03799019607843137
0 0.017361111111111112 0.6288296568627451 0.034722222222222224 0.03952205882352941
0 0.019812091503267973 0.671109068627451 0.039624183006535946 0.04136029411764706
0 0.9904003267973857 0.5269607843137255 0.01919934640522876 0.09191176470588236
0 0.9585375816993464 0.5269607843137255 0.0363562091503268 0.08946078431372549
0 0.5465686274509803 0.39047181372549017 0.03104575163398693 0.04013480392156863
0 0.9634395424836601 0.6364889705882353 0.026552287581699346 0.08915441176470588
0 0.9313725490196079 0.6357230392156863 0.027777777777777776 0.0900735294117647
0 0.18852124183006536 0.6027879901960784 0.0298202614379085 0.04381127450980392
0 0.44281045751633985 0.6470588235294118 0.027777777777777776 0.037377450980392156
0 0.6836192810457516 0.6070772058823529 0.03145424836601307 0.04197303921568627
0 0.6474673202614379 0.6078431372549019 0.03104575163398693 0.041666666666666664
0 0.6137663398692811 0.6066176470588235 0.025735294117647058 0.04411764705882353
0 0.5837418300653595 0.6075367647058824 0.027777777777777776 0.04105392156862745
0 0.5418709150326797 0.6056985294117647 0.034722222222222224 0.044730392156862746
0 0.5093954248366013 0.6066176470588235 0.024509803921568627 0.04411764705882353
0 0.47794117647058826 0.6061580882352942 0.03022875816993464 0.043198529411764705
0 0.44219771241830064 0.6049325980392157 0.026552287581699346 0.043198529411764705
0 0.411968954248366 0.6024816176470589 0.028186274509803922 0.043198529411764705
0 0.3799019607843137 0.602328431372549 0.028594771241830064 0.0428921568627451
0 0.3488562091503268 0.6043198529411765 0.025326797385620915 0.03952205882352941
0 0.31781045751633985 0.6035539215686274 0.031862745098039214 0.04044117647058824
0 0.2820669934640523 0.6029411764705882 0.028186274509803922 0.041666666666666664
0 0.2514297385620915 0.602328431372549 0.02900326797385621 0.0428921568627451
0 0.7798202614379085 0.6337316176470589 0.022058823529411766 0.08854166666666667
0 0.8088235294117647 0.6312806372549019 0.02287581699346405 0.08854166666666667
0 0.8361928104575164 0.6334252450980392 0.028594771241830064 0.08547794117647059
0 0.8705065359477124 0.633578431372549 0.029411764705882353 0.09068627450980392
0 0.221609477124183 0.6027879901960784 0.024101307189542485 0.04381127450980392
0 0.7148692810457516 0.6072303921568627 0.02369281045751634 0.0428921568627451
0 0.7508169934640523 0.6544117647058824 0.03349673202614379 0.042279411764705885
0 0.7175245098039216 0.6534926470588235 0.03227124183006536 0.0428921568627451
0 0.6821895424836601 0.6518075980392157 0.029411764705882353 0.04197303921568627
0 0.644812091503268 0.6541053921568627 0.025735294117647058 0.04411764705882353
0 0.6154003267973857 0.6515012254901961 0.025735294117647058 0.04381127450980392
0 0.5806781045751634 0.6524203431372549 0.03390522875816993 0.043198529411764705
0 0.5443218954248366 0.6527267156862745 0.026552287581699346 0.04381127450980392
0 0.3839869281045752 0.3241421568627451 0.03104575163398693 0.04411764705882353
0 0.4765114379084967 0.6505821078431373 0.024101307189542485 0.03952205882352941
0 0.9037990196078431 0.6349571078431373 0.024101307189542485 0.09099264705882353
0 0.5118464052287581 0.6541053921568627 0.029411764705882353 0.04656862745098039
0 0.590890522875817 0.2737438725490196 0.02900326797385621 0.045649509803921566
0 0.20261437908496732 0.7432598039215687 0.04493464052287582 0.11029411764705882
0 0.9483251633986928 0.16636029411764705 0.051879084967320264 0.12316176470588236
0 0.8962418300653595 0.16528799019607843 0.04820261437908497 0.1210171568627451
0 0.8386437908496732 0.16605392156862744 0.059640522875817 0.125
0 0.7843137254901961 0.16835171568627452 0.04493464052287582 0.12714460784313725
0 0.7310049019607843 0.16605392156862744 0.05269607843137255 0.12254901960784313
0 0.6766748366013072 0.16743259803921567 0.05106209150326797 0.12285539215686274
0 0.6207107843137255 0.16743259803921567 0.05269607843137255 0.1253063725490196
0 0.5614787581699346 0.16697303921568626 0.05759803921568627 0.12193627450980392
0 0.5051062091503268 0.16773897058823528 0.04861111111111111 0.1210171568627451
0 0.4542483660130719 0.16773897058823528 0.04411764705882353 0.1210171568627451
0 0.9875408496732027 0.16590073529411764 0.023284313725490197 0.11979166666666667
0 0.40155228758169936 0.16927083333333334 0.056372549019607844 0.12408088235294118
0 0.2853349673202614 0.16896446078431374 0.05269607843137255 0.1210171568627451
0 0.2312091503267974 0.16819852941176472 0.04656862745098039 0.11948529411764706
0 0.18035130718954248 0.171875 0.0494281045751634 0.1170343137254902
0 0.03656045751633987 0.10615808823529412 0.07312091503267974 0.046875
0 0.11519607843137254 0.15487132352941177 0.06454248366013073 0.046875
0 0.04370915032679738 0.15625 0.06454248366013073 0.042279411764705885
0 0.11621732026143791 0.20404411764705882 0.06331699346405228 0.0428921568627451
0 0.046772875816993464 0.20465686274509803 0.060866013071895424 0.04411764705882353
0 0.3147467320261438 0.2725183823529412 0.02900326797385621 0.045649509803921566
0 0.3459967320261438 0.2740502450980392 0.029411764705882353 0.04136029411764706
0 0.34354575163398693 0.16896446078431374 0.05392156862745098 0.1210171568627451
0 0.06638071895424837 0.36734068627450983 0.061683006535947715 0.04534313725490196
0 0.13766339869281047 0.36871936274509803 0.06454248366013073 0.045649509803921566
0 0.061274509803921566 0.3200061274509804 0.06699346405228758 0.043198529411764705
0 0.3506944444444444 0.3209252450980392 0.03227124183006536 0.04503676470588235
0 0.3174019607843137 0.32169117647058826 0.027777777777777776 0.04411764705882353
0 0.2853349673202614 0.32276348039215685 0.034722222222222224 0.046262254901960786
0 0.4485294117647059 0.3235294117647059 0.02696078431372549 0.04534313725490196
0 0.48304738562091504 0.3238357843137255 0.030637254901960783 0.04350490196078431
0 0.514501633986928 0.32276348039215685 0.02900326797385621 0.04381127450980392
0 0.5535130718954249 0.3236825980392157 0.035130718954248366 0.045649509803921566
0 0.5917075163398693 0.3229166666666667 0.030637254901960783 0.04656862745098039
0 0.6252042483660131 0.32337622549019607 0.02900326797385621 0.04503676470588235
0 0.6566584967320261 0.32199754901960786 0.027369281045751634 0.04718137254901961
0 0.6897467320261438 0.32046568627450983 0.03145424836601307 0.049019607843137254
0 0.7256944444444444 0.3209252450980392 0.02900326797385621 0.04503676470588235
0 0.758578431372549 0.32245710784313725 0.029411764705882353 0.045649509803921566
0 0.1772875816993464 0.27359068627450983 0.032679738562091505 0.04779411764705882
0 0.21241830065359477 0.2734375 0.028594771241830064 0.04258578431372549
0 0.24693627450980393 0.27297794117647056 0.03227124183006536 0.04411764705882353
0 0.2826797385620915 0.27512254901960786 0.026143790849673203 0.04350490196078431
0 0.24734477124183007 0.32015931372549017 0.03145424836601307 0.04350490196078431
0 0.21466503267973855 0.3212316176470588 0.0298202614379085 0.04258578431372549
0 0.1795343137254902 0.3209252450980392 0.024918300653594773 0.04503676470588235
0 0.12990196078431374 0.32276348039215685 0.06454248366013073 0.04136029411764706
0 0.12254901960784313 0.27359068627450983 0.06290849673202614 0.04534313725490196
0 0.056781045751633986 0.2728247549019608 0.061274509803921566 0.046262254901960786
0 0.38296568627450983 0.27420343137254904 0.03799019607843137 0.04411764705882353
0 0.14276960784313725 0.7320772058823529 0.05514705882352941 0.04136029411764706
0 0.4180964052287582 0.27267156862745096 0.027369281045751634 0.04350490196078431
0 0.48713235294117646 0.2763480392156863 0.02900326797385621 0.04595588235294118
0 0.4554738562091503 0.5456495098039216 0.024509803921568627 0.0392156862745098
0 0.4846813725490196 0.5451899509803921 0.030637254901960783 0.04013480392156863
0 0.5159313725490197 0.5450367647058824 0.025326797385620915 0.04718137254901961
0 0.016544117647058824 0.43566176470588236 0.0298202614379085 0.0428921568627451
0 0.018586601307189542 0.47962622549019607 0.03390522875816993 0.043198529411764705
0 0.017565359477124183 0.5266544117647058 0.031862745098039214 0.044730392156862746
0 0.985498366013072 0.7538296568627451 0.024101307189542485 0.12408088235294118
0 0.946078431372549 0.7495404411764706 0.05065359477124183 0.11795343137254902
0 0.889501633986928 0.75 0.05106209150326797 0.11642156862745098
0 0.8374183006535948 0.7519914215686274 0.04738562091503268 0.12040441176470588
0 0.4223856209150327 0.5438112745098039 0.029411764705882353 0.03982843137254902
0 0.7861519607843137 0.7484681372549019 0.04534313725490196 0.11825980392156862
0 0.6881127450980392 0.7509191176470589 0.04125816993464052 0.12316176470588236
0 0.6433823529411765 0.7472426470588235 0.042483660130718956 0.11825980392156862
0 0.5892565359477124 0.7455575980392157 0.054330065359477125 0.11979166666666667
0 0.5402369281045751 0.7461703431372549 0.04125816993464052 0.11856617647058823
0 0.4891748366013072 0.7438725490196079 0.05269607843137255 0.11580882352941177
0 0.44362745098039214 0.7440257352941176 0.03594771241830065 0.12162990196078431
0 0.3991013071895425 0.742953431372549 0.04820261437908497 0.1170343137254902
0 0.34906045751633985 0.7428002450980392 0.04534313725490196 0.11427696078431372
0 0.3008578431372549 0.7447916666666666 0.0428921568627451 0.1133578431372549
0 0.2551062091503268 0.7449448529411765 0.0428921568627451 0.11366421568627451
0 0.7346813725490197 0.7480085784313726 0.04370915032679738 0.11979166666666667
0 0.3895016339869281 0.5439644607843137 0.025735294117647058 0.04503676470588235
0 0.35947712418300654 0.5454963235294118 0.02696078431372549 0.0389093137254902
0 0.32536764705882354 0.5435049019607843 0.024101307189542485 0.041666666666666664
0 0.5189950980392157 0.27481617647058826 0.025735294117647058 0.04534313725490196
0 0.5506535947712419 0.27420343137254904 0.026143790849673203 0.04656862745098039
0 0.5151143790849673 0.39169730392156865 0.02696078431372549 0.04503676470588235
0 0.6252042483660131 0.2740502450980392 0.03227124183006536 0.046262254901960786
0 0.6582924836601307 0.2737438725490196 0.027369281045751634 0.045649509803921566
0 0.6934232026143791 0.27144607843137253 0.03227124183006536 0.04350490196078431
0 0.7275326797385621 0.27144607843137253 0.029411764705882353 0.04350490196078431
0 0.7616421568627451 0.2702205882352941 0.02900326797385621 0.04595588235294118
0 0.8020833333333334 0.29549632352941174 0.04534313725490196 0.1014093137254902
0 0.8472222222222222 0.29534313725490197 0.04084967320261438 0.10355392156862746
0 0.8890931372549019 0.2927389705882353 0.037173202614379085 0.10079656862745098
0 0.9313725490196079 0.2959558823529412 0.04411764705882353 0.09987745098039216
0 0.9726307189542484 0.2956495098039216 0.025326797385620915 0.09926470588235294
0 0.06413398692810457 0.43550857843137253 0.05718954248366013 0.04503676470588235
0 0.12888071895424835 0.43612132352941174 0.056781045751633986 0.04381127450980392
0 0.06862745098039216 0.5245098039215687 0.06290849673202614 0.0428921568627451
0 0.13684640522875818 0.5269607843137255 0.059640522875817 0.03799019607843137
0 0.07066993464052287 0.4806985294117647 0.06290849673202614 0.0428921568627451
0 0.13276143790849673 0.4831495098039216 0.05800653594771242 0.04044117647058824
0 0.19566993464052287 0.5422794117647058 0.024509803921568627 0.04350490196078431
0 0.22794117647058823 0.5430453431372549 0.02696078431372549 0.03829656862745098
0 0.2608251633986928 0.5431985294117647 0.024918300653594773 0.04105392156862745
0 0.29411764705882354 0.5439644607843137 0.029411764705882353 0.04258578431372549
0 0.4526143790849673 0.27558210784313725 0.031862745098039214 0.04197303921568627
0 0.4846813725490196 0.39108455882352944 0.030637254901960783 0.04503676470588235
0 0.41891339869281047 0.32276348039215685 0.02900326797385621 0.046262254901960786
0 0.4209558823529412 0.38878676470588236 0.026552287581699346 0.04411764705882353
0 0.6111111111111112 0.5012254901960784 0.03349673202614379 0.04534313725490196
0 0.6444035947712419 0.5010723039215687 0.028186274509803922 0.047487745098039214
0 0.4511846405228758 0.39047181372549017 0.0298202614379085 0.04381127450980392
0 0.6764705882352942 0.4987745098039216 0.03104575163398693 0.0428921568627451
0 0.7111928104575164 0.49923406862745096 0.028594771241830064 0.04871323529411765
0 0.7424428104575164 0.49831495098039214 0.026552287581699346 0.046875
0 0.5819035947712419 0.5012254901960784 0.020833333333333332 0.04534313725490196
0 0.7761437908496732 0.5229779411764706 0.027777777777777776 0.08884803921568628
0 0.8390522875816994 0.5245098039215687 0.03104575163398693 0.09436274509803921
0 0.8717320261437909 0.5260416666666666 0.028594771241830064 0.0900735294117647
0 0.9074754901960784 0.5254289215686274 0.03145424836601307 0.09129901960784313
0 0.9808006535947712 0.41421568627450983 0.035130718954248366 0.0974264705882353
0 0.9479166666666666 0.4146752450980392 0.028186274509803922 0.0934436274509804
0 0.9125816993464052 0.41268382352941174 0.031862745098039214 0.09926470588235294
0 0.8075980392156863 0.5246629901960784 0.02696078431372549 0.09221813725490197
0 0.8809232026143791 0.41390931372549017 0.030637254901960783 0.09436274509803921
0 0.5500408496732027 0.4993872549019608 0.03145424836601307 0.04411764705882353
0 0.4867238562091503 0.49984681372549017 0.024918300653594773 0.04258578431372549
0 0.7126225490196079 0.5488664215686274 0.028186274509803922 0.043198529411764705
0 0.6772875816993464 0.5467218137254902 0.032679738562091505 0.043198529411764705
0 0.6427696078431373 0.5464154411764706 0.03145424836601307 0.040747549019607844
0 0.610498366013072 0.5470281862745098 0.02900326797385621 0.03707107843137255
0 0.582312091503268 0.5464154411764706 0.024918300653594773 0.04258578431372549
0 0.5502450980392157 0.5470281862745098 0.031862745098039214 0.04197303921568627
0 0.5159313725490197 0.49984681372549017 0.028594771241830064 0.04013480392156863
0 0.22916666666666666 0.4960171568627451 0.026143790849673203 0.04411764705882353
0 0.2937091503267974 0.49816176470588236 0.031862745098039214 0.041666666666666664
0 0.3247549019607843 0.4993872549019608 0.026143790849673203 0.04411764705882353
0 0.35784313725490197 0.49954044117647056 0.02696078431372549 0.04197303921568627
0 0.3929738562091503 0.49785539215686275 0.029411764705882353 0.04105392156862745
0 0.4244281045751634 0.49831495098039214 0.03022875816993464 0.04442401960784314
0 0.4548611111111111 0.4987745098039216 0.023284313725490197 0.0428921568627451
0 0.25919117647058826 0.4970894607843137 0.03145424836601307 0.04197303921568627
0 0.7424428104575164 0.5493259803921569 0.026552287581699346 0.04411764705882353
0 0.8468137254901961 0.4134497549019608 0.03022875816993464 0.09589460784313726
0 0.7824754901960784 0.41253063725490197 0.03145424836601307 0.09160539215686274
0 0.3560049019607843 0.43550857843137253 0.0298202614379085 0.04503676470588235
0 0.1881127450980392 0.3869485294117647 0.03227124183006536 0.04534313725490196
0 0.22242647058823528 0.3861825980392157 0.03227124183006536 0.04381127450980392
0 0.2555147058823529 0.38786764705882354 0.027369281045751634 0.044730392156862746
0 0.2875816993464052 0.38848039215686275 0.029411764705882353 0.04350490196078431
0 0.32250816993464054 0.39047181372549017 0.024918300653594773 0.04258578431372549
0 0.32189542483660133 0.4345894607843137 0.02696078431372549 0.045649509803921566
0 0.35294117647058826 0.3880208333333333 0.03022875816993464 0.04258578431372549
0 0.3874591503267974 0.4375 0.028186274509803922 0.04411764705882353
0 0.4185049019607843 0.43673406862745096 0.028186274509803922 0.04258578431372549
0 0.4511846405228758 0.4408700980392157 0.02900326797385621 0.04350490196078431
0 0.48508986928104575 0.43857230392156865 0.028186274509803922 0.04381127450980392
0 0.5185866013071896 0.4375 0.027369281045751634 0.0392156862745098
0 0.5473856209150327 0.43734681372549017 0.029411764705882353 0.04381127450980392
0 0.3874591503267974 0.3883272058823529 0.028186274509803922 0.03829656862745098
0 0.8133169934640523 0.41130514705882354 0.031862745098039214 0.09895833333333333
0 0.29064542483660133 0.43443627450980393 0.03227124183006536 0.0428921568627451
0 0.22344771241830066 0.43642769607843135 0.027777777777777776 0.046875
0 0.7493872549019608 0.4387254901960784 0.027369281045751634 0.04411764705882353
0 0.7162990196078431 0.43504901960784315 0.0298202614379085 0.041666666666666664
0 0.6823937908496732 0.43765318627450983 0.026552287581699346 0.046875
0 0.6466503267973857 0.43765318627450983 0.032679738562091505 0.03952205882352941
0 0.6160130718954249 0.4404105392156863 0.02696078431372549 0.04258578431372549
0 0.2542892156862745 0.43673406862745096 0.028186274509803922 0.04013480392156863
0 0.5827205882352942 0.43734681372549017 0.02900326797385621 0.04381127450980392
0 0.7173202614379085 0.3893995098039216 0.029411764705882353 0.04411764705882353
0 0.6830065359477124 0.3893995098039216 0.027777777777777776 0.04718137254901961
0 0.6507352941176471 0.3903186274509804 0.028594771241830064 0.04718137254901961
0 0.6182598039215687 0.39047181372549017 0.028186274509803922 0.04503676470588235
0 0.5837418300653595 0.38924632352941174 0.03104575163398693 0.04503676470588235
0 0.19056372549019607 0.4345894607843137 0.027369281045751634 0.048100490196078434
0 0.7493872549019608 0.3909313725490196 0.024101307189542485 0.04595588235294118
0 0.19709967320261437 0.49693627450980393 0.027369281045751634 0.04411764705882353
