0 0.5351307189542484 0.2601102941176471 0.03839869281045752 0.08333333333333333
0 0.7375408496732027 0.4166666666666667 0.04044117647058824 0.10661764705882353
0 0.6305147058823529 0.3788296568627451 0.0428921568627451 0.08118872549019608
0 0.5843545751633987 0.3789828431372549 0.0428921568627451 0.08149509803921569
0 0.4912173202614379 0.3788296568627451 0.0428921568627451 0.08118872549019608
0 0.4446486928104575 0.3779105392156863 0.0428921568627451 0.08057598039215687
0 0.3991013071895425 0.3776041666666667 0.04330065359477124 0.08057598039215687
0 0.35294117647058826 0.37775735294117646 0.0457516339869281 0.07965686274509803
0 0.3073937908496732 0.37668504901960786 0.044526143790849675 0.07996323529411764
0 0.21200980392156862 0.3756127450980392 0.04656862745098039 0.08455882352941177
0 0.6333741830065359 0.25888480392156865 0.05106209150326797 0.08394607843137254
0 0.5819035947712419 0.2604166666666667 0.04779411764705882 0.08088235294117647
0 0.5377859477124183 0.38036151960784315 0.0428921568627451 0.08118872549019608
0 0.2602124183006536 0.37699142156862747 0.04493464052287582 0.07996323529411764
0 0.24673202614379086 0.7849264705882353 0.04738562091503268 0.11274509803921569
0 0.11049836601307189 0.727328431372549 0.04779411764705882 0.07536764705882353
0 0.8913398692810458 0.27941176470588236 0.049836601307189546 0.125
0 0.9421977124183006 0.27879901960784315 0.0428921568627451 0.12377450980392157
0 0.9852941176470589 0.28048406862745096 0.029411764705882353 0.11979166666666667
0 0.952001633986928 0.13648897058823528 0.05024509803921569 0.12408088235294118
0 0.8995098039215687 0.13587622549019607 0.049836601307189546 0.12408088235294118
0 0.846609477124183 0.1331188725490196 0.05269607843137255 0.13204656862745098
0 0.7914624183006536 0.1328125 0.054330065359477125 0.1326593137254902
0 0.6407271241830066 0.1329656862745098 0.04616013071895425 0.08884803921568628
0 0.5912990196078431 0.13204656862745098 0.04616013071895425 0.08884803921568628
0 0.5418709150326797 0.13082107843137256 0.04616013071895425 0.08884803921568628
0 0.4936683006535948 0.13020833333333334 0.04616013071895425 0.08884803921568628
0 0.44505718954248363 0.12928921568627452 0.04616013071895425 0.08884803921568628
0 0.39767156862745096 0.12867647058823528 0.04616013071895425 0.08884803921568628
0 0.349468954248366 0.12867647058823528 0.04616013071895425 0.08884803921568628
0 0.2973856209150327 0.12729779411764705 0.05392156862745098 0.0897671568627451
0 0.24101307189542484 0.12637867647058823 0.05392156862745098 0.0897671568627451
0 0.12295751633986927 0.9053308823529411 0.049836601307189546 0.06985294117647059
0 0.07434640522875817 0.9047181372549019 0.042483660130718956 0.06678921568627451
0 0.02900326797385621 0.9076286764705882 0.04493464052287582 0.06709558823529412
0 0.8327205882352942 0.27879901960784315 0.056781045751633986 0.12622549019607843
0 0.1235702614379085 0.8219975490196079 0.042075163398692814 0.06556372549019608
0 0.7734885620915033 0.27879901960784315 0.046977124183006536 0.12806372549019607
0 0.04309640522875817 0.8242953431372549 0.03145424836601307 0.06464460784313726
0 0.026143790849673203 0.08884803921568628 0.042483660130718956 0.07475490196078431
0 0.0661764705882353 0.08854166666666667 0.03349673202614379 0.07536764705882353
0 0.012254901960784314 0.21216299019607843 0.024509803921568627 0.0860906862745098
0 0.06331699346405228 0.7280943627450981 0.04330065359477124 0.07567401960784313
0 0.019812091503267973 0.7293198529411765 0.039624183006535946 0.07506127450980392
0 0.10273692810457516 0.5767463235294118 0.044526143790849675 0.07567401960784313
0 0.0559640522875817 0.5782781862745098 0.04493464052287582 0.07383578431372549
0 0.01613562091503268 0.5808823529411765 0.03145424836601307 0.07352941176470588
0 0.09415849673202614 0.46798406862745096 0.04044117647058824 0.08057598039215687
0 0.05004084967320262 0.4661458333333333 0.04370915032679738 0.08547794117647059
0 0.013684640522875817 0.46737132352941174 0.027369281045751634 0.08118872549019608
0 0.06638071895424837 0.3524816176470588 0.04616013071895425 0.08915441176470588
0 0.48794934640522875 0.25827205882352944 0.0428921568627451 0.08272058823529412
0 0.4426062091503268 0.25888480392156865 0.0428921568627451 0.08272058823529412
0 0.3952205882352941 0.25796568627450983 0.04125816993464052 0.08639705882352941
0 0.3492647058823529 0.2571997549019608 0.04738562091503268 0.08792892156862746
0 0.2994281045751634 0.25628063725490197 0.04738562091503268 0.08792892156862746
0 0.25163398692810457 0.25674019607843135 0.04738562091503268 0.0857843137254902
0 0.05106209150326797 0.21231617647058823 0.049836601307189546 0.08455882352941177
0 0.08312908496732026 0.8253676470588235 0.0363562091503268 0.06372549019607843
0 0.20016339869281047 0.2552083333333333 0.051470588235294115 0.08823529411764706
0 0.019812091503267973 0.35324754901960786 0.039624183006535946 0.0900735294117647
0 0.24101307189542484 0.6383272058823529 0.06372549019607843 0.11611519607843138
0 0.4040032679738562 0.6207107843137255 0.04738562091503268 0.09987745098039216
0 0.4591503267973856 0.6377144607843137 0.05065359477124183 0.1173406862745098
0 0.5120506535947712 0.6378676470588235 0.04861111111111111 0.11274509803921569
0 0.6229575163398693 0.6755514705882353 0.05310457516339869 0.051470588235294115
0 0.5988562091503268 0.6011029411764706 0.04656862745098039 0.041666666666666664
0 0.724468954248366 0.6740196078431373 0.04125816993464052 0.09313725490196079
0 0.7720588235294118 0.6796875 0.04411764705882353 0.06893382352941177
0 0.8188316993464052 0.6700367647058824 0.042075163398692814 0.09803921568627451
0 0.9078839869281046 0.6698835784313726 0.04370915032679738 0.09650735294117647
0 0.9538398692810458 0.6680453431372549 0.04330065359477124 0.10079656862745098
0 0.9891748366013072 0.6692708333333334 0.02165032679738562 0.09283088235294118
0 0.7804330065359477 0.4169730392156863 0.0428921568627451 0.1090686274509804
0 0.3525326797385621 0.6243872549019608 0.04330065359477124 0.09987745098039216
0 0.9577205882352942 0.5389093137254902 0.044526143790849675 0.10416666666666667
0 0.8100490196078431 0.5422794117647058 0.049019607843137254 0.10294117647058823
0 0.7549019607843137 0.5412071078431373 0.0457516339869281 0.10876225490196079
0 0.6262254901960784 0.5018382352941176 0.056372549019607844 0.12071078431372549
0 0.5674019607843137 0.5015318627450981 0.056372549019607844 0.12071078431372549
0 0.5095996732026143 0.4921875 0.05514705882352941 0.11795343137254902
0 0.4540441176470588 0.5021446078431373 0.053513071895424834 0.09129901960784313
0 0.39828431372549017 0.5012254901960784 0.05065359477124183 0.12009803921568628
0 0.3459967320261438 0.5019914215686274 0.05065359477124183 0.12040441176470588
0 0.2618464052287582 0.8967524509803921 0.049019607843137254 0.08026960784313726
0 0.9595588235294118 0.4177389705882353 0.08088235294117647 0.1326593137254902
0 0.29187091503267976 0.5018382352941176 0.0559640522875817 0.11948529411764706
0 0.23100490196078433 0.49923406862745096 0.0625 0.12775735294117646
0 0.8590686274509803 0.5428921568627451 0.042483660130718956 0.1053921568627451
0 0.30126633986928103 0.6223958333333334 0.05106209150326797 0.09589460784313726
0 0.8308823529411765 0.4149816176470588 0.049836601307189546 0.10876225490196079
0 0.30269607843137253 0.7833946078431373 0.049019607843137254 0.11580882352941177
0 0.3116830065359477 0.8973651960784313 0.049019607843137254 0.08026960784313726
0 0.36090686274509803 0.8953737745098039 0.04861111111111111 0.078125
0 0.41217320261437906 0.8947610294117647 0.049019607843137254 0.078125
0 0.46486928104575165 0.8941482843137255 0.049836601307189546 0.08302696078431372
0 0.5147058823529411 0.8924632352941176 0.041666666666666664 0.07965686274509803
0 0.5590277777777778 0.875 0.04044117647058824 0.0545343137254902
0 0.6178513071895425 0.8909313725490197 0.0494281045751634 0.08149509803921569
0 0.7430555555555556 0.8944546568627451 0.04411764705882353 0.06709558823529412
0 0.7914624183006536 0.8946078431372549 0.042075163398692814 0.0625
0 0.8339460784313726 0.8909313725490197 0.037173202614379085 0.06740196078431372
0 0.8758169934640523 0.8878676470588235 0.03758169934640523 0.07536764705882353
0 0.9172794117647058 0.8878676470588235 0.03799019607843137 0.07536764705882353
0 0.9589460784313726 0.8878676470588235 0.04125816993464052 0.0704656862745098
0 0.988562091503268 0.7849264705882353 0.02287581699346405 0.09068627450980392
0 0.9501633986928104 0.7878370098039216 0.04656862745098039 0.09099264705882353
0 0.9015522875816994 0.7915134803921569 0.0457516339869281 0.0934436274509804
0 0.8574346405228758 0.7925857843137255 0.03758169934640523 0.09375
0 0.8122957516339869 0.7875306372549019 0.046977124183006536 0.09589460784313726
0 0.7610294117647058 0.7884497549019608 0.04738562091503268 0.09589460784313726
0 0.7209967320261438 0.7901348039215687 0.025326797385620915 0.09803921568627451
0 0.6231617647058824 0.7787990196078431 0.05269607843137255 0.11029411764705882
0 0.012254901960784314 0.8268995098039216 0.024509803921568627 0.0661764705882353
0 0.5661764705882353 0.7797181372549019 0.05228758169934641 0.10294117647058823
0 0.5124591503267973 0.78125 0.0494281045751634 0.10110294117647059
0 0.4618055555555556 0.7789522058823529 0.0494281045751634 0.11182598039215687
0 0.40931372549019607 0.7659313725490197 0.0457516339869281 0.11887254901960784
0 0.35723039215686275 0.7837009803921569 0.05106209150326797 0.11397058823529412
0 0.8827614379084967 0.41605392156862747 0.049836601307189546 0.11090686274509803
