0 0.690625 0.18046875 0.06875 0.04765625
0 0.6020833333333333 0.180859375 0.078125 0.0484375
0 0.76015625 0.73828125 0.0421875 0.04453125
0 0.5661458333333333 0.483984375 0.06458333333333334 0.05
0 0.48098958333333336 0.483984375 0.0578125 0.05
0 0.434375 0.4798828125 0.030208333333333334 0.048828125
0 0.36223958333333334 0.4814453125 0.058854166666666666 0.047265625
0 0.31145833333333334 0.48125 0.040625 0.0515625
0 0.25703125 0.481640625 0.059895833333333336 0.05234375
0 0.19557291666666668 0.4779296875 0.0546875 0.052734375
0 0.031510416666666666 0.4685546875 0.049479166666666664 0.075390625
0 0.0171875 0.5693359375 0.03125 0.069140625
0 0.08776041666666666 0.5771484375 0.0546875 0.059765625
0 0.1578125 0.573828125 0.06145833333333333 0.05546875
0 0.22630208333333332 0.5732421875 0.0671875 0.054296875
0 0.29583333333333334 0.5765625 0.0625 0.05625
0 0.35963541666666665 0.5767578125 0.059895833333333336 0.056640625
0 0.11927083333333334 0.3798828125 0.026041666666666668 0.042578125
0 0.490625 0.580859375 0.057291666666666664 0.06015625
0 0.5541666666666667 0.580859375 0.057291666666666664 0.06015625
0 0.2942708333333333 0.6548828125 0.059375 0.048828125
0 0.3606770833333333 0.6580078125 0.06822916666666666 0.048046875
0 0.42994791666666665 0.6525390625 0.04114583333333333 0.034765625
0 0.49114583333333334 0.6607421875 0.071875 0.051171875
0 0.58046875 0.656640625 0.07447916666666667 0.0578125
0 0.6541666666666667 0.6599609375 0.06145833333333333 0.056640625
0 0.6322916666666667 0.4833984375 0.06041666666666667 0.046484375
0 0.7244791666666667 0.66328125 0.06458333333333334 0.05390625
0 0.8802083333333334 0.665625 0.06979166666666667 0.0484375
0 0.8752604166666667 0.5923828125 0.04635416666666667 0.048828125
0 0.8135416666666667 0.5861328125 0.06666666666666667 0.058203125
0 0.7463541666666667 0.58359375 0.059375 0.05859375
0 0.6802083333333333 0.580859375 0.06458333333333334 0.0578125
0 0.6125 0.5796875 0.05625 0.0578125
0 0.79921875 0.6673828125 0.07135416666666666 0.051953125
0 0.7083333333333334 0.485546875 0.0625 0.05078125
0 0.7778645833333333 0.4869140625 0.0640625 0.051171875
0 0.8510416666666667 0.487109375 0.06041666666666667 0.04921875
0 0.8109375 0.72890625 0.035416666666666666 0.03515625
0 0.7661458333333333 0.1822265625 0.06979166666666667 0.046484375
0 0.8567708333333334 0.180859375 0.058333333333333334 0.053125
0 0.90625 0.13515625 0.0625 0.03515625
0 0.9119791666666667 0.187890625 0.041666666666666664 0.04296875
0 0.8708333333333333 0.276171875 0.16875 0.08203125
0 0.24661458333333333 0.381640625 0.0390625 0.0484375
0 0.6921875 0.275 0.16041666666666668 0.0828125
0 0.3645833333333333 0.26640625 0.16145833333333334 0.0921875
0 0.19973958333333333 0.2662109375 0.1640625 0.087109375
0 0.021875 0.2734375 0.040625 0.078125
0 0.0171875 0.3751953125 0.03125 0.052734375
0 0.07604166666666666 0.3767578125 0.051041666666666666 0.051171875
0 0.15859375 0.3802734375 0.049479166666666664 0.050390625
0 0.5291666666666667 0.2703125 0.16354166666666667 0.0875
0 0.22473958333333333 0.65234375 0.07135416666666666 0.0515625
0 0.2953125 0.3828125 0.042708333333333334 0.04609375
0 0.37057291666666664 0.383203125 0.0390625 0.04453125
0 0.9075520833333334 0.4921875 0.0328125 0.046875
0 0.9158854166666667 0.3892578125 0.043229166666666666 0.046484375
0 0.8536458333333333 0.3888671875 0.04583333333333333 0.045703125
0 0.8080729166666667 0.3888671875 0.0359375 0.045703125
0 0.7692708333333333 0.3876953125 0.0375 0.045703125
0 0.7283854166666667 0.3865234375 0.03697916666666667 0.048828125
0 0.33567708333333335 0.3849609375 0.021354166666666667 0.040234375
0 0.6864583333333333 0.387890625 0.03958333333333333 0.0453125
0 0.6098958333333333 0.3880859375 0.03854166666666667 0.044140625
0 0.5703125 0.3857421875 0.0375 0.044140625
0 0.5302083333333333 0.3853515625 0.03854166666666667 0.046484375
0 0.490625 0.38515625 0.034375 0.04609375
0 0.45208333333333334 0.38515625 0.03958333333333333 0.04296875
0 0.41067708333333336 0.3845703125 0.03802083333333333 0.047265625
0 0.6479166666666667 0.38828125 0.03229166666666667 0.04453125
0 0.15130208333333334 0.650390625 0.0640625 0.05703125
0 0.42552083333333335 0.577734375 0.06458333333333334 0.0609375
0 0.08802083333333334 0.7232421875 0.042708333333333334 0.038671875
0 0.25390625 0.85859375 0.027604166666666666 0.00859375
0 0.25052083333333336 0.8453125 0.028125 0.00859375
0 0.27109375 0.8076171875 0.0296875 0.026171875
0 0.3111979166666667 0.8265625 0.034895833333333334 0.0421875
0 0.359375 0.8263671875 0.036458333333333336 0.041796875
0 0.4127604166666667 0.8296875 0.0390625 0.04140625
0 0.4661458333333333 0.821484375 0.0375 0.0515625
0 0.5192708333333333 0.8244140625 0.036458333333333336 0.050390625
0 0.56875 0.821875 0.040625 0.05234375
0 0.03229166666666667 0.652734375 0.06145833333333333 0.04453125
0 0.6692708333333334 0.81015625 0.03958333333333333 0.03125
0 0.6705729166666666 0.8439453125 0.0390625 0.028515625
0 0.7153645833333333 0.81328125 0.04635416666666667 0.05234375
0 0.7776041666666667 0.82734375 0.04375 0.05390625
0 0.82734375 0.8255859375 0.0421875 0.055078125
0 0.8716145833333333 0.8220703125 0.0359375 0.050390625
0 0.8611979166666667 0.7232421875 0.03802083333333333 0.023828125
0 0.042708333333333334 0.1681640625 0.065625 0.064453125
0 0.13463541666666667 0.169140625 0.0640625 0.06171875
0 0.21119791666666668 0.1720703125 0.059895833333333336 0.062890625
0 0.27890625 0.1755859375 0.058854166666666666 0.055078125
0 0.34713541666666664 0.173046875 0.0640625 0.0625
0 0.27760416666666665 0.129296875 0.059375 0.03359375
0 0.425 0.1798828125 0.07291666666666667 0.045703125
0 0.5080729166666667 0.18046875 0.0765625 0.04765625
0 0.06276041666666667 0.7935546875 0.09010416666666667 0.020703125
0 0.06484375 0.8173828125 0.09739583333333333 0.021484375
0 0.6166666666666667 0.8177734375 0.04479166666666667 0.049609375
0 0.16119791666666666 0.8216796875 0.03802083333333333 0.047265625
0 0.5989583333333334 0.9494140625 0.05520833333333333 0.069921875
0 0.66171875 0.9451171875 0.05364583333333333 0.065234375
0 0.7158854166666667 0.9205078125 0.04739583333333333 0.063671875
0 0.0671875 0.8431640625 0.09166666666666666 0.023828125
0 0.7908854166666667 0.9423828125 0.08385416666666666 0.061328125
0 0.12630208333333334 0.4947265625 0.043229166666666666 0.015234375
0 0.6950520833333333 0.754296875 0.0484375 0.0125
0 0.6940104166666666 0.7384765625 0.04010416666666667 0.008203125
0 0.5223958333333333 0.95078125 0.09166666666666666 0.08046875
0 0.6333333333333333 0.727734375 0.036458333333333336 0.040625
0 0.5255208333333333 0.7337890625 0.042708333333333334 0.044921875
0 0.40703125 0.7283203125 0.04010416666666667 0.039453125
0 0.24791666666666667 0.71640625 0.041666666666666664 0.0328125
0 0.3458333333333333 0.7322265625 0.03854166666666667 0.039453125
0 0.3020833333333333 0.7302734375 0.036458333333333336 0.018359375
0 0.23567708333333334 0.74296875 0.05364583333333333 0.0109375
0 0.16171875 0.7287109375 0.043229166666666666 0.044921875
0 0.020052083333333335 0.7205078125 0.0234375 0.030859375
0 0.58515625 0.7326171875 0.04114583333333333 0.048046875
0 0.4276041666666667 0.9486328125 0.08854166666666667 0.076171875
0 0.20651041666666667 0.3814453125 0.03802083333333333 0.045703125
0 0.2796875 0.9390625 0.06041666666666667 0.0640625
0 0.08177083333333333 0.9353515625 0.03333333333333333 0.076171875
0 0.20598958333333334 0.8236328125 0.033854166666666664 0.046484375
0 0.3515625 0.9416015625 0.057291666666666664 0.062109375
0 0.19453125 0.9349609375 0.0921875 0.077734375
0 0.11614583333333334 0.9353515625 0.030208333333333334 0.076171875
