0 0.05065359477124183 0.6605392156862745 0.09395424836601307 0.10661764705882353
0 0.9838643790849673 0.3564644607843137 0.03145424836601307 0.021139705882352942
0 0.25919117647058826 0.13005514705882354 0.037173202614379085 0.08302696078431372
0 0.2207924836601307 0.12821691176470587 0.03553921568627451 0.08670343137254902
0 0.16115196078431374 0.15533088235294118 0.07965686274509803 0.03431372549019608
0 0.06658496732026144 0.11994485294117647 0.08415032679738563 0.022365196078431373
0 0.06924019607843138 0.14139093137254902 0.09109477124183006 0.018075980392156864
0 0.07209967320261437 0.16299019607843138 0.09027777777777778 0.02144607843137255
0 0.07352941176470588 0.22334558823529413 0.05228758169934641 0.04105392156862745
0 0.12806372549019607 0.22487745098039216 0.051879084967320264 0.031862745098039214
0 0.11968954248366014 0.2617953431372549 0.05392156862745098 0.03462009803921569
0 0.06862745098039216 0.2619485294117647 0.049019607843137254 0.03431372549019608
0 0.1919934640522876 0.25857843137254904 0.0661764705882353 0.03799019607843137
0 0.3118872549019608 0.14629289215686275 0.034722222222222224 0.05177696078431373
0 0.27328431372549017 0.20726102941176472 0.07026143790849673 0.02971813725490196
0 0.2604166666666667 0.26286764705882354 0.068218954248366 0.03002450980392157
0 0.3263888888888889 0.25919117647058826 0.05800653594771242 0.03676470588235294
0 0.16993464052287582 0.6848958333333334 0.03104575163398693 0.0548406862745098
0 0.13316993464052287 0.6836703431372549 0.03022875816993464 0.05667892156862745
0 0.2563316993464052 0.6841299019607843 0.03390522875816993 0.06740196078431372
0 0.29330065359477125 0.6821384803921569 0.03676470588235294 0.06893382352941177
0 0.3329248366013072 0.6810661764705882 0.0392156862745098 0.06801470588235294
0 0.3715277777777778 0.6760110294117647 0.03553921568627451 0.06954656862745098
0 0.4170751633986928 0.6712622549019608 0.049836601307189546 0.08149509803921569
0 0.46772875816993464 0.6727941176470589 0.04738562091503268 0.0821078431372549
0 0.5173611111111112 0.6729473039215687 0.0494281045751634 0.078125
0 0.2645016339869281 0.2349877450980392 0.06331699346405228 0.02389705882352941
0 0.3821486928104575 0.11121323529411764 0.07965686274509803 0.015931372549019607
0 0.3770424836601307 0.12729779411764705 0.08660130718954248 0.016237745098039217
0 0.377859477124183 0.14414828431372548 0.08823529411764706 0.01685049019607843
0 0.2741013071895425 0.49371936274509803 0.06944444444444445 0.033394607843137254
0 0.34395424836601307 0.49387254901960786 0.06781045751633986 0.03370098039215686
0 0.41421568627450983 0.4915747549019608 0.0661764705882353 0.03155637254901961
0 0.542687908496732 0.47089460784313725 0.07066993464052287 0.02144607843137255
0 0.542687908496732 0.4958639705882353 0.07148692810457516 0.026041666666666668
0 0.6154003267973857 0.49525122549019607 0.0690359477124183 0.0272671568627451
0 0.6521650326797386 0.46829044117647056 0.06740196078431372 0.015625
0 0.6854575163398693 0.4961703431372549 0.0661764705882353 0.029105392156862746
0 0.7571486928104575 0.4955575980392157 0.07230392156862746 0.030330882352941176
0 0.031862745098039214 0.35692401960784315 0.05228758169934641 0.1090686274509804
0 0.016544117647058824 0.2265625 0.03308823529411765 0.10447303921568628
0 0.2275326797385621 0.6827512254901961 0.02287581699346405 0.05974264705882353
0 0.20077614379084968 0.6832107843137255 0.0298202614379085 0.05821078431372549
0 0.8515114379084967 0.6799938725490197 0.034722222222222224 0.07567401960784313
0 0.8884803921568627 0.13495710784313725 0.05065359477124183 0.050551470588235295
0 0.8216911764705882 0.14292279411764705 0.053513071895424834 0.04503676470588235
0 0.7510212418300654 0.1254595588235294 0.034722222222222224 0.015012254901960785
0 0.7810457516339869 0.1401654411764706 0.02287581699346405 0.018075980392156864
0 0.7790032679738562 0.15900735294117646 0.024509803921568627 0.015931372549019607
0 0.7520424836601307 0.1410845588235294 0.03349673202614379 0.015625
0 0.7512254901960784 0.15854779411764705 0.031862745098039214 0.017463235294117647
0 0.7173202614379085 0.1412377450980392 0.03349673202614379 0.014093137254901961
0 0.7167075163398693 0.15762867647058823 0.03227124183006536 0.017463235294117647
0 0.4430147058823529 0.1168811274509804 0.03308823529411765 0.11121323529411764
0 0.37745098039215685 0.16299019607843138 0.09068627450980392 0.018995098039215685
0 0.5702614379084967 0.6738664215686274 0.04493464052287582 0.0818014705882353
0 0.1999591503267974 0.4958639705882353 0.06658496732026144 0.030943627450980393
0 0.6123366013071896 0.6832107843137255 0.028594771241830064 0.06311274509803921
0 0.6742238562091504 0.6803002450980392 0.025735294117647058 0.05974264705882353
0 0.1039624183006536 0.3596813725490196 0.0821078431372549 0.032475490196078434
0 0.3741830065359477 0.4241727941176471 0.07107843137254902 0.03829656862745098
0 0.44669117647058826 0.4209558823529412 0.07148692810457516 0.0392156862745098
0 0.5698529411764706 0.42830882352941174 0.06290849673202614 0.03002450980392157
0 0.6352124183006536 0.4250919117647059 0.06781045751633986 0.035845588235294115
0 0.7081290849673203 0.42356004901960786 0.07230392156862746 0.03462009803921569
0 0.8137254901960784 0.41590073529411764 0.04411764705882353 0.046262254901960786
0 0.863562091503268 0.4172794117647059 0.0457516339869281 0.04595588235294118
0 0.917687908496732 0.42110906862745096 0.028186274509803922 0.04197303921568627
0 0.9756944444444444 0.42172181372549017 0.024918300653594773 0.040747549019607844
0 0.7346813725490197 0.6775428921568627 0.03308823529411765 0.07261029411764706
0 0.17095588235294118 0.3512561274509804 0.0494281045751634 0.04871323529411765
0 0.9926470588235294 0.5298713235294118 0.015522875816993464 0.03952205882352941
0 0.9256535947712419 0.5306372549019608 0.018790849673202614 0.04105392156862745
0 0.9052287581699346 0.5301776960784313 0.018790849673202614 0.04258578431372549
0 0.9912173202614379 0.6256127450980392 0.017565359477124183 0.06372549019607843
0 0.9662990196078431 0.6268382352941176 0.03227124183006536 0.06311274509803921
0 0.8950163398692811 0.6348039215686274 0.02042483660130719 0.041666666666666664
0 0.9891748366013072 0.7193627450980392 0.023284313725490197 0.06433823529411764
0 0.9622140522875817 0.7205882352941176 0.025735294117647058 0.06678921568627451
0 0.934640522875817 0.7172181372549019 0.026143790849673203 0.06495098039215687
0 0.9037990196078431 0.7113970588235294 0.01919934640522876 0.0625
0 0.7724673202614379 0.6763174019607843 0.03676470588235294 0.07751225490196079
0 0.8116830065359477 0.678921568627451 0.0392156862745098 0.07352941176470588
0 0.9722222222222222 0.5297181372549019 0.022058823529411766 0.0428921568627451
0 0.2167075163398693 0.3518688725490196 0.0428921568627451 0.04503676470588235
0 0.2608251633986928 0.3486519607843137 0.0428921568627451 0.05821078431372549
0 0.30575980392156865 0.3503370098039216 0.044526143790849675 0.05361519607843137
0 0.7026143790849673 0.6839767156862745 0.026143790849673203 0.05974264705882353
0 0.3813316993464052 0.2189031862745098 0.054330065359477125 0.017463235294117647
0 0.38112745098039214 0.2532169117647059 0.05065359477124183 0.048100490196078434
0 0.440359477124183 0.25245098039215685 0.03349673202614379 0.03982843137254902
0 0.49979575163398693 0.24678308823529413 0.08374183006535947 0.05912990196078431
0 0.5845588235294118 0.24371936274509803 0.08006535947712418 0.057904411764705885
0 0.6470588235294118 0.23651960784313725 0.04411764705882353 0.07169117647058823
0 0.7489787581699346 0.2496936274509804 0.08129084967320262 0.04350490196078431
0 0.9526143790849673 0.23851102941176472 0.06045751633986928 0.0352328431372549
0 0.9507761437908496 0.2763480392156863 0.06004901960784314 0.03553921568627451
0 0.8815359477124183 0.33578431372549017 0.059640522875817 0.0625
0 0.9401552287581699 0.35661764705882354 0.05106209150326797 0.02389705882352941
0 0.8186274509803921 0.3431372549019608 0.059640522875817 0.0508578431372549
0 0.7616421568627451 0.3463541666666667 0.05024509803921569 0.04993872549019608
0 0.7128267973856209 0.33762254901960786 0.042483660130718956 0.0704656862745098
0 0.6711601307189542 0.33700980392156865 0.03676470588235294 0.06740196078431372
0 0.6272467320261438 0.34068627450980393 0.0494281045751634 0.061887254901960786
0 0.5778186274509803 0.3403799019607843 0.04779411764705882 0.061887254901960786
0 0.5326797385620915 0.3425245098039216 0.0392156862745098 0.05943627450980392
0 0.4918300653594771 0.34329044117647056 0.042483660130718956 0.06096813725490196
0 0.4360702614379085 0.3005514705882353 0.034722222222222224 0.011029411764705883
0 0.4348447712418301 0.31142769607843135 0.03553921568627451 0.01133578431372549
0 0.4446486928104575 0.3471200980392157 0.042075163398692814 0.0545343137254902
0 0.3991013071895425 0.3492647058823529 0.042483660130718956 0.051470588235294115
0 0.352124183006536 0.35018382352941174 0.04330065359477124 0.05575980392156863
0 0.6427696078431373 0.6812193627450981 0.0298202614379085 0.05912990196078431
0 0.12745098039215685 0.4967830882352941 0.07516339869281045 0.030330882352941176
0 0.8833741830065359 0.7149203431372549 0.02246732026143791 0.0628063725490196
0 0.14338235294117646 0.7506127450980392 0.031862745098039214 0.027573529411764705
0 0.5067401960784313 0.8566176470588235 0.03145424836601307 0.04411764705882353
0 0.5555555555555556 0.8693321078431373 0.059640522875817 0.050551470588235295
0 0.6151960784313726 0.8685661764705882 0.058823529411764705 0.05024509803921569
0 0.730187908496732 0.8374693627450981 0.05759803921568627 0.02665441176470588
0 0.7867647058823529 0.8386948529411765 0.056372549019607844 0.02665441176470588
0 0.8464052287581699 0.8331801470588235 0.056372549019607844 0.0352328431372549
0 0.8486519607843137 0.867953431372549 0.056781045751633986 0.03125
0 0.672998366013072 0.8383884803921569 0.04861111111111111 0.02665441176470588
0 0.6742238562091504 0.8682598039215687 0.054330065359477125 0.029411764705882353
0 0.730187908496732 0.8671875 0.05269607843137255 0.02971813725490196
0 0.7879901960784313 0.8678002450980392 0.058823529411764705 0.02849264705882353
0 0.7775735294117647 0.7541360294117647 0.0690359477124183 0.030330882352941176
0 0.704452614379085 0.7524509803921569 0.06740196078431372 0.03125
0 0.6386846405228758 0.7541360294117647 0.0625 0.03216911764705882
0 0.46425653594771243 0.7545955882352942 0.056781045751633986 0.03308823529411765
0 0.42116013071895425 0.7535232843137255 0.02696078431372549 0.033394607843137254
0 0.39215686274509803 0.7533700980392157 0.03022875816993464 0.03308823529411765
0 0.36376633986928103 0.7542892156862745 0.02900326797385621 0.034926470588235295
0 0.04350490196078431 0.524203431372549 0.08047385620915033 0.10232843137254902
0 0.47038398692810457 0.8553921568627451 0.03390522875816993 0.0392156862745098
0 0.4348447712418301 0.8583026960784313 0.03227124183006536 0.04503676470588235
0 0.5208333333333334 0.7490808823529411 0.056372549019607844 0.025735294117647058
0 0.3410947712418301 0.8610600490196079 0.04656862745098039 0.048100490196078434
0 0.39195261437908496 0.859375 0.046977124183006536 0.044730392156862746
0 0.17687908496732027 0.7515318627450981 0.032679738562091505 0.02696078431372549
0 0.22794117647058823 0.7581188725490197 0.058823529411764705 0.04258578431372549
0 0.28921568627450983 0.7559742647058824 0.058823529411764705 0.035845588235294115
0 0.12928921568627452 0.5868566176470589 0.0559640522875817 0.06341911764705882
0 0.1940359477124183 0.5845588235294118 0.06372549019607843 0.061887254901960786
0 0.2542892156862745 0.5862438725490197 0.0298202614379085 0.060355392156862746
0 0.28656045751633985 0.5860906862745098 0.03145424836601307 0.06004901960784314
0 0.35110294117647056 0.5810355392156863 0.03799019607843137 0.06893382352941177
0 0.3335375816993464 0.7553615196078431 0.028186274509803922 0.03462009803921569
0 0.4272875816993464 0.5759803921568627 0.032679738562091505 0.07291666666666667
0 0.46486928104575165 0.5752144607843137 0.03839869281045752 0.07383578431372549
0 0.5232843137254902 0.5758272058823529 0.03594771241830065 0.0701593137254902
0 0.5608660130718954 0.5735294117647058 0.03839869281045752 0.0704656862745098
0 0.056372549019607844 0.8080575980392157 0.11274509803921569 0.14246323529411764
0 0.13480392156862744 0.8396139705882353 0.03022875816993464 0.06341911764705882
0 0.1670751633986928 0.8412990196078431 0.031862745098039214 0.0625
0 0.38929738562091504 0.5799632352941176 0.03839869281045752 0.07107843137254902
0 0.24428104575163398 0.8308823529411765 0.03758169934640523 0.07965686274509803
0 0.2867647058823529 0.8471200980392157 0.041666666666666664 0.06740196078431372
