0 0.6642156862745098 0.8187806372549019 0.08823529411764706 0.035845588235294115
0 0.12193627450980392 0.29840686274509803 0.05269607843137255 0.0428921568627451
0 0.11642156862745098 0.2545955882352941 0.05065359477124183 0.04411764705882353
0 0.10825163398692811 0.2106311274509804 0.05310457516339869 0.04013480392156863
0 0.10661764705882353 0.15410539215686275 0.06290849673202614 0.06372549019607843
0 0.9771241830065359 0.4022671568627451 0.0457516339869281 0.049019607843137254
0 0.8674428104575164 0.40425857843137253 0.05269607843137255 0.045649509803921566
0 0.7949346405228758 0.4050245098039216 0.08660130718954248 0.04595588235294118
0 0.710171568627451 0.40487132352941174 0.07720588235294118 0.04258578431372549
0 0.8057598039215687 0.3681066176470588 0.0763888888888889 0.02665441176470588
0 0.7148692810457516 0.36963848039215685 0.07434640522875817 0.024816176470588234
0 0.6256127450980392 0.4096200980392157 0.08455882352941177 0.03982843137254902
0 0.6186683006535948 0.37362132352941174 0.060866013071895424 0.030330882352941176
0 0.5357434640522876 0.40548406862745096 0.08047385620915033 0.04381127450980392
0 0.45036764705882354 0.40701593137254904 0.0821078431372549 0.04442401960784314
0 0.3756127450980392 0.41130514705882354 0.060866013071895424 0.03829656862745098
0 0.3088235294117647 0.4117647058823529 0.06781045751633986 0.03676470588235294
0 0.3741830065359477 0.37515318627450983 0.06699346405228758 0.03400735294117647
0 0.5919117647058824 0.32184436274509803 0.06454248366013073 0.03707107843137255
0 0.6621732026143791 0.32230392156862747 0.06454248366013073 0.03431372549019608
0 0.7310049019607843 0.32215073529411764 0.068218954248366 0.0352328431372549
0 0.8022875816993464 0.2852328431372549 0.06372549019607843 0.03553921568627451
0 0.8647875816993464 0.2846200980392157 0.05392156862745098 0.037377450980392156
0 0.7996323529411765 0.3212316176470588 0.06413398692810457 0.035845588235294115
0 0.12418300653594772 0.3414522058823529 0.05310457516339869 0.03768382352941176
0 0.8684640522875817 0.32184436274509803 0.05392156862745098 0.036458333333333336
0 0.03839869281045752 0.4088541666666667 0.07679738562091504 0.043198529411764705
0 0.18566176470588236 0.3783700980392157 0.05514705882352941 0.03002450980392157
0 0.18933823529411764 0.41268382352941174 0.046977124183006536 0.03860294117647059
0 0.24775326797385622 0.37745098039215685 0.04125816993464052 0.025735294117647058
0 0.24918300653594772 0.41161151960784315 0.04493464052287582 0.0389093137254902
0 0.3055555555555556 0.37545955882352944 0.06781045751633986 0.03155637254901961
0 0.035130718954248366 0.3727022058823529 0.07026143790849673 0.021139705882352942
0 0.5704656862745098 0.8207720588235294 0.0951797385620915 0.037377450980392156
0 0.1235702614379085 0.38388480392156865 0.051879084967320264 0.03860294117647059
0 0.5267565359477124 0.32169117647058826 0.0625 0.037377450980392156
0 0.06576797385620915 0.8186274509803921 0.07107843137254902 0.03799019607843137
0 0.21466503267973855 0.8239889705882353 0.08047385620915033 0.036458333333333336
0 0.2977941176470588 0.8227634803921569 0.07761437908496732 0.04013480392156863
0 0.37826797385620914 0.8187806372549019 0.08169934640522876 0.033394607843137254
0 0.12867647058823528 0.7222732843137255 0.04330065359477124 0.04381127450980392
0 0.13500816993464052 0.8258272058823529 0.0428921568627451 0.04503676470588235
0 0.13541666666666666 0.8671875 0.04370915032679738 0.036458333333333336
0 0.1395016339869281 0.9145220588235294 0.042075163398692814 0.04718137254901961
0 0.042483660130718956 0.8867953431372549 0.0718954248366013 0.03768382352941176
0 0.19219771241830066 0.890625 0.042075163398692814 0.04044117647058824
0 0.25306372549019607 0.890625 0.07802287581699346 0.04105392156862745
0 0.3263888888888889 0.8863357843137255 0.051470588235294115 0.03860294117647059
0 0.3897058823529412 0.8866421568627451 0.07598039215686274 0.037377450980392156
0 0.4769199346405229 0.8837316176470589 0.08700980392156862 0.035845588235294115
0 0.5676062091503268 0.8860294117647058 0.09272875816993464 0.03125
0 0.6605392156862745 0.8834252450980392 0.08660130718954248 0.0352328431372549
0 0.7759395424836601 0.8872549019607843 0.13194444444444445 0.03125
0 0.029411764705882353 0.49954044117647056 0.058823529411764705 0.03768382352941176
0 0.07883986928104575 0.5004595588235294 0.032679738562091505 0.03952205882352941
0 0.1815767973856209 0.45526960784313725 0.0559640522875817 0.013480392156862746
0 0.18280228758169934 0.46829044117647056 0.056781045751633986 0.010723039215686275
0 0.27369281045751637 0.4560355392156863 0.06781045751633986 0.01011029411764706
0 0.27389705882352944 0.46691176470588236 0.0690359477124183 0.010416666666666666
0 0.13459967320261437 0.42202818627450983 0.051879084967320264 0.030943627450980393
0 0.3584558823529412 0.453125 0.06495098039215687 0.011642156862745098
0 0.19505718954248366 0.49693627450980393 0.08292483660130719 0.04411764705882353
0 0.2832924836601307 0.4961703431372549 0.08700980392156862 0.04258578431372549
0 0.49080882352941174 0.8253676470588235 0.060866013071895424 0.041666666666666664
0 0.9736519607843137 0.819546568627451 0.054330065359477125 0.03002450980392157
0 0.9736519607843137 0.788296568627451 0.054330065359477125 0.032475490196078434
0 0.775531045751634 0.8622855392156863 0.12540849673202614 0.01685049019607843
0 0.36008986928104575 0.46660539215686275 0.06331699346405228 0.012867647058823529
0 0.12336601307189543 0.4575674019607843 0.04820261437908497 0.04013480392156863
0 0.8656045751633987 0.22886029411764705 0.06535947712418301 0.03860294117647059
0 0.6593137254901961 0.28722426470588236 0.06535947712418301 0.03462009803921569
0 0.024509803921568627 0.18642769607843138 0.04656862745098039 0.03707107843137255
0 0.8717320261437909 0.8662683823529411 0.05228758169934641 0.03768382352941176
0 0.8984885620915033 0.8268995098039216 0.04779411764705882 0.042279411764705885
0 0.9076797385620915 0.7855392156862745 0.056372549019607844 0.04105392156862745
0 0.9074754901960784 0.7432598039215687 0.053513071895424834 0.0428921568627451
0 0.9074754901960784 0.6991421568627451 0.053513071895424834 0.04595588235294118
0 0.030637254901960783 0.22901348039215685 0.061274509803921566 0.03829656862745098
0 0.9044117647058824 0.6444546568627451 0.05555555555555555 0.06096813725490196
0 0.9189133986928104 0.5401348039215687 0.053513071895424834 0.061274509803921566
0 0.9311683006535948 0.4586397058823529 0.05269607843137255 0.032475490196078434
0 0.9276960784313726 0.4263174019607843 0.049019607843137254 0.03278186274509804
0 0.9266748366013072 0.3864889705882353 0.046977124183006536 0.04381127450980392
0 0.9389297385620915 0.3434436274509804 0.051879084967320264 0.041666666666666664
0 0.9426062091503268 0.3020833333333333 0.0559640522875817 0.03799019607843137
0 0.9133986928104575 0.592984068627451 0.05228758169934641 0.04197303921568627
0 0.9456699346405228 0.25536151960784315 0.049836601307189546 0.043198529411764705
0 0.1926062091503268 0.19132965686274508 0.10089869281045752 0.0352328431372549
0 0.4201388888888889 0.18933823529411764 0.0821078431372549 0.04105392156862745
0 0.7990196078431373 0.2267156862745098 0.0661764705882353 0.04105392156862745
0 0.7232434640522876 0.23054534313725492 0.07148692810457516 0.035845588235294115
0 0.6470588235294118 0.23039215686274508 0.07598039215686274 0.03799019607843137
0 0.5674019607843137 0.22855392156862744 0.06372549019607843 0.042279411764705885
0 0.497140522875817 0.22993259803921567 0.06699346405228758 0.04381127450980392
0 0.4244281045751634 0.23223039215686275 0.0784313725490196 0.03982843137254902
0 0.31004901960784315 0.18841911764705882 0.1184640522875817 0.04105392156862745
0 0.3167892156862745 0.23054534313725492 0.11887254901960784 0.04136029411764706
0 0.8682598039215687 0.18903186274509803 0.07066993464052287 0.03676470588235294
0 0.7977941176470589 0.18826593137254902 0.06699346405228758 0.035845588235294115
0 0.7226307189542484 0.19301470588235295 0.07352941176470588 0.03860294117647059
0 0.6488970588235294 0.19316789215686275 0.06985294117647059 0.036458333333333336
0 0.5674019607843137 0.18841911764705882 0.07924836601307189 0.03799019607843137
0 0.4957107843137255 0.1879595588235294 0.06413398692810457 0.04013480392156863
0 0.19607843137254902 0.22886029411764705 0.10784313725490197 0.03799019607843137
0 0.9454656862745098 0.21262254901960784 0.04616013071895425 0.041666666666666664
0 0.9481209150326797 0.15379901960784315 0.04820261437908497 0.07230392156862746
0 0.7894199346405228 0.09252450980392157 0.06658496732026144 0.04105392156862745
0 0.1968954248366013 0.08762254901960784 0.11274509803921569 0.04840686274509804
0 0.02022058823529412 0.13495710784313725 0.04044117647058824 0.03952205882352941
0 0.17933006535947713 0.32015931372549017 0.04411764705882353 0.03860294117647059
0 0.07679738562091504 0.28339460784313725 0.028594771241830064 0.031862745098039214
0 0.07945261437908496 0.32245710784313725 0.028186274509803922 0.035845588235294115
0 0.24448529411764705 0.28431372549019607 0.06331699346405228 0.03370098039215686
0 0.31781045751633985 0.0899203431372549 0.12091503267973856 0.043198529411764705
0 0.24693627450980393 0.32199754901960786 0.0625 0.03982843137254902
0 0.32005718954248363 0.3206188725490196 0.06985294117647059 0.03952205882352941
0 0.38909313725490197 0.28370098039215685 0.06495098039215687 0.034926470588235295
0 0.45874183006535946 0.32215073529411764 0.07026143790849673 0.03768382352941176
0 0.4605800653594771 0.2835477941176471 0.07393790849673203 0.03707107843137255
0 0.5263480392156863 0.2841605392156863 0.05841503267973856 0.03829656862745098
0 0.590890522875817 0.28293504901960786 0.068218954248366 0.03829656862745098
0 0.320874183006536 0.28324142156862747 0.06658496732026144 0.03400735294117647
0 0.1962826797385621 0.13388480392156862 0.1147875816993464 0.044730392156862746
0 0.31842320261437906 0.1334252450980392 0.11887254901960784 0.04381127450980392
0 0.4375 0.09053308823529412 0.0784313725490196 0.04197303921568627
0 0.8700980392156863 0.0900735294117647 0.06781045751633986 0.04350490196078431
0 0.8686683006535948 0.1328125 0.06495098039215687 0.036458333333333336
0 0.7914624183006536 0.1334252450980392 0.06413398692810457 0.0389093137254902
0 0.7122140522875817 0.13373161764705882 0.0625 0.04197303921568627
0 0.6415441176470589 0.13511029411764705 0.061683006535947715 0.03982843137254902
0 0.7144607843137255 0.09083946078431372 0.07026143790849673 0.04381127450980392
0 0.6401143790849673 0.09497549019607843 0.06209150326797386 0.03860294117647059
0 0.5733251633986928 0.13495710784313725 0.07230392156862746 0.04197303921568627
0 0.5049019607843137 0.13449754901960784 0.06045751633986928 0.04105392156862745
0 0.5657679738562091 0.09083946078431372 0.07352941176470588 0.04381127450980392
0 0.5046977124183006 0.09451593137254902 0.04370915032679738 0.03768382352941176
0 0.03125 0.32215073529411764 0.0625 0.04013480392156863
0 0.17544934640522875 0.28339460784313725 0.05024509803921569 0.03431372549019608
0 0.6597222222222222 0.7887561274509803 0.0915032679738562 0.021139705882352942
0 0.4348447712418301 0.13465073529411764 0.07312091503267974 0.04136029411764706
0 0.03002450980392157 0.28370098039215685 0.06004901960784314 0.034926470588235295
0 0.5610702614379085 0.7921262254901961 0.0959967320261438 0.020526960784313725
0 0.7283496732026143 0.2864583333333333 0.0718954248366013 0.03615196078431373
0 0.792687908496732 0.7887561274509803 0.13684640522875818 0.023590686274509803
0 0.588031045751634 0.5811887254901961 0.056781045751633986 0.037377450980392156
0 0.6542075163398693 0.5834865196078431 0.05841503267973856 0.0352328431372549
0 0.980187908496732 0.4882046568627451 0.03880718954248366 0.048100490196078434
0 0.9863153594771242 0.5669424019607843 0.026552287581699346 0.06219362745098039
0 0.07924836601307189 0.6583946078431373 0.04330065359477124 0.03370098039215686
0 0.017769607843137254 0.6622242647058824 0.03553921568627451 0.02971813725490196
0 0.125 0.4966299019607843 0.051470588235294115 0.03860294117647059
0 0.13500816993464052 0.6545649509803921 0.0494281045751634 0.03829656862745098
0 0.19955065359477125 0.632046568627451 0.06658496732026144 0.02696078431372549
0 0.5210375816993464 0.5799632352941176 0.05759803921568627 0.037377450980392156
0 0.6439950980392157 0.4644607843137255 0.06331699346405228 0.037377450980392156
0 0.5800653594771242 0.4650735294117647 0.06372549019607843 0.03553921568627451
0 0.5136846405228758 0.4650735294117647 0.06495098039215687 0.03370098039215686
0 0.44750816993464054 0.4646139705882353 0.06331699346405228 0.03462009803921569
0 0.28431372549019607 0.6302083333333334 0.08251633986928104 0.027573529411764705
0 0.28370098039215685 0.6616115196078431 0.08455882352941177 0.0352328431372549
0 0.3741830065359477 0.6289828431372549 0.08333333333333333 0.027573529411764705
0 0.3743872549019608 0.6611519607843137 0.08537581699346405 0.03676470588235294
0 0.47671568627450983 0.6237745098039216 0.05800653594771242 0.012254901960784314
0 0.4756944444444444 0.6354166666666666 0.05923202614379085 0.011642156862745098
0 0.20036764705882354 0.6620710784313726 0.0690359477124183 0.03370098039215686
0 0.4522058823529412 0.5807291666666666 0.0661764705882353 0.03216911764705882
0 0.7638888888888888 0.5765931372549019 0.14297385620915032 0.03553921568627451
0 0.8598856209150327 0.5753676470588235 0.03758169934640523 0.03553921568627451
0 0.38848039215686275 0.32184436274509803 0.06372549019607843 0.03707107843137255
0 0.7747140522875817 0.4990808823529412 0.0625 0.03676470588235294
0 0.7075163398692811 0.5 0.06290849673202614 0.03553921568627451
0 0.6435866013071896 0.5001531862745098 0.0625 0.03400735294117647
0 0.577001633986928 0.5018382352941176 0.061683006535947715 0.034926470588235295
0 0.5124591503267973 0.5016850490196079 0.0625 0.03707107843137255
0 0.44812091503267976 0.5009191176470589 0.06209150326797386 0.03553921568627451
0 0.8453839869281046 0.46246936274509803 0.0625 0.0352328431372549
0 0.7761437908496732 0.4621629901960784 0.0718954248366013 0.03462009803921569
0 0.7081290849673203 0.4638480392156863 0.060866013071895424 0.03615196078431373
0 0.058619281045751634 0.5840992647058824 0.046977124183006536 0.03155637254901961
0 0.016952614379084966 0.5530024509803921 0.03390522875816993 0.024509803921568627
0 0.017361111111111112 0.5833333333333334 0.034722222222222224 0.032475490196078434
0 0.1940359477124183 0.5764399509803921 0.06535947712418301 0.047487745098039214
0 0.2792075163398693 0.5756740196078431 0.08537581699346405 0.04350490196078431
0 0.3709150326797386 0.5744485294117647 0.08660130718954248 0.04534313725490196
0 0.4540441176470588 0.5471813725490197 0.060866013071895424 0.02696078431372549
0 0.5228758169934641 0.5477941176470589 0.061274509803921566 0.02696078431372549
0 0.5849673202614379 0.5474877450980392 0.06045751633986928 0.027573529411764705
0 0.6511437908496732 0.5482536764705882 0.061274509803921566 0.03278186274509804
0 0.769812091503268 0.5413602941176471 0.14583333333333334 0.025122549019607844
0 0.06004901960784314 0.5519301470588235 0.049836601307189546 0.0272671568627451
0 0.7857434640522876 0.8181678921568627 0.13602941176470587 0.03462009803921569
0 0.8451797385620915 0.49923406862745096 0.06290849673202614 0.03707107843137255
0 0.49060457516339867 0.7374387254901961 0.07679738562091504 0.03615196078431373
0 0.49060457516339867 0.7058823529411765 0.07598039215686274 0.020833333333333332
0 0.2565359477124183 0.7388174019607843 0.07516339869281045 0.036458333333333336
0 0.19362745098039216 0.7377450980392157 0.04411764705882353 0.03676470588235294
0 0.018995098039215685 0.7329963235294118 0.03799019607843137 0.03462009803921569
0 0.06862745098039216 0.7290134803921569 0.05065359477124183 0.035845588235294115
0 0.9638480392156863 0.6458333333333334 0.05759803921568627 0.058823529411764705
0 0.8656045751633987 0.6605392156862745 0.013888888888888888 0.03615196078431373
0 0.8496732026143791 0.6609987745098039 0.018790849673202614 0.03400735294117647
0 0.7665441176470589 0.6585477941176471 0.13602941176470587 0.029105392156862746
0 0.7714460784313726 0.6305147058823529 0.14256535947712418 0.025735294117647058
0 0.6488970588235294 0.6557904411764706 0.08619281045751634 0.03829656862745098
0 0.644812091503268 0.6236213235294118 0.08455882352941177 0.01685049019607843
0 0.3698937908496732 0.49525122549019607 0.08374183006535947 0.043198529411764705
0 0.5586192810457516 0.6602328431372549 0.08537581699346405 0.034926470588235295
0 0.556781045751634 0.6288296568627451 0.08415032679738563 0.024816176470588234
0 0.4681372549019608 0.6605392156862745 0.08251633986928104 0.03553921568627451
0 0.6609477124183006 0.7072610294117647 0.08088235294117647 0.023590686274509803
0 0.5718954248366013 0.7081801470588235 0.07924836601307189 0.02297794117647059
0 0.5765931372549019 0.7368259803921569 0.07883986928104575 0.034926470588235295
0 0.661968954248366 0.7378982843137255 0.08047385620915033 0.03707107843137255
0 0.7806372549019608 0.7340686274509803 0.13562091503267973 0.03860294117647059
0 0.4019607843137255 0.7333026960784313 0.07516339869281045 0.03707107843137255
0 0.32965686274509803 0.7395833333333334 0.061274509803921566 0.04044117647058824
