0 0.43586601307189543 0.08900122549019608 0.08905228758169935 0.10631127450980392
0 0.3139297385620915 0.1092218137254902 0.04861111111111111 0.05606617647058824
0 0.36519607843137253 0.11611519607843138 0.049836601307189546 0.052083333333333336
0 0.5179738562091504 0.05575980392156863 0.06944444444444445 0.05392156862745098
0 0.6433823529411765 0.4375 0.08415032679738563 0.037377450980392156
0 0.5819035947712419 0.11228553921568628 0.054330065359477125 0.0628063725490196
0 0.5806781045751634 0.051470588235294115 0.05759803921568627 0.05943627450980392
0 0.6331699346405228 0.11427696078431372 0.04738562091503268 0.061887254901960786
0 0.8382352941176471 0.4299938725490196 0.07434640522875817 0.05422794117647059
0 0.7559232026143791 0.43903186274509803 0.08455882352941177 0.04044117647058824
0 0.5533088235294118 0.42386642156862747 0.09109477124183006 0.06341911764705882
0 0.4244281045751634 0.42386642156862747 0.15196078431372548 0.06954656862745098
0 0.5265522875816994 0.11259191176470588 0.05392156862745098 0.0628063725490196
0 0.2618464052287582 0.050551470588235295 0.05555555555555555 0.05821078431372549
0 0.14910130718954248 0.10891544117647059 0.049836601307189546 0.05422794117647059
0 0.20465686274509803 0.1095281862745098 0.058823529411764705 0.05361519607843137
0 0.6830065359477124 0.21507352941176472 0.07352941176470588 0.03799019607843137
0 0.6025326797385621 0.25505514705882354 0.08333333333333333 0.043198529411764705
0 0.6070261437908496 0.21384803921568626 0.07679738562091504 0.04044117647058824
0 0.6188725490196079 0.18106617647058823 0.07924836601307189 0.02022058823529412
0 0.5234885620915033 0.25536151960784315 0.07393790849673203 0.03952205882352941
0 0.525531045751634 0.21660539215686275 0.08047385620915033 0.03799019607843137
0 0.5271650326797386 0.18504901960784315 0.07883986928104575 0.024509803921568627
0 0.4477124183006536 0.25566789215686275 0.08333333333333333 0.04197303921568627
0 0.4456699346405229 0.21997549019607843 0.08006535947712418 0.028186274509803922
0 0.4440359477124183 0.19240196078431374 0.0784313725490196 0.028186274509803922
0 0.037173202614379085 0.09911151960784313 0.0661764705882353 0.07567401960784313
0 0.09660947712418301 0.10738357843137254 0.05024509803921569 0.05545343137254902
0 0.30126633986928103 0.4030330882352941 0.07802287581699346 0.03768382352941176
0 0.1454248366013072 0.05024509803921569 0.05555555555555555 0.061887254901960786
0 0.09170751633986927 0.04932598039215686 0.05269607843137255 0.058823529411764705
0 0.2622549019607843 0.10738357843137254 0.051470588235294115 0.05422794117647059
0 0.304125816993464 0.43995098039215685 0.07393790849673203 0.037377450980392156
0 0.027369281045751634 0.6458333333333334 0.05065359477124183 0.05392156862745098
0 0.10477941176470588 0.4293811274509804 0.07475490196078431 0.05422794117647059
0 0.7653186274509803 0.7190563725490197 0.03799019607843137 0.04840686274509804
0 0.7254901960784313 0.7162990196078431 0.03594771241830065 0.06004901960784314
0 0.6842320261437909 0.25536151960784315 0.08333333333333333 0.04258578431372549
0 0.6568627450980392 0.7159926470588235 0.041666666666666664 0.06066176470588235
0 0.6131535947712419 0.7159926470588235 0.04411764705882353 0.058823529411764705
0 0.5700571895424836 0.7162990196078431 0.0428921568627451 0.06004901960784314
0 0.8031045751633987 0.7218137254901961 0.03676470588235294 0.052083333333333336
0 0.5228758169934641 0.7162990196078431 0.04656862745098039 0.06311274509803921
0 0.42769607843137253 0.7172181372549019 0.04411764705882353 0.06433823529411764
0 0.37949346405228757 0.7150735294117647 0.0457516339869281 0.06311274509803921
0 0.33435457516339867 0.7169117647058824 0.044526143790849675 0.06495098039215687
0 0.2826797385620915 0.7178308823529411 0.0392156862745098 0.0625
0 0.23897058823529413 0.7172181372549019 0.0457516339869281 0.06433823529411764
0 0.1736111111111111 0.7248774509803921 0.07026143790849673 0.049019607843137254
0 0.47181372549019607 0.7166053921568627 0.04656862745098039 0.0661764705882353
0 0.20465686274509803 0.4250919117647059 0.11601307189542484 0.06709558823529412
0 0.8366013071895425 0.7205882352941176 0.03022875816993464 0.051470588235294115
0 0.9838643790849673 0.8060661764705882 0.034722222222222224 0.06372549019607843
0 0.03308823529411765 0.4296875 0.06209150326797386 0.0548406862745098
0 0.971609477124183 0.5055147058823529 0.05923202614379085 0.05330882352941176
0 0.8272058823529411 0.507046568627451 0.06862745098039216 0.05392156862745098
0 0.3897058823529412 0.647671568627451 0.07026143790849673 0.0508578431372549
0 0.16544117647058823 0.6513480392156863 0.07434640522875817 0.05514705882352941
0 0.0900735294117647 0.6507352941176471 0.07393790849673203 0.05698529411764706
0 0.03390522875816993 0.7218137254901961 0.06372549019607843 0.052083333333333336
0 0.96875 0.6482843137254902 0.06576797385620915 0.05514705882352941
0 0.9419934640522876 0.7230392156862745 0.03676470588235294 0.04656862745098039
0 0.7743055555555556 0.7987132352941176 0.04370915032679738 0.07536764705882353
0 0.8178104575163399 0.7977941176470589 0.041666666666666664 0.07291666666666667
0 0.8631535947712419 0.8075980392156863 0.042483660130718956 0.06372549019607843
0 0.9048202614379085 0.8060661764705882 0.04003267973856209 0.058823529411764705
0 0.9456699346405228 0.8060661764705882 0.03594771241830065 0.06372549019607843
0 0.9850898692810458 0.71875 0.03308823529411765 0.05821078431372549
0 0.9628267973856209 0.2421875 0.07434640522875817 0.06893382352941177
0 0.1715686274509804 0.5758272058823529 0.07434640522875817 0.053002450980392156
0 0.7877859477124183 0.24555759803921567 0.12377450980392157 0.05912990196078431
0 0.5181781045751634 0.33762254901960786 0.10253267973856209 0.07720588235294118
0 0.06658496732026144 0.8204656862745098 0.0718954248366013 0.04411764705882353
0 0.17708333333333334 0.8143382352941176 0.13766339869281047 0.05943627450980392
0 0.3641748366013072 0.8079044117647058 0.06740196078431372 0.05392156862745098
0 0.44485294117647056 0.8259803921568627 0.08660130718954248 0.042279411764705885
0 0.4440359477124183 0.7843137254901961 0.09068627450980392 0.03982843137254902
0 0.5134803921568627 0.7993259803921569 0.04411764705882353 0.0741421568627451
0 0.5582107843137255 0.8002450980392157 0.04370915032679738 0.0778186274509804
0 0.6409313725490197 0.8036151960784313 0.05065359477124183 0.0661764705882353
0 0.6911764705882353 0.8042279411764706 0.04084967320261438 0.06433823529411764
0 0.7299836601307189 0.8045343137254902 0.03676470588235294 0.06495098039215687
0 0.4264705882352941 0.33731617647058826 0.08251633986928104 0.07536764705882353
0 0.31147875816993464 0.33578431372549017 0.13357843137254902 0.07169117647058823
0 0.19934640522875818 0.3431372549019608 0.07679738562091504 0.05330882352941176
0 0.09375 0.3425245098039216 0.07720588235294118 0.05514705882352941
0 0.9501633986928104 0.42386642156862747 0.09803921568627451 0.06954656862745098
0 0.6830065359477124 0.5764399509803921 0.06535947712418301 0.05177696078431373
0 0.7522467320261438 0.5064338235294118 0.07312091503267974 0.051470588235294115
0 0.678921568627451 0.5058210784313726 0.07352941176470588 0.051470588235294115
0 0.6041666666666666 0.5049019607843137 0.07107843137254902 0.0545343137254902
0 0.5320669934640523 0.5058210784313726 0.0690359477124183 0.061887254901960786
0 0.45955882352941174 0.507046568627451 0.07107843137254902 0.05698529411764706
0 0.3860294117647059 0.5076593137254902 0.07107843137254902 0.05514705882352941
0 0.8876633986928104 0.2538296568627451 0.07516339869281045 0.04258578431372549
0 0.2622549019607843 0.5042892156862745 0.08006535947712418 0.05575980392156863
0 0.10723039215686274 0.5027573529411765 0.0755718954248366 0.05269607843137255
0 0.03553921568627451 0.5030637254901961 0.06699346405228758 0.05514705882352941
0 0.9691584967320261 0.5782781862745098 0.0625 0.05422794117647059
0 0.9003267973856209 0.5770526960784313 0.0718954248366013 0.05361519607843137
0 0.826797385620915 0.5761335784313726 0.06781045751633986 0.05116421568627451
0 0.7563316993464052 0.5764399509803921 0.07312091503267974 0.05177696078431373
0 0.18504901960784315 0.5042892156862745 0.0727124183006536 0.0545343137254902
0 0.7534722222222222 0.3400735294117647 0.15727124183006536 0.07536764705882353
0 0.6348039215686274 0.3602941176470588 0.04656862745098039 0.034926470588235295
0 0.8496732026143791 0.03553921568627451 0.0727124183006536 0.0704656862745098
0 0.9125816993464052 0.05897671568627451 0.051470588235294115 0.05912990196078431
0 0.9546568627450981 0.11856617647058823 0.049836601307189546 0.05698529411764706
0 0.9068627450980392 0.11795343137254902 0.04411764705882353 0.05759803921568627
0 0.8451797385620915 0.10830269607843138 0.07598039215686274 0.07689950980392157
0 0.7706290849673203 0.10646446078431372 0.07312091503267974 0.08118872549019608
0 0.6944444444444444 0.10615808823529412 0.07598039215686274 0.08118872549019608
0 0.6323529411764706 0.053462009803921566 0.04820261437908497 0.06096813725490196
0 0.8713235294117647 0.3434436274509804 0.07924836601307189 0.07475490196078431
0 0.9556781045751634 0.34129901960784315 0.0886437908496732 0.07720588235294118
0 0.1170343137254902 0.1881127450980392 0.07965686274509803 0.04595588235294118
0 0.0900735294117647 0.2418811274509804 0.06576797385620915 0.04932598039215686
0 0.16380718954248366 0.24065563725490197 0.07924836601307189 0.05667892156862745
0 0.2479575163398693 0.24126838235294118 0.08006535947712418 0.057291666666666664
0 0.34538398692810457 0.23636642156862744 0.1156045751633987 0.07199754901960784
0 0.2647058823529412 0.18443627450980393 0.0784313725490196 0.034926470588235295
0 0.6993464052287581 0.03400735294117647 0.08169934640522876 0.06372549019607843
0 0.7767565359477124 0.03400735294117647 0.0690359477124183 0.06678921568627451
0 0.8615196078431373 0.7141544117647058 0.018790849673202614 0.04595588235294118
0 0.02369281045751634 0.3391544117647059 0.04330065359477124 0.05759803921568627
0 0.6160130718954249 0.5761335784313726 0.0661764705882353 0.05238970588235294
0 0.5459558823529411 0.5752144607843137 0.068218954248366 0.05238970588235294
0 0.4665032679738562 0.5755208333333334 0.06862745098039216 0.05361519607843137
0 0.39419934640522875 0.5761335784313726 0.07516339869281045 0.05116421568627451
0 0.9023692810457516 0.7236519607843137 0.0392156862745098 0.04840686274509804
0 0.29330065359477125 0.577359068627451 0.07679738562091504 0.05361519607843137
0 0.46078431372549017 0.6446078431372549 0.06944444444444445 0.05024509803921569
0 0.6160130718954249 0.6446078431372549 0.07026143790849673 0.0508578431372549
0 0.6875 0.6436887254901961 0.0661764705882353 0.052083333333333336
0 0.09620098039215687 0.5770526960784313 0.07393790849673203 0.053002450980392156
0 0.8991013071895425 0.647671568627451 0.06944444444444445 0.05330882352941176
0 0.8272058823529411 0.6464460784313726 0.0727124183006536 0.05269607843137255
0 0.7555147058823529 0.6470588235294118 0.07148692810457516 0.04963235294117647
