0 0.6873046875 0.4817708333333333 0.030859375 0.06770833333333333
0 0.2162109375 0.121875 0.041796875 0.12083333333333333
0 0.6248046875 0.8098958333333334 0.026953125 0.06979166666666667
0 0.65859375 0.7984375 0.01953125 0.08229166666666667
0 0.689453125 0.8044270833333333 0.0265625 0.06822916666666666
0 0.71796875 0.7989583333333333 0.028125 0.075
0 0.744921875 0.8057291666666667 0.0234375 0.07083333333333333
0 0.7744140625 0.7747395833333334 0.036328125 0.12864583333333332
0 0.1564453125 0.30182291666666666 0.041015625 0.13177083333333334
0 0.1931640625 0.2986979166666667 0.026953125 0.13697916666666668
0 0.22578125 0.30859375 0.0390625 0.11510416666666666
0 0.263671875 0.3098958333333333 0.03671875 0.1125
0 0.30390625 0.30963541666666666 0.0390625 0.11197916666666667
0 0.3404296875 0.3078125 0.032421875 0.10520833333333333
0 0.376171875 0.30911458333333336 0.0375 0.10885416666666667
0 0.4115234375 0.31328125 0.033984375 0.10052083333333334
0 0.4466796875 0.31484375 0.034765625 0.10364583333333334
0 0.4830078125 0.3106770833333333 0.036328125 0.11302083333333333
0 0.5169921875 0.3104166666666667 0.031640625 0.11354166666666667
0 0.1603515625 0.6434895833333333 0.034765625 0.1234375
0 0.19453125 0.6122395833333333 0.0265625 0.10885416666666667
0 0.23203125 0.6109375 0.02890625 0.10625
0 0.26328125 0.609375 0.0328125 0.103125
0 0.298828125 0.6130208333333333 0.02734375 0.1
0 0.1765625 0.48151041666666666 0.0359375 0.08489583333333334
0 0.1759765625 0.11666666666666667 0.035546875 0.11458333333333333
0 0.1423828125 0.46328125 0.024609375 0.10052083333333334
0 0.762890625 0.31302083333333336 0.03671875 0.10833333333333334
0 0.7310546875 0.31588541666666664 0.027734375 0.10364583333333334
0 0.6970703125 0.3078125 0.031640625 0.10625
0 0.6595703125 0.31197916666666664 0.030859375 0.10729166666666666
0 0.6177734375 0.3109375 0.030859375 0.11041666666666666
0 0.5849609375 0.3028645833333333 0.029296875 0.11302083333333333
0 0.8302734375 0.3138020833333333 0.025390625 0.11614583333333334
0 0.5970703125 0.8075520833333333 0.028515625 0.07447916666666667
0 0.56875 0.80703125 0.0265625 0.0765625
0 0.538671875 0.80859375 0.03046875 0.07239583333333334
0 0.73515625 0.61640625 0.0296875 0.0796875
0 0.7044921875 0.6114583333333333 0.027734375 0.09479166666666666
0 0.6767578125 0.6083333333333333 0.026171875 0.09270833333333334
0 0.64453125 0.6169270833333333 0.03359375 0.07552083333333333
0 0.6095703125 0.6052083333333333 0.023046875 0.09479166666666666
0 0.5740234375 0.6075520833333333 0.023046875 0.09427083333333333
0 0.7673828125 0.6190104166666667 0.022265625 0.07239583333333334
0 0.5482421875 0.615625 0.026953125 0.08229166666666667
0 0.490234375 0.6192708333333333 0.0296875 0.07708333333333334
0 0.456640625 0.62109375 0.03203125 0.0734375
0 0.4208984375 0.6221354166666667 0.026171875 0.07760416666666667
0 0.390625 0.6140625 0.0328125 0.09270833333333334
0 0.3587890625 0.6119791666666666 0.030078125 0.09791666666666667
0 0.326953125 0.6122395833333333 0.03046875 0.0984375
0 0.5197265625 0.6190104166666667 0.030078125 0.0765625
0 0.1265625 0.646875 0.02890625 0.12083333333333333
0 0.791796875 0.6265625 0.025 0.05416666666666667
0 0.057421875 0.803125 0.0296875 0.1125
0 0.50859375 0.8088541666666667 0.02734375 0.07916666666666666
0 0.48125 0.8096354166666667 0.02734375 0.0765625
0 0.451953125 0.7916666666666666 0.02734375 0.11145833333333334
0 0.4234375 0.7838541666666666 0.0296875 0.12708333333333333
0 0.3927734375 0.7817708333333333 0.030078125 0.128125
0 0.344921875 0.7848958333333333 0.05859375 0.13125
0 0.01953125 0.8174479166666667 0.0390625 0.1109375
0 0.2982421875 0.7885416666666667 0.031640625 0.12708333333333333
0 0.2392578125 0.7859375 0.032421875 0.13125
0 0.2078125 0.7919270833333333 0.028125 0.12135416666666667
0 0.1841796875 0.7677083333333333 0.018359375 0.08229166666666667
0 0.1515625 0.7875 0.0328125 0.08229166666666667
0 0.1126953125 0.7778645833333333 0.037109375 0.07447916666666667
0 0.083984375 0.7901041666666667 0.0203125 0.09479166666666666
0 0.2701171875 0.7809895833333333 0.024609375 0.13489583333333333
0 0.099609375 0.6346354166666667 0.01953125 0.1203125
0 0.79765625 0.3143229166666667 0.0328125 0.11197916666666667
0 0.039453125 0.63984375 0.0328125 0.1234375
0 0.5412109375 0.12552083333333333 0.037109375 0.11875
0 0.8421875 0.6458333333333334 0.06171875 0.05
0 0.912890625 0.6471354166666666 0.07734375 0.049479166666666664
0 0.97890625 0.6184895833333334 0.0421875 0.04010416666666667
0 0.975 0.6604166666666667 0.04296875 0.034375
0 0.837890625 0.8002604166666667 0.06484375 0.09947916666666666
0 0.90234375 0.8208333333333333 0.0609375 0.046875
0 0.95625 0.8276041666666667 0.04609375 0.034375
0 0.9849609375 0.79453125 0.029296875 0.027604166666666666
0 0.0189453125 0.42161458333333335 0.037109375 0.12552083333333333
0 0.072265625 0.6291666666666667 0.0328125 0.13020833333333334
0 0.2568359375 0.121875 0.037109375 0.12083333333333333
0 0.11484375 0.4153645833333333 0.02734375 0.08177083333333333
0 0.30078125 0.12161458333333333 0.0453125 0.1171875
0 0.3453125 0.12135416666666667 0.04375 0.11979166666666667
0 0.5474609375 0.3140625 0.026953125 0.06458333333333334
0 0.9201171875 0.42083333333333334 0.068359375 0.05
0 0.5798828125 0.125 0.040234375 0.11979166666666667
0 0.61953125 0.12682291666666667 0.0390625 0.1234375
0 0.6607421875 0.12083333333333333 0.036328125 0.1375
0 0.7005859375 0.12447916666666667 0.043359375 0.13020833333333334
0 0.740234375 0.12604166666666666 0.03046875 0.13854166666666667
0 0.4673828125 0.12239583333333333 0.037109375 0.12916666666666668
0 0.845703125 0.58984375 0.07265625 0.05677083333333333
0 0.4279296875 0.12369791666666667 0.040234375 0.13177083333333334
0 0.775390625 0.1265625 0.03984375 0.1375
0 0.8099609375 0.12630208333333334 0.029296875 0.13385416666666666
0 0.905078125 0.20911458333333333 0.121875 0.37135416666666665
0 0.01953125 0.2630208333333333 0.03359375 0.19166666666666668
0 0.983203125 0.06640625 0.02578125 0.11614583333333334
0 0.0181640625 0.07760416666666667 0.034765625 0.14583333333333334
0 0.388671875 0.11770833333333333 0.03984375 0.12916666666666668
0 0.8140625 0.48151041666666666 0.03203125 0.0765625
0 0.91953125 0.5916666666666667 0.07265625 0.057291666666666664
0 0.7462890625 0.47890625 0.031640625 0.0734375
0 0.01328125 0.6463541666666667 0.02109375 0.1125
0 0.93828125 0.48098958333333336 0.078125 0.06614583333333333
0 0.2142578125 0.4744791666666667 0.032421875 0.08854166666666667
0 0.248828125 0.4708333333333333 0.03203125 0.09583333333333334
0 0.284375 0.47161458333333334 0.0375 0.0953125
0 0.3236328125 0.47552083333333334 0.039453125 0.08645833333333333
0 0.359765625 0.47630208333333335 0.03203125 0.08802083333333334
0 0.39375 0.47760416666666666 0.0359375 0.08541666666666667
0 0.4263671875 0.478125 0.027734375 0.084375
0 0.4568359375 0.4765625 0.032421875 0.084375
0 0.78203125 0.4822916666666667 0.02890625 0.07291666666666667
0 0.5212890625 0.47942708333333334 0.033203125 0.08177083333333333
0 0.5896484375 0.47578125 0.026171875 0.08385416666666666
0 0.488671875 0.47734375 0.03203125 0.08489583333333334
0 0.504296875 0.1265625 0.03671875 0.12083333333333333
0 0.6556640625 0.47421875 0.026171875 0.0859375
0 0.7169921875 0.47994791666666664 0.024609375 0.06927083333333334
0 0.13984375 0.11432291666666666 0.0328125 0.11927083333333334
0 0.080859375 0.18359375 0.08671875 0.3671875
0 0.62109375 0.47239583333333335 0.03203125 0.084375
