0 0.23284313725490197 0.6989889705882353 0.02287581699346405 0.04258578431372549
0 0.2716503267973856 0.7008272058823529 0.025326797385620915 0.0389093137254902
0 0.30249183006535946 0.6985294117647058 0.015931372549019607 0.03676470588235294
0 0.47038398692810457 0.6988357843137255 0.06495098039215687 0.0741421568627451
0 0.37111928104575165 0.7051164215686274 0.025735294117647058 0.04258578431372549
0 0.34987745098039214 0.6996017156862745 0.012663398692810458 0.04136029411764706
0 0.06290849673202614 0.07659313725490197 0.05065359477124183 0.05575980392156863
0 0.7700163398692811 0.2420343137254902 0.042483660130718956 0.0784313725490196
0 0.7279411764705882 0.24647671568627452 0.042483660130718956 0.07322303921568628
0 0.32312091503267976 0.7055759803921569 0.021241830065359478 0.04350490196078431
0 0.6337826797385621 0.24708946078431374 0.0494281045751634 0.07873774509803921
0 0.3368055555555556 0.21614583333333334 0.051879084967320264 0.078125
0 0.3952205882352941 0.25015318627450983 0.03799019607843137 0.07567401960784313
0 0.5857843137254902 0.24816176470588236 0.04493464052287582 0.07659313725490197
0 0.4389297385620915 0.2496936274509804 0.04779411764705882 0.07965686274509803
0 0.207312091503268 0.6924019607843137 0.024101307189542485 0.041666666666666664
0 0.5073529411764706 0.25214460784313725 0.03758169934640523 0.06985294117647059
0 0.5443218954248366 0.25 0.037173202614379085 0.0704656862745098
0 0.6848447712418301 0.24770220588235295 0.03799019607843137 0.07077205882352941
0 0.18423202614379086 0.6899509803921569 0.02369281045751634 0.0392156862745098
0 0.7665441176470589 0.507046568627451 0.06495098039215687 0.08149509803921569
0 0.12724673202614378 0.6838235294117647 0.026552287581699346 0.04656862745098039
0 0.10804738562091504 0.4924938725490196 0.06004901960784314 0.07628676470588236
0 0.9640522875816994 0.9286151960784313 0.0718954248366013 0.09436274509803921
0 0.8833741830065359 0.8762254901960784 0.08374183006535947 0.16544117647058823
0 0.801062091503268 0.8783700980392157 0.06862745098039216 0.15992647058823528
0 0.7328431372549019 0.8727022058823529 0.06209150326797386 0.16268382352941177
0 0.6672794117647058 0.8803615196078431 0.061683006535947715 0.1246936274509804
0 0.6033496732026143 0.8768382352941176 0.06045751633986928 0.12254901960784313
0 0.545547385620915 0.8651960784313726 0.0559640522875817 0.12377450980392157
0 0.15543300653594772 0.6959252450980392 0.027369281045751634 0.04381127450980392
0 0.4805964052287582 0.8624387254901961 0.05269607843137255 0.13051470588235295
0 0.5737336601307189 0.7159926470588235 0.027369281045751634 0.04718137254901961
0 0.3980800653594771 0.8544730392156863 0.03308823529411765 0.12928921568627452
0 0.3611111111111111 0.8553921568627451 0.035130718954248366 0.11642156862745098
0 0.3272058823529412 0.8458946078431373 0.029411764705882353 0.11642156862745098
0 0.289624183006536 0.8627450980392157 0.03839869281045752 0.09436274509803921
0 0.24918300653594772 0.8592218137254902 0.042483660130718956 0.0897671568627451
0 0.2056781045751634 0.8336397058823529 0.044526143790849675 0.1256127450980392
0 0.1096813725490196 0.819546568627451 0.05024509803921569 0.11519607843137254
0 0.4352532679738562 0.8592218137254902 0.03390522875816993 0.12162990196078431
0 0.6021241830065359 0.7182904411764706 0.025326797385620915 0.046875
0 0.12928921568627452 0.109375 0.030637254901960783 0.1213235294117647
0 0.661968954248366 0.7205882352941176 0.024918300653594773 0.049019607843137254
0 0.17116013071895425 0.10110294117647059 0.029411764705882353 0.12622549019607843
0 0.24142156862745098 0.10891544117647059 0.03349673202614379 0.10079656862745098
0 0.28308823529411764 0.0975796568627451 0.04820261437908497 0.12898284313725492
0 0.33782679738562094 0.09206495098039216 0.05718954248366013 0.13020833333333334
0 0.39950980392156865 0.09267769607843138 0.056372549019607844 0.12653186274509803
0 0.44812091503267976 0.08823529411764706 0.04003267973856209 0.1323529411764706
0 0.4936683006535948 0.0821078431372549 0.0494281045751634 0.14215686274509803
0 0.5471813725490197 0.07950367647058823 0.0494281045751634 0.13939950980392157
0 0.5976307189542484 0.07643995098039216 0.049019607843137254 0.13817401960784315
0 0.6488970588235294 0.11672794117647059 0.05106209150326797 0.05514705882352941
0 0.7005718954248366 0.11443014705882353 0.04656862745098039 0.05545343137254902
0 0.7565359477124183 0.0934436274509804 0.061274509803921566 0.08946078431372549
0 0.8306781045751634 0.10110294117647059 0.04616013071895425 0.06556372549019608
0 0.889297385620915 0.0860906862745098 0.06290849673202614 0.08884803921568628
0 0.9550653594771242 0.08103553921568628 0.06699346405228758 0.08854166666666667
0 0.9828431372549019 0.21369485294117646 0.035130718954248366 0.07567401960784313
0 0.9389297385620915 0.21384803921568626 0.04779411764705882 0.07352941176470588
0 0.17422385620915032 0.4915747549019608 0.068218954248366 0.07199754901960784
0 0.06944444444444445 0.1403186274509804 0.05392156862745098 0.06066176470588235
0 0.965890522875817 0.8146446078431373 0.0625 0.07352941176470588
0 0.12050653594771242 0.5828737745098039 0.06535947712418301 0.06954656862745098
0 0.7432598039215687 0.7193627450980392 0.01511437908496732 0.04656862745098039
0 0.7657271241830066 0.7274816176470589 0.027369281045751634 0.050551470588235295
0 0.8041258169934641 0.7218137254901961 0.02246732026143791 0.049019607843137254
0 0.8325163398692811 0.7311580882352942 0.02696078431372549 0.050551470588235295
0 0.8878676470588235 0.6752450980392157 0.06331699346405228 0.09803921568627451
0 0.9595588235294118 0.6931678921568627 0.0661764705882353 0.10692401960784313
0 0.8341503267973857 0.6066176470588235 0.03676470588235294 0.05575980392156863
0 0.7924836601307189 0.6128982843137255 0.035130718954248366 0.06096813725490196
0 0.7032271241830066 0.5015318627450981 0.04534313725490196 0.09436274509803921
0 0.75 0.6197916666666666 0.041666666666666664 0.06004901960784314
0 0.6486928104575164 0.6148897058823529 0.06699346405228758 0.0625
0 0.5833333333333334 0.6109068627450981 0.059640522875817 0.06678921568627451
0 0.5200163398692811 0.6073835784313726 0.059640522875817 0.06219362745098039
0 0.4536356209150327 0.6018688725490197 0.044526143790849675 0.07567401960784313
0 0.38848039215686275 0.5997242647058824 0.05392156862745098 0.07628676470588236
0 0.3306781045751634 0.5963541666666666 0.05269607843137255 0.07935049019607843
0 0.27144607843137253 0.5951286764705882 0.06740196078431372 0.07935049019607843
0 0.19383169934640523 0.5891544117647058 0.07475490196078431 0.07230392156862746
0 0.7054738562091504 0.6185661764705882 0.03676470588235294 0.05759803921568627
0 0.24754901960784315 0.49142156862745096 0.06209150326797386 0.08149509803921569
0 0.6325571895424836 0.7190563725490197 0.028186274509803922 0.0508578431372549
0 0.886437908496732 0.21599264705882354 0.04738562091503268 0.07291666666666667
0 0.4227941176470588 0.5010723039215687 0.05800653594771242 0.06954656862745098
0 0.36744281045751637 0.4958639705882353 0.04125816993464052 0.078125
0 0.5036764705882353 0.4928002450980392 0.04656862745098039 0.08670343137254902
0 0.5978349673202614 0.49923406862745096 0.04616013071895425 0.08731617647058823
0 0.2951388888888889 0.25245098039215685 0.030637254901960783 0.07536764705882353
0 0.2571486928104575 0.2536764705882353 0.042075163398692814 0.07536764705882353
0 0.32189542483660133 0.5026041666666666 0.04493464052287582 0.06525735294117647
0 0.21466503267973855 0.25536151960784315 0.03880718954248366 0.07138480392156862
0 0.13276143790849673 0.37484681372549017 0.06372549019607843 0.08057598039215687
0 0.18790849673202614 0.37254901960784315 0.04656862745098039 0.08333333333333333
0 0.23631535947712418 0.3717830882352941 0.04616013071895425 0.0818014705882353
0 0.28982843137254904 0.3785232843137255 0.05514705882352941 0.07567401960784313
0 0.34701797385620914 0.3762254901960784 0.03308823529411765 0.07107843137254902
0 0.38643790849673204 0.37699142156862747 0.04330065359477124 0.07751225490196079
0 0.13051470588235295 0.24708946078431374 0.09191176470588236 0.09589460784313726
0 0.34620098039215685 0.27619485294117646 0.034722222222222224 0.02971813725490196
0 0.5614787581699346 0.4915747549019608 0.042075163398692814 0.09160539215686274
0 0.9589460784313726 0.5143995098039216 0.08129084967320262 0.11090686274509803
0 0.43995098039215685 0.3762254901960784 0.05310457516339869 0.0784313725490196
0 0.49611928104575165 0.3772977941176471 0.05759803921568627 0.07322303921568628
0 0.5494281045751634 0.3743872549019608 0.04084967320261438 0.07475490196078431
0 0.5970179738562091 0.3756127450980392 0.05106209150326797 0.08455882352941177
0 0.6460375816993464 0.5027573529411765 0.04861111111111111 0.08272058823529412
0 0.6544117647058824 0.3762254901960784 0.05555555555555555 0.08088235294117647
0 0.7087418300653595 0.3776041666666667 0.049836601307189546 0.08118872549019608
0 0.7728758169934641 0.3743872549019608 0.051470588235294115 0.08946078431372549
0 0.8259803921568627 0.22962622549019607 0.059640522875817 0.10018382352941177
0 0.891748366013072 0.3570772058823529 0.06454248366013073 0.07689950980392157
0 0.9669117647058824 0.3556985294117647 0.06781045751633986 0.08149509803921569
0 0.886437908496732 0.5130208333333334 0.06372549019607843 0.1173406862745098
0 0.8278186274509803 0.4950980392156863 0.05024509803921569 0.10845588235294118
0 0.826797385620915 0.37699142156862747 0.04820261437908497 0.08486519607843138
