0 0.6380208333333334 0.6109068627450981 0.018688725490196078 0.05024509803921569
0 0.6165747549019608 0.29064542483660133 0.03216911764705882 0.15645424836601307
0 0.6623774509803921 0.8478349673202614 0.011642156862745098 0.011029411764705883
0 0.6852022058823529 0.6231617647058824 0.017463235294117647 0.0428921568627451
0 0.6534926470588235 0.6139705882352942 0.014093137254901961 0.04493464052287582
0 0.6519607843137255 0.2894199346405229 0.03799019607843137 0.16053921568627452
0 0.6681985294117647 0.6172385620915033 0.015318627450980392 0.051470588235294115
0 0.6873468137254902 0.28656045751633985 0.03216911764705882 0.1670751633986928
0 0.7956495098039216 0.27675653594771243 0.03982843137254902 0.18341503267973855
0 0.757046568627451 0.28104575163398693 0.037377450980392156 0.17483660130718953
0 0.7046568627450981 0.6288807189542484 0.018995098039215685 0.053513071895424834
0 0.49356617647058826 0.44076797385620914 0.04350490196078431 0.12091503267973856
0 0.5494791666666666 0.4646650326797386 0.020526960784313725 0.13112745098039216
0 0.5278799019607843 0.46017156862745096 0.023284313725490197 0.1343954248366013
0 0.8929227941176471 0.5161356209150327 0.030943627450980393 0.2013888888888889
0 0.8524816176470589 0.5132761437908496 0.04932598039215686 0.19648692810457516
0 0.8098958333333334 0.5108251633986928 0.036458333333333336 0.20220588235294118
0 0.7732843137254902 0.5010212418300654 0.03615196078431373 0.18341503267973855
0 0.7428002450980392 0.49959150326797386 0.024816176470588234 0.18709150326797386
0 0.7178308823529411 0.4922385620915033 0.025735294117647058 0.16094771241830066
0 0.6904105392156863 0.4881535947712418 0.027879901960784315 0.16911764705882354
0 0.6583946078431373 0.4738562091503268 0.027573529411764705 0.15196078431372548
0 0.6092218137254902 0.4699754901960784 0.0389093137254902 0.15073529411764705
0 0.7515318627450981 0.7197712418300654 0.020833333333333332 0.06290849673202614
0 0.7745098039215687 0.7263071895424836 0.02267156862745098 0.05392156862745098
0 0.7954963235294118 0.7334558823529411 0.018688725490196078 0.0690359477124183
0 0.8193933823529411 0.7410130718954249 0.02542892156862745 0.05555555555555555
0 0.8658088235294118 0.7483660130718954 0.026348039215686275 0.07026143790849673
0 0.8904718137254902 0.7524509803921569 0.022365196078431373 0.06290849673202614
0 0.5772058823529411 0.47324346405228757 0.026348039215686275 0.13929738562091504
0 0.8936887254901961 0.2696078431372549 0.052083333333333336 0.2042483660130719
0 0.47089460784313725 0.31352124183006536 0.05269607843137255 0.12867647058823528
0 0.8414522058823529 0.2704248366013072 0.043198529411764705 0.19362745098039216
0 0.7202818627450981 0.2875816993464052 0.03615196078431373 0.1707516339869281
0 0.7224264705882353 0.6378676470588235 0.01715686274509804 0.042075163398692814
0 0.7225796568627451 0.9628267973856209 0.040747549019607844 0.06290849673202614
0 0.7630208333333334 0.6435866013071896 0.018688725490196078 0.054330065359477125
0 0.5347732843137255 0.6401143790849673 0.013786764705882353 0.03839869281045752
0 0.5762867647058824 0.6035539215686274 0.015318627450980392 0.044526143790849675
0 0.5592830882352942 0.5986519607843137 0.015012254901960785 0.046977124183006536
0 0.5441176470588235 0.5998774509803921 0.013480392156862746 0.042075163398692814
0 0.7717524509803921 0.9789624183006536 0.04718137254901961 0.0428921568627451
0 0.5318627450980392 0.5943627450980392 0.011642156862745098 0.05065359477124183
0 0.4753370098039216 0.5647467320261438 0.04932598039215686 0.10498366013071896
0 0.48621323529411764 0.8000408496732027 0.031862745098039214 0.0559640522875817
0 0.515625 0.8075980392156863 0.02022058823529412 0.049836601307189546
0 0.7426470588235294 0.6427696078431373 0.020833333333333332 0.05759803921568627
0 0.5399816176470589 0.8321078431372549 0.027879901960784315 0.04656862745098039
0 0.6069240196078431 0.8739787581699346 0.032475490196078434 0.06413398692810457
0 0.5709252450980392 0.8511029411764706 0.02971813725490196 0.054330065359477125
0 0.6081495098039216 0.8127042483660131 0.034926470588235295 0.04534313725490196
0 0.5727634803921569 0.7971813725490197 0.02971813725490196 0.05514705882352941
0 0.5430453431372549 0.7828839869281046 0.0272671568627451 0.04779411764705882
0 0.6112132352941176 0.7604166666666666 0.03615196078431373 0.056781045751633986
0 0.5759803921568627 0.7397875816993464 0.029411764705882353 0.05800653594771242
0 0.5433517156862745 0.7263071895424836 0.030943627450980393 0.06209150326797386
0 0.4977022058823529 0.6887254901960784 0.048100490196078434 0.119281045751634
0 0.6790747549019608 0.9262663398692811 0.0389093137254902 0.06495098039215687
0 0.6420036764705882 0.9025735294117647 0.0352328431372549 0.05514705882352941
0 0.6792279411764706 0.8615196078431373 0.03553921568627451 0.05800653594771242
0 0.6427696078431373 0.8384395424836601 0.03676470588235294 0.061683006535947715
0 0.6588541666666666 0.7826797385620915 0.04258578431372549 0.058823529411764705
0 0.5465686274509803 0.6431781045751634 0.009191176470588236 0.03145424836601307
0 0.5588235294117647 0.6495098039215687 0.014093137254901961 0.04493464052287582
0 0.5166973039215687 0.7671568627450981 0.022365196078431373 0.027777777777777776
0 0.5298713235294118 0.29554738562091504 0.03768382352941176 0.14011437908496732
0 0.6058517156862745 0.6607434640522876 0.014399509803921568 0.0559640522875817
0 0.5758272058823529 0.6537990196078431 0.018075980392156864 0.04534313725490196
0 0.6355698529411765 0.6734068627450981 0.015625 0.05759803921568627
0 0.6502757352941176 0.6801470588235294 0.015012254901960785 0.04493464052287582
0 0.6662071078431373 0.6875 0.015012254901960785 0.059640522875817
0 0.6848958333333334 0.6944444444444444 0.022365196078431373 0.04656862745098039
0 0.7043504901960784 0.7001633986928104 0.016544117647058824 0.058823529411764705
0 0.7250306372549019 0.7056781045751634 0.02420343137254902 0.05024509803921569
0 0.7218137254901961 0.8243464052287581 0.044730392156862746 0.07598039215686274
0 0.772671568627451 0.8527369281045751 0.04718137254901961 0.07883986928104575
0 0.8276654411764706 0.8813316993464052 0.05606617647058824 0.08374183006535947
0 0.8809742647058824 0.9093137254901961 0.04258578431372549 0.08088235294117647
0 0.6205575980392157 0.6703431372549019 0.013786764705882353 0.04738562091503268
0 0.7697610294117647 0.9225898692810458 0.05177696078431373 0.0625
0 0.7204350490196079 0.8956290849673203 0.04197303921568627 0.06495098039215687
0 0.5606617647058824 0.30106209150326796 0.025122549019607844 0.12990196078431374
0 0.5387561274509803 0.09701797385620915 0.02542892156862745 0.17933006535947713
0 0.5689338235294118 0.08925653594771242 0.03308823529411765 0.1670751633986928
0 0.6035539215686274 0.08700980392156862 0.034926470588235295 0.17320261437908496
0 0.5104166666666666 0.10661764705882353 0.032475490196078434 0.15931372549019607
0 0.6767769607843137 0.07434640522875817 0.03860294117647059 0.14869281045751634
0 0.7181372549019608 0.0690359477124183 0.042279411764705885 0.13071895424836602
0 0.7619485294117647 0.06719771241830065 0.04534313725490196 0.13276143790849673
0 0.8057598039215687 0.059027777777777776 0.03553921568627451 0.10825163398692811
0 0.8262867647058824 0.9550653594771242 0.05514705882352941 0.06372549019607843
0 0.6387867647058824 0.07924836601307189 0.03125 0.1576797385620915
