0 0.15384615384615385 0.4140625 0.1967948717948718 0.025240384615384616
0 0.7108974358974359 0.3847355769230769 0.19615384615384615 0.03581730769230769
0 0.9024038461538462 0.24110576923076923 0.19262820512820514 0.036057692307692304
0 0.9043269230769231 0.2032451923076923 0.19455128205128205 0.03918269230769231
0 0.14967948717948718 0.34951923076923075 0.1955128205128205 0.027884615384615386
0 0.1528846153846154 0.3814903846153846 0.1955128205128205 0.035576923076923075
0 0.3456730769230769 0.41177884615384613 0.18685897435897436 0.027403846153846154
0 0.3418269230769231 0.3808894230769231 0.18621794871794872 0.03533653846153846
0 0.5237179487179487 0.3604567307692308 0.17756410256410257 0.030528846153846153
0 0.5258012820512821 0.3917067307692308 0.17275641025641025 0.029086538461538462
0 0.5262820512820513 0.4174278846153846 0.1717948717948718 0.02139423076923077
0 0.7115384615384616 0.41586538461538464 0.1955128205128205 0.02451923076923077
0 0.5254807692307693 0.3347355769230769 0.16955128205128206 0.017548076923076923
0 0.06618589743589744 0.3266826923076923 0.13237179487179487 0.0125
0 0.8887820512820512 0.9546875 0.18461538461538463 0.024759615384615383
0 0.8841346153846154 0.9157451923076924 0.18237179487179486 0.053125
0 0.854326923076923 0.8572115384615384 0.1733974358974359 0.046634615384615385
0 0.6908653846153846 0.8709134615384615 0.16121794871794873 0.03798076923076923
0 0.6961538461538461 0.8992788461538461 0.16474358974358974 0.01875
0 0.7019230769230769 0.9280048076923076 0.17435897435897435 0.03918269230769231
0 0.700801282051282 0.9545673076923077 0.17403846153846153 0.012980769230769231
0 0.53125 0.9430288461538462 0.16762820512820512 0.03653846153846154
0 0.37051282051282053 0.8493990384615384 0.17884615384615385 0.040625
0 0.8998397435897436 0.27439903846153846 0.1996794871794872 0.031009615384615385
0 0.7091346153846154 0.27860576923076924 0.17596153846153847 0.023076923076923078
0 0.7112179487179487 0.25180288461538464 0.1814102564102564 0.031009615384615385
0 0.7147435897435898 0.21850961538461539 0.183974358974359 0.035576923076923075
0 0.013461538461538462 0.10709134615384615 0.01987179487179487 0.06514423076923077
0 0.0858974358974359 0.07752403846153846 0.052564102564102565 0.12427884615384616
0 0.13958333333333334 0.08209134615384615 0.05032051282051282 0.11322115384615385
0 0.18717948717948718 0.0798076923076923 0.04487179487179487 0.11971153846153847
0 0.24086538461538462 0.078125 0.05929487179487179 0.12692307692307692
0 0.29246794871794873 0.07704326923076923 0.04455128205128205 0.12764423076923076
0 0.34150641025641026 0.07596153846153846 0.052884615384615384 0.125
0 0.3919871794871795 0.07596153846153846 0.05 0.12451923076923077
0 0.500801282051282 0.09026442307692308 0.1605769230769231 0.04350961538461538
0 0.5 0.1293269230769231 0.1596153846153846 0.036057692307692304
0 0.371474358974359 0.8831730769230769 0.17756410256410257 0.026923076923076925
0 0.6642628205128205 0.1264423076923077 0.16891025641025642 0.03413461538461538
0 0.6653846153846154 0.04891826923076923 0.1673076923076923 0.03918269230769231
0 0.8333333333333334 0.09903846153846153 0.16666666666666666 0.027403846153846154
0 0.8347756410256411 0.128125 0.1701923076923077 0.027884615384615386
0 0.5025641025641026 0.05480769230769231 0.15705128205128205 0.028846153846153848
0 0.3174679487179487 0.2141826923076923 0.20544871794871794 0.03653846153846154
0 0.32003205128205126 0.24615384615384617 0.20096153846153847 0.027884615384615386
0 0.3189102564102564 0.27295673076923077 0.2012820512820513 0.025240384615384616
0 0.5221153846153846 0.275 0.19615384615384615 0.027403846153846154
0 0.521474358974359 0.24242788461538461 0.1955128205128205 0.03581730769230769
0 0.5217948717948718 0.20192307692307693 0.1955128205128205 0.04471153846153846
0 0.666826923076923 0.08882211538461539 0.16634615384615384 0.039663461538461536
0 0.35544871794871796 0.9227163461538461 0.18012820512820513 0.04447115384615385
0 0.3548076923076923 0.9533653846153847 0.18333333333333332 0.01826923076923077
0 0.17243589743589743 0.9485576923076923 0.17756410256410257 0.023076923076923078
0 0.3525641025641026 0.5377403846153846 0.18974358974358974 0.022596153846153846
0 0.35689102564102565 0.5098557692307693 0.18108974358974358 0.032692307692307694
0 0.35657051282051283 0.4768028846153846 0.1798076923076923 0.031490384615384615
0 0.5310897435897436 0.48197115384615385 0.17115384615384616 0.03173076923076923
0 0.8759615384615385 0.6405048076923077 0.17692307692307693 0.026201923076923078
0 0.6886217948717949 0.6045673076923077 0.18173076923076922 0.03365384615384615
0 0.5315705128205128 0.5139423076923076 0.16762820512820512 0.03221153846153846
0 0.5298076923076923 0.5388221153846153 0.16474358974358974 0.019951923076923075
0 0.704647435897436 0.5368990384615384 0.17467948717948717 0.024278846153846154
0 0.7038461538461539 0.5110576923076923 0.1782051282051282 0.032692307692307694
0 0.1671474358974359 0.5379807692307692 0.18044871794871795 0.021153846153846155
0 0.6891025641025641 0.6359375 0.18269230769230768 0.030048076923076924
0 0.5165064102564103 0.6635817307692308 0.16314102564102564 0.01706730769230769
0 0.517948717948718 0.6419471153846154 0.16346153846153846 0.024759615384615383
0 0.5142628205128205 0.6106971153846154 0.15544871794871795 0.03774038461538461
0 0.3440705128205128 0.6078125 0.18173076923076922 0.03822115384615385
0 0.3421474358974359 0.6483173076923077 0.17275641025641025 0.04038461538461539
0 0.16169871794871796 0.6598557692307693 0.1875 0.017788461538461538
0 0.15849358974358974 0.6348557692307693 0.18044871794871795 0.03221153846153846
0 0.15721153846153846 0.6028846153846154 0.18173076923076922 0.032692307692307694
0 0.8836538461538461 0.5412259615384616 0.1782051282051282 0.021875
0 0.884775641025641 0.5164663461538461 0.18108974358974358 0.029086538461538462
0 0.6897435897435897 0.6620192307692307 0.18012820512820513 0.021153846153846155
0 0.03974358974358974 0.10504807692307692 0.03653846153846154 0.07067307692307692
0 0.1778846153846154 0.5133413461538462 0.17756410256410257 0.025240384615384616
0 0.9036858974358974 0.41610576923076925 0.19326923076923078 0.02403846153846154
0 0.17467948717948717 0.9216346153846153 0.1737179487179487 0.03125
0 0.17852564102564103 0.8826923076923077 0.18333333333333332 0.047115384615384615
0 0.19326923076923078 0.8370192307692308 0.17564102564102563 0.03653846153846154
0 0.16169871794871796 0.7771634615384615 0.1560897435897436 0.013461538461538462
0 0.15833333333333333 0.7581730769230769 0.15897435897435896 0.023557692307692307
0 0.15544871794871795 0.731610576923077 0.16538461538461538 0.02956730769230769
0 0.32740384615384616 0.7186298076923077 0.1753205128205128 0.02860576923076923
0 0.3282051282051282 0.7474759615384615 0.17307692307692307 0.030048076923076924
0 0.3301282051282051 0.7701923076923077 0.17756410256410257 0.016826923076923076
0 0.5150641025641025 0.7736778846153847 0.16153846153846155 0.01706730769230769
0 0.17676282051282052 0.4829326923076923 0.18173076923076922 0.03701923076923077
0 0.514102564102564 0.7538461538461538 0.15833333333333333 0.022115384615384617
0 0.68125 0.7168269230769231 0.1625 0.01875
0 0.6785256410256411 0.7432692307692308 0.16538461538461538 0.032692307692307694
0 0.6798076923076923 0.7717548076923076 0.16538461538461538 0.024278846153846154
0 0.8580128205128205 0.7701923076923077 0.1737179487179487 0.027403846153846154
0 0.8533653846153846 0.7377403846153846 0.17275641025641025 0.036057692307692304
0 0.8780448717948718 0.6633413461538461 0.17403846153846153 0.01658653846153846
0 0.8887820512820512 0.6128605769230769 0.18012820512820513 0.03341346153846154
0 0.7141025641025641 0.3465144230769231 0.20064102564102565 0.039663461538461536
0 0.9076923076923077 0.3471153846153846 0.18653846153846154 0.03942307692307692
0 0.90625 0.3860576923076923 0.1875 0.03653846153846154
0 0.5128205128205128 0.7256009615384615 0.15897435897435896 0.03581730769230769
0 0.8876602564102564 0.48533653846153846 0.18237179487179486 0.03076923076923077
0 0.705448717948718 0.4777644230769231 0.18333333333333332 0.03485576923076923
