0 0.738562091503268 0.2775735294117647 0.05800653594771242 0.03553921568627451
0 0.8167892156862745 0.6337316176470589 0.03145424836601307 0.0352328431372549
0 0.8455882352941176 0.5888480392156863 0.04493464052287582 0.031862745098039214
0 0.8876633986928104 0.6283700980392157 0.027777777777777776 0.03860294117647059
0 0.9274918300653595 0.6315870098039216 0.026552287581699346 0.036458333333333336
0 0.9620098039215687 0.6326593137254902 0.027777777777777776 0.03982843137254902
0 0.9918300653594772 0.6323529411764706 0.016339869281045753 0.04044117647058824
0 0.977328431372549 0.5795036764705882 0.04534313725490196 0.04381127450980392
0 0.9193218954248366 0.5796568627450981 0.030637254901960783 0.041666666666666664
0 0.8866421568627451 0.5597426470588235 0.03308823529411765 0.011642156862745098
0 0.7743055555555556 0.6361825980392157 0.04779411764705882 0.03278186274509804
0 0.8817401960784313 0.5857843137254902 0.023284313725490197 0.030637254901960783
0 0.286968954248366 0.5528492647058824 0.039624183006535946 0.035845588235294115
0 0.33231209150326796 0.5534620098039216 0.0428921568627451 0.03462009803921569
0 0.380718954248366 0.5514705882352942 0.04493464052287582 0.030637254901960783
0 0.43280228758169936 0.5516237745098039 0.04779411764705882 0.02849264705882353
0 0.18790849673202614 0.5050551470588235 0.05800653594771242 0.03400735294117647
0 0.2508169934640523 0.5058210784313726 0.06209150326797386 0.030637254901960783
0 0.3020833333333333 0.5075061274509803 0.0298202614379085 0.03400735294117647
0 0.3939950980392157 0.4963235294117647 0.03799019607843137 0.024509803921568627
0 0.5216503267973857 0.5033700980392157 0.04656862745098039 0.03308823529411765
0 0.2275326797385621 0.5545343137254902 0.06944444444444445 0.0392156862745098
0 0.7277369281045751 0.6404718137254902 0.0428921568627451 0.02849264705882353
0 0.6807598039215687 0.6397058823529411 0.0363562091503268 0.03125
0 0.6382761437908496 0.6525735294117647 0.03308823529411765 0.00980392156862745
0 0.03880718954248366 0.6505821078431373 0.03676470588235294 0.03400735294117647
0 0.08946078431372549 0.6493566176470589 0.05392156862745098 0.03707107843137255
0 0.16053921568627452 0.6513480392156863 0.04738562091503268 0.032475490196078434
0 0.20690359477124182 0.6493566176470589 0.042075163398692814 0.03462009803921569
0 0.25326797385620914 0.6496629901960784 0.04330065359477124 0.03462009803921569
0 0.30249183006535946 0.6479779411764706 0.04370915032679738 0.037377450980392156
0 0.34701797385620914 0.6479779411764706 0.042075163398692814 0.03370098039215686
0 0.2610294117647059 0.5991115196078431 0.05555555555555555 0.03707107843137255
0 0.35661764705882354 0.5978860294117647 0.09803921568627451 0.03216911764705882
0 0.43586601307189543 0.5963541666666666 0.04738562091503268 0.03400735294117647
0 0.48651960784313725 0.5932904411764706 0.04656862745098039 0.0352328431372549
0 0.5855800653594772 0.5919117647058824 0.0494281045751634 0.03553921568627451
0 0.6558415032679739 0.5932904411764706 0.04779411764705882 0.03278186274509804
0 0.7022058823529411 0.5928308823529411 0.0392156862745098 0.034926470588235295
0 0.7481617647058824 0.5922181372549019 0.04616013071895425 0.034926470588235295
0 0.3909313725490196 0.6461397058823529 0.041666666666666664 0.032475490196078434
0 0.4381127450980392 0.6447610294117647 0.03799019607843137 0.030943627450980393
0 0.4861111111111111 0.6438419117647058 0.0457516339869281 0.03278186274509804
0 0.5467728758169934 0.6423100490196079 0.0494281045751634 0.030943627450980393
0 0.5941584967320261 0.6415441176470589 0.04616013071895425 0.030637254901960783
0 0.6409313725490197 0.6338848039215687 0.041666666666666664 0.020833333333333332
0 0.5680147058823529 0.5047487745098039 0.04125816993464052 0.03216911764705882
0 0.6123366013071896 0.5035232843137255 0.03758169934640523 0.03278186274509804
0 0.6582924836601307 0.5053615196078431 0.042075163398692814 0.02971813725490196
0 0.704452614379085 0.5021446078431373 0.042075163398692814 0.028799019607843136
0 0.21180555555555555 0.34849877450980393 0.09926470588235294 0.027879901960784315
0 0.29044117647058826 0.34849877450980393 0.05065359477124183 0.02542892156862745
0 0.33782679738562094 0.3239889705882353 0.05392156862745098 0.019301470588235295
0 0.3431372549019608 0.3480392156862745 0.04411764705882353 0.022058823529411766
0 0.397875816993464 0.3483455882352941 0.049019607843137254 0.025735294117647058
0 0.4477124183006536 0.34911151960784315 0.04411764705882353 0.02420343137254902
0 0.5051062091503268 0.3425245098039216 0.056781045751633986 0.037377450980392156
0 0.5655637254901961 0.3394607843137255 0.0559640522875817 0.034926470588235295
0 0.622140522875817 0.33869485294117646 0.04820261437908497 0.03462009803921569
0 0.6664624183006536 0.3403799019607843 0.034722222222222224 0.031862745098039214
0 0.7054738562091504 0.3388480392156863 0.028594771241830064 0.03431372549019608
0 0.7581699346405228 0.33900122549019607 0.049836601307189546 0.03400735294117647
0 0.7628676470588235 0.3128063725490196 0.05514705882352941 0.014705882352941176
0 0.8204656862745098 0.33746936274509803 0.05923202614379085 0.033394607843137254
0 0.9219771241830066 0.38817401960784315 0.025326797385620915 0.1323529411764706
0 0.9536356209150327 0.3903186274509804 0.028186274509803922 0.05330882352941176
0 0.9916258169934641 0.3958333333333333 0.015931372549019607 0.03982843137254902
0 0.9491421568627451 0.46338848039215685 0.02246732026143791 0.04442401960784314
0 0.9740604575163399 0.4597120098039216 0.024918300653594773 0.04871323529411765
0 0.8921568627450981 0.5206801470588235 0.04003267973856209 0.047487745098039214
0 0.9303513071895425 0.5208333333333334 0.02246732026143791 0.04044117647058824
0 0.8370098039215687 0.3978247549019608 0.035130718954248366 0.030330882352941176
0 0.15625 0.6030943627450981 0.051879084967320264 0.03278186274509804
0 0.7514297385620915 0.39981617647058826 0.0494281045751634 0.03431372549019608
0 0.6284722222222222 0.40456495098039214 0.05024509803921569 0.03829656862745098
0 0.7524509803921569 0.5033700980392157 0.04493464052287582 0.030637254901960783
0 0.795751633986928 0.5019914215686274 0.03349673202614379 0.027879901960784315
0 0.8429330065359477 0.500765931372549 0.0428921568627451 0.027879901960784315
0 0.7990196078431373 0.45511642156862747 0.04003267973856209 0.033394607843137254
0 0.8443627450980392 0.4543504901960784 0.032679738562091505 0.03431372549019608
0 0.2238562091503268 0.4563419117647059 0.07598039215686274 0.043198529411764705
0 0.3020833333333333 0.4566482843137255 0.07393790849673203 0.03707107843137255
0 0.4131944444444444 0.4566482843137255 0.05923202614379085 0.03400735294117647
0 0.4736519607843137 0.45818014705882354 0.05514705882352941 0.03400735294117647
0 0.5279820261437909 0.4569546568627451 0.04534313725490196 0.03462009803921569
0 0.5751633986928104 0.4568014705882353 0.03839869281045752 0.03431372549019608
0 0.6194852941176471 0.4577205882352941 0.03880718954248366 0.03308823529411765
0 0.6662581699346405 0.45588235294117646 0.04820261437908497 0.03370098039215686
0 0.215890522875817 0.3981311274509804 0.08374183006535947 0.04871323529411765
0 0.29554738562091504 0.3981311274509804 0.07066993464052287 0.048100490196078434
0 0.35804738562091504 0.3863357843137255 0.046977124183006536 0.022058823529411766
0 0.3582516339869281 0.41329656862745096 0.04738562091503268 0.02022058823529412
0 0.4193218954248366 0.40150122549019607 0.068218954248366 0.035845588235294115
0 0.5234885620915033 0.4028799019607843 0.039624183006535946 0.03799019607843137
0 0.5733251633986928 0.40839460784313725 0.04861111111111111 0.022058823529411766
0 0.5782271241830066 0.38327205882352944 0.044526143790849675 0.02389705882352941
0 0.6987336601307189 0.39981617647058826 0.042075163398692814 0.03431372549019608
0 0.10580065359477124 0.5998774509803921 0.03594771241830065 0.034926470588235295
0 0.05330882352941176 0.6037071078431373 0.05269607843137255 0.03400735294117647
0 0.1111111111111111 0.5560661764705882 0.07352941176470588 0.03370098039215686
0 0.3756127450980392 0.08777573529411764 0.051879084967320264 0.040747549019607844
0 0.3770424836601307 0.18428308823529413 0.04003267973856209 0.04871323529411765
0 0.4252450980392157 0.1329656862745098 0.042483660130718956 0.05024509803921569
0 0.4227941176470588 0.18658088235294118 0.04493464052287582 0.04840686274509804
0 0.4709967320261438 0.1870404411764706 0.04330065359477124 0.04442401960784314
0 0.47732843137254904 0.14950980392156862 0.04861111111111111 0.02022058823529412
0 0.47467320261437906 0.125 0.04003267973856209 0.022058823529411766
0 0.46772875816993464 0.09145220588235294 0.032679738562091505 0.03829656862745098
0 0.5157271241830066 0.19607843137254902 0.04125816993464052 0.02696078431372549
0 0.5569852941176471 0.1873468137254902 0.025735294117647058 0.03829656862745098
0 0.5526960784313726 0.1478247549019608 0.03022875816993464 0.03707107843137255
0 0.6119281045751634 0.18857230392156862 0.07434640522875817 0.04013480392156863
0 0.610498366013072 0.14690563725490197 0.07883986928104575 0.0352328431372549
0 0.6098856209150327 0.10661764705882353 0.08741830065359477 0.03553921568627451
0 0.6768790849673203 0.12162990196078431 0.042483660130718956 0.03308823529411765
0 0.6750408496732027 0.15870098039215685 0.04616013071895425 0.03860294117647059
0 0.6779003267973857 0.19408700980392157 0.044526143790849675 0.02542892156862745
0 0.7156862745098039 0.19087009803921567 0.022058823529411766 0.03370098039215686
0 0.7144607843137255 0.15625 0.0196078431372549 0.028799019607843136
0 0.7120098039215687 0.1168811274509804 0.017973856209150325 0.03768382352941176
0 0.7477532679738562 0.1095281862745098 0.03227124183006536 0.036458333333333336
0 0.3758169934640523 0.13526348039215685 0.04493464052287582 0.046262254901960786
0 0.7473447712418301 0.14950980392156862 0.034722222222222224 0.03308823529411765
0 0.33925653594771243 0.18826593137254902 0.0298202614379085 0.03462009803921569
0 0.2747140522875817 0.1881127450980392 0.025735294117647058 0.03676470588235294
0 0.028594771241830064 0.10631127450980392 0.03349673202614379 0.04534313725490196
0 0.027369281045751634 0.15073529411764705 0.027777777777777776 0.032475490196078434
0 0.032475490196078434 0.1875 0.03145424836601307 0.03553921568627451
0 0.06372549019607843 0.1876531862745098 0.026143790849673203 0.0352328431372549
0 0.09763071895424837 0.18673406862745098 0.02287581699346405 0.036458333333333336
0 0.1352124183006536 0.18887867647058823 0.04084967320261438 0.03278186274509804
0 0.1781045751633987 0.18872549019607843 0.035130718954248366 0.032475490196078434
0 0.12928921568627452 0.15211397058823528 0.042075163398692814 0.02542892156862745
0 0.17647058823529413 0.14981617647058823 0.031862745098039214 0.034926470588235295
0 0.12724673202614378 0.11979166666666667 0.03799019607843137 0.03431372549019608
0 0.16789215686274508 0.11029411764705882 0.028594771241830064 0.03799019607843137
0 0.20710784313725492 0.11274509803921569 0.032679738562091505 0.03799019607843137
0 0.272875816993464 0.11228553921568628 0.031862745098039214 0.03707107843137255
0 0.3073937908496732 0.11060049019607843 0.03308823529411765 0.037377450980392156
0 0.20915032679738563 0.14935661764705882 0.026143790849673203 0.033394607843137254
0 0.2420343137254902 0.1485906862745098 0.024101307189542485 0.03615196078431373
0 0.2704248366013072 0.15058210784313725 0.02696078431372549 0.03400735294117647
0 0.30637254901960786 0.15165441176470587 0.024509803921568627 0.03431372549019608
0 0.3341503267973856 0.15119485294117646 0.026143790849673203 0.03707107843137255
0 0.21262254901960784 0.1870404411764706 0.026552287581699346 0.03707107843137255
0 0.2440767973856209 0.1878063725490196 0.028186274509803922 0.034926470588235295
0 0.306781045751634 0.1879595588235294 0.025326797385620915 0.03707107843137255
0 0.963031045751634 0.5223651960784313 0.03308823529411765 0.0508578431372549
0 0.7420343137254902 0.18642769607843138 0.027369281045751634 0.03829656862745098
0 0.7763480392156863 0.14721200980392157 0.020833333333333332 0.03400735294117647
0 0.6239787581699346 0.2789522058823529 0.028186274509803922 0.035845588235294115
0 0.6746323529411765 0.24908088235294118 0.04125816993464052 0.02389705882352941
0 0.6834150326797386 0.2800245098039216 0.041666666666666664 0.03002450980392157
0 0.7990196078431373 0.27558210784313725 0.04656862745098039 0.0389093137254902
0 0.8474264705882353 0.2766544117647059 0.04534313725490196 0.037377450980392156
0 0.8739787581699346 0.2415747549019608 0.04779411764705882 0.02665441176470588
0 0.8939950980392157 0.2772671568627451 0.04370915032679738 0.03553921568627451
0 0.9305555555555556 0.27236519607843135 0.02287581699346405 0.04534313725490196
0 0.9593545751633987 0.27098651960784315 0.02246732026143791 0.040747549019607844
0 0.9906045751633987 0.265625 0.021241830065359478 0.0625
0 0.09068627450980392 0.35294117647058826 0.03594771241830065 0.03431372549019608
0 0.10049019607843138 0.3863357843137255 0.049019607843137254 0.0196078431372549
0 0.1017156862745098 0.40931372549019607 0.04493464052287582 0.02022058823529412
0 0.10049019607843138 0.4341299019607843 0.049019607843137254 0.018995098039215685
0 0.10477941176470588 0.4603247549019608 0.054330065359477125 0.020526960784313725
0 0.1184640522875817 0.48299632352941174 0.04084967320261438 0.018075980392156864
0 0.022263071895424837 0.3990502450980392 0.04370915032679738 0.03462009803921569
0 0.06025326797385621 0.39828431372549017 0.024101307189542485 0.03676470588235294
0 0.056372549019607844 0.4525122549019608 0.031862745098039214 0.0428921568627451
0 0.07005718954248366 0.5091911764705882 0.10253267973856209 0.03002450980392157
0 0.0392156862745098 0.5560661764705882 0.061274509803921566 0.034926470588235295
0 0.5925245098039216 0.28017769607843135 0.02900326797385621 0.0352328431372549
0 0.7741013071895425 0.1873468137254902 0.02369281045751634 0.035845588235294115
0 0.5418709150326797 0.2780330882352941 0.06331699346405228 0.04136029411764706
0 0.36070261437908496 0.2775735294117647 0.0457516339869281 0.0428921568627451
0 0.8035130718954249 0.1871936274509804 0.025326797385620915 0.034926470588235295
0 0.8047385620915033 0.14629289215686275 0.03022875816993464 0.035845588235294115
0 0.8368055555555556 0.14675245098039216 0.027369281045751634 0.037377450980392156
0 0.8345588235294118 0.18627450980392157 0.03022875816993464 0.03553921568627451
0 0.8711192810457516 0.18673406862745098 0.02900326797385621 0.03462009803921569
0 0.8668300653594772 0.14522058823529413 0.022058823529411766 0.03431372549019608
0 0.9015522875816994 0.18581495098039216 0.025326797385620915 0.03707107843137255
0 0.9299428104575164 0.1876531862745098 0.02165032679738562 0.0352328431372549
0 0.9660947712418301 0.14736519607843138 0.02287581699346405 0.03615196078431373
0 0.9650735294117647 0.1871936274509804 0.024101307189542485 0.034926470588235295
0 0.9354575163398693 0.1481311274509804 0.028594771241830064 0.033394607843137254
0 0.9912173202614379 0.1881127450980392 0.01838235294117647 0.03431372549019608
0 0.9922385620915033 0.1490502450980392 0.015522875816993464 0.03155637254901961
0 0.043913398692810454 0.23912377450980393 0.060866013071895424 0.03707107843137255
0 0.0479983660130719 0.27925857843137253 0.05841503267973856 0.036458333333333336
0 0.12622549019607843 0.27956495098039214 0.049836601307189546 0.036458333333333336
0 0.12418300653594772 0.23866421568627452 0.049019607843137254 0.03860294117647059
0 0.17708333333333334 0.23851102941176472 0.05024509803921569 0.04258578431372549
0 0.17749183006535948 0.28339460784313725 0.04779411764705882 0.03676470588235294
0 0.22732843137254902 0.28109681372549017 0.042075163398692814 0.0352328431372549
0 0.28982843137254904 0.2766544117647059 0.07965686274509803 0.04718137254901961
0 0.4452614379084967 0.2769607843137255 0.11356209150326797 0.04411764705882353
0 0.9924428104575164 0.5200674019607843 0.014297385620915032 0.04503676470588235
0 0.4805964052287582 0.4961703431372549 0.024918300653594773 0.02665441176470588
