0 0.5353349673202614 0.7594975490196079 0.042075163398692814 0.08088235294117647
0 0.08231209150326797 0.6332720588235294 0.0363562091503268 0.07965686274509803
0 0.04718137254901961 0.6321997549019608 0.030637254901960783 0.08363970588235294
0 0.016339869281045753 0.6332720588235294 0.032679738562091505 0.08149509803921569
0 0.5784313725490197 0.7613357843137255 0.04493464052287582 0.07598039215686274
0 0.6750408496732027 0.7697610294117647 0.051879084967320264 0.07383578431372549
0 0.11499183006535947 0.8322610294117647 0.034722222222222224 0.07628676470588236
0 0.07659313725490197 0.8284313725490197 0.03880718954248366 0.07536764705882353
0 0.03901143790849673 0.8295036764705882 0.0363562091503268 0.07689950980392157
0 0.12009803921568628 0.6358762254901961 0.03676470588235294 0.07628676470588236
0 0.15849673202614378 0.6378676470588235 0.04084967320261438 0.08026960784313726
0 0.20118464052287582 0.6375612745098039 0.04534313725490196 0.08149509803921569
0 0.24183006535947713 0.6384803921568627 0.035130718954248366 0.08149509803921569
0 0.3735702614379085 0.6577818627450981 0.04534313725490196 0.08026960784313726
0 0.4912173202614379 0.7575061274509803 0.04616013071895425 0.07751225490196079
0 0.625 0.7647058823529411 0.04656862745098039 0.07904411764705882
0 0.9611928104575164 0.8791360294117647 0.041666666666666664 0.06158088235294118
0 0.3555964052287582 0.7529105392156863 0.04779411764705882 0.0744485294117647
0 0.923202614379085 0.8800551470588235 0.035130718954248366 0.06525735294117647
0 0.8833741830065359 0.8777573529411765 0.044526143790849675 0.06066176470588235
0 0.8457924836601307 0.8759191176470589 0.03390522875816993 0.06556372549019608
0 0.8127042483660131 0.8745404411764706 0.03145424836601307 0.0628063725490196
0 0.7767565359477124 0.8746936274509803 0.03799019607843137 0.06311274509803921
0 0.6674836601307189 0.8639705882352942 0.0392156862745098 0.0778186274509804
0 0.6243872549019608 0.8610600490196079 0.04779411764705882 0.07935049019607843
0 0.5786356209150327 0.8587622549019608 0.04534313725490196 0.07352941176470588
0 0.5343137254901961 0.8543198529411765 0.0457516339869281 0.08057598039215687
0 0.4895833333333333 0.8509497549019608 0.0428921568627451 0.07261029411764706
0 0.4440359477124183 0.8489583333333334 0.04656862745098039 0.07598039215686274
0 0.40236928104575165 0.8465073529411765 0.03839869281045752 0.07475490196078431
0 0.3598856209150327 0.8460477941176471 0.0457516339869281 0.07873774509803921
0 0.2540849673202614 0.8417585784313726 0.03758169934640523 0.07199754901960784
0 0.400531045751634 0.7549019607843137 0.0428921568627451 0.07230392156862746
0 0.221609477124183 0.8397671568627451 0.028186274509803922 0.06740196078431372
0 0.14808006535947713 0.8342524509803921 0.03145424836601307 0.07230392156862746
0 0.9309640522875817 0.7837009803921569 0.042483660130718956 0.06924019607843138
0 0.7798202614379085 0.7821691176470589 0.035130718954248366 0.06372549019607843
0 0.8163807189542484 0.7818627450980392 0.0363562091503268 0.061887254901960786
0 0.8517156862745098 0.7826286764705882 0.03431372549019608 0.06464460784313726
0 0.8886846405228758 0.7829350490196079 0.04125816993464052 0.06403186274509803
0 0.03022875816993464 0.7333026960784313 0.04656862745098039 0.0934436274509804
0 0.07312091503267974 0.7363664215686274 0.04330065359477124 0.08854166666666667
0 0.11907679738562091 0.7368259803921569 0.04616013071895425 0.09252450980392157
0 0.16176470588235295 0.7397365196078431 0.0392156862745098 0.08792892156862746
0 0.20302287581699346 0.7424938725490197 0.035130718954248366 0.08915441176470588
0 0.42034313725490197 0.6609987745098039 0.04656862745098039 0.078125
0 0.9732434640522876 0.7852328431372549 0.03799019607843137 0.06801470588235294
0 0.24162581699346405 0.7424938725490197 0.04044117647058824 0.08854166666666667
0 0.18566176470588236 0.8359375 0.0428921568627451 0.07506127450980392
0 0.46568627450980393 0.6608455882352942 0.042483660130718956 0.08026960784313726
0 0.44485294117647056 0.7567401960784313 0.0457516339869281 0.0778186274509804
0 0.556781045751634 0.663296568627451 0.04330065359477124 0.08517156862745098
0 0.5247140522875817 0.44638480392156865 0.0494281045751634 0.08088235294117647
0 0.5741421568627451 0.44424019607843135 0.05024509803921569 0.08394607843137254
0 0.6260212418300654 0.4459252450980392 0.053513071895424834 0.0818014705882353
0 0.6785130718954249 0.44607843137254904 0.049836601307189546 0.08333333333333333
0 0.8451797385620915 0.5058210784313726 0.029411764705882353 0.06678921568627451
0 0.8809232026143791 0.5055147058823529 0.037173202614379085 0.06495098039215687
0 0.9168709150326797 0.5059742647058824 0.03390522875816993 0.06525735294117647
0 0.9571078431372549 0.5045955882352942 0.04738562091503268 0.06678921568627451
0 0.8245506535947712 0.4022671568627451 0.07230392156862746 0.07965686274509803
0 0.8841911764705882 0.4117647058823529 0.03553921568627451 0.07107843137254902
0 0.9250408496732027 0.4149816176470588 0.044526143790849675 0.06893382352941177
0 0.9667075163398693 0.41390931372549017 0.03880718954248366 0.06740196078431372
0 0.0298202614379085 0.3515625 0.04003267973856209 0.078125
0 0.07209967320261437 0.34972426470588236 0.04370915032679738 0.07996323529411764
0 0.11294934640522876 0.3521752450980392 0.03880718954248366 0.08363970588235294
0 0.14787581699346405 0.3506433823529412 0.03349673202614379 0.08425245098039216
0 0.19138071895424835 0.3527879901960784 0.0428921568627451 0.08057598039215687
0 0.23386437908496732 0.35340073529411764 0.03553921568627451 0.07873774509803921
0 0.377859477124183 0.33670343137254904 0.04820261437908497 0.09681372549019608
0 0.47610294117647056 0.44577205882352944 0.046977124183006536 0.08272058823529412
0 0.43014705882352944 0.44699754901960786 0.04656862745098039 0.08394607843137254
0 0.3805147058823529 0.44515931372549017 0.05024509803921569 0.08762254901960784
0 0.2332516339869281 0.4508272058823529 0.04003267973856209 0.06832107843137254
0 0.5100081699346405 0.6596200980392157 0.04779411764705882 0.08333333333333333
0 0.39276960784313725 0.5545343137254902 0.04125816993464052 0.09497549019607843
0 0.43566176470588236 0.553921568627451 0.04370915032679738 0.09620098039215687
0 0.47467320261437906 0.5626531862745098 0.035130718954248366 0.08057598039215687
0 0.5128676470588235 0.5646446078431373 0.039624183006535946 0.0778186274509804
0 0.5543300653594772 0.5655637254901961 0.041666666666666664 0.07904411764705882
0 0.5974264705882353 0.5684742647058824 0.04125816993464052 0.0818014705882353
0 0.6380718954248366 0.5680147058823529 0.041666666666666664 0.08026960784313726
0 0.6799428104575164 0.5707720588235294 0.042075163398692814 0.07965686274509803
0 0.4264705882352941 0.33900122549019607 0.04493464052287582 0.09099264705882353
0 0.016339869281045753 0.5373774509803921 0.032679738562091505 0.08026960784313726
0 0.08700980392156862 0.5367647058823529 0.03758169934640523 0.08088235294117647
0 0.125 0.5366115196078431 0.03839869281045752 0.08241421568627451
0 0.1636029411764706 0.5387561274509803 0.04044117647058824 0.08302696078431372
0 0.20669934640522875 0.5488664215686274 0.0457516339869281 0.060355392156862746
0 0.24611928104575165 0.5494791666666666 0.03227124183006536 0.060355392156862746
0 0.031862745098039214 0.4482230392156863 0.041666666666666664 0.06495098039215687
0 0.0727124183006536 0.44806985294117646 0.03104575163398693 0.06525735294117647
0 0.15196078431372548 0.45036764705882354 0.0392156862745098 0.0625
0 0.19281045751633988 0.45174632352941174 0.042483660130718956 0.06770833333333333
0 0.05106209150326797 0.5369178921568627 0.035130718954248366 0.0818014705882353
0 0.4769199346405229 0.3385416666666667 0.05106209150326797 0.0857843137254902
0 0.11049836601307189 0.4494485294117647 0.0428921568627451 0.06495098039215687
0 0.5757761437908496 0.3371629901960784 0.053513071895424834 0.09283088235294118
0 0.9136029411764706 0.19883578431372548 0.04370915032679738 0.09681372549019608
0 0.9585375816993464 0.20021446078431374 0.046977124183006536 0.09466911764705882
0 0.8037173202614379 0.4909620098039216 0.05269607843137255 0.07751225490196079
0 0.35130718954248363 0.5536151960784313 0.0392156862745098 0.09803921568627451
0 0.7781862745098039 0.594515931372549 0.035130718954248366 0.05238970588235294
0 0.8131127450980392 0.6000306372549019 0.03553921568627451 0.04136029411764706
0 0.8484477124183006 0.5988051470588235 0.03349673202614379 0.04381127450980392
0 0.886437908496732 0.5894607843137255 0.026143790849673203 0.06066176470588235
0 0.9203431372549019 0.5890012254901961 0.035130718954248366 0.0701593137254902
0 0.8656045751633987 0.2028186274509804 0.05065359477124183 0.09803921568627451
0 0.9867238562091504 0.5942095588235294 0.028186274509803922 0.06219362745098039
0 0.9438316993464052 0.6878063725490197 0.0428921568627451 0.06862745098039216
0 0.9048202614379085 0.6948529411764706 0.031862745098039214 0.0545343137254902
0 0.8717320261437909 0.6942401960784313 0.032679738562091505 0.05330882352941176
0 0.8388480392156863 0.6951593137254902 0.03390522875816993 0.05269607843137255
0 0.8065767973856209 0.6939338235294118 0.030637254901960783 0.05024509803921569
0 0.7736928104575164 0.6924019607843137 0.03431372549019608 0.05575980392156863
0 0.6623774509803921 0.6672794117647058 0.04861111111111111 0.08700980392156862
0 0.6090686274509803 0.6643688725490197 0.058823529411764705 0.0818014705882353
0 0.5269607843137255 0.33808210784313725 0.04493464052287582 0.08915441176470588
0 0.9822303921568627 0.6919424019607843 0.03308823529411765 0.07138480392156862
0 0.8165849673202614 0.2026654411764706 0.04738562091503268 0.09589460784313726
0 0.9562908496732027 0.5923713235294118 0.028594771241830064 0.02297794117647059
0 0.6495098039215687 0.22441789215686275 0.03431372549019608 0.08547794117647059
0 0.6292892156862745 0.33547794117647056 0.0494281045751634 0.09191176470588236
0 0.6844362745098039 0.33792892156862747 0.05106209150326797 0.08700980392156862
0 0.6915849673202614 0.2268688725490196 0.03758169934640523 0.07751225490196079
0 0.8080065359477124 0.3112745098039216 0.0392156862745098 0.07536764705882353
0 0.8492647058823529 0.31357230392156865 0.03758169934640523 0.07567401960784313
0 0.8909313725490197 0.31433823529411764 0.0457516339869281 0.07352941176470588
0 0.9319852941176471 0.3121936274509804 0.0363562091503268 0.06862745098039216
0 0.015318627450980392 0.2496936274509804 0.030637254901960783 0.07107843137254902
0 0.04656862745098039 0.24678308823529413 0.031862745098039214 0.07506127450980392
0 0.0835375816993464 0.24662990196078433 0.0363562091503268 0.07107843137254902
0 0.11948529411764706 0.24341299019607843 0.03553921568627451 0.07935049019607843
0 0.9730392156862745 0.3112745098039216 0.0457516339869281 0.07107843137254902
0 0.15808823529411764 0.24417892156862744 0.04003267973856209 0.08088235294117647
0 0.2020016339869281 0.24708946078431374 0.044526143790849675 0.0701593137254902
0 0.33639705882352944 0.22947303921568626 0.037173202614379085 0.08088235294117647
0 0.37173202614379086 0.22870710784313725 0.032679738562091505 0.0818014705882353
0 0.40788398692810457 0.22794117647058823 0.03553921568627451 0.07965686274509803
0 0.44730392156862747 0.22549019607843138 0.041666666666666664 0.08394607843137254
0 0.4891748366013072 0.22855392156862744 0.0363562091503268 0.08517156862745098
0 0.5667892156862745 0.22840073529411764 0.04370915032679738 0.07628676470588236
0 0.6098856209150327 0.22487745098039216 0.04084967320261438 0.0821078431372549
