0 0.33639705882352944 0.5785845588235294 0.04616013071895425 0.04871323529411765
0 0.3333333333333333 0.7098651960784313 0.041666666666666664 0.0392156862745098
0 0.3329248366013072 0.6678921568627451 0.042483660130718956 0.04044117647058824
0 0.33231209150326796 0.6268382352941176 0.04370915032679738 0.03982843137254902
0 0.3931781045751634 0.5856311274509803 0.05841503267973856 0.03462009803921569
0 0.10273692810457516 0.6625306372549019 0.039624183006535946 0.03155637254901961
0 0.3911356209150327 0.6769301470588235 0.054330065359477125 0.035845588235294115
0 0.3866421568627451 0.7198223039215687 0.051879084967320264 0.03400735294117647
0 0.3790849673202614 0.7643995098039216 0.04656862745098039 0.04044117647058824
0 0.3270016339869281 0.7496936274509803 0.053513071895424834 0.03553921568627451
0 0.3895016339869281 0.6329656862745098 0.05759803921568627 0.04044117647058824
0 0.27675653594771243 0.7418811274509803 0.04370915032679738 0.0389093137254902
0 0.1437908496732026 0.6321997549019608 0.03431372549019608 0.0389093137254902
0 0.27736928104575165 0.6530330882352942 0.041666666666666664 0.04197303921568627
0 0.2824754901960784 0.6128982843137255 0.042075163398692814 0.03952205882352941
0 0.23488562091503268 0.6052389705882353 0.04003267973856209 0.04381127450980392
0 0.23651960784313725 0.6498161764705882 0.03431372549019608 0.03799019607843137
0 0.10049019607843138 0.7020526960784313 0.031862745098039214 0.04013480392156863
0 0.14583333333333334 0.7098651960784313 0.03839869281045752 0.03431372549019608
0 0.14522058823529413 0.6715686274509803 0.03799019607843137 0.03799019607843137
0 0.44219771241830064 0.7737438725490197 0.04616013071895425 0.03829656862745098
0 0.18770424836601307 0.6366421568627451 0.03799019607843137 0.04044117647058824
0 0.19056372549019607 0.6758578431372549 0.04044117647058824 0.03370098039215686
0 0.1889297385620915 0.7181372549019608 0.04370915032679738 0.04044117647058824
0 0.2775735294117647 0.6971507352941176 0.04534313725490196 0.03768382352941176
0 0.06004901960784314 0.6565563725490197 0.032679738562091505 0.024509803921568627
0 0.44505718954248363 0.7280943627450981 0.042075163398692814 0.046875
0 0.4624183006535948 0.6781556372549019 0.05800653594771242 0.04197303921568627
0 0.8696895424836601 0.5102634803921569 0.07598039215686274 0.06341911764705882
0 0.9569035947712419 0.516390931372549 0.0886437908496732 0.05116421568627451
0 0.9558823529411765 0.4569546568627451 0.07924836601307189 0.057904411764705885
0 0.8639705882352942 0.5744485294117647 0.07761437908496732 0.05759803921568627
0 0.9550653594771242 0.5768995098039216 0.0915032679738562 0.052083333333333336
0 0.6852532679738562 0.8370098039215687 0.07475490196078431 0.042279411764705885
0 0.02267156862745098 0.5752144607843137 0.03880718954248366 0.03707107843137255
0 0.06331699346405228 0.577359068627451 0.03594771241830065 0.03155637254901961
0 0.02144607843137255 0.6116727941176471 0.03145424836601307 0.03278186274509804
0 0.06147875816993464 0.6165747549019608 0.03880718954248366 0.03952205882352941
0 0.10437091503267974 0.6214767156862745 0.039624183006535946 0.03707107843137255
0 0.025735294117647058 0.6484375 0.031862745098039214 0.03278186274509804
0 0.6917892156862745 0.7807904411764706 0.05514705882352941 0.05606617647058824
0 0.8363970588235294 0.8131127450980392 0.061683006535947715 0.05514705882352941
0 0.8341503267973857 0.8671875 0.0661764705882353 0.04136029411764706
0 0.059027777777777776 0.6908700980392157 0.04044117647058824 0.028799019607843136
0 0.021037581699346407 0.6853553921568627 0.03227124183006536 0.03308823529411765
0 0.7773692810457516 0.5592830882352942 0.08006535947712418 0.048100490196078434
0 0.704248366013072 0.5551470588235294 0.06045751633986928 0.05575980392156863
0 0.7867647058823529 0.44837622549019607 0.07679738562091504 0.05545343137254902
0 0.7863562091503268 0.5033700980392157 0.0784313725490196 0.04350490196078431
0 0.5081699346405228 0.7271752450980392 0.031862745098039214 0.04381127450980392
0 0.4959150326797386 0.7881433823529411 0.04656862745098039 0.05361519607843137
0 0.5520833333333334 0.8008578431372549 0.05514705882352941 0.03308823529411765
0 0.5549428104575164 0.7536764705882353 0.0494281045751634 0.05392156862745098
0 0.6323529411764706 0.6674325980392157 0.05310457516339869 0.05361519607843137
0 0.627859477124183 0.7178308823529411 0.05392156862745098 0.042279411764705885
0 0.6245915032679739 0.7651654411764706 0.05392156862745098 0.04197303921568627
0 0.6190767973856209 0.8155637254901961 0.0494281045751634 0.04779411764705882
0 0.23570261437908496 0.6907169117647058 0.031862745098039214 0.04136029411764706
0 0.9166666666666666 0.8929227941176471 0.0727124183006536 0.0585171568627451
0 0.9387254901960784 0.7844669117647058 0.08415032679738563 0.05116421568627451
0 0.9287173202614379 0.7247242647058824 0.07393790849673203 0.06341911764705882
0 0.5667892156862745 0.48743872549019607 0.05841503267973856 0.04840686274509804
0 0.571078431372549 0.43121936274509803 0.05718954248366013 0.0389093137254902
0 0.6372549019607843 0.4381127450980392 0.059640522875817 0.05024509803921569
0 0.6360294117647058 0.4934129901960784 0.07026143790849673 0.05116421568627451
0 0.6362336601307189 0.5439644607843137 0.07230392156862746 0.04503676470588235
0 0.7075163398692811 0.49892769607843135 0.07026143790849673 0.04993872549019608
0 0.9281045751633987 0.8377757352941176 0.08905228758169935 0.045649509803921566
0 0.01715686274509804 0.5376838235294118 0.03104575163398693 0.034926470588235295
0 0.5008169934640523 0.48161764705882354 0.05065359477124183 0.037377450980392156
0 0.4959150326797386 0.5323223039215687 0.049836601307189546 0.046262254901960786
0 0.1309232026143791 0.27542892156862747 0.01838235294117647 0.061274509803921566
0 0.153390522875817 0.27481617647058826 0.017565359477124183 0.061887254901960786
0 0.049019607843137254 0.3347120098039216 0.02369281045751634 0.057904411764705885
0 0.07005718954248366 0.3350183823529412 0.016748366013071895 0.05361519607843137
0 0.09129901960784313 0.33547794117647056 0.020016339869281044 0.052083333333333336
0 0.11294934640522876 0.3333333333333333 0.02165032679738562 0.0545343137254902
0 0.13541666666666666 0.3391544117647059 0.020833333333333332 0.05698529411764706
0 0.15461601307189543 0.33700980392156865 0.016748366013071895 0.05698529411764706
0 0.17381535947712418 0.2708333333333333 0.01919934640522876 0.03982843137254902
0 0.19321895424836602 0.27159926470588236 0.0196078431372549 0.0389093137254902
0 0.21343954248366012 0.2708333333333333 0.020833333333333332 0.037377450980392156
0 0.23815359477124182 0.2699142156862745 0.017973856209150325 0.034926470588235295
0 0.17381535947712418 0.3125 0.01919934640522876 0.03553921568627451
0 0.19362745098039216 0.30974264705882354 0.02042483660130719 0.03308823529411765
0 0.21466503267973855 0.31326593137254904 0.016748366013071895 0.03952205882352941
0 0.23651960784313725 0.3125 0.014705882352941176 0.034926470588235295
0 0.17279411764705882 0.35003063725490197 0.011437908496732025 0.03768382352941176
0 0.19219771241830066 0.35140931372549017 0.017565359477124183 0.03308823529411765
0 0.21568627450980393 0.35324754901960786 0.018790849673202614 0.03676470588235294
0 0.2354983660130719 0.35355392156862747 0.01919934640522876 0.03125
0 0.2577614379084967 0.2731311274509804 0.018790849673202614 0.03707107843137255
0 0.11029411764705882 0.27328431372549017 0.022058823529411766 0.05759803921568627
0 0.08700980392156862 0.27450980392156865 0.021241830065359478 0.05698529411764706
0 0.06229575163398693 0.27359068627450983 0.024101307189542485 0.0545343137254902
0 0.04105392156862745 0.27450980392156865 0.016748366013071895 0.0545343137254902
0 0.027573529411764705 0.17647058823529413 0.03880718954248366 0.10232843137254902
0 0.06495098039215687 0.18121936274509803 0.032679738562091505 0.09283088235294118
0 0.0923202614379085 0.17034313725490197 0.025326797385620915 0.10661764705882353
0 0.1284722222222222 0.16161151960784315 0.039624183006535946 0.12040441176470588
0 0.1656454248366013 0.16498161764705882 0.03553921568627451 0.11795343137254902
0 0.20322712418300654 0.16038602941176472 0.039624183006535946 0.11795343137254902
0 0.2508169934640523 0.1642156862745098 0.049836601307189546 0.12622549019607843
0 0.29616013071895425 0.15916053921568626 0.03676470588235294 0.13020833333333334
0 0.33700980392156865 0.16253063725490197 0.04084967320261438 0.12775735294117646
0 0.37949346405228757 0.15456495098039216 0.04411764705882353 0.13449754901960784
0 0.2785947712418301 0.27129289215686275 0.021241830065359478 0.03462009803921569
0 0.42810457516339867 0.15058210784313725 0.05065359477124183 0.12591911764705882
0 0.5316584967320261 0.14261642156862744 0.06004901960784314 0.14368872549019607
0 0.5933415032679739 0.1329656862745098 0.053513071895424834 0.15318627450980393
0 0.6497140522875817 0.13005514705882354 0.05841503267973856 0.14552696078431374
0 0.7197712418300654 0.12837009803921567 0.0718954248366013 0.15012254901960784
0 0.8045343137254902 0.12637867647058823 0.06985294117647059 0.15287990196078433
0 0.8772467320261438 0.1213235294117647 0.06576797385620915 0.1568627450980392
0 0.9538398692810458 0.12178308823529412 0.07924836601307189 0.15349264705882354
0 0.02042483660130719 0.2769607843137255 0.021241830065359478 0.06004901960784314
0 0.007761437908496732 0.3333333333333333 0.013888888888888888 0.04718137254901961
0 0.0247140522875817 0.3322610294117647 0.01919934640522876 0.047487745098039214
0 0.477124183006536 0.14200367647058823 0.04820261437908497 0.14491421568627452
0 0.30187908496732024 0.27159926470588236 0.022058823529411766 0.0389093137254902
0 0.3290441176470588 0.27175245098039214 0.01838235294117647 0.03370098039215686
0 0.34844771241830064 0.27267156862745096 0.021241830065359478 0.03615196078431373
0 0.9330065359477124 0.31816789215686275 0.06045751633986928 0.1565563725490196
0 0.05984477124183007 0.3984375 0.09354575163398693 0.03707107843137255
0 0.0428921568627451 0.44546568627450983 0.04656862745098039 0.03860294117647059
0 0.04758986928104575 0.48483455882352944 0.0363562091503268 0.036458333333333336
0 0.13991013071895425 0.40625 0.0428921568627451 0.04044117647058824
0 0.1343954248366013 0.4488357843137255 0.041666666666666664 0.03799019607843137
0 0.18361928104575165 0.4492953431372549 0.042075163398692814 0.03707107843137255
0 0.13276143790849673 0.49234068627450983 0.03839869281045752 0.0392156862745098
0 0.17994281045751634 0.4955575980392157 0.04779411764705882 0.03462009803921569
0 0.28084150326797386 0.41881127450980393 0.04861111111111111 0.04350490196078431
0 0.8347630718954249 0.31832107843137253 0.061683006535947715 0.13970588235294118
0 0.27961601307189543 0.46231617647058826 0.053513071895424834 0.03982843137254902
0 0.3292483660130719 0.5101102941176471 0.04820261437908497 0.0392156862745098
0 0.33435457516339867 0.4713541666666667 0.039624183006535946 0.03400735294117647
0 0.3335375816993464 0.42264093137254904 0.05024509803921569 0.04136029411764706
0 0.38848039215686275 0.42294730392156865 0.049019607843137254 0.040747549019607844
0 0.3903186274509804 0.4722732843137255 0.04044117647058824 0.045649509803921566
0 0.3858251633986928 0.5171568627450981 0.046977124183006536 0.03799019607843137
0 0.44076797385620914 0.5249693627450981 0.05310457516339869 0.04136029411764706
0 0.4424019607843137 0.47702205882352944 0.04411764705882353 0.04963235294117647
0 0.4470996732026144 0.4267769607843137 0.05269607843137255 0.04779411764705882
0 0.5044934640522876 0.43075980392156865 0.05392156862745098 0.05024509803921569
0 0.2792075163398693 0.5056678921568627 0.04534313725490196 0.046875
0 0.5629084967320261 0.5369178921568627 0.06699346405228758 0.05177696078431373
0 0.7687908496732027 0.3166360294117647 0.0661764705882353 0.13633578431372548
0 0.6264297385620915 0.31265318627450983 0.04616013071895425 0.14613970588235295
0 0.3762254901960784 0.27129289215686275 0.024509803921568627 0.03707107843137255
0 0.40175653594771243 0.27190563725490197 0.020833333333333332 0.03952205882352941
0 0.42953431372549017 0.2708333333333333 0.024101307189542485 0.03799019607843137
0 0.2569444444444444 0.3125 0.01715686274509804 0.03799019607843137
0 0.2790032679738562 0.31096813725490197 0.025326797385620915 0.04044117647058824
0 0.30249183006535946 0.31403186274509803 0.020016339869281044 0.04105392156862745
0 0.32659313725490197 0.31418504901960786 0.026552287581699346 0.036458333333333336
0 0.3527369281045752 0.31357230392156865 0.02246732026143791 0.0352328431372549
0 0.37397875816993464 0.3166360294117647 0.016748366013071895 0.04136029411764706
0 0.39644607843137253 0.3166360294117647 0.026552287581699346 0.04136029411764706
0 0.6885212418300654 0.3112745098039216 0.061683006535947715 0.15257352941176472
0 0.42544934640522875 0.31295955882352944 0.025735294117647058 0.0389093137254902
0 0.28104575163398693 0.3518688725490196 0.02287581699346405 0.03707107843137255
0 0.3043300653594771 0.35294117647058826 0.02042483660130719 0.03615196078431373
0 0.3290441176470588 0.3518688725490196 0.02165032679738562 0.03462009803921569
0 0.352124183006536 0.3544730392156863 0.022058823529411766 0.0392156862745098
0 0.3756127450980392 0.35768995098039214 0.020016339869281044 0.030330882352941176
0 0.397875816993464 0.3590686274509804 0.016339869281045753 0.03615196078431373
0 0.4209558823529412 0.3556985294117647 0.016748366013071895 0.03431372549019608
0 0.4650735294117647 0.31050857843137253 0.04370915032679738 0.12898284313725492
0 0.5149101307189542 0.3115808823529412 0.04861111111111111 0.13848039215686275
0 0.5704656862745098 0.30545343137254904 0.05269607843137255 0.14154411764705882
0 0.2569444444444444 0.35049019607843135 0.01715686274509804 0.03615196078431373
0 0.23427287581699346 0.7297794117647058 0.039624183006535946 0.03370098039215686
