0 0.34375 0.13357843137254902 0.05841503267973856 0.06556372549019608
0 0.16523692810457516 0.1211703431372549 0.05269607843137255 0.08670343137254902
0 0.10620915032679738 0.11963848039215687 0.06290849673202614 0.08670343137254902
0 0.026348039215686275 0.07582720588235294 0.05269607843137255 0.14675245098039216
0 0.2193627450980392 0.05805759803921569 0.05392156862745098 0.07567401960784313
0 0.2222222222222222 0.13143382352941177 0.06045751633986928 0.06862745098039216
0 0.284109477124183 0.13158700980392157 0.06004901960784314 0.06893382352941177
0 0.397875816993464 0.13495710784313725 0.0457516339869281 0.06341911764705882
0 0.7728758169934641 0.6977634803921569 0.06535947712418301 0.06219362745098039
0 0.9824346405228758 0.6302083333333334 0.03022875816993464 0.056372549019607844
0 0.3639705882352941 0.7909007352941176 0.03758169934640523 0.0389093137254902
0 0.32107843137254904 0.8034620098039216 0.04084967320261438 0.03829656862745098
0 0.28084150326797386 0.8167892156862745 0.037173202614379085 0.03799019607843137
0 0.24285130718954248 0.8313419117647058 0.03799019607843137 0.03707107843137255
0 0.7179330065359477 0.6029411764705882 0.02900326797385621 0.05943627450980392
0 0.6905637254901961 0.6112132352941176 0.025735294117647058 0.06985294117647059
0 0.6640114379084967 0.6190257352941176 0.027369281045751634 0.05361519607843137
0 0.6382761437908496 0.6272977941176471 0.023284313725490197 0.0664828431372549
0 0.6115196078431373 0.6326593137254902 0.02696078431372549 0.05698529411764706
0 0.5841503267973857 0.6381740196078431 0.027777777777777776 0.06862745098039216
0 0.5551470588235294 0.649203431372549 0.029411764705882353 0.06311274509803921
0 0.8794934640522876 0.5494791666666666 0.06781045751633986 0.06770833333333333
0 0.5243055555555556 0.6582414215686274 0.030637254901960783 0.06464460784313726
0 0.49142156862745096 0.6634497549019608 0.03349673202614379 0.07138480392156862
0 0.4550653594771242 0.6770833333333334 0.04003267973856209 0.06862745098039216
0 0.7992238562091504 0.561734068627451 0.03799019607843137 0.05422794117647059
0 0.7573529411764706 0.5844056372549019 0.04084967320261438 0.07506127450980392
0 0.9473039215686274 0.6449142156862745 0.04003267973856209 0.05943627450980392
0 0.9089052287581699 0.6571691176470589 0.03676470588235294 0.06311274509803921
0 0.8696895424836601 0.6706495098039216 0.04084967320261438 0.05821078431372549
0 0.826797385620915 0.6835171568627451 0.042483660130718956 0.06495098039215687
0 0.3815359477124183 0.06847426470588236 0.0727124183006536 0.06525735294117647
0 0.9336192810457516 0.5405943627450981 0.04125816993464052 0.06709558823529412
0 0.4048202614379085 0.5935968137254902 0.041666666666666664 0.07077205882352941
0 0.09334150326797386 0.7720588235294118 0.18668300653594772 0.06740196078431372
0 0.6470588235294118 0.2182904411764706 0.03431372549019608 0.0548406862745098
0 0.610498366013072 0.21951593137254902 0.03799019607843137 0.053002450980392156
0 0.6924019607843137 0.2927389705882353 0.029411764705882353 0.045649509803921566
0 0.6609477124183006 0.29518995098039214 0.03022875816993464 0.04932598039215686
0 0.6290849673202614 0.29794730392156865 0.03431372549019608 0.04993872549019608
0 0.5892565359477124 0.3003982843137255 0.046977124183006536 0.05177696078431373
0 0.6815767973856209 0.21645220588235295 0.03308823529411765 0.05177696078431373
0 0.5386029411764706 0.3014705882352941 0.04779411764705882 0.051470588235294115
0 0.43647875816993464 0.31004901960784315 0.04044117647058824 0.05392156862745098
0 0.3958333333333333 0.31495098039215685 0.04003267973856209 0.05821078431372549
0 0.35110294117647056 0.3161764705882353 0.046977124183006536 0.05698529411764706
0 0.3043300653594771 0.31954656862745096 0.0457516339869281 0.06066176470588235
0 0.255718954248366 0.32337622549019607 0.05065359477124183 0.06158088235294118
0 0.20404411764705882 0.3272058823529412 0.046977124183006536 0.06985294117647059
0 0.4803921568627451 0.3089767156862745 0.04656862745098039 0.05606617647058824
0 0.7212009803921569 0.21446078431372548 0.02900326797385621 0.04840686274509804
0 0.8084150326797386 0.24126838235294118 0.03676470588235294 0.07506127450980392
0 0.8470179738562091 0.23606004901960784 0.03799019607843137 0.07567401960784313
0 0.37316176470588236 0.4039522058823529 0.024101307189542485 0.05238970588235294
0 0.34763071895424835 0.4100796568627451 0.02696078431372549 0.053002450980392156
0 0.31638071895424835 0.41390931372549017 0.03390522875816993 0.05575980392156863
0 0.28227124183006536 0.4166666666666667 0.03349673202614379 0.06004901960784314
0 0.24816176470588236 0.42049632352941174 0.03390522875816993 0.05912990196078431
0 0.20322712418300654 0.42294730392156865 0.03227124183006536 0.06219362745098039
0 0.16482843137254902 0.4263174019607843 0.042075163398692814 0.05912990196078431
0 0.9579248366013072 0.2922794117647059 0.02287581699346405 0.04840686274509804
0 0.9352532679738562 0.2936580882352941 0.02246732026143791 0.045649509803921566
0 0.9129901960784313 0.2956495098039216 0.02287581699346405 0.049019607843137254
0 0.8845996732026143 0.29672181372549017 0.03308823529411765 0.046875
0 0.7569444444444444 0.26317401960784315 0.04656862745098039 0.051470588235294115
0 0.9718137254901961 0.23085171568627452 0.03758169934640523 0.06832107843137254
0 0.9323937908496732 0.23268995098039216 0.03880718954248366 0.07199754901960784
0 0.8921568627450981 0.23330269607843138 0.041666666666666664 0.07077205882352941
0 0.14195261437908496 0.3307291666666667 0.053513071895424834 0.06219362745098039
0 0.9593545751633987 0.07460171568627451 0.06985294117647059 0.04503676470588235
0 0.9556781045751634 0.13679534313725492 0.056781045751633986 0.07873774509803921
0 0.8968545751633987 0.15119485294117646 0.060866013071895424 0.050551470588235295
0 0.5339052287581699 0.13970588235294118 0.04003267973856209 0.05575980392156863
0 0.7183415032679739 0.7310049019607843 0.0363562091503268 0.0508578431372549
0 0.6825980392156863 0.7450980392156863 0.03594771241830065 0.0508578431372549
0 0.6464460784313726 0.7591911764705882 0.0363562091503268 0.05330882352941176
0 0.6064133986928104 0.7737438725490197 0.0428921568627451 0.05545343137254902
0 0.5373774509803921 0.8053002450980392 0.03553921568627451 0.050551470588235295
0 0.497140522875817 0.8204656862745098 0.04330065359477124 0.0508578431372549
0 0.4548611111111111 0.8344056372549019 0.04044117647058824 0.050551470588235295
0 0.4113562091503268 0.8515625 0.0457516339869281 0.050551470588235295
0 0.3654003267973856 0.8717830882352942 0.04616013071895425 0.048100490196078434
0 0.31556372549019607 0.8867953431372549 0.053513071895424834 0.04871323529411765
0 0.26266339869281047 0.9022671568627451 0.049019607843137254 0.056372549019607844
0 0.7207924836601307 0.6715686274509803 0.026552287581699346 0.03615196078431373
0 0.6940359477124183 0.6784620098039216 0.026143790849673203 0.033394607843137254
0 0.6660539215686274 0.6858149509803921 0.024101307189542485 0.033394607843137254
0 0.4897875816993464 0.07383578431372549 0.041666666666666664 0.06311274509803921
0 0.3944035947712418 0.4019607843137255 0.01838235294117647 0.05698529411764706
0 0.49325980392156865 0.13756127450980393 0.042075163398692814 0.06495098039215687
0 0.5706699346405228 0.22150735294117646 0.03839869281045752 0.05330882352941176
0 0.8451797385620915 0.14950980392156862 0.04084967320261438 0.052083333333333336
0 0.8129084967320261 0.1487438725490196 0.02369281045751634 0.05238970588235294
0 0.7818627450980392 0.15487132352941177 0.03839869281045752 0.0389093137254902
0 0.7518382352941176 0.12346813725490197 0.020016339869281044 0.08394607843137254
0 0.7238562091503268 0.12040441176470588 0.03431372549019608 0.08946078431372549
0 0.6668709150326797 0.0857843137254902 0.06413398692810457 0.05392156862745098
0 0.6090686274509803 0.08532475490196079 0.04820261437908497 0.05545343137254902
0 0.5659722222222222 0.08333333333333333 0.034722222222222224 0.056372549019607844
0 0.5298202614379085 0.07996323529411764 0.03676470588235294 0.05698529411764706
0 0.6913807189542484 0.14185049019607843 0.030637254901960783 0.05269607843137255
0 0.65625 0.1412377450980392 0.039624183006535946 0.0508578431372549
0 0.6137663398692811 0.14139093137254902 0.044526143790849675 0.05238970588235294
0 0.5733251633986928 0.1412377450980392 0.037173202614379085 0.05330882352941176
0 0.49836601307189543 0.22257965686274508 0.03758169934640523 0.0585171568627451
0 0.534109477124183 0.22043504901960784 0.03227124183006536 0.0548406862745098
0 0.44669117647058826 0.13710171568627452 0.0494281045751634 0.06587009803921569
0 0.41973039215686275 0.39859068627450983 0.030637254901960783 0.051470588235294115
0 0.5042892156862745 0.3871017156862745 0.039624183006535946 0.04993872549019608
0 0.5357434640522876 0.38388480392156865 0.02246732026143791 0.0545343137254902
0 0.26838235294117646 0.7265625 0.042483660130718956 0.08241421568627451
0 0.22365196078431374 0.7406556372549019 0.04779411764705882 0.07628676470588236
0 0.7263071895424836 0.5217524509803921 0.02042483660130719 0.06495098039215687
0 0.7050653594771242 0.5271139705882353 0.022058823529411766 0.07506127450980392
0 0.6781045751633987 0.5330882352941176 0.029411764705882353 0.061274509803921566
0 0.6491013071895425 0.5381433823529411 0.025326797385620915 0.0701593137254902
0 0.6213235294117647 0.5425857843137255 0.03104575163398693 0.06372549019607843
0 0.5919117647058824 0.5491727941176471 0.026143790849673203 0.07689950980392157
0 0.5608660130718954 0.5545343137254902 0.03758169934640523 0.0661764705882353
0 0.5036764705882353 0.5726102941176471 0.031862745098039214 0.0778186274509804
0 0.4709967320261438 0.5782781862745098 0.03431372549019608 0.06525735294117647
0 0.43933823529411764 0.5882352941176471 0.028186274509803922 0.0778186274509804
0 0.36519607843137253 0.6041666666666666 0.03676470588235294 0.0821078431372549
0 0.4035947712418301 0.7777267156862745 0.03022875816993464 0.03768382352941176
0 0.4375 0.7686887254901961 0.03104575163398693 0.03615196078431373
0 0.3110702614379085 0.7193627450980392 0.04370915032679738 0.07904411764705882
0 0.4679330065359477 0.7552083333333334 0.030637254901960783 0.03553921568627451
0 0.34763071895424835 0.7095588235294118 0.03349673202614379 0.08700980392156862
0 0.4213643790849673 0.6833639705882353 0.027369281045751634 0.07506127450980392
0 0.1119281045751634 0.8630514705882353 0.2042483660130719 0.07475490196078431
0 0.11723856209150327 0.9494485294117647 0.2246732026143791 0.07598039215686274
0 0.051266339869281044 0.5928308823529411 0.07066993464052287 0.08026960784313726
0 0.03574346405228758 0.500765931372549 0.07148692810457516 0.08792892156862746
0 0.04125816993464052 0.3799019607843137 0.04738562091503268 0.09558823529411764
0 0.0886437908496732 0.3795955882352941 0.04738562091503268 0.09803921568627451
0 0.037377450980392156 0.22564338235294118 0.039624183006535946 0.04871323529411765
0 0.07965686274509803 0.22457107843137256 0.04411764705882353 0.04718137254901961
0 0.1454248366013072 0.22840073529411764 0.06045751633986928 0.06832107843137254
0 0.20241013071895425 0.22901348039215685 0.05269607843137255 0.06709558823529412
0 0.25326797385620914 0.2268688725490196 0.0457516339869281 0.0628063725490196
0 0.3022875816993464 0.2261029411764706 0.051470588235294115 0.06311274509803921
0 0.3515114379084967 0.22380514705882354 0.04779411764705882 0.05912990196078431
0 0.4025735294117647 0.22334558823529413 0.053513071895424834 0.061887254901960786
0 0.45526960784313725 0.22150735294117646 0.05024509803921569 0.05943627450980392
0 0.38500816993464054 0.6937806372549019 0.04125816993464052 0.07077205882352941
0 0.9693627450980392 0.5294117647058824 0.03104575163398693 0.06862745098039216
0 0.5008169934640523 0.7472426470588235 0.029411764705882353 0.03860294117647059
0 0.5608660130718954 0.7261029411764706 0.028594771241830064 0.037377450980392156
0 0.3741830065359477 0.5021446078431373 0.041666666666666664 0.06433823529411764
0 0.33578431372549017 0.5088848039215687 0.035130718954248366 0.0784313725490196
0 0.2949346405228758 0.5145526960784313 0.04656862745098039 0.06770833333333333
0 0.1934232026143791 0.5323223039215687 0.05759803921568627 0.07138480392156862
0 0.8037173202614379 0.36871936274509803 0.053513071895424834 0.08057598039215687
0 0.9810049019607843 0.3483455882352941 0.03880718954248366 0.06372549019607843
0 0.9401552287581699 0.3518688725490196 0.04534313725490196 0.06341911764705882
0 0.8966503267973857 0.3552389705882353 0.0392156862745098 0.07138480392156862
0 0.8531454248366013 0.35922181372549017 0.04370915032679738 0.078125
0 0.7610294117647058 0.38955269607843135 0.031862745098039214 0.05238970588235294
0 0.7052696078431373 0.36473651960784315 0.02900326797385621 0.047487745098039214
0 0.6709558823529411 0.36734068627450983 0.04044117647058824 0.041666666666666664
0 0.6254084967320261 0.37362132352941174 0.032679738562091505 0.04932598039215686
0 0.5947712418300654 0.3762254901960784 0.027777777777777776 0.04779411764705882
0 0.5637254901960784 0.3815870098039216 0.03431372549019608 0.04871323529411765
0 0.43280228758169936 0.4883578431372549 0.037173202614379085 0.06801470588235294
0 0.5294117647058824 0.7352941176470589 0.026143790849673203 0.0392156862745098
0 0.4665032679738562 0.4840686274509804 0.027777777777777776 0.07720588235294118
0 0.545547385620915 0.46629901960784315 0.03308823529411765 0.05943627450980392
0 0.5866013071895425 0.7135416666666666 0.022058823529411766 0.03860294117647059
0 0.610702614379085 0.7041973039215687 0.02696078431372549 0.036458333333333336
0 0.32741013071895425 0.6115196078431373 0.03799019607843137 0.06985294117647059
0 0.6397058823529411 0.6950061274509803 0.026143790849673203 0.0352328431372549
0 0.2420343137254902 0.6285232843137255 0.04779411764705882 0.0818014705882353
0 0.19566993464052287 0.6355698529411765 0.0457516339869281 0.0818014705882353
0 0.8284313725490197 0.4479166666666667 0.0392156862745098 0.061274509803921566
0 0.7918709150326797 0.45235906862745096 0.03308823529411765 0.05116421568627451
0 0.7579656862745098 0.4797794117647059 0.03553921568627451 0.08639705882352941
0 0.7265114379084967 0.4401041666666667 0.024101307189542485 0.06709558823529412
0 0.7011846405228758 0.44316789215686275 0.027369281045751634 0.06158088235294118
0 0.6727941176470589 0.4479166666666667 0.025326797385620915 0.06311274509803921
0 0.644812091503268 0.45174632352941174 0.0298202614379085 0.05667892156862745
0 0.6158088235294118 0.4571078431372549 0.02900326797385621 0.06678921568627451
0 0.5825163398692811 0.46170343137254904 0.03594771241830065 0.05759803921568627
0 0.49897875816993464 0.47763480392156865 0.03553921568627451 0.06556372549019608
0 0.286968954248366 0.6213235294117647 0.0428921568627451 0.07536764705882353
