0 0.896875 0.47890625 0.026041666666666668 0.03828125
0 0.022395833333333334 0.234375 0.04479166666666667 0.06796875
0 0.2947916666666667 0.6333984375 0.042708333333333334 0.091796875
0 0.34036458333333336 0.6197265625 0.04635416666666667 0.104296875
0 0.3888020833333333 0.63203125 0.044270833333333336 0.0765625
0 0.42890625 0.6224609375 0.0296875 0.072265625
0 0.46848958333333335 0.63515625 0.0453125 0.0359375
0 0.5229166666666667 0.6310546875 0.051041666666666666 0.027734375
0 0.46145833333333336 0.6005859375 0.03125 0.028515625
0 0.5671875 0.6060546875 0.0375 0.062890625
0 0.6098958333333333 0.602734375 0.040625 0.065625
0 0.6486979166666667 0.562890625 0.0328125 0.021875
0 0.6489583333333333 0.6037109375 0.035416666666666666 0.055859375
0 0.6833333333333333 0.5841796875 0.030208333333333334 0.026171875
0 0.6854166666666667 0.6140625 0.035416666666666666 0.02890625
0 0.71875 0.5958984375 0.034375 0.058984375
0 0.75390625 0.591796875 0.033854166666666664 0.05546875
0 0.25729166666666664 0.637109375 0.029166666666666667 0.09140625
0 0.16458333333333333 0.7244140625 0.06979166666666667 0.091015625
0 0.07604166666666666 0.7353515625 0.06041666666666667 0.048828125
0 0.020833333333333332 0.7443359375 0.040625 0.071484375
0 0.43255208333333334 0.505078125 0.03697916666666667 0.0671875
0 0.4705729166666667 0.50390625 0.03802083333333333 0.0671875
0 0.50625 0.5029296875 0.03333333333333333 0.072265625
0 0.5416666666666666 0.49921875 0.03229166666666667 0.06953125
0 0.5723958333333333 0.4888671875 0.027083333333333334 0.074609375
0 0.64296875 0.5048828125 0.034895833333333334 0.028515625
0 0.6796875 0.4982421875 0.029166666666666667 0.029296875
0 0.7880208333333333 0.5837890625 0.03229166666666667 0.066015625
0 0.71796875 0.488671875 0.0359375 0.04375
0 0.78515625 0.487890625 0.028645833333333332 0.03984375
0 0.8114583333333333 0.4841796875 0.019791666666666666 0.041796875
0 0.1046875 0.12109375 0.09583333333333334 0.11640625
0 0.8643229166666667 0.4828125 0.030729166666666665 0.03203125
0 0.93203125 0.473828125 0.03802083333333333 0.04453125
0 0.9046875 0.427734375 0.05 0.03046875
0 0.9703125 0.4576171875 0.03125 0.076171875
0 0.7541666666666667 0.486328125 0.029166666666666667 0.04140625
0 0.8231770833333333 0.58515625 0.03177083333333333 0.05390625
0 0.85859375 0.578515625 0.0328125 0.05546875
0 0.890625 0.5888671875 0.026041666666666668 0.023828125
0 0.9401041666666666 0.676171875 0.025 0.065625
0 0.9658854166666667 0.66796875 0.0234375 0.06796875
0 0.39869791666666665 0.893359375 0.0578125 0.0453125
0 0.459375 0.870703125 0.057291666666666664 0.06640625
0 0.51171875 0.86328125 0.04739583333333333 0.0515625
0 0.5739583333333333 0.8466796875 0.04375 0.044140625
0 0.6177083333333333 0.8353515625 0.034375 0.080859375
0 0.9135416666666667 0.678125 0.027083333333333334 0.06484375
0 0.6463541666666667 0.8328125 0.01875 0.07578125
0 0.7135416666666666 0.830859375 0.035416666666666666 0.0453125
0 0.7518229166666667 0.80625 0.03802083333333333 0.08203125
0 0.7856770833333333 0.79921875 0.030729166666666665 0.084375
0 0.81640625 0.79375 0.03177083333333333 0.08046875
0 0.84921875 0.78671875 0.0296875 0.078125
0 0.8763020833333334 0.78203125 0.0234375 0.05703125
0 0.9322916666666666 0.783203125 0.065625 0.0359375
0 0.6765625 0.84453125 0.0375 0.04453125
0 0.39296875 0.5046875 0.0359375 0.08515625
0 0.8903645833333333 0.6818359375 0.0171875 0.067578125
0 0.8369791666666667 0.68828125 0.046875 0.059375
0 0.8872395833333333 0.5626953125 0.0234375 0.021484375
0 0.9182291666666667 0.566796875 0.025 0.06015625
0 0.9432291666666667 0.5734375 0.021875 0.040625
0 0.9729166666666667 0.5703125 0.026041666666666668 0.04375
0 0.3294270833333333 0.763671875 0.0359375 0.0890625
0 0.28880208333333335 0.77109375 0.022395833333333334 0.075
0 0.37057291666666664 0.75 0.0421875 0.0921875
0 0.8708333333333333 0.684375 0.017708333333333333 0.065625
0 0.4046875 0.7380859375 0.025 0.090234375
0 0.51015625 0.7412109375 0.05677083333333333 0.044140625
0 0.5598958333333334 0.7265625 0.042708333333333334 0.0546875
0 0.60234375 0.7171875 0.0453125 0.07421875
0 0.6450520833333333 0.715625 0.034895833333333334 0.06953125
0 0.6859375 0.7146484375 0.04375 0.064453125
0 0.7315104166666667 0.6939453125 0.044270833333333336 0.084765625
0 0.7859375 0.7078125 0.04895833333333333 0.04375
0 0.45286458333333335 0.7404296875 0.0484375 0.082421875
0 0.35625 0.512109375 0.036458333333333336 0.07421875
0 0.8354166666666667 0.4765625 0.026041666666666668 0.05
0 0.2830729166666667 0.5130859375 0.03802083333333333 0.076171875
0 0.4510416666666667 0.0916015625 0.023958333333333335 0.064453125
0 0.4986979166666667 0.090234375 0.018229166666666668 0.07109375
0 0.5375 0.09140625 0.04791666666666667 0.07890625
0 0.3203125 0.510546875 0.03125 0.07109375
0 0.6223958333333334 0.097265625 0.040625 0.078125
0 0.6606770833333333 0.1119140625 0.028645833333333332 0.046484375
0 0.69375 0.1037109375 0.029166666666666667 0.065234375
0 0.3971354166666667 0.080859375 0.0421875 0.08125
0 0.7216145833333333 0.108203125 0.022395833333333334 0.0625
0 0.7830729166666667 0.10703125 0.0265625 0.06953125
0 0.8203125 0.1111328125 0.026041666666666668 0.070703125
0 0.8651041666666667 0.11640625 0.052083333333333336 0.04765625
0 0.9455729166666667 0.1166015625 0.06197916666666667 0.045703125
0 0.25833333333333336 0.2177734375 0.042708333333333334 0.087109375
0 0.29348958333333336 0.2166015625 0.028645833333333332 0.096484375
0 0.34010416666666665 0.2328125 0.05416666666666667 0.0578125
0 0.7481770833333333 0.1052734375 0.021354166666666667 0.082421875
0 0.39348958333333334 0.2333984375 0.044270833333333336 0.054296875
0 0.3489583333333333 0.0826171875 0.046875 0.080078125
0 0.25859375 0.0765625 0.0453125 0.075
0 0.07786458333333333 0.2427734375 0.0578125 0.063671875
0 0.14348958333333334 0.2427734375 0.059895833333333336 0.064453125
0 0.02890625 0.3302734375 0.0578125 0.085546875
0 0.0921875 0.341796875 0.058333333333333334 0.053125
0 0.16484375 0.3376953125 0.0515625 0.058984375
0 0.027604166666666666 0.47578125 0.030208333333333334 0.05546875
0 0.09791666666666667 0.470703125 0.03125 0.05546875
0 0.30234375 0.07578125 0.0390625 0.08515625
0 0.14765625 0.469140625 0.0296875 0.06171875
0 0.026041666666666668 0.6205078125 0.014583333333333334 0.046484375
0 0.04401041666666667 0.6158203125 0.015104166666666667 0.041796875
0 0.09765625 0.61015625 0.011979166666666667 0.04765625
0 0.11223958333333334 0.6076171875 0.011979166666666667 0.049609375
0 0.15755208333333334 0.60625 0.011979166666666667 0.05625
0 0.17291666666666666 0.6044921875 0.014583333333333334 0.057421875
0 0.21484375 0.0736328125 0.03802083333333333 0.080859375
0 0.11640625 0.528515625 0.08385416666666666 0.021875
0 0.446875 0.23671875 0.05625 0.05390625
0 0.5815104166666667 0.0947265625 0.03802083333333333 0.071484375
0 0.5416666666666666 0.2224609375 0.034375 0.089453125
0 0.5424479166666667 0.34921875 0.0484375 0.096875
0 0.5927083333333333 0.32421875 0.046875 0.0390625
0 0.5932291666666667 0.3701171875 0.04895833333333333 0.048046875
0 0.634375 0.367578125 0.030208333333333334 0.04296875
0 0.6640625 0.365625 0.026041666666666668 0.04140625
0 0.6640625 0.33515625 0.019791666666666666 0.01640625
0 0.6921875 0.359765625 0.025 0.0515625
0 0.4317708333333333 0.3064453125 0.041666666666666664 0.032421875
0 0.7205729166666667 0.3462890625 0.028645833333333332 0.076171875
0 0.790625 0.361328125 0.03333333333333333 0.0453125
0 0.8268229166666666 0.36015625 0.033854166666666664 0.0453125
0 0.8565104166666667 0.359765625 0.021354166666666667 0.0421875
0 0.49765625 0.2271484375 0.03802083333333333 0.064453125
0 0.9098958333333333 0.3572265625 0.028125 0.041796875
0 0.89140625 0.3099609375 0.0328125 0.044140625
0 0.24765625 0.51953125 0.0296875 0.071875
0 0.7526041666666666 0.3462890625 0.03333333333333333 0.076171875
0 0.49921875 0.3611328125 0.03177083333333333 0.070703125
0 0.8796875 0.36015625 0.021875 0.03984375
0 0.4265625 0.3634765625 0.03125 0.077734375
0 0.46171875 0.3623046875 0.0328125 0.075390625
0 0.578125 0.230078125 0.03125 0.06953125
0 0.6505208333333333 0.2408203125 0.04791666666666667 0.048046875
0 0.6932291666666667 0.22890625 0.03854166666666667 0.06953125
0 0.7325520833333333 0.242578125 0.0390625 0.0421875
0 0.7684895833333333 0.233984375 0.0265625 0.0625
0 0.796875 0.2287109375 0.030208333333333334 0.073828125
0 0.8296875 0.2337890625 0.03229166666666667 0.064453125
0 0.6098958333333333 0.2259765625 0.03125 0.084765625
0 0.89453125 0.243359375 0.0296875 0.04375
0 0.9752604166666666 0.232421875 0.0421875 0.06875
0 0.22916666666666666 0.3576171875 0.025 0.087109375
0 0.2671875 0.357421875 0.04479166666666667 0.0890625
0 0.30885416666666665 0.3552734375 0.036458333333333336 0.082421875
0 0.34817708333333336 0.3564453125 0.0390625 0.087109375
0 0.8625 0.2306640625 0.028125 0.069140625
0 0.3890625 0.3552734375 0.03854166666666667 0.087109375
