0 0.30800653594771243 0.24448529411764705 0.028594771241830064 0.07352941176470588
0 0.3388480392156863 0.24463848039215685 0.024918300653594773 0.07322303921568628
0 0.36887254901960786 0.2421875 0.032679738562091505 0.078125
0 0.4027777777777778 0.24080882352941177 0.03104575163398693 0.07475490196078431
0 0.4381127450980392 0.23789828431372548 0.028186274509803922 0.07751225490196079
0 0.47201797385620914 0.23697916666666666 0.034722222222222224 0.07628676470588236
0 0.5837418300653595 0.22993259803921567 0.03839869281045752 0.078125
0 0.5471813725490197 0.23345588235294118 0.03390522875816993 0.0784313725490196
0 0.6260212418300654 0.23054534313725492 0.037173202614379085 0.0818014705882353
0 0.7075163398692811 0.22395833333333334 0.0392156862745098 0.08394607843137254
0 0.9714052287581699 0.19301470588235295 0.05718954248366013 0.12377450980392157
0 0.5100081699346405 0.23529411764705882 0.037173202614379085 0.07965686274509803
0 0.6670751633986928 0.2270220588235294 0.03758169934640523 0.08700980392156862
0 0.21384803921568626 0.16881127450980393 0.16789215686274508 0.056372549019607844
0 0.21834150326797386 0.24800857843137256 0.02900326797385621 0.06770833333333333
0 0.19056372549019607 0.24846813725490197 0.02246732026143791 0.06862745098039216
0 0.16196895424836602 0.25107230392156865 0.026552287581699346 0.06770833333333333
0 0.13705065359477125 0.25107230392156865 0.02165032679738562 0.0664828431372549
0 0.11356209150326797 0.2496936274509804 0.02696078431372549 0.06801470588235294
0 0.08639705882352941 0.25015318627450983 0.02165032679738562 0.07751225490196079
0 0.06025326797385621 0.25 0.02246732026143791 0.07475490196078431
0 0.03615196078431373 0.2522977941176471 0.023284313725490197 0.07628676470588236
0 0.011029411764705883 0.25505514705882354 0.022058823529411766 0.07261029411764706
0 0.06495098039215687 0.17555147058823528 0.12663398692810457 0.05821078431372549
0 0.24366830065359477 0.0818014705882353 0.1736111111111111 0.1053921568627451
0 0.07577614379084967 0.09267769607843138 0.14338235294117646 0.0934436274509804
0 0.9146241830065359 0.19699754901960784 0.05473856209150327 0.12193627450980392
0 0.2785947712418301 0.24601715686274508 0.02696078431372549 0.06985294117647059
0 0.8600898692810458 0.20098039215686275 0.0494281045751634 0.11458333333333333
0 0.2508169934640523 0.24800857843137256 0.024509803921568627 0.07261029411764706
0 0.7555147058823529 0.20863970588235295 0.04616013071895425 0.11458333333333333
0 0.16584967320261437 0.6830575980392157 0.035130718954248366 0.04503676470588235
0 0.1687091503267974 0.6351102941176471 0.03594771241830065 0.04779411764705882
0 0.1284722222222222 0.6321997549019608 0.04044117647058824 0.050551470588235295
0 0.09089052287581699 0.6272977941176471 0.030637254901960783 0.0389093137254902
0 0.05473856209150327 0.6230085784313726 0.031862745098039214 0.04442401960784314
0 0.02287581699346405 0.6646752450980392 0.03349673202614379 0.04503676470588235
0 0.015727124183006536 0.6182598039215687 0.03145424836601307 0.04411764705882353
0 0.26205065359477125 0.6341911764705882 0.12867647058823528 0.042279411764705885
0 0.4027777777777778 0.6542585784313726 0.14052287581699346 0.045649509803921566
0 0.5095996732026143 0.6681985294117647 0.061683006535947715 0.05514705882352941
0 0.6429738562091504 0.6810661764705882 0.17401960784313725 0.05698529411764706
0 0.922998366013072 0.6548713235294118 0.1213235294117647 0.10324754901960784
0 0.7977941176470589 0.6436887254901961 0.11519607843137254 0.11029411764705882
0 0.12765522875816993 0.6798406862745098 0.03799019607843137 0.04105392156862745
0 0.9372957516339869 0.5062806372549019 0.12214052287581699 0.10447303921568628
0 0.034722222222222224 0.5464154411764706 0.06944444444444445 0.04381127450980392
0 0.03002450980392157 0.5030637254901961 0.06004901960784314 0.03676470588235294
0 0.5149101307189542 0.5102634803921569 0.08700980392156862 0.02665441176470588
0 0.641748366013072 0.5951286764705882 0.17238562091503268 0.05545343137254902
0 0.6446078431372549 0.5287990196078431 0.1642156862745098 0.0545343137254902
0 0.8082107843137255 0.20404411764705882 0.05106209150326797 0.12071078431372549
0 0.36907679738562094 0.5729166666666666 0.053513071895424834 0.06004901960784314
0 0.3137254901960784 0.5692401960784313 0.05228758169934641 0.0508578431372549
0 0.2622549019607843 0.5669424019607843 0.04738562091503268 0.05116421568627451
0 0.26409313725490197 0.5084252450980392 0.05514705882352941 0.05974264705882353
0 0.08272058823529412 0.421875 0.020833333333333332 0.056372549019607844
0 0.05984477124183007 0.42110906862745096 0.02165032679738562 0.05606617647058824
0 0.03553921568627451 0.42018995098039214 0.022058823529411766 0.05238970588235294
0 0.8161764705882353 0.5018382352941176 0.1111111111111111 0.1017156862745098
0 0.09252450980392157 0.6706495098039216 0.027369281045751634 0.041666666666666664
0 0.061274509803921566 0.6694240196078431 0.032679738562091505 0.04350490196078431
0 0.00755718954248366 0.7228860294117647 0.01511437908496732 0.05116421568627451
0 0.9395424836601307 0.9443933823529411 0.12173202614379085 0.09957107843137254
0 0.06985294117647059 0.780484068627451 0.025326797385620915 0.03216911764705882
0 0.21691176470588236 0.8209252450980392 0.02696078431372549 0.046262254901960786
0 0.24142156862745098 0.8218443627450981 0.02287581699346405 0.040747549019607844
0 0.2653186274509804 0.8318014705882353 0.024101307189542485 0.05514705882352941
0 0.2900326797385621 0.836703431372549 0.02369281045751634 0.04963235294117647
0 0.3488562091503268 0.8492647058823529 0.07679738562091504 0.04411764705882353
0 0.43443627450980393 0.8678002450980392 0.056781045751633986 0.05361519607843137
0 0.5008169934640523 0.8823529411764706 0.06290849673202614 0.052083333333333336
0 0.6215277777777778 0.9028799019607843 0.1801470588235294 0.05024509803921569
0 0.7918709150326797 0.9310661764705882 0.14910130718954248 0.06985294117647059
0 0.6860702614379085 0.8365502450980392 0.07148692810457516 0.06158088235294118
0 0.6858660130718954 0.7752757352941176 0.0718954248366013 0.05177696078431373
0 0.5627042483660131 0.813265931372549 0.1548202614379085 0.06709558823529412
0 0.3304738562091503 0.7778799019607843 0.05228758169934641 0.04534313725490196
0 0.38909313725490197 0.7887561274509803 0.053513071895424834 0.05545343137254902
0 0.44730392156862747 0.7981004901960784 0.05555555555555555 0.04595588235294118
0 0.44546568627450983 0.7408088235294118 0.05514705882352941 0.05943627450980392
0 0.3854166666666667 0.7346813725490197 0.053513071895424834 0.05024509803921569
0 0.3290441176470588 0.7250306372549019 0.05024509803921569 0.0585171568627451
0 0.24366830065359477 0.7634803921568627 0.0959967320261438 0.04963235294117647
0 0.2493872549019608 0.7087928921568627 0.10334967320261437 0.05361519607843137
0 0.17401960784313725 0.7428002450980392 0.026143790849673203 0.06158088235294118
0 0.14808006535947713 0.7406556372549019 0.023284313725490197 0.05912990196078431
0 0.12418300653594772 0.7385110294117647 0.02042483660130719 0.0548406862745098
0 0.1002859477124183 0.7349877450980392 0.020833333333333332 0.05698529411764706
0 0.07679738562091504 0.7311580882352942 0.02287581699346405 0.057291666666666664
0 0.05330882352941176 0.7247242647058824 0.016748366013071895 0.057904411764705885
0 0.030637254901960783 0.7250306372549019 0.02042483660130719 0.057291666666666664
0 0.010416666666666666 0.42049632352941174 0.020833333333333332 0.05177696078431373
0 0.22794117647058823 0.41881127450980393 0.03349673202614379 0.05759803921568627
0 0.47549019607843135 0.5828737745098039 0.15196078431372548 0.048100490196078434
0 0.5036764705882353 0.42784926470588236 0.04084967320261438 0.06954656862745098
0 0.32373366013071897 0.42294730392156865 0.02900326797385621 0.06219362745098039
0 0.35927287581699346 0.4231004901960784 0.039624183006535946 0.06311274509803921
0 0.3944035947712418 0.4263174019607843 0.030637254901960783 0.06770833333333333
0 0.4311683006535948 0.4244791666666667 0.03880718954248366 0.06893382352941177
0 0.4650735294117647 0.42754289215686275 0.03227124183006536 0.07138480392156862
0 0.5439133986928104 0.43075980392156865 0.04125816993464052 0.07107843137254902
0 0.5870098039215687 0.4290747549019608 0.04493464052287582 0.07199754901960784
0 0.6268382352941176 0.43275122549019607 0.034722222222222224 0.07628676470588236
0 0.670547385620915 0.4325980392156863 0.04534313725490196 0.07598039215686274
0 0.7185457516339869 0.4348958333333333 0.04738562091503268 0.07751225490196079
0 0.926062091503268 0.35370710784313725 0.0661764705882353 0.12959558823529413
0 0.8521241830065359 0.3538602941176471 0.061274509803921566 0.12683823529411764
0 0.2914624183006536 0.42202818627450983 0.037173202614379085 0.06096813725490196
0 0.7828839869281046 0.3544730392156863 0.0690359477124183 0.125
0 0.6425653594771242 0.3330269607843137 0.0661764705882353 0.0741421568627451
0 0.5784313725490197 0.33670343137254904 0.059640522875817 0.06801470588235294
0 0.5161356209150327 0.3356311274509804 0.061683006535947715 0.06893382352941177
0 0.41544117647058826 0.3463541666666667 0.04820261437908497 0.04442401960784314
0 0.36151960784313725 0.3483455882352941 0.04656862745098039 0.04350490196078431
0 0.3084150326797386 0.33318014705882354 0.05392156862745098 0.0701593137254902
0 0.25245098039215685 0.33379289215686275 0.056372549019607844 0.06954656862745098
0 0.1977124183006536 0.3382352941176471 0.049019607843137254 0.058823529411764705
0 0.14787581699346405 0.33869485294117646 0.04738562091503268 0.05667892156862745
0 0.09967320261437909 0.3400735294117647 0.04411764705882353 0.056372549019607844
0 0.054330065359477125 0.3403799019607843 0.04330065359477124 0.056372549019607844
0 0.014093137254901961 0.3393075980392157 0.028186274509803922 0.057904411764705885
0 0.7111928104575164 0.3336397058823529 0.06862745098039216 0.0741421568627451
0 0.25919117647058826 0.42233455882352944 0.028186274509803922 0.060355392156862746
0 0.8723447712418301 0.7608762254901961 0.176062091503268 0.07506127450980392
