0 0.16848958333333333 0.8662109375 0.05572916666666667 0.074609375
0 0.11536458333333334 0.234765625 0.0515625 0.11796875
0 0.11953125 0.0962890625 0.05572916666666667 0.137890625
0 0.053385416666666664 0.092578125 0.0453125 0.1484375
0 0.221875 0.7056640625 0.03958333333333333 0.066015625
0 0.26171875 0.703125 0.033854166666666664 0.06953125
0 0.2986979166666667 0.704296875 0.0390625 0.06875
0 0.34479166666666666 0.7013671875 0.04583333333333333 0.063671875
0 0.4 0.700390625 0.05 0.0671875
0 0.446875 0.6994140625 0.04583333333333333 0.071484375
0 0.4953125 0.696875 0.04895833333333333 0.06484375
0 0.5421875 0.6994140625 0.036458333333333336 0.068359375
0 0.5838541666666667 0.6990234375 0.046875 0.069921875
0 0.6307291666666667 0.6974609375 0.034375 0.073828125
0 0.6716145833333333 0.699609375 0.04635416666666667 0.065625
0 0.7171875 0.6990234375 0.04375 0.070703125
0 0.7638020833333333 0.6958984375 0.043229166666666666 0.066796875
0 0.8072916666666666 0.6962890625 0.04479166666666667 0.068359375
0 0.9716145833333333 0.3388671875 0.0390625 0.096484375
0 0.7588541666666667 0.81953125 0.026041666666666668 0.06484375
0 0.03828125 0.2060546875 0.059895833333333336 0.073046875
0 0.9786458333333333 0.0458984375 0.036458333333333336 0.079296875
0 0.9197916666666667 0.340625 0.05416666666666667 0.08984375
0 0.86796875 0.33828125 0.044270833333333336 0.0984375
0 0.18151041666666667 0.045703125 0.05677083333333333 0.07578125
0 0.8130208333333333 0.339453125 0.052083333333333336 0.09765625
0 0.9526041666666667 0.193359375 0.05 0.11171875
0 0.07708333333333334 0.8537109375 0.03958333333333333 0.102734375
0 0.029947916666666668 0.8669921875 0.04739583333333333 0.073046875
0 0.9565104166666667 0.6763671875 0.04010416666666667 0.105859375
0 0.8932291666666666 0.6955078125 0.0375 0.069921875
0 0.8518229166666667 0.6953125 0.044270833333333336 0.06484375
0 0.7588541666666667 0.3388671875 0.041666666666666664 0.102734375
0 0.022135416666666668 0.4783203125 0.04010416666666667 0.100390625
0 0.24635416666666668 0.04140625 0.06041666666666667 0.0734375
0 0.39427083333333335 0.0431640625 0.0625 0.080078125
0 0.034375 0.3384765625 0.06041666666666667 0.101953125
0 0.10208333333333333 0.3421875 0.057291666666666664 0.0921875
0 0.165625 0.33984375 0.05416666666666667 0.0921875
0 0.23125 0.3369140625 0.058333333333333334 0.096484375
0 0.2953125 0.337890625 0.052083333333333336 0.10078125
0 0.36614583333333334 0.340234375 0.06354166666666666 0.09296875
0 0.4265625 0.3404296875 0.05416666666666667 0.096484375
0 0.48515625 0.3373046875 0.05677083333333333 0.101953125
0 0.5421875 0.3400390625 0.04479166666666667 0.105078125
0 0.5973958333333333 0.3412109375 0.057291666666666664 0.100390625
0 0.6541666666666667 0.3416015625 0.04791666666666667 0.101953125
0 0.7065104166666667 0.339453125 0.0515625 0.10390625
0 0.8450520833333334 0.187890625 0.0390625 0.10703125
0 0.7924479166666667 0.1869140625 0.0390625 0.113671875
0 0.7255208333333333 0.188671875 0.052083333333333336 0.11171875
0 0.675 0.1888671875 0.04479166666666667 0.111328125
0 0.6145833333333334 0.1896484375 0.0625 0.112890625
0 0.47109375 0.0427734375 0.07760416666666667 0.079296875
0 0.54296875 0.0427734375 0.058854166666666666 0.079296875
0 0.6174479166666667 0.0443359375 0.07239583333333334 0.076171875
0 0.6877604166666667 0.0435546875 0.06302083333333333 0.077734375
0 0.7604166666666666 0.0439453125 0.07708333333333334 0.080078125
0 0.82265625 0.044140625 0.0390625 0.08203125
0 0.32447916666666665 0.04140625 0.06979166666666667 0.0734375
0 0.8744791666666667 0.04765625 0.053125 0.07578125
0 0.93046875 0.048046875 0.0546875 0.08046875
0 0.18489583333333334 0.187890625 0.05625 0.1125
0 0.24791666666666667 0.1890625 0.057291666666666664 0.1125
0 0.31145833333333334 0.186328125 0.06041666666666667 0.109375
0 0.38567708333333334 0.187109375 0.06614583333333333 0.10859375
0 0.5526041666666667 0.1896484375 0.057291666666666664 0.112890625
0 0.12005208333333334 0.8556640625 0.04010416666666667 0.105859375
0 0.07213541666666666 0.4775390625 0.058854166666666666 0.099609375
0 0.8932291666666666 0.192578125 0.0375 0.11015625
0 0.19375 0.47890625 0.040625 0.08828125
0 0.16640625 0.59296875 0.05572916666666667 0.06953125
0 0.2630208333333333 0.5935546875 0.04479166666666667 0.073828125
0 0.30963541666666666 0.5923828125 0.04010416666666667 0.069140625
0 0.3575520833333333 0.590625 0.0421875 0.07109375
0 0.4036458333333333 0.5890625 0.040625 0.07109375
0 0.44895833333333335 0.590234375 0.041666666666666664 0.0703125
0 0.49583333333333335 0.5880859375 0.041666666666666664 0.072265625
0 0.5450520833333333 0.58828125 0.04635416666666667 0.07109375
0 0.5924479166666666 0.5896484375 0.0390625 0.075390625
0 0.6421875 0.590234375 0.04895833333333333 0.0734375
0 0.6869791666666667 0.5865234375 0.036458333333333336 0.072265625
0 0.9080729166666667 0.8373046875 0.050520833333333334 0.114453125
0 0.10885416666666667 0.5935546875 0.042708333333333334 0.069921875
0 0.9705729166666667 0.8396484375 0.0609375 0.049609375
0 0.13802083333333334 0.4763671875 0.06041666666666667 0.096484375
0 0.9682291666666667 0.8703125 0.06354166666666666 0.0109375
0 0.7265625 0.583203125 0.030208333333333334 0.06328125
0 0.78046875 0.5892578125 0.044270833333333336 0.068359375
0 0.8265625 0.587109375 0.03854166666666667 0.0734375
0 0.8692708333333333 0.5876953125 0.046875 0.077734375
0 0.9127604166666666 0.588671875 0.03177083333333333 0.0703125
0 0.9861979166666667 0.5349609375 0.0234375 0.127734375
0 0.019270833333333334 0.7185546875 0.030208333333333334 0.058203125
0 0.05911458333333333 0.714453125 0.0453125 0.06953125
0 0.11197916666666667 0.7166015625 0.057291666666666664 0.071484375
0 0.1671875 0.7130859375 0.053125 0.074609375
0 0.96796875 0.88515625 0.0640625 0.0109375
0 0.0546875 0.59140625 0.05625 0.07578125
0 0.21979166666666666 0.5939453125 0.03958333333333333 0.069140625
0 0.89453125 0.4705078125 0.0484375 0.091015625
0 0.25286458333333334 0.476171875 0.06510416666666667 0.08359375
0 0.3229166666666667 0.467578125 0.042708333333333334 0.07109375
0 0.3763020833333333 0.471875 0.0515625 0.08125
0 0.43515625 0.4724609375 0.050520833333333334 0.079296875
0 0.4875 0.4744140625 0.04895833333333333 0.089453125
0 0.54765625 0.473046875 0.05572916666666667 0.0875
0 0.5979166666666667 0.4712890625 0.041666666666666664 0.089453125
0 0.6450520833333333 0.474609375 0.04635416666666667 0.084375
0 0.22734375 0.8638671875 0.058854166666666666 0.066015625
0 0.28046875 0.868359375 0.043229166666666666 0.0703125
0 0.9484375 0.471875 0.05 0.08359375
0 0.32890625 0.8662109375 0.0421875 0.069140625
0 0.3776041666666667 0.8615234375 0.04583333333333333 0.065234375
0 0.6953125 0.4734375 0.04479166666666667 0.084375
0 0.46640625 0.8470703125 0.0359375 0.067578125
0 0.8447916666666667 0.471484375 0.046875 0.084375
0 0.7955729166666666 0.471484375 0.049479166666666664 0.08359375
0 0.7455729166666667 0.4736328125 0.043229166666666666 0.083203125
0 0.8588541666666667 0.8396484375 0.041666666666666664 0.110546875
0 0.8130208333333333 0.8375 0.05 0.109375
0 0.7286458333333333 0.86328125 0.034375 0.075
0 0.6783854166666666 0.8529296875 0.03177083333333333 0.084765625
0 0.42682291666666666 0.860546875 0.0421875 0.07734375
0 0.6364583333333333 0.8541015625 0.0375 0.083984375
0 0.5588541666666667 0.8572265625 0.041666666666666664 0.083984375
0 0.5127604166666667 0.863671875 0.0390625 0.06953125
0 0.5994791666666667 0.85234375 0.03229166666666667 0.08671875
