0 0.5451388888888888 0.7178308823529411 0.05024509803921569 0.03799019607843137
0 0.08394607843137254 0.09512867647058823 0.09027777777777778 0.1871936274509804
0 0.3588643790849673 0.9378063725490197 0.0690359477124183 0.03799019607843137
0 0.9632352941176471 0.6415441176470589 0.026143790849673203 0.029411764705882353
0 0.931781045751634 0.6553308823529411 0.024509803921568627 0.026348039215686275
0 0.8974673202614379 0.6639093137254902 0.029411764705882353 0.028186274509803922
0 0.9889705882352942 0.6724877450980392 0.024509803921568627 0.03002450980392157
0 0.9587418300653595 0.6807598039215687 0.025326797385620915 0.028186274509803922
0 0.9285130718954249 0.6905637254901961 0.022058823529411766 0.026348039215686275
0 0.5839460784313726 0.32965686274509803 0.05514705882352941 0.14276960784313725
0 0.8970588235294118 0.7034313725490197 0.028594771241830064 0.03370098039215686
0 0.5463643790849673 0.7679227941176471 0.04861111111111111 0.043198529411764705
0 0.6638071895424836 0.8180147058823529 0.04330065359477124 0.03370098039215686
0 0.7238562091503268 0.8069852941176471 0.049019607843137254 0.03615196078431373
0 0.7706290849673203 0.7873774509803921 0.0363562091503268 0.03370098039215686
0 0.8558006535947712 0.7196691176470589 0.031862745098039214 0.032475490196078434
0 0.858251633986928 0.6761642156862745 0.03676470588235294 0.037377450980392156
0 0.20669934640522875 0.9869791666666666 0.0915032679738562 0.026041666666666668
0 0.09456699346405228 0.9629289215686274 0.09926470588235294 0.05759803921568627
0 0.08312908496732026 0.8923100490196079 0.09272875816993464 0.05361519607843137
0 0.9738562091503268 0.5487132352941176 0.03104575163398693 0.0392156862745098
0 0.673202614379085 0.5687806372549019 0.049836601307189546 0.036458333333333336
0 0.6168300653594772 0.5775122549019608 0.051470588235294115 0.041666666666666664
0 0.5584150326797386 0.5917585784313726 0.05228758169934641 0.04871323529411765
0 0.4918300653594771 0.6034007352941176 0.06209150326797386 0.047487745098039214
0 0.7600081699346405 0.5487132352941176 0.06413398692810457 0.08517156862745098
0 0.6053921568627451 0.7055759803921569 0.06535947712418301 0.03799019607843137
0 0.6029411764705882 0.7483149509803921 0.04820261437908497 0.03462009803921569
0 0.858251633986928 0.632046568627451 0.03676470588235294 0.034926470588235295
0 0.6678921568627451 0.6844362745098039 0.051470588235294115 0.03860294117647059
0 0.6625816993464052 0.7729779411764706 0.05310457516339869 0.03553921568627451
0 0.733047385620915 0.6145833333333334 0.05106209150326797 0.03982843137254902
0 0.7173202614379085 0.5654105392156863 0.02369281045751634 0.04503676470588235
0 0.8171977124183006 0.5785845588235294 0.04044117647058824 0.046875
0 0.860498366013072 0.5687806372549019 0.04125816993464052 0.04258578431372549
0 0.9013480392156863 0.5598958333333334 0.03308823529411765 0.03400735294117647
0 0.9372957516339869 0.5540747549019608 0.03145424836601307 0.03462009803921569
0 0.6638071895424836 0.7333026960784313 0.04738562091503268 0.03829656862745098
0 0.6748366013071896 0.6251531862745098 0.05310457516339869 0.04258578431372549
0 0.8129084967320261 0.6424632352941176 0.03594771241830065 0.03431372549019608
0 0.8104575163398693 0.7313112745098039 0.0392156862745098 0.03125
0 0.9646650326797386 0.16191789215686275 0.03308823529411765 0.11366421568627451
0 0.9236111111111112 0.16099877450980393 0.03676470588235294 0.11550245098039216
0 0.889297385620915 0.15839460784313725 0.025326797385620915 0.1213235294117647
0 0.8539624183006536 0.1559436274509804 0.0363562091503268 0.12254901960784313
0 0.8112745098039216 0.1484375 0.03676470588235294 0.13756127450980393
0 0.7663398692810458 0.1479779411764706 0.04820261437908497 0.13541666666666666
0 0.7160947712418301 0.14460784313725492 0.0457516339869281 0.14215686274509803
0 0.6609477124183006 0.13863357843137256 0.049836601307189546 0.1485906862745098
0 0.6070261437908496 0.13419117647058823 0.056372549019607844 0.15379901960784315
0 0.5514705882352942 0.12928921568627452 0.05065359477124183 0.15747549019607843
0 0.4867238562091503 0.12270220588235294 0.06004901960784314 0.1645220588235294
0 0.41830065359477125 0.11810661764705882 0.07026143790849673 0.17493872549019607
0 0.3410947712418301 0.11014093137254902 0.07026143790849673 0.17432598039215685
0 0.26409313725490197 0.10416666666666667 0.0755718954248366 0.18382352941176472
0 0.17851307189542484 0.09558823529411764 0.08006535947712418 0.18504901960784315
0 0.0377859477124183 0.3489583333333333 0.07148692810457516 0.1721813725490196
0 0.1294934640522876 0.34512867647058826 0.08333333333333333 0.18412990196078433
0 0.21854575163398693 0.3431372549019608 0.0784313725490196 0.17279411764705882
0 0.29534313725490197 0.3428308823529412 0.056372549019607844 0.17340686274509803
0 0.7673611111111112 0.7431066176470589 0.03390522875816993 0.036458333333333336
0 0.7694035947712419 0.6966911764705882 0.03390522875816993 0.03860294117647059
0 0.7685866013071896 0.6553308823529411 0.03227124183006536 0.032475490196078434
0 0.7218137254901961 0.7581188725490197 0.04084967320261438 0.035845588235294115
0 0.7246732026143791 0.7147671568627451 0.042483660130718956 0.034926470588235295
0 0.7246732026143791 0.6694240196078431 0.04656862745098039 0.0392156862745098
0 0.9922385620915033 0.710171568627451 0.018790849673202614 0.025735294117647058
0 0.8141339869281046 0.6865808823529411 0.03839869281045752 0.03676470588235294
0 0.9599673202614379 0.7236519607843137 0.031862745098039214 0.028186274509803922
0 0.8925653594771242 0.7452512254901961 0.031862745098039214 0.02849264705882353
0 0.8553921568627451 0.7645526960784313 0.03104575163398693 0.030330882352941176
0 0.8116830065359477 0.7751225490196079 0.03758169934640523 0.04595588235294118
0 0.5339052287581699 0.3330269607843137 0.04003267973856209 0.14767156862745098
0 0.4797794117647059 0.33486519607843135 0.05841503267973856 0.14705882352941177
0 0.4238153594771242 0.33746936274509803 0.044526143790849675 0.15962009803921567
0 0.3627450980392157 0.3391544117647059 0.06045751633986928 0.15870098039215685
0 0.9252450980392157 0.7285539215686274 0.02369281045751634 0.025735294117647058
0 0.6154003267973857 0.6341911764705882 0.05269607843137255 0.042279411764705885
0 0.2855392156862745 0.9577205882352942 0.06535947712418301 0.03799019607843137
0 0.4928513071895425 0.6614583333333334 0.06004901960784314 0.04779411764705882
0 0.5571895424836601 0.6470588235294118 0.05392156862745098 0.04350490196078431
0 0.9401552287581699 0.3154105392156863 0.02900326797385621 0.109375
0 0.9728349673202614 0.31433823529411764 0.03308823529411765 0.10600490196078431
0 0.6288807189542484 0.47870710784313725 0.026552287581699346 0.09834558823529412
0 0.6041666666666666 0.4811580882352941 0.017973856209150325 0.09589460784313726
0 0.19526143790849673 0.9410232843137255 0.08088235294117647 0.04993872549019608
0 0.27532679738562094 0.9116115196078431 0.06944444444444445 0.046262254901960786
0 0.35641339869281047 0.8869485294117647 0.06413398692810457 0.05821078431372549
0 0.5774101307189542 0.48606004901960786 0.025735294117647058 0.0977328431372549
0 0.5471813725490197 0.49034926470588236 0.0298202614379085 0.10018382352941177
0 0.5185866013071896 0.49356617647058826 0.02165032679738562 0.10784313725490197
0 0.4826388888888889 0.49862132352941174 0.03553921568627451 0.1014093137254902
0 0.4479166666666667 0.5041360294117647 0.03145424836601307 0.11121323529411764
0 0.38848039215686275 0.5140931372549019 0.04330065359477124 0.11090686274509803
0 0.34906045751633985 0.5189950980392157 0.025735294117647058 0.11825980392156862
0 0.309640522875817 0.5229779411764706 0.04820261437908497 0.11029411764705882
0 0.25939542483660133 0.5260416666666666 0.03349673202614379 0.11887254901960784
0 0.90625 0.3170955882352941 0.030637254901960783 0.11151960784313726
0 0.8731617647058824 0.31985294117647056 0.0298202614379085 0.11580882352941177
0 0.8398692810457516 0.32138480392156865 0.032679738562091505 0.12009803921568628
0 0.8065767973856209 0.3226102941176471 0.027369281045751634 0.12254901960784313
0 0.6799428104575164 0.4727328431372549 0.030637254901960783 0.09252450980392157
0 0.7203839869281046 0.46568627450980393 0.0298202614379085 0.09068627450980392
0 0.7489787581699346 0.45909926470588236 0.02165032679738562 0.09099264705882353
0 0.7828839869281046 0.45894607843137253 0.028186274509803922 0.08884803921568628
0 0.8078022875816994 0.45450367647058826 0.013480392156862746 0.09099264705882353
0 0.8233251633986928 0.45235906862745096 0.015931372549019607 0.08792892156862746
0 0.8441584967320261 0.44669117647058826 0.020833333333333332 0.07965686274509803
0 0.8654003267973857 0.4420955882352941 0.01838235294117647 0.08272058823529412
0 0.20833333333333334 0.5332414215686274 0.0457516339869281 0.12162990196078431
0 0.8839869281045751 0.4404105392156863 0.018790849673202614 0.07935049019607843
0 0.9234068627450981 0.43474264705882354 0.015931372549019607 0.07720588235294118
0 0.9430147058823529 0.4333639705882353 0.01838235294117647 0.07751225490196079
0 0.9677287581699346 0.4287683823529412 0.02287581699346405 0.07751225490196079
0 0.9912173202614379 0.42784926470588236 0.016748366013071895 0.07567401960784313
0 0.07434640522875817 0.6861213235294118 0.10375816993464053 0.060355392156862746
0 0.0798611111111111 0.7582720588235294 0.09436274509803921 0.051470588235294115
0 0.18709150326797386 0.8783700980392157 0.08088235294117647 0.05330882352941176
0 0.27450980392156865 0.8575367647058824 0.07598039215686274 0.04840686274509804
0 0.9035947712418301 0.43704044117647056 0.01715686274509804 0.07873774509803921
0 0.1701388888888889 0.5405943627450981 0.026552287581699346 0.13572303921568626
0 0.125 0.5456495098039216 0.0457516339869281 0.125
0 0.07148692810457516 0.5540747549019608 0.04493464052287582 0.13633578431372548
0 0.6127450980392157 0.8477328431372549 0.059640522875817 0.04411764705882353
0 0.6033496732026143 0.7913602941176471 0.049019607843137254 0.03553921568627451
0 0.5451388888888888 0.8155637254901961 0.05024509803921569 0.03799019607843137
0 0.26348039215686275 0.6455269607843137 0.09068627450980392 0.058823529411764705
0 0.34906045751633985 0.6305147058823529 0.07802287581699346 0.05024509803921569
0 0.4252450980392157 0.6168811274509803 0.06781045751633986 0.047487745098039214
0 0.4227941176470588 0.6766237745098039 0.06290849673202614 0.050551470588235295
0 0.7258986928104575 0.3239889705882353 0.04493464052287582 0.13204656862745098
0 0.6803513071895425 0.32674632352941174 0.04370915032679738 0.12775735294117646
0 0.6329656862745098 0.32858455882352944 0.0428921568627451 0.14430147058823528
0 0.35437091503267976 0.6953125 0.068218954248366 0.060355392156862746
0 0.8974673202614379 0.625 0.03349673202614379 0.03615196078431373
0 0.9366830065359477 0.6115196078431373 0.026143790849673203 0.03370098039215686
0 0.991421568627451 0.6366421568627451 0.01715686274509804 0.031862745098039214
0 0.3478349673202614 0.8229166666666666 0.06740196078431372 0.04656862745098039
0 0.3355800653594771 0.7729779411764706 0.06740196078431372 0.03553921568627451
0 0.2704248366013072 0.7156862745098039 0.08006535947712418 0.061274509803921566
0 0.5492238562091504 0.8636642156862745 0.054330065359477125 0.0392156862745098
0 0.6552287581699346 0.47579656862745096 0.017973856209150325 0.0974264705882353
0 0.4889705882352941 0.8851102941176471 0.056372549019607844 0.04534313725490196
0 0.7724673202614379 0.3242953431372549 0.03594771241830065 0.12285539215686274
0 0.4877450980392157 0.7840073529411765 0.05392156862745098 0.042279411764705885
0 0.48856209150326796 0.7348345588235294 0.05555555555555555 0.04442401960784314
0 0.42892156862745096 0.9131433823529411 0.058823529411764705 0.046262254901960786
0 0.4236111111111111 0.8606004901960784 0.056372549019607844 0.042279411764705885
0 0.42116013071895425 0.8115808823529411 0.06372549019607843 0.0392156862745098
0 0.42034313725490197 0.7559742647058824 0.07434640522875817 0.04993872549019608
0 0.17422385620915032 0.6723345588235294 0.07965686274509803 0.060355392156862746
0 0.17933006535947713 0.7362132352941176 0.08986928104575163 0.04718137254901961
0 0.2667483660130719 0.7999387254901961 0.07679738562091504 0.04963235294117647
0 0.4848856209150327 0.8345588235294118 0.05228758169934641 0.042279411764705885
0 0.02246732026143791 0.5563725490196079 0.04493464052287582 0.13112745098039216
