0 0.2673611111111111 0.20634191176470587 0.04370915032679738 0.0940563725490196
0 0.14787581699346405 0.31985294117647056 0.049019607843137254 0.08700980392156862
0 0.19750816993464052 0.32138480392156865 0.05106209150326797 0.08946078431372549
0 0.2406045751633987 0.3203125 0.03431372549019608 0.09099264705882353
0 0.2832924836601307 0.31924019607843135 0.044526143790849675 0.0900735294117647
0 0.3306781045751634 0.3177083333333333 0.04861111111111111 0.09129901960784313
0 0.3776552287581699 0.32107843137254904 0.0428921568627451 0.09803921568627451
0 0.5183823529411765 0.3252144607843137 0.05473856209150327 0.0897671568627451
0 0.8312908496732027 0.32889093137254904 0.04656862745098039 0.09283088235294118
0 0.8784722222222222 0.32827818627450983 0.046977124183006536 0.09160539215686274
0 0.9215686274509803 0.33026960784313725 0.0392156862745098 0.09558823529411764
0 0.9662990196078431 0.3249080882352941 0.04779411764705882 0.10508578431372549
0 0.6427696078431373 0.33318014705882354 0.044526143790849675 0.10386029411764706
0 0.6899509803921569 0.32981004901960786 0.051470588235294115 0.109375
0 0.10191993464052287 0.31755514705882354 0.044526143790849675 0.09099264705882353
0 0.7381535947712419 0.3287377450980392 0.04411764705882353 0.10661764705882353
0 0.05330882352941176 0.4491421568627451 0.0494281045751634 0.08946078431372549
0 0.09926470588235294 0.4499080882352941 0.042483660130718956 0.08731617647058823
0 0.14787581699346405 0.45159313725490197 0.05228758169934641 0.08946078431372549
0 0.19444444444444445 0.45143995098039214 0.041666666666666664 0.08915441176470588
0 0.5522875816993464 0.21384803921568626 0.04493464052287582 0.0974264705882353
0 0.5968137254901961 0.21415441176470587 0.04330065359477124 0.09987745098039216
0 0.641952614379085 0.21338848039215685 0.0494281045751634 0.10324754901960784
0 0.6881127450980392 0.21200980392156862 0.04125816993464052 0.10049019607843138
0 0.733251633986928 0.21308210784313725 0.05065359477124183 0.09650735294117647
0 0.7843137254901961 0.21262254901960784 0.04330065359477124 0.09252450980392157
0 0.238562091503268 0.4494485294117647 0.0457516339869281 0.08517156862745098
0 0.8316993464052288 0.21614583333333334 0.05065359477124183 0.08792892156862746
0 0.8784722222222222 0.2181372549019608 0.04044117647058824 0.09375
0 0.013888888888888888 0.44669117647058826 0.025326797385620915 0.09129901960784313
0 0.3139297385620915 0.20603553921568626 0.0494281045751634 0.0934436274509804
0 0.05698529411764706 0.31786151960784315 0.042075163398692814 0.09099264705882353
0 0.04840686274509804 0.09053308823529412 0.05024509803921569 0.09834558823529412
0 0.21997549019607843 0.20526960784313725 0.0494281045751634 0.09620098039215687
0 0.9234068627450981 0.21721813725490197 0.0494281045751634 0.09558823529411764
0 0.3627450980392157 0.20618872549019607 0.049836601307189546 0.09191176470588236
0 0.40870098039215685 0.20863970588235295 0.042075163398692814 0.09620098039215687
0 0.4550653594771242 0.20955882352941177 0.05065359477124183 0.09436274509803921
0 0.1721813725490196 0.20649509803921567 0.04125816993464052 0.10049019607843138
0 0.12602124183006536 0.20603553921568626 0.051879084967320264 0.10263480392156862
0 0.07598039215686274 0.20404411764705882 0.0457516339869281 0.09865196078431372
0 0.027777777777777776 0.2028186274509804 0.05228758169934641 0.10110294117647059
0 0.9722222222222222 0.10340073529411764 0.04656862745098039 0.09589460784313726
0 0.9254493464052288 0.10386029411764706 0.046977124183006536 0.09497549019607843
0 0.8825571895424836 0.10431985294117647 0.039624183006535946 0.09589460784313726
0 0.8396650326797386 0.10340073529411764 0.044526143790849675 0.09650735294117647
0 0.01838235294117647 0.3163296568627451 0.03349673202614379 0.0934436274509804
0 0.7914624183006536 0.10248161764705882 0.05106209150326797 0.09528186274509803
0 0.6921977124183006 0.09972426470588236 0.0494281045751634 0.10079656862745098
0 0.641748366013072 0.09849877450980392 0.049019607843137254 0.10324754901960784
0 0.5927287581699346 0.0940563725490196 0.05065359477124183 0.09558823529411764
0 0.5408496732026143 0.09466911764705882 0.05310457516339869 0.09558823529411764
0 0.4736519607843137 0.09528186274509803 0.05024509803921569 0.09987745098039216
0 0.4242238562091503 0.0940563725490196 0.04779411764705882 0.10110294117647059
0 0.37602124183006536 0.0935968137254902 0.04861111111111111 0.09895833333333333
0 0.3300653594771242 0.09221813725490197 0.04411764705882353 0.09987745098039216
0 0.5049019607843137 0.2112438725490196 0.04656862745098039 0.09895833333333333
0 0.23733660130718953 0.09466911764705882 0.04330065359477124 0.09313725490196079
0 0.19219771241830066 0.09497549019607843 0.046977124183006536 0.09375
0 0.1431781045751634 0.09145220588235294 0.04861111111111111 0.10079656862745098
0 0.09640522875816994 0.09022671568627451 0.0457516339869281 0.09834558823529412
0 0.7420343137254902 0.10018382352941177 0.0494281045751634 0.1017156862745098
0 0.2824754901960784 0.09145220588235294 0.0494281045751634 0.09834558823529412
0 0.5447303921568627 0.45389093137254904 0.03553921568627451 0.07567401960784313
0 0.5018382352941176 0.45327818627450983 0.04370915032679738 0.08363970588235294
0 0.4389297385620915 0.6511948529411765 0.08374183006535947 0.08057598039215687
0 0.3533496732026144 0.6488970588235294 0.08741830065359477 0.07598039215686274
0 0.26286764705882354 0.6482843137254902 0.09109477124183006 0.07720588235294118
0 0.17258986928104575 0.6499693627450981 0.0886437908496732 0.08118872549019608
0 0.08231209150326797 0.6525735294117647 0.08946078431372549 0.07659313725490197
0 0.9891748366013072 0.5549938725490197 0.02165032679738562 0.07383578431372549
0 0.9605800653594772 0.5566789215686274 0.0363562091503268 0.0778186274509804
0 0.9213643790849673 0.555453431372549 0.03880718954248366 0.07904411764705882
0 0.8805147058823529 0.5553002450980392 0.04125816993464052 0.08302696078431372
0 0.8453839869281046 0.5549938725490197 0.030637254901960783 0.08302696078431372
0 0.8129084967320261 0.5571384803921569 0.03431372549019608 0.0860906862745098
0 0.7765522875816994 0.5556066176470589 0.03349673202614379 0.08670343137254902
0 0.7122140522875817 0.5523897058823529 0.09272875816993464 0.07904411764705882
0 0.622140522875817 0.5526960784313726 0.08741830065359477 0.0784313725490196
0 0.5273692810457516 0.6528799019607843 0.08251633986928104 0.0778186274509804
0 0.5343137254901961 0.5553002450980392 0.08986928104575163 0.08302696078431372
0 0.3584558823529412 0.5491727941176471 0.0886437908496732 0.07873774509803921
0 0.2673611111111111 0.5494791666666666 0.09354575163398693 0.07873774509803921
0 0.17565359477124182 0.5519301470588235 0.08251633986928104 0.08486519607843138
0 0.08496732026143791 0.5536151960784313 0.10130718954248366 0.08272058823529412
0 0.9799836601307189 0.4491421568627451 0.04084967320261438 0.09803921568627451
0 0.9391339869281046 0.44806985294117646 0.03349673202614379 0.1014093137254902
0 0.8984885620915033 0.4485294117647059 0.04616013071895425 0.1017156862745098
0 0.8531454248366013 0.4453125 0.039624183006535946 0.10753676470588236
0 0.8118872549019608 0.44546568627450983 0.042075163398692814 0.10784313725490197
0 0.7724673202614379 0.44393382352941174 0.03758169934640523 0.10784313725490197
0 0.7228349673202614 0.45389093137254904 0.05106209150326797 0.09099264705882353
0 0.6797385620915033 0.45588235294117646 0.03676470588235294 0.08639705882352941
0 0.6380718954248366 0.45496323529411764 0.04411764705882353 0.08394607843137254
0 0.5917075163398693 0.4537377450980392 0.039624183006535946 0.07965686274509803
0 0.44505718954248363 0.5534620098039216 0.08700980392156862 0.08486519607843138
0 0.6096813725490197 0.6510416666666666 0.08129084967320262 0.07352941176470588
0 0.6946486928104575 0.6518075980392157 0.08537581699346405 0.07506127450980392
0 0.7657271241830066 0.6403186274509803 0.03390522875816993 0.061274509803921566
0 0.335375816993464 0.4502144607843137 0.049019607843137254 0.08670343137254902
0 0.37826797385620914 0.45159313725490197 0.03758169934640523 0.08394607843137254
0 0.4152369281045752 0.45266544117647056 0.0363562091503268 0.08486519607843138
0 0.45731209150326796 0.45297181372549017 0.04534313725490196 0.08363970588235294
0 0.9301470588235294 0.9231004901960784 0.07516339869281045 0.06924019607843138
0 0.8549836601307189 0.9227941176470589 0.06862745098039216 0.06862745098039216
0 0.9844771241830066 0.8475796568627451 0.03349673202614379 0.07751225490196079
0 0.931781045751634 0.8475796568627451 0.0718954248366013 0.07751225490196079
0 0.8549836601307189 0.8466605392156863 0.0784313725490196 0.07567401960784313
0 0.7128267973856209 0.9160539215686274 0.2042483660130719 0.0741421568627451
0 0.5077614379084967 0.9172794117647058 0.20261437908496732 0.07107843137254902
0 0.28982843137254904 0.9136029411764706 0.20465686274509803 0.07169117647058823
0 0.09375 0.9143688725490197 0.1875 0.0701593137254902
0 0.09191176470588236 0.8422181372549019 0.1772875816993464 0.06678921568627451
0 0.9844771241830066 0.7467830882352942 0.03104575163398693 0.06770833333333333
0 0.9344362745098039 0.7490808823529411 0.06658496732026144 0.07107843137254902
0 0.8639705882352942 0.7487745098039216 0.07434640522875817 0.06985294117647059
0 0.8024918300653595 0.6420036764705882 0.042075163398692814 0.05974264705882353
0 0.8425245098039216 0.6423100490196079 0.034722222222222224 0.06525735294117647
0 0.8786764705882353 0.6455269607843137 0.035130718954248366 0.061887254901960786
0 0.9221813725490197 0.6490502450980392 0.046977124183006536 0.07628676470588236
0 0.9656862745098039 0.6475183823529411 0.04003267973856209 0.07873774509803921
0 0.032883986928104576 0.7449448529411765 0.05923202614379085 0.07383578431372549
0 0.2863562091503268 0.4497549019607843 0.05065359477124183 0.08517156862745098
0 0.0974264705882353 0.7432598039215687 0.06985294117647059 0.07720588235294118
0 0.2708333333333333 0.742953431372549 0.08823529411764706 0.08026960784313726
0 0.44893790849673204 0.7428002450980392 0.0784313725490196 0.07383578431372549
0 0.5381944444444444 0.7452512254901961 0.0763888888888889 0.07689950980392157
0 0.6315359477124183 0.7466299019607843 0.08741830065359477 0.0778186274509804
0 0.7154820261437909 0.7455575980392157 0.06495098039215687 0.07506127450980392
0 0.35947712418300654 0.741421568627451 0.0784313725490196 0.08088235294117647
0 0.1815767973856209 0.7440257352941176 0.09109477124183006 0.07873774509803921
0 0.9861111111111112 0.9261642156862745 0.027777777777777776 0.0704656862745098
0 0.9679330065359477 0.2182904411764706 0.04125816993464052 0.09650735294117647
