0 0.026822916666666665 0.405859375 0.05364583333333333 0.07109375
0 0.08255208333333333 0.5841796875 0.0703125 0.076953125
0 0.022395833333333334 0.658203125 0.04479166666666667 0.08515625
0 0.15598958333333332 0.5875 0.07135416666666666 0.07421875
0 0.15598958333333332 0.662890625 0.07135416666666666 0.07421875
0 0.08307291666666666 0.6625 0.06822916666666666 0.07578125
0 0.23072916666666668 0.5859375 0.07083333333333333 0.078125
0 0.30416666666666664 0.587890625 0.06875 0.07734375
0 0.37578125 0.5876953125 0.06510416666666667 0.079296875
0 0.4479166666666667 0.58828125 0.06875 0.078125
0 0.024479166666666666 0.4806640625 0.04895833333333333 0.071484375
0 0.7278645833333334 0.947265625 0.0671875 0.07265625
0 0.29973958333333334 0.40546875 0.07552083333333333 0.07265625
0 0.08619791666666667 0.4794921875 0.04739583333333333 0.066796875
0 0.15078125 0.484765625 0.07447916666666667 0.07265625
0 0.15026041666666667 0.4060546875 0.0640625 0.073828125
0 0.225 0.484765625 0.06979166666666667 0.0703125
0 0.22239583333333332 0.4068359375 0.07395833333333333 0.073046875
0 0.30078125 0.4830078125 0.0671875 0.076171875
0 0.5213541666666667 0.58828125 0.06666666666666667 0.078125
0 0.3736979166666667 0.48359375 0.06927083333333334 0.0796875
0 0.3875 0.4072265625 0.065625 0.068359375
0 0.4544270833333333 0.4068359375 0.058854166666666666 0.069921875
0 0.4479166666666667 0.4837890625 0.07083333333333333 0.077734375
0 0.5234375 0.4837890625 0.06875 0.077734375
0 0.5216145833333333 0.40703125 0.06822916666666666 0.0734375
0 0.5958333333333333 0.4072265625 0.07291666666666667 0.076171875
0 0.08776041666666666 0.4060546875 0.04739583333333333 0.068359375
0 0.5932291666666667 0.5892578125 0.06979166666666667 0.082421875
0 0.30130208333333336 0.6654296875 0.06822916666666666 0.072265625
0 0.6708333333333333 0.6728515625 0.07291666666666667 0.077734375
0 0.3731770833333333 0.761328125 0.059895833333333336 0.071875
0 0.37395833333333334 0.8376953125 0.06770833333333333 0.078515625
0 0.3078125 0.7455078125 0.06041666666666667 0.047265625
0 0.3033854166666667 0.826953125 0.0671875 0.08671875
0 0.23333333333333334 0.8326171875 0.06979166666666667 0.079296875
0 0.23645833333333333 0.75546875 0.06458333333333334 0.06953125
0 0.16171875 0.761328125 0.0703125 0.071875
0 0.16041666666666668 0.8353515625 0.06770833333333333 0.073828125
0 0.08828125 0.8359375 0.06927083333333334 0.075
0 0.08541666666666667 0.758984375 0.07291666666666667 0.07421875
0 0.023958333333333335 0.7619140625 0.04375 0.069140625
0 0.023958333333333335 0.8330078125 0.04791666666666667 0.070703125
0 0.05416666666666667 0.9296875 0.053125 0.06796875
0 0.23984375 0.934375 0.05572916666666667 0.0703125
0 0.30078125 0.933203125 0.058854166666666666 0.065625
0 0.36875 0.93515625 0.06666666666666667 0.06953125
0 0.44140625 0.9333984375 0.06822916666666666 0.068359375
0 0.5138020833333333 0.93828125 0.06302083333333333 0.06875
0 0.5833333333333334 0.940234375 0.065625 0.065625
0 0.9200520833333333 0.9482421875 0.14947916666666666 0.054296875
0 0.8005208333333333 0.94375 0.06979166666666667 0.06796875
0 0.44453125 0.8435546875 0.06822916666666666 0.076171875
0 0.4434895833333333 0.764453125 0.06927083333333334 0.078125
0 0.51484375 0.8455078125 0.0703125 0.075390625
0 0.5161458333333333 0.7669921875 0.06458333333333334 0.076171875
0 0.59375 0.6703125 0.06770833333333333 0.075
0 0.52265625 0.6662109375 0.06927083333333334 0.073828125
0 0.44765625 0.6650390625 0.06822916666666666 0.073828125
0 0.37526041666666665 0.6650390625 0.0671875 0.073828125
0 0.6528645833333333 0.9408203125 0.0671875 0.066796875
0 0.23020833333333332 0.66328125 0.06666666666666667 0.07265625
0 0.7466145833333333 0.5912109375 0.07135416666666666 0.083984375
0 0.8205729166666667 0.5927734375 0.0703125 0.082421875
0 0.8192708333333333 0.673046875 0.07604166666666666 0.07578125
0 0.7455729166666667 0.6720703125 0.06614583333333333 0.073828125
0 0.6692708333333334 0.590234375 0.071875 0.08203125
0 0.9401041666666666 0.598046875 0.11666666666666667 0.065625
0 0.9450520833333333 0.7623046875 0.1078125 0.064453125
0 0.9442708333333333 0.8259765625 0.1125 0.061328125
0 0.8125 0.77109375 0.06875 0.075
0 0.8072916666666666 0.849609375 0.07395833333333333 0.0765625
0 0.7346354166666667 0.8447265625 0.06614583333333333 0.076171875
0 0.734375 0.76796875 0.06875 0.0734375
0 0.6611979166666667 0.767578125 0.06822916666666666 0.075
0 0.6606770833333333 0.844140625 0.0734375 0.075
0 0.5859375 0.844140625 0.06770833333333333 0.075
0 0.58984375 0.7669921875 0.06927083333333334 0.076171875
0 0.9377604166666667 0.6615234375 0.12447916666666667 0.056640625
0 0.178125 0.9314453125 0.05416666666666667 0.064453125
0 0.11432291666666666 0.9337890625 0.0578125 0.066796875
0 0.7536458333333333 0.2791015625 0.071875 0.035546875
0 0.8341145833333333 0.2828125 0.07864583333333333 0.03359375
0 0.8216145833333334 0.2517578125 0.0640625 0.019140625
0 0.7486979166666666 0.250390625 0.06197916666666667 0.0140625
0 0.6752604166666667 0.3189453125 0.07447916666666667 0.036328125
0 0.6752604166666667 0.2869140625 0.06510416666666667 0.019921875
0 0.5208333333333334 0.3208984375 0.06979166666666667 0.034765625
0 0.5971354166666667 0.3185546875 0.07864583333333333 0.037890625
0 0.6005208333333333 0.28046875 0.06875 0.03359375
0 0.5252604166666667 0.2814453125 0.06614583333333333 0.033203125
0 0.440625 0.3150390625 0.075 0.033203125
0 0.29192708333333334 0.315625 0.07239583333333334 0.03671875
0 0.21536458333333333 0.3158203125 0.07239583333333334 0.034765625
0 0.1375 0.3169921875 0.07395833333333333 0.034765625
0 0.45026041666666666 0.284765625 0.06927083333333334 0.025
0 0.36614583333333334 0.27890625 0.075 0.03515625
0 0.2869791666666667 0.2796875 0.071875 0.03203125
0 0.21302083333333333 0.278515625 0.06770833333333333 0.034375
0 0.13697916666666668 0.27890625 0.07291666666666667 0.03515625
0 0.058854166666666666 0.3154296875 0.06979166666666667 0.033984375
0 0.059895833333333336 0.2783203125 0.071875 0.031640625
0 0.0375 0.1642578125 0.065625 0.066796875
0 0.10625 0.1662109375 0.065625 0.066015625
0 0.17526041666666667 0.16328125 0.059895833333333336 0.06484375
0 0.8307291666666666 0.3171875 0.075 0.0328125
0 0.75234375 0.31640625 0.07552083333333333 0.0359375
0 0.8278645833333333 0.407421875 0.0734375 0.0765625
0 0.82578125 0.4875 0.07552083333333333 0.078125
0 0.03802083333333333 0.091796875 0.06666666666666667 0.0734375
0 0.10625 0.0953125 0.065625 0.0734375
0 0.17213541666666668 0.09140625 0.059895833333333336 0.07265625
0 0.24114583333333334 0.091015625 0.06354166666666666 0.0765625
0 0.30885416666666665 0.0927734375 0.058333333333333334 0.068359375
0 0.37447916666666664 0.0904296875 0.06770833333333333 0.077734375
0 0.4432291666666667 0.08984375 0.06145833333333333 0.0765625
0 0.5080729166666667 0.091015625 0.06302083333333333 0.0765625
0 0.5778645833333333 0.093359375 0.06197916666666667 0.07421875
0 0.6481770833333333 0.09296875 0.06510416666666667 0.0734375
0 0.7184895833333333 0.09140625 0.0671875 0.0734375
0 0.24088541666666666 0.1625 0.06302083333333333 0.06328125
0 0.7890625 0.0896484375 0.0625 0.073828125
0 0.959375 0.091796875 0.06770833333333333 0.06875
0 0.9580729166666667 0.160546875 0.06822916666666666 0.0671875
0 0.8557291666666667 0.166796875 0.06458333333333334 0.0625
0 0.7859375 0.1640625 0.0625 0.06640625
0 0.71796875 0.1638671875 0.0671875 0.066015625
0 0.6447916666666667 0.1640625 0.06458333333333334 0.0640625
0 0.59609375 0.484375 0.0703125 0.0765625
0 0.6721354166666667 0.4853515625 0.0734375 0.078515625
0 0.6731770833333334 0.405859375 0.0703125 0.078125
0 0.7479166666666667 0.487109375 0.07291666666666667 0.0796875
0 0.74921875 0.4046875 0.0703125 0.0796875
0 0.8559895833333333 0.0927734375 0.06510416666666667 0.075390625
0 0.3104166666666667 0.165234375 0.06145833333333333 0.0640625
0 0.36640625 0.3171875 0.06822916666666666 0.03515625
0 0.44192708333333336 0.1638671875 0.06197916666666667 0.066015625
0 0.57890625 0.16484375 0.0640625 0.06484375
0 0.3736979166666667 0.164453125 0.06302083333333333 0.0671875
0 0.51015625 0.1634765625 0.0640625 0.062890625
