0 0.5457763671875 0.3049045138888889 0.054931640625 0.07942708333333333
0 0.114990234375 0.4822048611111111 0.02880859375 0.078125
0 0.1583251953125 0.4715711805555556 0.057861328125 0.12803819444444445
0 0.20947265625 0.4800347222222222 0.04345703125 0.11197916666666667
0 0.29150390625 0.22395833333333334 0.05126953125 0.06597222222222222
0 0.2430419921875 0.22157118055555555 0.045654296875 0.061197916666666664
0 0.197998046875 0.23350694444444445 0.0439453125 0.03732638888888889
0 0.6878662109375 0.1365017361111111 0.058349609375 0.06727430555555555
0 0.630859375 0.1362847222222222 0.05517578125 0.07378472222222222
0 0.5740966796875 0.13953993055555555 0.056884765625 0.08203125
0 0.516845703125 0.14561631944444445 0.05419921875 0.06640625
0 0.4610595703125 0.14735243055555555 0.057373046875 0.06553819444444445
0 0.4068603515625 0.14930555555555555 0.051513671875 0.0685763888888889
0 0.3555908203125 0.1519097222222222 0.046142578125 0.06684027777777778
0 0.307373046875 0.15494791666666666 0.048828125 0.0625
0 0.9237060546875 0.2823350694444444 0.018798828125 0.031684027777777776
0 0.9044189453125 0.2834201388888889 0.019775390625 0.030381944444444444
0 0.9173583984375 0.3161892361111111 0.020751953125 0.018663194444444444
0 0.8988037109375 0.3196614583333333 0.016357421875 0.012586805555555556
0 0.8687744140625 0.2092013888888889 0.015380859375 0.022569444444444444
0 0.8692626953125 0.23546006944444445 0.016357421875 0.029947916666666668
0 0.8701171875 0.2645399305555556 0.01513671875 0.026475694444444444
0 0.8507080078125 0.2417534722222222 0.015380859375 0.03125
0 0.8353271484375 0.244140625 0.014404296875 0.028211805555555556
0 0.820556640625 0.24500868055555555 0.01416015625 0.029947916666666668
0 0.8507080078125 0.20768229166666666 0.011474609375 0.024739583333333332
0 0.8402099609375 0.20703125 0.009521484375 0.026909722222222224
0 0.82666015625 0.2055121527777778 0.01416015625 0.024739583333333332
0 0.800537109375 0.1773003472222222 0.02099609375 0.023003472222222224
0 0.7833251953125 0.1781684027777778 0.014404296875 0.020399305555555556
0 0.08349609375 0.4811197916666667 0.03271484375 0.0802951388888889
0 0.7685546875 0.177734375 0.0146484375 0.018663194444444444
0 0.060546875 0.4609375 0.017578125 0.1015625
0 0.023193359375 0.4624565972222222 0.017578125 0.09071180555555555
0 0.509765625 0.22157118055555555 0.0537109375 0.07074652777777778
0 0.567626953125 0.2211371527777778 0.0595703125 0.07508680555555555
0 0.62841796875 0.2165798611111111 0.0576171875 0.07378472222222222
0 0.685791015625 0.2152777777777778 0.05712890625 0.07552083333333333
0 0.1376953125 0.3138020833333333 0.0244140625 0.06163194444444445
0 0.211181640625 0.2901475694444444 0.0546875 0.06640625
0 0.2640380859375 0.2925347222222222 0.050537109375 0.06163194444444445
0 0.3155517578125 0.2970920138888889 0.052490234375 0.06901041666666667
0 0.368896484375 0.2990451388888889 0.05419921875 0.06510416666666667
0 0.425537109375 0.3025173611111111 0.052734375 0.0720486111111111
0 0.4830322265625 0.3055555555555556 0.056396484375 0.07291666666666667
0 0.342529296875 0.2243923611111111 0.04931640625 0.06510416666666667
0 0.6102294921875 0.3031684027777778 0.059326171875 0.08550347222222222
0 0.6695556640625 0.3051215277777778 0.057861328125 0.0798611111111111
0 0.100830078125 0.3949652777777778 0.0302734375 0.07465277777777778
0 0.1357421875 0.3771701388888889 0.0283203125 0.04861111111111111
0 0.1773681640625 0.3682725694444444 0.047607421875 0.06553819444444445
0 0.2337646484375 0.3695746527777778 0.057861328125 0.0881076388888889
0 0.2882080078125 0.3736979166666667 0.051513671875 0.0763888888888889
0 0.729248046875 0.2378472222222222 0.0224609375 0.0763888888888889
0 0.753662109375 0.244140625 0.025390625 0.062065972222222224
0 0.892333984375 0.12456597222222222 0.03466796875 0.0859375
0 0.9261474609375 0.1254340277777778 0.032470703125 0.0859375
0 0.959228515625 0.12239583333333333 0.0341796875 0.09114583333333333
0 0.714599609375 0.3174913194444444 0.0263671875 0.0759548611111111
0 0.7432861328125 0.3244357638888889 0.025146484375 0.0881076388888889
0 0.772705078125 0.3255208333333333 0.03271484375 0.08246527777777778
0 0.80126953125 0.3355034722222222 0.0234375 0.1015625
0 0.84228515625 0.33203125 0.0537109375 0.09809027777777778
0 0.0421142578125 0.4644097222222222 0.019775390625 0.09461805555555555
0 0.453369140625 0.22200520833333334 0.05810546875 0.0681423611111111
0 0.39599609375 0.22135416666666666 0.05029296875 0.06597222222222222
0 0.5321044921875 0.0685763888888889 0.047607421875 0.05642361111111111
0 0.955810546875 0.4420572916666667 0.0263671875 0.08984375
0 0.4281005859375 0.07877604166666667 0.050048828125 0.06293402777777778
0 0.4791259765625 0.076171875 0.051025390625 0.06727430555555555
0 0.3226318359375 0.4926215277777778 0.057373046875 0.11805555555555555
0 0.5855712890625 0.0646701388888889 0.053955078125 0.06076388888888889
0 0.6285400390625 0.0625 0.026611328125 0.06770833333333333
0 0.8262939453125 0.1388888888888889 0.022705078125 0.050347222222222224
0 0.656005859375 0.06315104166666667 0.02490234375 0.06727430555555555
0 0.79052734375 0.1401909722222222 0.0478515625 0.050347222222222224
0 0.5966796875 0.3977864583333333 0.05810546875 0.08637152777777778
0 0.5308837890625 0.3934461805555556 0.063232421875 0.07335069444444445
0 0.467041015625 0.3891059027777778 0.064453125 0.08203125
0 0.4063720703125 0.3836805555555556 0.056396484375 0.07291666666666667
0 0.346435546875 0.3832465277777778 0.0615234375 0.07465277777777778
0 0.6922607421875 0.061197916666666664 0.017822265625 0.0703125
0 0.0750732421875 0.3747829861111111 0.022216796875 0.06380208333333333
0 0.263671875 0.4865451388888889 0.060546875 0.1310763888888889
0 0.6568603515625 0.3977864583333333 0.059326171875 0.0915798611111111
0 0.716064453125 0.5520833333333334 0.060546875 0.1371527777777778
0 0.7794189453125 0.5653211805555556 0.066162109375 0.1636284722222222
0 0.052978515625 0.3687065972222222 0.02197265625 0.06640625
0 0.8450927734375 0.5687934027777778 0.065185546875 0.1566840277777778
0 0.9134521484375 0.5740017361111112 0.070068359375 0.1697048611111111
0 0.9727783203125 0.57421875 0.048583984375 0.171875
0 0.651123046875 0.5390625 0.0693359375 0.16319444444444445
0 0.582763671875 0.5321180555555556 0.0673828125 0.14930555555555555
0 0.446533203125 0.5147569444444444 0.0693359375 0.1293402777777778
0 0.3831787109375 0.5095486111111112 0.057373046875 0.13975694444444445
0 0.9224853515625 0.4463975694444444 0.026611328125 0.0724826388888889
0 0.8929443359375 0.4409722222222222 0.024169921875 0.0920138888888889
0 0.8458251953125 0.4379340277777778 0.066650390625 0.09375
0 0.7808837890625 0.4301215277777778 0.057861328125 0.09027777777777778
0 0.72607421875 0.4281684027777778 0.04345703125 0.09765625
0 0.51611328125 0.5284288194444444 0.06591796875 0.1566840277777778
