0 0.6791258169934641 0.6534926470588235 0.0363562091503268 0.07659313725490197
0 0.377859477124183 0.6965379901960784 0.04084967320261438 0.09466911764705882
0 0.12969771241830066 0.45618872549019607 0.04861111111111111 0.08823529411764706
0 0.18259803921568626 0.4557291666666667 0.056372549019607844 0.0897671568627451
0 0.23672385620915032 0.4597120098039216 0.051879084967320264 0.0977328431372549
0 0.3000408496732026 0.4568014705882353 0.051879084967320264 0.09926470588235294
0 0.349468954248366 0.45465686274509803 0.04370915032679738 0.09681372549019608
0 0.39195261437908496 0.4420955882352941 0.03799019607843137 0.09068627450980392
0 0.4462826797385621 0.4413296568627451 0.0428921568627451 0.09895833333333333
0 0.4877450980392157 0.43964460784313725 0.041666666666666664 0.08639705882352941
0 0.5265522875816994 0.43857230392156865 0.032679738562091505 0.10018382352941177
0 0.5571895424836601 0.44025735294117646 0.028594771241830064 0.09681372549019608
0 0.5935457516339869 0.43612132352941174 0.04084967320261438 0.09037990196078431
0 0.6313316993464052 0.4352022058823529 0.034722222222222224 0.09283088235294118
0 0.6597222222222222 0.43550857843137253 0.022058823529411766 0.0940563725490196
0 0.684640522875817 0.43566176470588236 0.025326797385620915 0.08272058823529412
0 0.9650735294117647 0.5231311274509803 0.053513071895424834 0.07322303921568628
0 0.7105800653594772 0.4336703431372549 0.0298202614379085 0.08118872549019608
0 0.7888071895424836 0.42432598039215685 0.04084967320261438 0.0857843137254902
0 0.846609477124183 0.4227941176470588 0.03390522875816993 0.08026960784313726
0 0.8784722222222222 0.4186580882352941 0.028186274509803922 0.08363970588235294
0 0.9082924836601307 0.4177389705882353 0.03145424836601307 0.08241421568627451
0 0.943218954248366 0.4174325980392157 0.03839869281045752 0.08118872549019608
0 0.9805964052287581 0.4183517156862745 0.034722222222222224 0.0860906862745098
0 0.6286764705882353 0.782015931372549 0.051470588235294115 0.10263480392156862
0 0.6879084967320261 0.7714460784313726 0.056372549019607844 0.10232843137254902
0 0.7493872549019608 0.7631740196078431 0.053513071895424834 0.1213235294117647
0 0.8051470588235294 0.7207414215686274 0.051470588235294115 0.053002450980392156
0 0.8075980392156863 0.7685355392156863 0.0661764705882353 0.03768382352941176
0 0.880718954248366 0.7118566176470589 0.05800653594771242 0.05422794117647059
0 0.9174836601307189 0.7674632352941176 0.06209150326797386 0.061274509803921566
0 0.9671160130718954 0.7123161764705882 0.04861111111111111 0.07659313725490197
0 0.7485702614379085 0.4273897058823529 0.039624183006535946 0.09191176470588236
0 0.34375 0.6994485294117647 0.023284313725490197 0.09558823529411764
0 0.9170751633986928 0.5277267156862745 0.03676470588235294 0.078125
0 0.8374183006535948 0.5332414215686274 0.025326797385620915 0.0860906862745098
0 0.4150326797385621 0.6914828431372549 0.03349673202614379 0.08884803921568628
0 0.44607843137254904 0.6870404411764706 0.029411764705882353 0.0897671568627451
0 0.4838643790849673 0.6798406862745098 0.042075163398692814 0.0821078431372549
0 0.522671568627451 0.6694240196078431 0.028186274509803922 0.08517156862745098
0 0.5698529411764706 0.6824448529411765 0.05065359477124183 0.06158088235294118
0 0.6305147058823529 0.671109068627451 0.0428921568627451 0.0860906862745098
0 0.7177287581699346 0.6516544117647058 0.03758169934640523 0.0661764705882353
0 0.7587826797385621 0.6438419117647058 0.04125816993464052 0.07935049019607843
0 0.8106617647058824 0.6387867647058824 0.06004901960784314 0.0778186274509804
0 0.8600898692810458 0.6358762254901961 0.03880718954248366 0.07873774509803921
0 0.9019607843137255 0.6272977941176471 0.04084967320261438 0.06464460784313726
0 0.9356617647058824 0.6228553921568627 0.0298202614379085 0.07169117647058823
0 0.9785539215686274 0.6170343137254902 0.04616013071895425 0.07230392156862746
0 0.16033496732026145 0.6115196078431373 0.05269607843137255 0.07536764705882353
0 0.8737745098039216 0.5271139705882353 0.04738562091503268 0.07873774509803921
0 0.2093545751633987 0.6145833333333334 0.046977124183006536 0.06924019607843138
0 0.2928921568627451 0.5883884803921569 0.03758169934640523 0.09528186274509803
0 0.3314950980392157 0.5814950980392157 0.03553921568627451 0.09681372549019608
0 0.372140522875817 0.5796568627450981 0.04003267973856209 0.09191176470588236
0 0.4084967320261438 0.5772058823529411 0.032679738562091505 0.09681372549019608
0 0.474468954248366 0.5772058823529411 0.04861111111111111 0.06372549019607843
0 0.5138888888888888 0.5660232843137255 0.032679738562091505 0.09528186274509803
0 0.5461601307189542 0.5620404411764706 0.025326797385620915 0.0897671568627451
0 0.5755718954248366 0.5600490196078431 0.03349673202614379 0.09313725490196079
0 0.605187908496732 0.5572916666666666 0.026552287581699346 0.09926470588235294
0 0.6431781045751634 0.5513174019607843 0.0428921568627451 0.09221813725490197
0 0.6723856209150327 0.5606617647058824 0.022058823529411766 0.05759803921568627
0 0.6944444444444444 0.5566789215686274 0.024509803921568627 0.05759803921568627
0 0.7277369281045751 0.5401348039215687 0.04534313725490196 0.09068627450980392
0 0.8090277777777778 0.5341605392156863 0.03145424836601307 0.08363970588235294
0 0.24775326797385622 0.5742953431372549 0.0298202614379085 0.08854166666666667
0 0.3110702614379085 0.6996017156862745 0.0428921568627451 0.0977328431372549
0 0.7718545751633987 0.5344669117647058 0.042075163398692814 0.08363970588235294
0 0.18790849673202614 0.14215686274509803 0.05473856209150327 0.1096813725490196
0 0.2702205882352941 0.32337622549019607 0.039624183006535946 0.10631127450980392
0 0.21303104575163398 0.3247549019607843 0.042075163398692814 0.11580882352941177
0 0.16789215686274508 0.32306985294117646 0.049019607843137254 0.11427696078431372
0 0.11294934640522876 0.33808210784313725 0.05923202614379085 0.08363970588235294
0 0.9781454248366013 0.17294730392156862 0.042075163398692814 0.08363970588235294
0 0.8672385620915033 0.16712622549019607 0.04084967320261438 0.09528186274509803
0 0.8374183006535948 0.16283700980392157 0.018790849673202614 0.10386029411764706
0 0.7930964052287581 0.16237745098039216 0.05269607843137255 0.09313725490196079
0 0.7532679738562091 0.17279411764705882 0.02696078431372549 0.07169117647058823
0 0.7281454248366013 0.1715686274509804 0.024101307189542485 0.06985294117647059
0 0.6966911764705882 0.15747549019607843 0.0363562091503268 0.11213235294117647
0 0.6521650326797386 0.15548406862745098 0.04534313725490196 0.10018382352941177
0 0.6037581699346405 0.15701593137254902 0.05228758169934641 0.10631127450980392
0 0.5471813725490197 0.15977328431372548 0.04616013071895425 0.10814950980392157
0 0.3104575163398693 0.32230392156862747 0.03758169934640523 0.10845588235294118
0 0.49959150326797386 0.16069240196078433 0.04820261437908497 0.10631127450980392
0 0.42810457516339867 0.15471813725490197 0.025326797385620915 0.09681372549019608
0 0.39338235294117646 0.1556372549019608 0.04084967320261438 0.10600490196078431
0 0.349468954248366 0.15303308823529413 0.04370915032679738 0.0977328431372549
0 0.29534313725490197 0.14920343137254902 0.05228758169934641 0.09987745098039216
0 0.24387254901960784 0.15058210784313725 0.04084967320261438 0.09528186274509803
0 0.13848039215686275 0.13403799019607843 0.03758169934640523 0.12837009803921567
0 0.09660947712418301 0.13633578431372548 0.03880718954248366 0.1213235294117647
0 0.5720996732026143 0.8034620098039216 0.07393790849673203 0.015625
0 0.5573937908496732 0.7631740196078431 0.056781045751633986 0.05514705882352941
0 0.5079656862745098 0.8026960784313726 0.0428921568627451 0.1133578431372549
0 0.44546568627450983 0.8258272058823529 0.06576797385620915 0.10018382352941177
0 0.37683823529411764 0.8316482843137255 0.06740196078431372 0.1332720588235294
0 0.29983660130718953 0.8322610294117647 0.05800653594771242 0.11795343137254902
0 0.21793300653594772 0.8285845588235294 0.07066993464052287 0.1056985294117647
0 0.45812908496732024 0.15870098039215685 0.034722222222222224 0.10477941176470588
0 0.3613153594771242 0.3255208333333333 0.039624183006535946 0.11427696078431372
0 0.9325980392156863 0.16329656862745098 0.051470588235294115 0.08823529411764706
0 0.49244281045751637 0.31924019607843135 0.07475490196078431 0.024509803921568627
0 0.39828431372549017 0.32230392156862747 0.03431372549019608 0.1133578431372549
0 0.275531045751634 0.7032781862745098 0.028186274509803922 0.09160539215686274
0 0.24305555555555555 0.7020526960784313 0.032679738562091505 0.08363970588235294
0 0.20302287581699346 0.7100183823529411 0.04084967320261438 0.08363970588235294
0 0.9750816993464052 0.296875 0.051470588235294115 0.08823529411764706
0 0.9256535947712419 0.32306985294117646 0.03431372549019608 0.07873774509803921
0 0.8911356209150327 0.3200061274509804 0.034722222222222224 0.08486519607843138
0 0.8537581699346405 0.31878063725490197 0.032679738562091505 0.08731617647058823
0 0.8243464052287581 0.3200061274509804 0.02696078431372549 0.08486519607843138
0 0.16625816993464052 0.7230392156862745 0.03349673202614379 0.09068627450980392
0 0.7571486928104575 0.32046568627450983 0.04125816993464052 0.09558823529411764
0 0.7179330065359477 0.32107843137254904 0.034722222222222224 0.09191176470588236
0 0.6842320261437909 0.32276348039215685 0.03022875816993464 0.10018382352941177
0 0.6517565359477124 0.31985294117647056 0.034722222222222224 0.09436274509803921
0 0.6109068627450981 0.31755514705882354 0.034722222222222224 0.10386029411764706
0 0.5610702614379085 0.3492647058823529 0.060866013071895424 0.037377450980392156
0 0.5586192810457516 0.3014705882352941 0.0559640522875817 0.05514705882352941
0 0.7941176470588235 0.32169117647058826 0.032679738562091505 0.08884803921568628
0 0.49019607843137253 0.35110294117647056 0.07352941176470588 0.031862745098039214
