0 0.41923076923076924 0.492722602739726 0.06394230769230769 0.030821917808219176
0 0.3543269230769231 0.539597602739726 0.06298076923076923 0.02011986301369863
0 0.3534855769230769 0.516695205479452 0.061778846153846156 0.023972602739726026
0 0.35228365384615384 0.4888698630136986 0.061778846153846156 0.0273972602739726
0 0.41875 0.5188356164383562 0.06298076923076923 0.021404109589041095
0 0.8818509615384615 0.4227311643835616 0.023317307692307693 0.1091609589041096
0 0.4873798076923077 0.4944349315068493 0.06033653846153846 0.032534246575342464
0 0.48653846153846153 0.5224743150684932 0.06298076923076923 0.023544520547945206
0 0.4856971153846154 0.5434503424657534 0.06129807692307692 0.0175513698630137
0 0.880048076923077 0.5216181506849316 0.013461538461538462 0.08261986301369863
0 0.5584134615384615 0.3512414383561644 0.06634615384615385 0.02696917808219178
0 0.4189903846153846 0.5400256849315068 0.06298076923076923 0.019263698630136987
0 0.5591346153846154 0.3249143835616438 0.06682692307692308 0.025684931506849314
0 0.42451923076923076 0.2360873287671233 0.06394230769230769 0.03296232876712329
0 0.5605769230769231 0.2684075342465753 0.06586538461538462 0.02910958904109589
0 0.5625 0.2377996575342466 0.06201923076923077 0.03125
0 0.4890625 0.351027397260274 0.06514423076923077 0.025684931506849314
0 0.4905048076923077 0.3242722602739726 0.06802884615384615 0.02696917808219178
0 0.490625 0.2964469178082192 0.06586538461538462 0.025256849315068493
0 0.49170673076923077 0.2679794520547945 0.06802884615384615 0.029965753424657533
0 0.4924278846153846 0.23908390410958905 0.06514423076923077 0.02696917808219178
0 0.4953125 0.2093321917808219 0.07235576923076924 0.023116438356164382
0 0.42283653846153846 0.3495291095890411 0.06201923076923077 0.02868150684931507
0 0.4229567307692308 0.3212756849315068 0.062259615384615385 0.026113013698630137
0 0.42223557692307695 0.2936643835616438 0.06322115384615384 0.026541095890410957
0 0.42199519230769234 0.2645547945205479 0.06802884615384615 0.025684931506849314
0 0.8859375 0.3065068493150685 0.01514423076923077 0.1190068493150685
0 0.5599759615384615 0.2975171232876712 0.0641826923076923 0.028253424657534245
0 0.8391826923076923 0.3090753424657534 0.06875 0.09931506849315068
0 0.5555288461538461 0.5246147260273972 0.06394230769230769 0.02868150684931507
0 0.6966346153846154 0.3120719178082192 0.07307692307692308 0.1053082191780822
0 0.5556490384615385 0.4978595890410959 0.0641826923076923 0.025684931506849314
0 0.5551682692307692 0.5496575342465754 0.06850961538461539 0.011986301369863013
0 0.34807692307692306 0.3777825342465753 0.06298076923076923 0.02868150684931507
0 0.3483173076923077 0.4066780821917808 0.06298076923076923 0.028253424657534245
0 0.3481971153846154 0.4319349315068493 0.06322115384615384 0.02226027397260274
0 0.34975961538461536 0.4554794520547945 0.06538461538461539 0.023116438356164382
0 0.41334134615384616 0.3771404109589041 0.06274038461538461 0.0273972602739726
0 0.4128605769230769 0.4045376712328767 0.061778846153846156 0.0273972602739726
0 0.33016826923076925 0.300513698630137 0.03870192307692308 0.11044520547945205
0 0.41466346153846156 0.4334332191780822 0.06442307692307692 0.02183219178082192
0 0.4153846153846154 0.4595462328767123 0.06346153846153846 0.03125
0 0.48052884615384617 0.3820633561643836 0.06442307692307692 0.02696917808219178
0 0.4813701923076923 0.4071061643835616 0.065625 0.02226027397260274
0 0.7689903846153846 0.3086472602739726 0.06538461538461539 0.0958904109589041
0 0.4807692307692308 0.4355736301369863 0.06057692307692308 0.02696917808219178
0 0.5493990384615385 0.3852739726027397 0.06754807692307692 0.025684931506849314
0 0.5504807692307693 0.4120291095890411 0.06490384615384616 0.02696917808219178
0 0.5492788461538461 0.4377140410958904 0.06586538461538462 0.022688356164383562
0 0.5473557692307692 0.4629708904109589 0.06298076923076923 0.02868150684931507
0 0.6206730769230769 0.4201626712328767 0.06394230769230769 0.08176369863013698
0 0.690625 0.4233732876712329 0.07596153846153846 0.08904109589041095
0 0.7634615384615384 0.4216609589041096 0.06971153846153846 0.09246575342465753
0 0.8320913461538462 0.4231592465753425 0.06706730769230769 0.09717465753424658
0 0.6290865384615385 0.5209760273972602 0.06826923076923076 0.0761986301369863
0 0.6978365384615385 0.5216181506849316 0.06923076923076923 0.0740582191780822
0 0.7701923076923077 0.5237585616438356 0.075 0.0800513698630137
0 0.8385817307692308 0.5278253424657534 0.061778846153846156 0.07448630136986302
0 0.6275240384615385 0.3135702054794521 0.06514423076923077 0.10231164383561644
0 0.48173076923076924 0.4606164383561644 0.0625 0.02226027397260274
0 0.2983173076923077 0.2457191780821918 0.020673076923076922 0.038527397260273974
0 0.19110576923076922 0.5389554794520548 0.022115384615384617 0.028253424657534245
0 0.24375 0.24464897260273974 0.025961538461538463 0.041523972602739725
0 0.10865384615384616 0.4152397260273973 0.022115384615384617 0.039383561643835614
0 0.058173076923076925 0.4591181506849315 0.032692307692307694 0.034674657534246575
0 0.08617788461538461 0.456763698630137 0.023317307692307693 0.039383561643835614
0 0.13329326923076923 0.3788527397260274 0.031490384615384615 0.03767123287671233
0 0.1371394230769231 0.418236301369863 0.027644230769230768 0.03767123287671233
0 0.13978365384615385 0.457833904109589 0.027644230769230768 0.03724315068493151
0 0.16442307692307692 0.3754280821917808 0.027884615384615386 0.03339041095890411
0 0.19146634615384617 0.3760702054794521 0.026682692307692307 0.03210616438356165
0 0.16658653846153845 0.4163099315068493 0.025 0.033818493150684935
0 0.1919471153846154 0.4169520547945205 0.024759615384615383 0.03339041095890411
0 0.1671875 0.4565496575342466 0.023798076923076922 0.033818493150684935
0 0.1918269230769231 0.4554794520547945 0.027403846153846154 0.032534246575342464
0 0.1671875 0.4978595890410959 0.024759615384615383 0.031678082191780824
0 0.19338942307692308 0.5023544520547946 0.025721153846153845 0.03296232876712329
0 0.21899038461538461 0.5006421232876712 0.025 0.034674657534246575
0 0.16502403846153846 0.5366010273972602 0.030528846153846153 0.03125
0 0.21682692307692308 0.5378852739726028 0.026923076923076925 0.026113013698630137
0 0.22355769230769232 0.4556934931506849 0.029326923076923077 0.03210616438356165
0 0.2515625 0.4584760273972603 0.026682692307692307 0.03767123287671233
0 0.2776442307692308 0.4589041095890411 0.025 0.038527397260273974
0 0.22283653846153847 0.4178082191780822 0.03221153846153846 0.03424657534246575
0 0.2516826923076923 0.418236301369863 0.026442307692307692 0.03595890410958904
0 0.27608173076923076 0.4152397260273973 0.02283653846153846 0.0410958904109589
0 0.2233173076923077 0.3747859589041096 0.028365384615384615 0.033818493150684935
0 0.2516826923076923 0.3754280821917808 0.027403846153846154 0.03339041095890411
0 0.08389423076923076 0.4139554794520548 0.026442307692307692 0.036815068493150686
0 0.054927884615384615 0.4167380136986301 0.031009615384615385 0.03125
0 0.05372596153846154 0.3799229452054795 0.027644230769230768 0.03638698630136986
0 0.08317307692307692 0.3754280821917808 0.02403846153846154 0.032534246575342464
0 0.27247596153846154 0.2440068493150685 0.031009615384615385 0.04023972602739726
0 0.228125 0.20205479452054795 0.01201923076923077 0.031678082191780824
0 0.24290865384615384 0.2054794520547945 0.014663461538461538 0.036815068493150686
0 0.2575721153846154 0.20419520547945205 0.014663461538461538 0.038527397260273974
0 0.27355769230769234 0.203125 0.01730769230769231 0.034674657534246575
0 0.28870192307692305 0.20248287671232876 0.013461538461538462 0.0351027397260274
0 0.3034855769230769 0.2026969178082192 0.015625 0.03553082191780822
0 0.31802884615384613 0.20376712328767124 0.01201923076923077 0.03339041095890411
0 0.6143028846153846 0.23951198630136986 0.036778846153846155 0.0449486301369863
0 0.6457932692307692 0.23758561643835616 0.025721153846153845 0.0488013698630137
0 0.671875 0.2377996575342466 0.01875 0.034674657534246575
0 0.6961538461538461 0.238013698630137 0.023557692307692307 0.04023972602739726
0 0.2770432692307692 0.3732876712328767 0.024759615384615383 0.03595890410958904
0 0.7195913461538461 0.23758561643835616 0.023317307692307693 0.0410958904109589
0 0.7664663461538461 0.2377996575342466 0.018509615384615385 0.041523972602739725
0 0.791826923076923 0.23351883561643835 0.025 0.0449486301369863
0 0.817548076923077 0.2348030821917808 0.023076923076923078 0.04323630136986301
0 0.06201923076923077 0.5329623287671232 0.011538461538461539 0.028253424657534245
0 0.060216346153846155 0.4991438356164384 0.014182692307692308 0.031678082191780824
0 0.13677884615384617 0.5 0.025961538461538463 0.030821917808219176
0 0.11141826923076924 0.4987157534246575 0.024759615384615383 0.0351027397260274
0 0.08329326923076923 0.4980736301369863 0.02956730769230769 0.03210616438356165
0 0.08473557692307693 0.5340325342465754 0.03293269230769231 0.02868150684931507
0 0.11322115384615385 0.5357448630136986 0.023557692307692307 0.02868150684931507
0 0.1371394230769231 0.537029109589041 0.023798076923076922 0.030393835616438356
0 0.10540865384615385 0.3741438356164384 0.018990384615384614 0.0351027397260274
0 0.7473557692307692 0.2367294520547945 0.01971153846153846 0.045376712328767124
0 0.3018028846153846 0.3771404109589041 0.021875 0.04195205479452055
0 0.11117788461538461 0.4565496575342466 0.024278846153846154 0.0389554794520548
0 0.09963942307692308 0.24721746575342465 0.020432692307692308 0.041523972602739725
0 0.10072115384615385 0.3300513698630137 0.01826923076923077 0.038527397260273974
0 0.12896634615384617 0.2900256849315068 0.028125 0.03296232876712329
0 0.15721153846153846 0.2930222602739726 0.026442307692307692 0.034674657534246575
0 0.18197115384615384 0.2906678082191781 0.023076923076923078 0.038527397260273974
0 0.12788461538461537 0.3339041095890411 0.03028846153846154 0.03339041095890411
0 0.15576923076923077 0.332833904109589 0.025 0.03553082191780822
0 0.1814903846153846 0.3311215753424658 0.026923076923076925 0.03210616438356165
0 0.21045673076923077 0.3300513698630137 0.029086538461538462 0.03424657534246575
0 0.2405048076923077 0.3294092465753425 0.02716346153846154 0.03125
0 0.26911057692307694 0.3306934931506849 0.030048076923076924 0.03553082191780822
0 0.08004807692307692 0.3324058219178082 0.01826923076923077 0.041523972602739725
0 0.29723557692307695 0.3300513698630137 0.025721153846153845 0.036815068493150686
0 0.2421875 0.289597602739726 0.023798076923076922 0.04323630136986301
0 0.27115384615384613 0.2880993150684932 0.02980769230769231 0.03767123287671233
0 0.29735576923076923 0.2861729452054795 0.022596153846153846 0.0389554794520548
0 0.04122596153846154 0.24914383561643835 0.02283653846153846 0.039383561643835614
0 0.06081730769230769 0.2482876712328767 0.016826923076923076 0.04195205479452055
0 0.07908653846153846 0.2476455479452055 0.020192307692307693 0.040667808219178085
0 0.12860576923076922 0.24507705479452055 0.03028846153846154 0.0449486301369863
0 0.15697115384615384 0.2459332191780822 0.026923076923076925 0.04580479452054795
0 0.18329326923076922 0.2457191780821918 0.02860576923076923 0.04794520547945205
0 0.21394230769230768 0.246361301369863 0.032692307692307694 0.03809931506849315
0 0.2143028846153846 0.2917380136986301 0.031971153846153844 0.03981164383561644
0 0.04194711538461538 0.3330479452054795 0.02139423076923077 0.04023972602739726
0 0.06153846153846154 0.3332619863013699 0.016826923076923076 0.03981164383561644
0 0.27584134615384615 0.535958904109589 0.021875 0.02910958904109589
0 0.3016826923076923 0.4184503424657534 0.023076923076923078 0.03981164383561644
0 0.303125 0.4586900684931507 0.023076923076923078 0.03553082191780822
0 0.2502403846153846 0.5372431506849316 0.029326923076923077 0.0273972602739726
0 0.24915865384615385 0.5 0.02716346153846154 0.03339041095890411
0 0.2776442307692308 0.4993578767123288 0.027403846153846154 0.03210616438356165
0 0.3030048076923077 0.4978595890410959 0.023317307692307693 0.03595890410958904
0 0.2998798076923077 0.5355308219178082 0.024278846153846154 0.03339041095890411
0 0.04266826923076923 0.2923801369863014 0.023798076923076922 0.038527397260273974
0 0.06298076923076923 0.2917380136986301 0.016346153846153847 0.040667808219178085
0 0.08269230769230769 0.2880993150684932 0.020673076923076922 0.0351027397260274
0 0.10276442307692307 0.2880993150684932 0.019471153846153846 0.03595890410958904
