0 0.36276041666666664 0.94140625 0.04739583333333333 0.07265625
0 0.20208333333333334 0.958203125 0.04479166666666667 0.075
0 0.3046875 0.944921875 0.059375 0.075
0 0.24869791666666666 0.9490234375 0.0453125 0.084765625
0 0.15989583333333332 0.9533203125 0.03333333333333333 0.071484375
0 0.75 0.8251953125 0.042708333333333334 0.092578125
0 0.062239583333333334 0.954296875 0.06510416666666667 0.01953125
0 0.04973958333333333 0.9845703125 0.0765625 0.023828125
0 0.946875 0.859765625 0.04791666666666667 0.065625
0 0.8606770833333334 0.81796875 0.05364583333333333 0.084375
0 0.80078125 0.8251953125 0.058854166666666666 0.090234375
0 0.4161458333333333 0.9435546875 0.05416666666666667 0.074609375
0 0.12109375 0.9525390625 0.034895833333333334 0.070703125
0 0.471875 0.944921875 0.05 0.065625
0 0.9356770833333333 0.66953125 0.0453125 0.04296875
0 0.5786458333333333 0.9421875 0.059375 0.07890625
0 0.6416666666666667 0.9388671875 0.057291666666666664 0.073046875
0 0.7 0.9419921875 0.052083333333333336 0.064453125
0 0.7619791666666667 0.9353515625 0.06041666666666667 0.068359375
0 0.8197916666666667 0.9283203125 0.04375 0.071484375
0 0.8684895833333334 0.926171875 0.05260416666666667 0.0671875
0 0.93046875 0.938671875 0.0578125 0.0625
0 0.9828125 0.94140625 0.0375 0.06015625
0 0.65078125 0.676171875 0.08489583333333334 0.04453125
0 0.7330729166666666 0.67578125 0.058854166666666666 0.04140625
0 0.7856770833333333 0.67265625 0.0421875 0.04375
0 0.8635416666666667 0.6703125 0.0625 0.04296875
0 0.6966145833333334 0.826953125 0.0546875 0.09375
0 0.059895833333333336 0.7912109375 0.040625 0.059765625
0 0.5236979166666667 0.947265625 0.0453125 0.07265625
0 0.6033854166666667 0.8208984375 0.0421875 0.073046875
0 0.9052083333333333 0.7404296875 0.053125 0.024609375
0 0.5072916666666667 0.8322265625 0.051041666666666666 0.096484375
0 0.3333333333333333 0.694921875 0.09270833333333334 0.01796875
0 0.44765625 0.6958984375 0.1171875 0.019921875
0 0.4432291666666667 0.6728515625 0.125 0.023828125
0 0.5609375 0.6822265625 0.090625 0.037109375
0 0.025 0.402734375 0.04895833333333333 0.07734375
0 0.03125 0.311328125 0.042708333333333334 0.059375
0 0.23072916666666668 0.759375 0.06041666666666667 0.0328125
0 0.2911458333333333 0.7521484375 0.052083333333333336 0.038671875
0 0.3502604166666667 0.7533203125 0.0578125 0.035546875
0 0.40572916666666664 0.74609375 0.046875 0.04765625
0 0.4627604166666667 0.7455078125 0.06197916666666667 0.044921875
0 0.5239583333333333 0.7447265625 0.05625 0.041015625
0 0.5877604166666667 0.74453125 0.06822916666666666 0.040625
0 0.6833333333333333 0.7404296875 0.058333333333333334 0.037109375
0 0.7348958333333333 0.7388671875 0.035416666666666666 0.042578125
0 0.7932291666666667 0.7384765625 0.030208333333333334 0.040234375
0 0.828125 0.738671875 0.03125 0.040625
0 0.85703125 0.7375 0.0265625 0.03828125
0 0.9463541666666667 0.7796875 0.040625 0.04921875
0 0.9854166666666667 0.7734375 0.029166666666666667 0.05234375
0 0.971875 0.734765625 0.058333333333333334 0.0234375
0 0.01328125 0.8787109375 0.0265625 0.062109375
0 0.06432291666666666 0.8791015625 0.049479166666666664 0.055078125
0 0.11822916666666666 0.855859375 0.04479166666666667 0.07265625
0 0.1703125 0.846875 0.051041666666666666 0.0859375
0 0.23072916666666668 0.8435546875 0.053125 0.084765625
0 0.29635416666666664 0.83828125 0.071875 0.0984375
0 0.36744791666666665 0.83828125 0.06614583333333333 0.096875
0 0.4432291666666667 0.84453125 0.071875 0.08359375
0 0.5580729166666667 0.8310546875 0.0484375 0.089453125
0 0.0859375 0.3828125 0.046875 0.05625
0 0.6526041666666667 0.578125 0.019791666666666666 0.08359375
0 0.07552083333333333 0.187890625 0.08854166666666667 0.07890625
0 0.09401041666666667 0.471875 0.049479166666666664 0.06640625
0 0.8161458333333333 0.365625 0.04375 0.06875
0 0.7713541666666667 0.3669921875 0.04583333333333333 0.072265625
0 0.7127604166666667 0.3748046875 0.0609375 0.064453125
0 0.6567708333333333 0.3740234375 0.04479166666666667 0.062890625
0 0.6143229166666667 0.377734375 0.034895833333333334 0.0609375
0 0.5260416666666666 0.377734375 0.046875 0.053125
0 0.45729166666666665 0.371875 0.07083333333333333 0.06640625
0 0.39453125 0.37734375 0.04114583333333333 0.06640625
0 0.35104166666666664 0.381640625 0.04583333333333333 0.06328125
0 0.96796875 0.366796875 0.0640625 0.06875
0 0.9815104166666667 0.2798828125 0.03802083333333333 0.040234375
0 0.14609375 0.4703125 0.0515625 0.065625
0 0.9005208333333333 0.2677734375 0.07083333333333333 0.062890625
0 0.7518229166666667 0.2677734375 0.0734375 0.060546875
0 0.6651041666666667 0.275 0.084375 0.0484375
0 0.5052083333333334 0.2765625 0.0875 0.0515625
0 0.40651041666666665 0.2810546875 0.10052083333333334 0.058203125
0 0.31223958333333335 0.278515625 0.0703125 0.0671875
0 0.22526041666666666 0.2771484375 0.07760416666666667 0.052734375
0 0.16380208333333332 0.2810546875 0.03802083333333333 0.060546875
0 0.09973958333333334 0.2849609375 0.08385416666666666 0.058203125
0 0.9809895833333333 0.1830078125 0.04010416666666667 0.066796875
0 0.93125 0.1904296875 0.042708333333333334 0.054296875
0 0.86796875 0.17734375 0.0609375 0.0609375
0 0.7950520833333333 0.19296875 0.0671875 0.03515625
0 0.8276041666666667 0.2705078125 0.06666666666666667 0.061328125
0 0.7177083333333333 0.1701171875 0.07395833333333333 0.077734375
0 0.2 0.4701171875 0.05416666666666667 0.062890625
0 0.41822916666666665 0.469140625 0.052083333333333336 0.065625
0 0.61484375 0.580078125 0.05572916666666667 0.09453125
0 0.5703125 0.579296875 0.03333333333333333 0.08515625
0 0.5278645833333333 0.5818359375 0.03697916666666667 0.087890625
0 0.4778645833333333 0.5861328125 0.05260416666666667 0.076953125
0 0.41640625 0.5849609375 0.0578125 0.078515625
0 0.35078125 0.5900390625 0.058854166666666666 0.067578125
0 0.28958333333333336 0.6013671875 0.05520833333333333 0.053515625
0 0.22890625 0.5927734375 0.058854166666666666 0.075390625
0 0.17994791666666668 0.6095703125 0.033854166666666664 0.042578125
0 0.134375 0.5970703125 0.0375 0.069140625
0 0.096875 0.5970703125 0.03854166666666667 0.066796875
0 0.029947916666666668 0.6275390625 0.058854166666666666 0.023046875
0 0.3104166666666667 0.4724609375 0.057291666666666664 0.064453125
0 0.030208333333333334 0.60234375 0.058333333333333334 0.021875
0 0.0296875 0.5140625 0.05625 0.03515625
0 0.9080729166666667 0.455859375 0.06302083333333333 0.0203125
0 0.9122395833333333 0.4796875 0.0546875 0.02421875
0 0.8518229166666667 0.482421875 0.0484375 0.0203125
0 0.8497395833333333 0.4568359375 0.0484375 0.021484375
0 0.7986979166666667 0.4642578125 0.04114583333333333 0.050390625
0 0.7390625 0.4720703125 0.07083333333333333 0.039453125
0 0.6669270833333333 0.4828125 0.0609375 0.0234375
0 0.66796875 0.45703125 0.059895833333333336 0.021875
0 0.59921875 0.4619140625 0.0578125 0.072265625
0 0.5393229166666667 0.4720703125 0.05677083333333333 0.051953125
0 0.4796875 0.4734375 0.0625 0.0546875
0 0.025520833333333333 0.5759765625 0.051041666666666666 0.022265625
0 0.1453125 0.3765625 0.046875 0.0703125
0 0.16484375 0.7578125 0.06927083333333334 0.03515625
0 0.3494791666666667 0.191015625 0.09583333333333334 0.0578125
0 0.5359375 0.1876953125 0.09583333333333334 0.062109375
0 0.63828125 0.1779296875 0.0640625 0.069140625
0 0.43802083333333336 0.1853515625 0.075 0.071484375
0 0.7528645833333333 0.5703125 0.0515625 0.1046875
0 0.8036458333333333 0.565625 0.04583333333333333 0.103125
0 0.846875 0.571875 0.035416666666666666 0.0953125
0 0.8848958333333333 0.567578125 0.036458333333333336 0.10078125
0 0.034375 0.7232421875 0.06666666666666667 0.024609375
0 0.03619791666666667 0.6931640625 0.06927083333333334 0.025390625
0 0.9481770833333333 0.5623046875 0.0671875 0.098828125
0 0.12864583333333332 0.7033203125 0.10208333333333333 0.019921875
0 0.23046875 0.6986328125 0.0953125 0.026953125
0 0.23489583333333333 0.67109375 0.084375 0.02421875
0 0.33046875 0.6724609375 0.09427083333333333 0.019921875
0 0.6885416666666667 0.5685546875 0.035416666666666666 0.098828125
0 0.016927083333333332 0.793359375 0.03177083333333333 0.05625
0 0.2552083333333333 0.1865234375 0.071875 0.069140625
0 0.17005208333333333 0.191796875 0.09322916666666667 0.06640625
0 0.13567708333333334 0.6802734375 0.10364583333333334 0.012890625
