0 0.4550653594771242 0.44224877450980393 0.03758169934640523 0.040747549019607844
0 0.3176062091503268 0.5194546568627451 0.0494281045751634 0.05116421568627451
0 0.37030228758169936 0.5076593137254902 0.042075163398692814 0.03982843137254902
0 0.5251225490196079 0.5419730392156863 0.06740196078431372 0.025735294117647058
0 0.5263480392156863 0.5770526960784313 0.06413398692810457 0.040747549019607844
0 0.5304330065359477 0.6139705882352942 0.06576797385620915 0.029411764705882353
0 0.5308415032679739 0.6488970588235294 0.06740196078431372 0.03799019607843137
0 0.5939542483660131 0.5585171568627451 0.059640522875817 0.03431372549019608
0 0.5951797385620915 0.5920649509803921 0.05718954248366013 0.027879901960784315
0 0.5955882352941176 0.6268382352941176 0.056372549019607844 0.03676470588235294
0 0.45751633986928103 0.6761642156862745 0.0718954248366013 0.03125
0 0.6341911764705882 0.5117953431372549 0.024918300653594773 0.02971813725490196
0 0.6830065359477124 0.49923406862745096 0.024509803921568627 0.02297794117647059
0 0.7113970588235294 0.49295343137254904 0.015931372549019607 0.029411764705882353
0 0.7342728758169934 0.5122549019607843 0.015931372549019607 0.030637254901960783
0 0.7146650326797386 0.5260416666666666 0.02246732026143791 0.027573529411764705
0 0.6879084967320261 0.5275735294117647 0.02287581699346405 0.030637254901960783
0 0.6615604575163399 0.5390625 0.026552287581699346 0.029105392156862746
0 0.6366421568627451 0.5490196078431373 0.023284313725490197 0.030637254901960783
0 0.6578839869281046 0.5073529411764706 0.01919934640522876 0.03125
0 0.6378676470588235 0.5787377450980392 0.024101307189542485 0.02267156862745098
0 0.45669934640522875 0.6351102941176471 0.07352941176470588 0.04105392156862745
0 0.45465686274509803 0.5597426470588235 0.06944444444444445 0.027573529411764705
0 0.6858660130718954 0.4407169117647059 0.02696078431372549 0.03768382352941176
0 0.6556372549019608 0.4462316176470588 0.03022875816993464 0.03952205882352941
0 0.6243872549019608 0.4508272058823529 0.027369281045751634 0.03707107843137255
0 0.5949754901960784 0.4572610294117647 0.02900326797385621 0.03707107843137255
0 0.5655637254901961 0.4646139705882353 0.028186274509803922 0.043198529411764705
0 0.5328839869281046 0.4724264705882353 0.03145424836601307 0.0428921568627451
0 0.4965277777777778 0.4810049019607843 0.034722222222222224 0.041666666666666664
0 0.4542483660130719 0.5939031862745098 0.07026143790849673 0.03768382352941176
0 0.45751633986928103 0.49065563725490197 0.0392156862745098 0.04871323529411765
0 0.13786764705882354 0.6893382352941176 0.2340686274509804 0.0392156862745098
0 0.1627859477124183 0.7372855392156863 0.18423202614379086 0.046262254901960786
0 0.17585784313725492 0.7941176470588235 0.17034313725490197 0.05024509803921569
0 0.36825980392156865 0.5890012254901961 0.10008169934640523 0.03400735294117647
0 0.3654003267973856 0.6277573529411765 0.10498366013071896 0.041666666666666664
0 0.3727532679738562 0.6703431372549019 0.0886437908496732 0.031862745098039214
0 0.3723447712418301 0.7095588235294118 0.09109477124183006 0.0428921568627451
0 0.12928921568627452 0.6338848039215687 0.24305555555555555 0.06311274509803921
0 0.6633986928104575 0.5707720588235294 0.022058823529411766 0.032475490196078434
0 0.6883169934640523 0.5586703431372549 0.02287581699346405 0.02542892156862745
0 0.7116013071895425 0.5543811274509803 0.02042483660130719 0.026041666666666668
0 0.40032679738562094 0.12974877450980393 0.03431372549019608 0.14613970588235295
0 0.3539624183006536 0.12331495098039216 0.0428921568627451 0.14491421568627452
0 0.3125 0.1168811274509804 0.03349673202614379 0.15104166666666666
0 0.7859477124183006 0.5585171568627451 0.026143790849673203 0.025122549019607844
0 0.8065767973856209 0.5528492647058824 0.013480392156862746 0.01685049019607843
0 0.8243464052287581 0.5482536764705882 0.014705882352941176 0.02297794117647059
0 0.8241421568627451 0.5223651960784313 0.013480392156862746 0.026348039215686275
0 0.44076797385620914 0.13618259803921567 0.03758169934640523 0.13756127450980393
0 0.8080065359477124 0.5251225490196079 0.017973856209150325 0.029411764705882353
0 0.7849264705882353 0.5041360294117647 0.024101307189542485 0.02971813725490196
0 0.8075980392156863 0.4990808823529412 0.0196078431372549 0.02022058823529412
0 0.2622549019607843 0.1132046568627451 0.051470588235294115 0.15900735294117646
0 0.16789215686274508 0.10707720588235294 0.05473856209150327 0.15900735294117646
0 0.09987745098039216 0.10340073529411764 0.060866013071895424 0.1724877450980392
0 0.03839869281045752 0.09451593137254902 0.06045751633986928 0.1798406862745098
0 0.4127859477124183 0.4963235294117647 0.034722222222222224 0.041666666666666664
0 0.7847222222222222 0.5318627450980392 0.02369281045751634 0.020833333333333332
0 0.47630718954248363 0.13526348039215685 0.02696078431372549 0.12959558823529413
0 0.514297385620915 0.1401654411764706 0.03349673202614379 0.12653186274509803
0 0.5451388888888888 0.14200367647058823 0.02165032679738562 0.12162990196078431
0 0.7118055555555556 0.5840992647058824 0.020016339869281044 0.0272671568627451
0 0.6891339869281046 0.5900735294117647 0.02042483660130719 0.03002450980392157
0 0.6615604575163399 0.6030943627450981 0.02246732026143791 0.029105392156862746
0 0.6352124183006536 0.6135110294117647 0.017973856209150325 0.03462009803921569
0 0.7350898692810458 0.5431985294117647 0.014297385620915032 0.027573529411764705
0 0.7551062091503268 0.5361519607843137 0.02165032679738562 0.029411764705882353
0 0.7591911764705882 0.5654105392156863 0.01919934640522876 0.02665441176470588
0 0.7346813725490197 0.5733762254901961 0.01919934640522876 0.0272671568627451
0 0.7816584967320261 0.47089460784313725 0.025735294117647058 0.027573529411764705
0 0.8020833333333334 0.4675245098039216 0.014297385620915032 0.028186274509803922
0 0.8253676470588235 0.45986519607843135 0.020016339869281044 0.03308823529411765
0 0.8274101307189542 0.4931066176470588 0.016748366013071895 0.029105392156862746
0 0.6915849673202614 0.15992647058823528 0.021241830065359478 0.11151960784313726
0 0.6670751633986928 0.15747549019607843 0.025326797385620915 0.1133578431372549
0 0.6356209150326797 0.15196078431372548 0.027777777777777776 0.11519607843137254
0 0.6090686274509803 0.14705882352941177 0.02369281045751634 0.1170343137254902
0 0.5772058823529411 0.1488970588235294 0.03349673202614379 0.12438725490196079
0 0.7116013071895425 0.4348958333333333 0.024509803921568627 0.03216911764705882
0 0.7371323529411765 0.42953431372549017 0.02246732026143791 0.03308823529411765
0 0.5910947712418301 0.5238970588235294 0.061274509803921566 0.023284313725490197
0 0.7810457516339869 0.41881127450980393 0.0196078431372549 0.03615196078431373
0 0.6570669934640523 0.3196997549019608 0.013480392156862746 0.05177696078431373
0 0.4936683006535948 0.43566176470588236 0.03308823529411765 0.042279411764705885
0 0.528390522875817 0.4287683823529412 0.02900326797385621 0.03768382352941176
0 0.5580065359477124 0.42264093137254904 0.03104575163398693 0.03768382352941176
0 0.6821895424836601 0.40027573529411764 0.02696078431372549 0.035845588235294115
0 0.7083333333333334 0.39736519607843135 0.026143790849673203 0.03615196078431373
0 0.7342728758169934 0.39246323529411764 0.024918300653594773 0.03860294117647059
0 0.6719771241830066 0.3180147058823529 0.010620915032679739 0.052083333333333336
0 0.7567401960784313 0.38817401960784315 0.020833333333333332 0.03308823529411765
0 0.625 0.32230392156862747 0.010620915032679739 0.05575980392156863
0 0.6119281045751634 0.3246017156862745 0.011437908496732025 0.05361519607843137
0 0.5996732026143791 0.32735906862745096 0.013071895424836602 0.0548406862745098
0 0.5839460784313726 0.3272058823529412 0.014297385620915032 0.05514705882352941
0 0.5688316993464052 0.32950367647058826 0.00857843137254902 0.05361519607843137
0 0.5520833333333334 0.3319546568627451 0.01919934640522876 0.05238970588235294
0 0.5326797385620915 0.33348651960784315 0.013071895424836602 0.0548406862745098
0 0.6411356209150327 0.32169117647058826 0.014297385620915032 0.05330882352941176
0 0.6848447712418301 0.31862745098039214 0.01184640522875817 0.05392156862745098
0 0.701797385620915 0.3170955882352941 0.01715686274509804 0.04718137254901961
0 0.7177287581699346 0.31724877450980393 0.012254901960784314 0.047487745098039214
0 0.4113562091503268 0.45159313725490197 0.04411764705882353 0.04411764705882353
0 0.36887254901960786 0.45526960784313725 0.03676470588235294 0.05269607843137255
0 0.32516339869281047 0.46338848039215685 0.03839869281045752 0.046262254901960786
0 0.27267156862745096 0.4609375 0.0559640522875817 0.047487745098039214
0 0.06147875816993464 0.5701593137254902 0.07720588235294118 0.06066176470588235
0 0.13112745098039216 0.5565257352941176 0.06372549019607843 0.03707107843137255
0 0.19750816993464052 0.5401348039215687 0.053513071895424834 0.05575980392156863
0 0.19138071895424835 0.48483455882352944 0.06495098039215687 0.04932598039215686
0 0.12479575163398693 0.5006127450980392 0.061683006535947715 0.0661764705882353
0 0.0494281045751634 0.5105698529411765 0.08251633986928104 0.05177696078431373
0 0.7475490196078431 0.2662377450980392 0.010620915032679739 0.04534313725490196
0 0.735498366013072 0.26485906862745096 0.011029411764705883 0.046262254901960786
0 0.7209967320261438 0.26715686274509803 0.014705882352941176 0.04963235294117647
0 0.758578431372549 0.42325367647058826 0.02042483660130719 0.024816176470588234
0 0.7408088235294118 0.31387867647058826 0.009395424836601307 0.04503676470588235
0 0.7520424836601307 0.31449142156862747 0.011437908496732025 0.04503676470588235
0 0.7293709150326797 0.3160232843137255 0.011029411764705883 0.048100490196078434
0 0.516952614379085 0.33394607843137253 0.014297385620915032 0.056372549019607844
0 0.4991830065359477 0.33578431372549017 0.0196078431372549 0.05943627450980392
0 0.7015931372549019 0.26746323529411764 0.020833333333333332 0.04840686274509804
0 0.45098039215686275 0.33777573529411764 0.018790849673202614 0.06464460784313726
0 0.1343954248366013 0.3492647058823529 0.028594771241830064 0.11519607843137254
0 0.09456699346405228 0.35140931372549017 0.03799019607843137 0.11580882352941177
0 0.056372549019607844 0.3550857843137255 0.03104575163398693 0.11580882352941177
0 0.021241830065359478 0.3556985294117647 0.03839869281045752 0.11213235294117647
0 0.8353758169934641 0.17064950980392157 0.0196078431372549 0.08455882352941177
0 0.8125 0.16911764705882354 0.014705882352941176 0.0900735294117647
0 0.7945261437908496 0.1639093137254902 0.0196078431372549 0.09558823529411764
0 0.16952614379084968 0.3449754901960784 0.03349673202614379 0.1090686274509804
0 0.775531045751634 0.16636029411764705 0.013480392156862746 0.09558823529411764
0 0.7152777777777778 0.16023284313725492 0.0196078431372549 0.11274509803921569
0 0.7787990196078431 0.38388480392156865 0.020016339869281044 0.030637254901960783
0 0.7969771241830066 0.38036151960784315 0.016339869281045753 0.02971813725490196
0 0.8171977124183006 0.37423406862745096 0.020016339869281044 0.02665441176470588
0 0.8184232026143791 0.4108455882352941 0.01838235294117647 0.032475490196078434
0 0.7977941176470589 0.4152879901960784 0.014705882352941176 0.03155637254901961
0 0.477124183006536 0.3362438725490196 0.024509803921568627 0.057904411764705885
0 0.7581699346405228 0.1636029411764706 0.015522875816993464 0.10110294117647059
0 0.20302287581699346 0.3431372549019608 0.03104575163398693 0.11519607843137254
0 0.7340686274509803 0.16482843137254902 0.02042483660130719 0.10477941176470588
0 0.35110294117647056 0.27650122549019607 0.025735294117647058 0.0664828431372549
0 0.38500816993464054 0.34298406862745096 0.028186274509803922 0.0664828431372549
0 0.3562091503267974 0.3434436274509804 0.02369281045751634 0.06311274509803921
0 0.6076388888888888 0.2682291666666667 0.023284313725490197 0.053002450980392156
0 0.5866013071895425 0.26807598039215685 0.015522875816993464 0.05392156862745098
0 0.5665849673202614 0.2708333333333333 0.016339869281045753 0.05821078431372549
0 0.43137254901960786 0.3425245098039216 0.014705882352941176 0.05821078431372549
0 0.41237745098039214 0.34160539215686275 0.017565359477124183 0.05943627450980392
0 0.5328839869281046 0.27205882352941174 0.013480392156862746 0.06066176470588235
0 0.5500408496732027 0.27297794117647056 0.01511437908496732 0.05943627450980392
0 0.4959150326797386 0.2696078431372549 0.01715686274509804 0.061887254901960786
0 0.4750816993464052 0.27236519607843135 0.024509803921568627 0.06678921568627451
0 0.4520016339869281 0.2731311274509804 0.01919934640522876 0.0628063725490196
0 0.42830882352941174 0.2778799019607843 0.024918300653594773 0.06495098039215687
0 0.4074754901960784 0.27619485294117646 0.015931372549019607 0.06587009803921569
0 0.3831699346405229 0.2783394607843137 0.028594771241830064 0.06403186274509803
0 0.5151143790849673 0.27328431372549017 0.018790849673202614 0.061887254901960786
0 0.2937091503267974 0.3293504901960784 0.06535947712418301 0.08700980392156862
