0 0.8481770833333333 0.39140625 0.09427083333333333 0.10078125
0 0.95 0.3853515625 0.06145833333333333 0.098046875
0 0.47291666666666665 0.527734375 0.10833333333333334 0.09375
0 0.6078125 0.5173828125 0.096875 0.102734375
0 0.7192708333333333 0.5306640625 0.09895833333333333 0.089453125
0 0.8216145833333334 0.51796875 0.0953125 0.10625
0 0.934375 0.52109375 0.07083333333333333 0.09453125
0 0.48411458333333335 0.6505859375 0.11510416666666666 0.097265625
0 0.8708333333333333 0.6533203125 0.06979166666666667 0.079296875
0 0.7119791666666667 0.6505859375 0.071875 0.073828125
0 0.7890625 0.65078125 0.07708333333333334 0.08125
0 0.7494791666666667 0.395703125 0.08333333333333333 0.09453125
0 0.9518229166666666 0.6462890625 0.08697916666666666 0.088671875
0 0.4934895833333333 0.7779296875 0.0765625 0.096484375
0 0.5893229166666667 0.7677734375 0.07552083333333333 0.078515625
0 0.6614583333333334 0.758984375 0.0625 0.07265625
0 0.7505208333333333 0.7697265625 0.057291666666666664 0.069921875
0 0.8520833333333333 0.776171875 0.07708333333333334 0.08515625
0 0.6197916666666666 0.6576171875 0.09895833333333333 0.090234375
0 0.6348958333333333 0.396484375 0.12604166666666666 0.09765625
0 0.9005208333333333 0.257421875 0.08229166666666667 0.109375
0 0.9822916666666667 0.2640625 0.0375 0.10859375
0 0.12708333333333333 0.070703125 0.153125 0.13828125
0 0.28203125 0.0748046875 0.15052083333333333 0.142578125
0 0.05677083333333333 0.26953125 0.11354166666666667 0.15234375
0 0.18385416666666668 0.283203125 0.134375 0.12578125
0 0.3390625 0.27890625 0.15 0.13125
0 0.028125 0.4943359375 0.05625 0.123828125
0 0.1375 0.49296875 0.15208333333333332 0.1203125
0 0.29583333333333334 0.4927734375 0.16145833333333334 0.120703125
0 0.01796875 0.705859375 0.0359375 0.12265625
0 0.4859375 0.3880859375 0.128125 0.095703125
0 0.0796875 0.7087890625 0.06770833333333333 0.115234375
0 0.22630208333333332 0.7021484375 0.0609375 0.123828125
0 0.29921875 0.70078125 0.08072916666666667 0.121875
0 0.3770833333333333 0.69140625 0.0625 0.13828125
0 0.06848958333333334 0.898046875 0.09635416666666667 0.1234375
0 0.17395833333333333 0.909765625 0.10729166666666666 0.09765625
0 0.30885416666666665 0.900390625 0.115625 0.09453125
0 0.6466145833333333 0.2630859375 0.0953125 0.104296875
0 0.7880208333333333 0.259765625 0.096875 0.09921875
0 0.4434895833333333 0.8888671875 0.06510416666666667 0.052734375
0 0.153125 0.706640625 0.07291666666666667 0.11484375
0 0.5153645833333333 0.8955078125 0.05260416666666667 0.011328125
0 0.9513020833333333 0.77421875 0.0703125 0.08125
0 0.7708333333333334 0.8859375 0.05625 0.0109375
0 0.5763020833333333 0.9029296875 0.0609375 0.008203125
0 0.7135416666666666 0.896875 0.046875 0.009375
0 0.65078125 0.897265625 0.06302083333333333 0.01015625
0 0.9494791666666667 0.872265625 0.06666666666666667 0.02890625
0 0.4479166666666667 0.97734375 0.05520833333333333 0.046875
0 0.5239583333333333 0.96953125 0.06875 0.05390625
0 0.8364583333333333 0.880859375 0.05520833333333333 0.02265625
0 0.5153645833333333 0.9076171875 0.0640625 0.010546875
0 0.6484375 0.966796875 0.058333333333333334 0.05703125
0 0.7114583333333333 0.9669921875 0.04895833333333333 0.057421875
0 0.778125 0.9591796875 0.06458333333333334 0.058203125
0 0.8380208333333333 0.963671875 0.042708333333333334 0.05546875
0 0.9059895833333333 0.953515625 0.06822916666666666 0.06953125
0 0.9731770833333333 0.96171875 0.05364583333333333 0.075
0 0.5815104166666667 0.893359375 0.06302083333333333 0.009375
0 0.5864583333333333 0.96953125 0.051041666666666666 0.06015625
0 0.8528645833333334 0.84453125 0.04739583333333333 0.03515625
