0 0.8267094017094017 0.2300480769230769 0.15854700854700854 0.016826923076923076
0 0.20106837606837608 0.3213942307692308 0.07051282051282051 0.08942307692307692
0 0.26303418803418804 0.3231971153846154 0.047435897435897434 0.09302884615384616
0 0.5963675213675214 0.7905048076923077 0.029487179487179487 0.04591346153846154
0 0.39893162393162396 0.31646634615384617 0.04230769230769231 0.10697115384615384
0 0.5072649572649572 0.26947115384615383 0.15042735042735042 0.012980769230769231
0 0.513034188034188 0.2530048076923077 0.13974358974358975 0.013701923076923077
0 0.6576923076923077 0.2519230769230769 0.1358974358974359 0.014423076923076924
0 0.8284188034188035 0.21069711538461539 0.15598290598290598 0.017548076923076923
0 0.8228632478632478 0.24951923076923077 0.15512820512820513 0.01875
0 0.8615384615384616 0.3141826923076923 0.15213675213675212 0.023076923076923078
0 0.9538461538461539 0.24879807692307693 0.09572649572649573 0.014423076923076924
0 0.5173076923076924 0.3140625 0.1371794871794872 0.019471153846153846
0 0.5143162393162393 0.3361778846153846 0.1371794871794872 0.020913461538461537
0 0.019658119658119658 0.31790865384615385 0.039316239316239315 0.09591346153846154
0 0.8630341880341881 0.33774038461538464 0.14914529914529914 0.021153846153846155
0 0.9726495726495726 0.31514423076923076 0.05897435897435897 0.021634615384615384
0 0.9726495726495726 0.3373798076923077 0.05897435897435897 0.020432692307692308
0 0.026923076923076925 0.44471153846153844 0.05384615384615385 0.09903846153846153
0 0.1 0.4424278846153846 0.06923076923076923 0.09591346153846154
0 0.17222222222222222 0.4433894230769231 0.06752136752136752 0.09783653846153846
0 0.9557692307692308 0.23173076923076924 0.09017094017094017 0.016826923076923076
0 0.9662393162393162 0.1453125 0.06752136752136752 0.018990384615384614
0 0.8459401709401709 0.08329326923076923 0.16452991452991453 0.029086538461538462
0 0.967948717948718 0.1046875 0.06666666666666667 0.019951923076923075
0 0.9051282051282051 0.8170673076923077 0.03247863247863248 0.06538461538461539
0 0.8694444444444445 0.8186298076923076 0.03205128205128205 0.059375
0 0.8331196581196582 0.8079326923076923 0.02435897435897436 0.047115384615384615
0 0.8057692307692308 0.8227163461538461 0.027777777777777776 0.05889423076923077
0 0.7737179487179487 0.8092548076923077 0.03034188034188034 0.07427884615384615
0 0.7405982905982906 0.8092548076923077 0.029914529914529916 0.07427884615384615
0 0.7036324786324787 0.8079326923076923 0.03717948717948718 0.06826923076923076
0 0.6643162393162393 0.8063701923076924 0.03461538461538462 0.07139423076923077
0 0.6292735042735043 0.7902644230769231 0.02435897435897436 0.045432692307692306
0 0.023076923076923078 0.1596153846153846 0.046153846153846156 0.07548076923076923
0 0.07713675213675214 0.16117788461538463 0.050854700854700854 0.07764423076923077
0 0.15918803418803418 0.16033653846153847 0.051709401709401706 0.07596153846153846
0 0.21303418803418803 0.16201923076923078 0.050854700854700854 0.0764423076923077
0 0.269017094017094 0.16201923076923078 0.054273504273504275 0.0764423076923077
0 0.32927350427350427 0.1622596153846154 0.05512820512820513 0.0798076923076923
0 0.3844017094017094 0.16490384615384615 0.050854700854700854 0.07307692307692308
0 0.5019230769230769 0.08737980769230769 0.16623931623931623 0.024759615384615383
0 0.5010683760683761 0.11213942307692308 0.16367521367521368 0.021875
0 0.49914529914529915 0.13569711538461537 0.17094017094017094 0.02139423076923077
0 0.67008547008547 0.14110576923076923 0.1547008547008547 0.019230769230769232
0 0.2514957264957265 0.44302884615384613 0.07051282051282051 0.1
0 0.8489316239316239 0.11153846153846154 0.16452991452991453 0.02451923076923077
0 0.8461538461538461 0.13641826923076922 0.1658119658119658 0.02283653846153846
0 0.9681623931623932 0.12451923076923077 0.06709401709401709 0.016826923076923076
0 0.32564102564102565 0.4420673076923077 0.06923076923076923 0.09807692307692308
0 0.5170940170940171 0.4472355769230769 0.14786324786324787 0.019951923076923075
0 0.5153846153846153 0.4054086538461538 0.15042735042735042 0.021875
0 0.79508547008547 0.5888221153846154 0.11666666666666667 0.012740384615384615
0 0.8 0.6067307692307692 0.1264957264957265 0.014903846153846155
0 0.9247863247863248 0.596514423076923 0.09658119658119659 0.024759615384615383
0 0.015598290598290598 0.6872596153846153 0.031196581196581197 0.08701923076923077
0 0.08568376068376068 0.6865384615384615 0.06794871794871794 0.09471153846153846
0 0.15982905982905982 0.6846153846153846 0.06923076923076923 0.09423076923076923
0 0.2668803418803419 0.6800480769230769 0.05512820512820513 0.08173076923076923
0 0.3108974358974359 0.6808894230769231 0.029487179487179487 0.07716346153846154
0 0.22008547008547008 0.6800480769230769 0.03247863247863248 0.08173076923076923
0 0.5168803418803419 0.7088942307692307 0.11068376068376068 0.05
0 0.5032051282051282 0.8120192307692308 0.027777777777777776 0.052403846153846155
0 0.46623931623931625 0.8282451923076923 0.039316239316239315 0.062259615384615385
0 0.4111111111111111 0.8048076923076923 0.0641025641025641 0.08076923076923077
0 0.344017094017094 0.8060096153846154 0.06324786324786325 0.0889423076923077
0 0.266025641025641 0.8128605769230769 0.06965811965811966 0.096875
0 0.1905982905982906 0.8134615384615385 0.06581196581196581 0.09471153846153846
0 0.12350427350427351 0.7978365384615385 0.05641025641025641 0.08798076923076924
0 0.05555555555555555 0.7969951923076923 0.07264957264957266 0.08629807692307692
0 0.764102564102564 0.6802884615384616 0.022222222222222223 0.03942307692307692
0 0.9833333333333333 0.6914663461538462 0.03675213675213675 0.05889423076923077
0 0.9420940170940171 0.6941105769230769 0.04145299145299145 0.0641826923076923
0 0.8527777777777777 0.7158653846153846 0.12777777777777777 0.03701923076923077
0 0.8566239316239316 0.6856971153846154 0.12606837606837606 0.019951923076923075
0 0.6517094017094017 0.6174278846153847 0.12905982905982907 0.017548076923076923
0 0.652991452991453 0.598798076923077 0.13162393162393163 0.01730769230769231
0 0.5111111111111111 0.6174278846153847 0.13076923076923078 0.017548076923076923
0 0.5138888888888888 0.5992788461538462 0.13034188034188035 0.014903846153846155
0 0.5155982905982905 0.4268028846153846 0.15085470085470085 0.018509615384615385
0 0.7303418803418803 0.39639423076923075 0.12307692307692308 0.012980769230769231
0 0.7299145299145299 0.41346153846153844 0.12222222222222222 0.016346153846153847
0 0.7316239316239316 0.43365384615384617 0.12564102564102564 0.020192307692307693
0 0.9198717948717948 0.40108173076923076 0.14316239316239315 0.01610576923076923
0 0.9151709401709401 0.42764423076923075 0.13803418803418804 0.035576923076923075
0 0.3974358974358974 0.48846153846153845 0.039316239316239315 0.05048076923076923
0 0.4010683760683761 0.5414663461538461 0.03547008547008547 0.04927884615384615
0 0.397008547008547 0.5899038461538462 0.03247863247863248 0.04807692307692308
0 0.027564102564102563 0.5698317307692308 0.05512820512820513 0.09975961538461539
0 0.08632478632478632 0.5699519230769231 0.05811965811965812 0.1
0 0.40683760683760684 0.43173076923076925 0.035897435897435895 0.05913461538461538
0 0.18247863247863247 0.5590144230769231 0.07692307692307693 0.084375
0 0.36004273504273504 0.5676682692307692 0.03547008547008547 0.09254807692307693
0 0.5134615384615384 0.5219951923076923 0.13547008547008546 0.01658653846153846
0 0.561965811965812 0.7878605769230769 0.02564102564102564 0.06514423076923077
0 0.5185897435897436 0.5479567307692308 0.13974358974358975 0.01658653846153846
0 0.647008547008547 0.4967548076923077 0.12478632478632479 0.018028846153846152
0 0.5335470085470085 0.8025240384615384 0.02863247863247863 0.06370192307692307
0 0.6544871794871795 0.5311298076923077 0.11837606837606837 0.01658653846153846
0 0.7837606837606838 0.5390625 0.13247863247863248 0.019951923076923075
0 0.9352564102564103 0.5151442307692308 0.1311965811965812 0.014903846153846155
0 0.936965811965812 0.5436298076923077 0.12777777777777777 0.03822115384615385
0 0.5126068376068376 0.5854567307692308 0.12777777777777777 0.008894230769230769
0 0.3004273504273504 0.5670673076923077 0.07863247863247863 0.09759615384615385
0 0.6517094017094017 0.5141826923076923 0.11965811965811966 0.014423076923076924
0 0.3262820512820513 0.3230769230769231 0.07051282051282051 0.08942307692307692
