0 0.6354166666666666 0.4419424019607843 0.024101307189542485 0.02971813725490196
0 0.8874591503267973 0.42110906862745096 0.03553921568627451 0.07935049019607843
0 0.9662990196078431 0.42401960784313725 0.028186274509803922 0.07352941176470588
0 0.9283088235294118 0.42830882352941174 0.042075163398692814 0.06495098039215687
0 0.8249591503267973 0.4195772058823529 0.025735294117647058 0.07996323529411764
0 0.7892156862745098 0.4284620098039216 0.04003267973856209 0.06464460784313726
0 0.744281045751634 0.42723651960784315 0.04411764705882353 0.06464460784313726
0 0.7022058823529411 0.4212622549019608 0.031862745098039214 0.07598039215686274
0 0.667687908496732 0.4453125 0.030637254901960783 0.027879901960784315
0 0.037173202614379085 0.16927083333333334 0.0457516339869281 0.1014093137254902
0 0.2988153594771242 0.17386642156862744 0.05106209150326797 0.11060049019607843
0 0.09395424836601307 0.16559436274509803 0.04411764705882353 0.11060049019607843
0 0.1497140522875817 0.17662377450980393 0.05841503267973856 0.09712009803921569
0 0.20159313725490197 0.17371323529411764 0.04370915032679738 0.10294117647058823
0 0.25 0.16620710784313725 0.04738562091503268 0.11427696078431372
0 0.35171568627450983 0.16881127450980393 0.05310457516339869 0.11090686274509803
0 0.40175653594771243 0.17279411764705882 0.04534313725490196 0.10477941176470588
0 0.4477124183006536 0.17371323529411764 0.04330065359477124 0.10723039215686274
0 0.48937908496732024 0.21384803921568626 0.04084967320261438 0.027573529411764705
0 0.5281862745098039 0.18397671568627452 0.028594771241830064 0.09283088235294118
0 0.6154003267973857 0.39950980392156865 0.030637254901960783 0.052083333333333336
0 0.590890522875817 0.4427083333333333 0.053513071895424834 0.03125
0 0.6491013071895425 0.3939950980392157 0.03349673202614379 0.04411764705882353
0 0.12316176470588236 0.28707107843137253 0.04534313725490196 0.10784313725490197
0 0.5608660130718954 0.1793811274509804 0.03022875816993464 0.09895833333333333
0 0.9440359477124183 0.3324142156862745 0.03349673202614379 0.04411764705882353
0 0.9078839869281046 0.3330269607843137 0.037173202614379085 0.04350490196078431
0 0.8700980392156863 0.34543504901960786 0.03676470588235294 0.01133578431372549
0 0.8639705882352942 0.3287377450980392 0.035130718954248366 0.015931372549019607
0 0.829452614379085 0.31173406862745096 0.034722222222222224 0.07996323529411764
0 0.795547385620915 0.31418504901960786 0.03145424836601307 0.07506127450980392
0 0.7575571895424836 0.31387867647058826 0.03799019607843137 0.07567401960784313
0 0.7193627450980392 0.3147977941176471 0.03349673202614379 0.07138480392156862
0 0.6870915032679739 0.31862745098039214 0.03022875816993464 0.06066176470588235
0 0.6601307189542484 0.31066176470588236 0.02287581699346405 0.0741421568627451
0 0.6225490196078431 0.3013174019607843 0.04820261437908497 0.09283088235294118
0 0.5733251633986928 0.33777573529411764 0.04370915032679738 0.018075980392156864
0 0.5718954248366013 0.31433823529411764 0.04411764705882353 0.022058823529411766
0 0.53125 0.31878063725490197 0.03145424836601307 0.05545343137254902
0 0.49693627450980393 0.30545343137254904 0.030637254901960783 0.08272058823529412
0 0.460375816993464 0.2928921568627451 0.03676470588235294 0.10355392156862746
0 0.4193218954248366 0.29151348039215685 0.037173202614379085 0.10447303921568628
0 0.1750408496732026 0.28768382352941174 0.05514705882352941 0.10661764705882353
0 0.23651960784313725 0.31050857843137253 0.056372549019607844 0.06096813725490196
0 0.3729575163398693 0.29105392156862747 0.041666666666666664 0.1053921568627451
0 0.32046568627450983 0.29120710784313725 0.051879084967320264 0.10508578431372549
0 0.9838643790849673 0.31755514705882354 0.03390522875816993 0.06832107843137254
0 0.027369281045751634 0.5425857843137255 0.05473856209150327 0.10416666666666667
0 0.032475490196078434 0.42233455882352944 0.06495098039215687 0.10079656862745098
0 0.13541666666666666 0.42463235294117646 0.04044117647058824 0.09436274509803921
0 0.5915032679738562 0.18658088235294118 0.029411764705882353 0.09068627450980392
0 0.622140522875817 0.18857230392156862 0.026143790849673203 0.08854166666666667
0 0.6633986928104575 0.1879595588235294 0.05473856209150327 0.09589460784313726
0 0.7113970588235294 0.18642769607843138 0.0363562091503268 0.09589460784313726
0 0.7567401960784313 0.18658088235294118 0.05106209150326797 0.10110294117647059
0 0.8043300653594772 0.1870404411764706 0.041666666666666664 0.10324754901960784
0 0.8555964052287581 0.18474264705882354 0.05759803921568627 0.10784313725490197
0 0.9080882352941176 0.19224877450980393 0.04084967320261438 0.1014093137254902
0 0.951797385620915 0.19163602941176472 0.0457516339869281 0.10202205882352941
0 0.029411764705882353 0.2881433823529412 0.04820261437908497 0.10202205882352941
0 0.07455065359477124 0.29181985294117646 0.04125816993464052 0.09589460784313726
0 0.5375816993464052 0.38112745098039214 0.03676470588235294 0.02389705882352941
0 0.5439133986928104 0.43933823529411764 0.03145424836601307 0.034926470588235295
0 0.5138888888888888 0.4414828431372549 0.025326797385620915 0.028799019607843136
0 0.4852941176470588 0.41360294117647056 0.028594771241830064 0.08946078431372549
0 0.4323937908496732 0.45067401960784315 0.06004901960784314 0.04718137254901961
0 0.3756127450980392 0.42922794117647056 0.054330065359477125 0.08762254901960784
0 0.3233251633986928 0.42784926470588236 0.05024509803921569 0.09037990196078431
0 0.2771650326797386 0.42693014705882354 0.03308823529411765 0.09221813725490197
0 0.23488562091503268 0.4255514705882353 0.049019607843137254 0.09375
0 0.18504901960784315 0.4267769607843137 0.04330065359477124 0.09497549019607843
0 0.08905228758169935 0.4250919117647059 0.04493464052287582 0.0934436274509804
0 0.08333333333333333 0.5435049019607843 0.05555555555555555 0.1017156862745098
0 0.9810049019607843 0.7996323529411765 0.024918300653594773 0.06556372549019608
0 0.20588235294117646 0.5470281862745098 0.06699346405228758 0.10018382352941177
0 0.9883578431372549 0.6824448529411765 0.02165032679738562 0.05238970588235294
0 0.9536356209150327 0.6827512254901961 0.024101307189542485 0.05238970588235294
0 0.9281045751633987 0.6829044117647058 0.02696078431372549 0.05024509803921569
0 0.8941993464052288 0.6845894607843137 0.027777777777777776 0.05116421568627451
0 0.8703022875816994 0.6753982843137255 0.02246732026143791 0.07077205882352941
0 0.8443627450980392 0.6691176470588235 0.021241830065359478 0.07169117647058823
0 0.8169934640522876 0.6677389705882353 0.03104575163398693 0.08486519607843138
0 0.7818627450980392 0.6766237745098039 0.03594771241830065 0.06709558823529412
0 0.7453022875816994 0.680453431372549 0.03145424836601307 0.06740196078431372
0 0.7152777777777778 0.6858149509803921 0.025326797385620915 0.05606617647058824
0 0.6864787581699346 0.6838235294117647 0.02900326797385621 0.05269607843137255
0 0.6566584967320261 0.6835171568627451 0.026552287581699346 0.05330882352941176
0 0.6172385620915033 0.6963848039215687 0.04493464052287582 0.028799019607843136
0 0.5800653594771242 0.6871936274509803 0.027777777777777776 0.0508578431372549
0 0.5488153594771242 0.6861213235294118 0.030637254901960783 0.05177696078431373
0 0.5147058823529411 0.6868872549019608 0.03022875816993464 0.04963235294117647
0 0.48590686274509803 0.6858149509803921 0.026552287581699346 0.05116421568627451
0 0.41687091503267976 0.6596200980392157 0.09354575163398693 0.10477941176470588
0 0.3474264705882353 0.6622242647058824 0.0298202614379085 0.09895833333333333
0 0.015727124183006536 0.774203431372549 0.03145424836601307 0.10110294117647059
0 0.04595588235294118 0.7717524509803921 0.023284313725490197 0.08272058823529412
0 0.08231209150326797 0.7930453431372549 0.042075163398692814 0.0934436274509804
0 0.12091503267973856 0.7977941176470589 0.03349673202614379 0.08639705882352941
0 0.14276960784313725 0.5458026960784313 0.05923202614379085 0.10263480392156862
0 0.9319852941176471 0.7881433823529411 0.024101307189542485 0.08302696078431372
0 0.9048202614379085 0.7878370098039216 0.02696078431372549 0.08486519607843138
0 0.8752042483660131 0.7872242647058824 0.025735294117647058 0.08854166666666667
0 0.8419117647058824 0.7859987745098039 0.03431372549019608 0.08854166666666667
0 0.7977941176470589 0.7844669117647058 0.05392156862745098 0.09712009803921569
0 0.7567401960784313 0.7890625 0.025735294117647058 0.08241421568627451
0 0.7281454248366013 0.8002450980392157 0.0298202614379085 0.06433823529411764
0 0.6911764705882353 0.7907475490196079 0.041666666666666664 0.08700980392156862
0 0.3059640522875817 0.6640625 0.051470588235294115 0.09650735294117647
0 0.6458333333333334 0.7912071078431373 0.04493464052287582 0.08854166666666667
0 0.5578022875816994 0.7737438725490197 0.03390522875816993 0.09221813725490197
0 0.5202205882352942 0.7899816176470589 0.03799019607843137 0.09099264705882353
0 0.4795751633986928 0.7893688725490197 0.04003267973856209 0.09221813725490197
0 0.43770424836601307 0.7852328431372549 0.0363562091503268 0.09620098039215687
0 0.3958333333333333 0.7907475490196079 0.04330065359477124 0.09375
0 0.3053513071895425 0.7792585784313726 0.068218954248366 0.09466911764705882
0 0.23794934640522875 0.7927389705882353 0.05923202614379085 0.09466911764705882
0 0.18280228758169934 0.7939644607843137 0.03880718954248366 0.08915441176470588
0 0.15053104575163398 0.7921262254901961 0.024101307189542485 0.07996323529411764
0 0.6064133986928104 0.8010110294117647 0.030637254901960783 0.06893382352941177
0 0.26348039215686275 0.6617647058823529 0.03104575163398693 0.09987745098039216
0 0.35641339869281047 0.7596507352941176 0.026552287581699346 0.06893382352941177
0 0.19750816993464052 0.6640625 0.03227124183006536 0.10018382352941177
0 0.9840686274509803 0.5124080882352942 0.027777777777777776 0.06403186274509803
0 0.9497549019607843 0.5125612745098039 0.03104575163398693 0.06372549019607843
0 0.9127859477124183 0.5128676470588235 0.03553921568627451 0.06372549019607843
0 0.875 0.5147058823529411 0.03594771241830065 0.05943627450980392
0 0.8394607843137255 0.5278799019607843 0.032679738562091505 0.03615196078431373
0 0.8106617647058824 0.5182291666666666 0.025735294117647058 0.057904411764705885
0 0.7736928104575164 0.5199142156862745 0.04493464052287582 0.049019607843137254
0 0.7295751633986928 0.5278799019607843 0.0392156862745098 0.03308823529411765
0 0.6850490196078431 0.5310968137254902 0.03676470588235294 0.02971813725490196
0 0.4826388888888889 0.5840992647058824 0.020016339869281044 0.0548406862745098
0 0.6470588235294118 0.5214460784313726 0.029411764705882353 0.049019607843137254
0 0.5430964052287581 0.5199142156862745 0.02246732026143791 0.04656862745098039
0 0.5214460784313726 0.514859068627451 0.014297385620915032 0.05912990196078431
0 0.5044934640522876 0.5154718137254902 0.01715686274509804 0.06096813725490196
0 0.4846813725490196 0.5151654411764706 0.020833333333333332 0.0628063725490196
0 0.43647875816993464 0.5474877450980392 0.060866013071895424 0.09620098039215687
0 0.37969771241830064 0.5474877450980392 0.05106209150326797 0.09497549019607843
0 0.3243464052287582 0.5503982843137255 0.05228758169934641 0.0934436274509804
0 0.23100490196078433 0.663296568627451 0.027369281045751634 0.0974264705882353
0 0.2665441176470588 0.5467218137254902 0.05514705882352941 0.09099264705882353
0 0.6180555555555556 0.5220588235294118 0.021241830065359478 0.05024509803921569
0 0.5065359477124183 0.5831801470588235 0.021241830065359478 0.050551470588235295
0 0.5684232026143791 0.5154718137254902 0.02246732026143791 0.05606617647058824
0 0.5733251633986928 0.5859375 0.014297385620915032 0.050551470588235295
0 0.127859477124183 0.6666666666666666 0.04493464052287582 0.09926470588235294
0 0.1650326797385621 0.6646752450980392 0.027777777777777776 0.10018382352941177
0 0.5531045751633987 0.5863970588235294 0.01715686274509804 0.049019607843137254
0 0.07332516339869281 0.6671262254901961 0.056781045751633986 0.0940563725490196
0 0.02185457516339869 0.6620710784313726 0.04370915032679738 0.10294117647058823
0 0.9767156862745098 0.6092218137254902 0.0196078431372549 0.010723039215686275
0 0.9105392156862745 0.6104473039215687 0.03104575163398693 0.007659313725490196
0 0.9746732026143791 0.5943627450980392 0.02287581699346405 0.013480392156862746
0 0.9409722222222222 0.5954350490196079 0.03145424836601307 0.018075980392156864
0 0.90625 0.5928308823529411 0.02246732026143791 0.015931372549019607
0 0.9444444444444444 0.6133578431372549 0.02696078431372549 0.011029411764705883
0 0.8390522875816994 0.5974264705882353 0.0392156862745098 0.03553921568627451
0 0.7798202614379085 0.585171568627451 0.07598039215686274 0.05330882352941176
0 0.7310049019607843 0.5900735294117647 0.020833333333333332 0.04656862745098039
0 0.707312091503268 0.5891544117647058 0.020016339869281044 0.04595588235294118
0 0.6781045751633987 0.5902267156862745 0.02287581699346405 0.043198529411764705
0 0.6564542483660131 0.5903799019607843 0.018790849673202614 0.032475490196078434
0 0.5962009803921569 0.5902267156862745 0.020833333333333332 0.043198529411764705
0 0.8792892156862745 0.5952818627450981 0.026552287581699346 0.03431372549019608
0 0.6174428104575164 0.5880821078431373 0.020016339869281044 0.04381127450980392
0 0.6382761437908496 0.5962009803921569 0.01838235294117647 0.03308823529411765
