0 0.23631535947712418 0.6515012254901961 0.04534313725490196 0.03707107843137255
0 0.6207107843137255 0.5916053921568627 0.01838235294117647 0.017769607843137254
0 0.6954656862745098 0.5240502450980392 0.016748366013071895 0.022365196078431373
0 0.676062091503268 0.5258884803921569 0.014705882352941176 0.021139705882352942
0 0.6511437908496732 0.53125 0.022058823529411766 0.026348039215686275
0 0.6254084967320261 0.5367647058823529 0.02369281045751634 0.01838235294117647
0 0.6270424836601307 0.515625 0.026143790849673203 0.018995098039215685
0 0.6531862745098039 0.5078125 0.02287581699346405 0.018688725490196078
0 0.6758578431372549 0.5061274509803921 0.01838235294117647 0.01838235294117647
0 0.6970996732026143 0.49984681372549017 0.020833333333333332 0.021139705882352942
0 0.7181372549019608 0.4967830882352941 0.015522875816993464 0.021752450980392156
0 0.7350898692810458 0.48943014705882354 0.014297385620915032 0.024816176470588234
0 0.7165032679738562 0.5174632352941176 0.00980392156862745 0.0196078431372549
0 0.7516339869281046 0.48253676470588236 0.013888888888888888 0.023284313725490197
0 0.7832924836601307 0.47870710784313725 0.011029411764705883 0.024816176470588234
0 0.7171160130718954 0.46767769607843135 0.01511437908496732 0.02420343137254902
0 0.7015931372549019 0.47043504901960786 0.012663398692810458 0.02849264705882353
0 0.65625 0.4817708333333333 0.024101307189542485 0.0272671568627451
0 0.630718954248366 0.484375 0.022058823529411766 0.02389705882352941
0 0.6264297385620915 0.4577205882352941 0.025735294117647058 0.02267156862745098
0 0.3272058823529412 0.6326593137254902 0.03022875816993464 0.0392156862745098
0 0.33088235294117646 0.6700367647058824 0.035130718954248366 0.03431372549019608
0 0.2890114379084967 0.6835171568627451 0.042075163398692814 0.03982843137254902
0 0.24305555555555555 0.6946997549019608 0.031862745098039214 0.03462009803921569
0 0.7661356209150327 0.48161764705882354 0.017565359477124183 0.02144607843137255
0 0.733047385620915 0.5160845588235294 0.010212418300653595 0.01991421568627451
0 0.764297385620915 0.5050551470588235 0.015522875816993464 0.023590686274509803
0 0.7495915032679739 0.5102634803921569 0.013888888888888888 0.017463235294117647
0 0.6388888888888888 0.5931372549019608 0.018790849673202614 0.02389705882352941
0 0.6638071895424836 0.5818014705882353 0.013888888888888888 0.0196078431372549
0 0.6858660130718954 0.5759803921568627 0.018790849673202614 0.01715686274509804
0 0.7064950980392157 0.5692401960784313 0.014297385620915032 0.022058823529411766
0 0.7261029411764706 0.5637254901960784 0.020016339869281044 0.023284313725490197
0 0.7463235294117647 0.5540747549019608 0.016339869281045753 0.019301470588235295
0 0.7630718954248366 0.5500919117647058 0.011437908496732025 0.016237745098039217
0 0.7984068627450981 0.5431985294117647 0.013480392156862746 0.017769607843137254
0 0.8127042483660131 0.5416666666666666 0.009395424836601307 0.018995098039215685
0 0.8141339869281046 0.5171568627450981 0.00980392156862745 0.018995098039215685
0 0.8026960784313726 0.5191482843137255 0.011437908496732025 0.02297794117647059
0 0.7837009803921569 0.5217524509803921 0.010212418300653595 0.018995098039215685
0 0.7659313725490197 0.5286458333333334 0.014705882352941176 0.019301470588235295
0 0.7483660130718954 0.5314031862745098 0.012254901960784314 0.01991421568627451
0 0.7289624183006536 0.5392156862745098 0.01838235294117647 0.0196078431372549
0 0.7120098039215687 0.5413602941176471 0.008986928104575163 0.02144607843137255
0 0.696078431372549 0.5491727941176471 0.013888888888888888 0.018075980392156864
0 0.6738153594771242 0.5507046568627451 0.02246732026143791 0.021752450980392156
0 0.6452205882352942 0.5609681372549019 0.02246732026143791 0.025122549019607844
0 0.6217320261437909 0.5623468137254902 0.02042483660130719 0.023590686274509803
0 0.8169934640522876 0.4944852941176471 0.015522875816993464 0.02022058823529412
0 0.7994281045751634 0.49724264705882354 0.013071895424836602 0.018995098039215685
0 0.7845179738562091 0.5001531862745098 0.01184640522875817 0.015625
0 0.28737745098039214 0.6433823529411765 0.037173202614379085 0.03308823529411765
0 0.6807598039215687 0.4771752450980392 0.020016339869281044 0.024816176470588234
0 0.7787990196078431 0.5471813725490197 0.015931372549019607 0.020833333333333332
0 0.1380718954248366 0.6276041666666666 0.027777777777777776 0.026041666666666668
0 0.19015522875816993 0.24724264705882354 0.05024509803921569 0.04779411764705882
0 0.24142156862745098 0.25168504901960786 0.05065359477124183 0.03768382352941176
0 0.2951388888888889 0.2535232843137255 0.051879084967320264 0.04197303921568627
0 0.3029003267973856 0.2959558823529412 0.03880718954248366 0.03860294117647059
0 0.24979575163398693 0.2956495098039216 0.05106209150326797 0.044730392156862746
0 0.19383169934640523 0.2936580882352941 0.04861111111111111 0.03400735294117647
0 0.19444444444444445 0.3347120098039216 0.05473856209150327 0.04258578431372549
0 0.24959150326797386 0.3371629901960784 0.05065359477124183 0.03829656862745098
0 0.29840686274509803 0.33639705882352944 0.042075163398692814 0.03676470588235294
0 0.3029003267973856 0.375 0.03880718954248366 0.037377450980392156
0 0.25531045751633985 0.37699142156862747 0.05228758169934641 0.03216911764705882
0 0.20383986928104575 0.3782169117647059 0.04493464052287582 0.03768382352941176
0 0.2020016339869281 0.4174325980392157 0.0494281045751634 0.036458333333333336
0 0.2512254901960784 0.4163602941176471 0.0457516339869281 0.03860294117647059
0 0.3000408496732026 0.41329656862745096 0.0494281045751634 0.03431372549019608
0 0.3425245098039216 0.41329656862745096 0.03227124183006536 0.03553921568627451
0 0.34191176470588236 0.37637867647058826 0.03349673202614379 0.033394607843137254
0 0.1409313725490196 0.7120098039215687 0.03349673202614379 0.029411764705882353
0 0.3415032679738562 0.3365502450980392 0.03431372549019608 0.030330882352941176
0 0.09436274509803921 0.7287071078431373 0.025326797385620915 0.01685049019607843
0 0.0392156862745098 0.5954350490196079 0.031862745098039214 0.040747549019607844
0 0.8116830065359477 0.38005514705882354 0.02369281045751634 0.01991421568627451
0 0.7945261437908496 0.37806372549019607 0.008986928104575163 0.018995098039215685
0 0.7757352941176471 0.38235294117647056 0.022058823529411766 0.01838235294117647
0 0.7551062091503268 0.3828125 0.01919934640522876 0.019301470588235295
0 0.7322303921568627 0.38419117647058826 0.024101307189542485 0.017769607843137254
0 0.7148692810457516 0.38419117647058826 0.013888888888888888 0.022058823529411766
0 0.6962826797385621 0.38878676470588236 0.01838235294117647 0.017769607843137254
0 0.6746323529411765 0.38878676470588236 0.016748366013071895 0.022058823529411766
0 0.6529820261437909 0.3900122549019608 0.023284313725490197 0.024509803921568627
0 0.6256127450980392 0.39077818627450983 0.02900326797385621 0.026041666666666668
0 0.08292483660130719 0.5848651960784313 0.04738562091503268 0.04411764705882353
0 0.12888071895424835 0.577359068627451 0.037173202614379085 0.04381127450980392
0 0.09456699346405228 0.6352634803921569 0.042075163398692814 0.03216911764705882
0 0.14460784313725492 0.6672794117647058 0.03676470588235294 0.04105392156862745
0 0.10151143790849673 0.6907169117647058 0.03308823529411765 0.04197303921568627
0 0.05821078431372549 0.7014399509803921 0.034722222222222224 0.0389093137254902
0 0.04411764705882353 0.6473651960784313 0.026143790849673203 0.04105392156862745
0 0.05923202614379085 0.7443321078431373 0.03676470588235294 0.02971813725490196
0 0.34129901960784315 0.3017769607843137 0.03390522875816993 0.03553921568627451
0 0.1423611111111111 0.7535232843137255 0.04125816993464052 0.04503676470588235
0 0.1031454248366013 0.7774203431372549 0.02165032679738562 0.04136029411764706
0 0.4348447712418301 0.6367953431372549 0.027369281045751634 0.0352328431372549
0 0.46875 0.6285232843137255 0.024918300653594773 0.030943627450980393
0 0.4977532679738562 0.6208639705882353 0.024101307189542485 0.03400735294117647
0 0.522671568627451 0.6130514705882353 0.023284313725490197 0.03370098039215686
0 0.551062091503268 0.6038602941176471 0.018790849673202614 0.027573529411764705
0 0.5755718954248366 0.5974264705882353 0.02287581699346405 0.029411764705882353
0 0.5743464052287581 0.5698529411764706 0.02369281045751634 0.023284313725490197
0 0.5502450980392157 0.5753676470588235 0.0196078431372549 0.022058823529411766
0 0.525531045751634 0.5822610294117647 0.01919934640522876 0.020526960784313725
0 0.4991830065359477 0.5897671568627451 0.02369281045751634 0.026348039215686275
0 0.4681372549019608 0.5968137254901961 0.03104575163398693 0.025735294117647058
0 0.43157679738562094 0.6056985294117647 0.027369281045751634 0.025122549019607844
0 0.4348447712418301 0.5759803921568627 0.03145424836601307 0.029411764705882353
0 0.46772875816993464 0.5686274509803921 0.02696078431372549 0.02389705882352941
0 0.4993872549019608 0.5609681372549019 0.024918300653594773 0.025122549019607844
0 0.5241013071895425 0.5574448529411765 0.02042483660130719 0.029105392156862746
0 0.5465686274509803 0.5516237745098039 0.0196078431372549 0.022365196078431373
0 0.4035947712418301 0.6499693627450981 0.028594771241830064 0.03707107843137255
0 0.36580882352941174 0.6583946078431373 0.034722222222222224 0.03553921568627451
0 0.4863153594771242 0.3356311274509804 0.030637254901960783 0.03216911764705882
0 0.45179738562091504 0.33792892156862747 0.02696078431372549 0.030637254901960783
0 0.06719771241830065 0.7905943627450981 0.03308823529411765 0.03707107843137255
0 0.429125816993464 0.5441176470588235 0.034722222222222224 0.02696078431372549
0 0.46629901960784315 0.5373774509803921 0.03553921568627451 0.032475490196078434
0 0.3627450980392157 0.26516544117647056 0.07679738562091504 0.03155637254901961
0 0.4178921568627451 0.26577818627450983 0.028594771241830064 0.035845588235294115
0 0.4528186274509804 0.26669730392156865 0.03308823529411765 0.03216911764705882
0 0.4863153594771242 0.2696078431372549 0.026552287581699346 0.034926470588235295
0 0.5175653594771242 0.27190563725490197 0.031862745098039214 0.030943627450980393
0 0.8327205882352942 0.37714460784313725 0.01838235294117647 0.023284313725490197
0 0.5514705882352942 0.27098651960784315 0.03431372549019608 0.03155637254901961
0 0.5469771241830066 0.30575980392156865 0.02696078431372549 0.030637254901960783
0 0.5194035947712419 0.30422794117647056 0.0298202614379085 0.030637254901960783
0 0.4854983660130719 0.30315563725490197 0.028186274509803922 0.03278186274509804
0 0.4562908496732026 0.3040747549019608 0.029411764705882353 0.033394607843137254
0 0.4207516339869281 0.3017769607843137 0.0392156862745098 0.03553921568627451
0 0.37949346405228757 0.2994791666666667 0.04411764705882353 0.033394607843137254
0 0.37888071895424835 0.33670343137254904 0.03227124183006536 0.037377450980392156
0 0.4164624183006536 0.33792892156862747 0.03799019607843137 0.03676470588235294
0 0.5743464052287581 0.30392156862745096 0.021241830065359478 0.03002450980392157
0 0.5737336601307189 0.5438112745098039 0.026552287581699346 0.023284313725490197
0 0.8339460784313726 0.35324754901960786 0.016748366013071895 0.024509803921568627
0 0.7949346405228758 0.3553921568627451 0.016339869281045753 0.0196078431372549
0 0.5720996732026143 0.39338235294117646 0.027369281045751634 0.025122549019607844
0 0.6460375816993464 0.30392156862745096 0.028186274509803922 0.03002450980392157
0 0.6715686274509803 0.30545343137254904 0.022058823529411766 0.025122549019607844
0 0.696078431372549 0.30667892156862747 0.017973856209150325 0.026348039215686275
0 0.7183415032679739 0.30652573529411764 0.025735294117647058 0.029105392156862746
0 0.7577614379084967 0.30637254901960786 0.018790849673202614 0.0196078431372549
0 0.7816584967320261 0.30514705882352944 0.025735294117647058 0.025735294117647058
0 0.8147467320261438 0.33026960784313725 0.017565359477124183 0.02144607843137255
0 0.7959558823529411 0.33348651960784315 0.014297385620915032 0.02420343137254902
0 0.778390522875817 0.3324142156862745 0.016748366013071895 0.02267156862745098
0 0.7567401960784313 0.3333333333333333 0.015931372549019607 0.024509803921568627
0 0.7381535947712419 0.3327205882352941 0.016339869281045753 0.026348039215686275
0 0.7165032679738562 0.33578431372549017 0.018790849673202614 0.02267156862745098
0 0.696078431372549 0.3347120098039216 0.018790849673202614 0.02420343137254902
0 0.6736111111111112 0.3330269607843137 0.02287581699346405 0.025122549019607844
0 0.6474673202614379 0.33409926470588236 0.026143790849673203 0.026041666666666668
0 0.6209150326797386 0.35983455882352944 0.02287581699346405 0.03155637254901961
0 0.8143382352941176 0.35431985294117646 0.01838235294117647 0.022365196078431373
0 0.6484885620915033 0.3616727941176471 0.024918300653594773 0.029105392156862746
0 0.5428921568627451 0.3972120098039216 0.025326797385620915 0.02849264705882353
0 0.5140931372549019 0.39736519607843135 0.024918300653594773 0.02696078431372549
0 0.5042892156862745 0.5291053921568627 0.03799019607843137 0.024509803921568627
0 0.4513888888888889 0.4025735294117647 0.03022875816993464 0.025122549019607844
0 0.7761437908496732 0.35723039215686275 0.014705882352941176 0.02267156862745098
0 0.4852941176470588 0.40027573529411764 0.028594771241830064 0.03155637254901961
0 0.7334558823529411 0.35922181372549017 0.01919934640522876 0.021752450980392156
0 0.7134395424836601 0.35784313725490197 0.015931372549019607 0.02144607843137255
0 0.6921977124183006 0.3602941176470588 0.02246732026143791 0.028799019607843136
0 0.6721813725490197 0.36044730392156865 0.01511437908496732 0.02665441176470588
0 0.5194035947712419 0.3371629901960784 0.027369281045751634 0.029105392156862746
0 0.5447303921568627 0.33609068627450983 0.024918300653594773 0.03125
0 0.5751633986928104 0.33394607843137253 0.029411764705882353 0.028799019607843136
0 0.7577614379084967 0.3581495098039216 0.02287581699346405 0.022058823529411766
0 0.5469771241830066 0.3671875 0.02696078431372549 0.02420343137254902
0 0.5181781045751634 0.3674938725490196 0.028186274509803922 0.02849264705882353
0 0.48651960784313725 0.36963848039215685 0.03022875816993464 0.02849264705882353
0 0.4562908496732026 0.3708639705882353 0.025326797385620915 0.029105392156862746
0 0.42177287581699346 0.37346813725490197 0.037173202614379085 0.03002450980392157
0 0.38174019607843135 0.37346813725490197 0.039624183006535946 0.03125
0 0.4178921568627451 0.40640318627450983 0.028594771241830064 0.030943627450980393
0 0.38419117647058826 0.4074754901960784 0.03880718954248366 0.031862745098039214
0 0.5751633986928104 0.3625919117647059 0.027777777777777776 0.027879901960784315
