0 0.42320261437908496 0.30514705882352944 0.03758169934640523 0.06495098039215687
0 0.3872549019607843 0.31142769607843135 0.028594771241830064 0.05361519607843137
0 0.3553921568627451 0.31050857843137253 0.03104575163398693 0.05422794117647059
0 0.9805964052287581 0.7090992647058824 0.04044117647058824 0.11182598039215687
0 0.9074754901960784 0.7112438725490197 0.09926470588235294 0.109375
0 0.9142156862745098 0.5886948529411765 0.11601307189542484 0.08425245098039216
0 0.9742647058823529 0.5220588235294118 0.05310457516339869 0.02389705882352941
0 0.9221813725490197 0.5220588235294118 0.030637254901960783 0.0196078431372549
0 0.5886437908496732 0.5117953431372549 0.03758169934640523 0.057904411764705885
0 0.8280228758169934 0.5088848039215687 0.04738562091503268 0.06372549019607843
0 0.7806372549019608 0.5093443627450981 0.04084967320261438 0.06464460784313726
0 0.71875 0.5114889705882353 0.07393790849673203 0.06341911764705882
0 0.6439950980392157 0.5091911764705882 0.06004901960784314 0.06678921568627451
0 0.24142156862745098 0.2994791666666667 0.04493464052287582 0.08425245098039216
0 0.3247549019607843 0.31204044117647056 0.026143790849673203 0.050551470588235295
0 0.2894199346405229 0.31464460784313725 0.03390522875816993 0.05330882352941176
0 0.8966503267973857 0.8852634803921569 0.08088235294117647 0.08486519607843138
0 0.8801062091503268 0.5232843137254902 0.034722222222222224 0.022058823529411766
0 0.4599673202614379 0.30514705882352944 0.028594771241830064 0.06004901960784314
0 0.8792892156862745 0.29963235294117646 0.04616013071895425 0.0900735294117647
0 0.5363562091503268 0.29993872549019607 0.058823529411764705 0.061274509803921566
0 0.33619281045751637 0.8345588235294118 0.02369281045751634 0.08455882352941177
0 0.6825980392156863 0.7346813725490197 0.0457516339869281 0.05514705882352941
0 0.30800653594771243 0.8333333333333334 0.021241830065359478 0.08517156862745098
0 0.2839052287581699 0.8325674019607843 0.02287581699346405 0.08792892156862746
0 0.258374183006536 0.8307291666666666 0.02246732026143791 0.0860906862745098
0 0.23304738562091504 0.8307291666666666 0.024918300653594773 0.08670343137254902
0 0.9720179738562091 0.8927696078431373 0.05841503267973856 0.07720588235294118
0 0.9810049019607843 0.13955269607843138 0.03799019607843137 0.11550245098039216
0 0.49203431372549017 0.30223651960784315 0.027369281045751634 0.06403186274509803
0 0.8316993464052288 0.3010110294117647 0.026143790849673203 0.03278186274509804
0 0.7802287581699346 0.30422794117647056 0.02369281045751634 0.03676470588235294
0 0.7546977124183006 0.30361519607843135 0.023284313725490197 0.037377450980392156
0 0.7305964052287581 0.3069852941176471 0.01919934640522876 0.03553921568627451
0 0.7054738562091504 0.30667892156862747 0.02287581699346405 0.03860294117647059
0 0.6830065359477124 0.3079044117647059 0.018790849673202614 0.037377450980392156
0 0.6599264705882353 0.3091299019607843 0.01919934640522876 0.03799019607843137
0 0.636437908496732 0.31066176470588236 0.02287581699346405 0.03799019607843137
0 0.5968137254901961 0.29764093137254904 0.05392156862745098 0.06341911764705882
0 0.8053513071895425 0.3034620098039216 0.017565359477124183 0.0352328431372549
0 0.9281045751633987 0.14414828431372548 0.05228758169934641 0.10386029411764706
0 0.31290849673202614 0.19347426470588236 0.049836601307189546 0.08792892156862746
0 0.8325163398692811 0.16804534313725492 0.03104575163398693 0.07138480392156862
0 0.6139705882352942 0.40824142156862747 0.04738562091503268 0.05974264705882353
0 0.6701388888888888 0.4103860294117647 0.0428921568627451 0.05361519607843137
0 0.7212009803921569 0.40487132352941174 0.044526143790849675 0.05912990196078431
0 0.7702205882352942 0.4053308823529412 0.042075163398692814 0.05514705882352941
0 0.8225081699346405 0.4024203431372549 0.0428921568627451 0.06403186274509803
0 0.8780637254901961 0.4140625 0.04044117647058824 0.08670343137254902
0 0.9219771241830066 0.41390931372549017 0.03676470588235294 0.0857843137254902
0 0.9605800653594772 0.41268382352941174 0.03553921568627451 0.08884803921568628
0 0.5763888888888888 0.42049632352941174 0.0196078431372549 0.035845588235294115
0 0.9916258169934641 0.41544117647058826 0.01838235294117647 0.08272058823529412
0 0.33169934640522875 0.5032169117647058 0.06862745098039216 0.07506127450980392
0 0.3852124183006536 0.5104166666666666 0.027777777777777776 0.05759803921568627
0 0.4164624183006536 0.5128676470588235 0.026552287581699346 0.0508578431372549
0 0.44893790849673204 0.5142463235294118 0.031862745098039214 0.053002450980392156
0 0.48651960784313725 0.5125612745098039 0.031862745098039214 0.056372549019607844
0 0.5204248366013072 0.5143995098039216 0.02696078431372549 0.05575980392156863
0 0.553921568627451 0.5139399509803921 0.027777777777777776 0.057291666666666664
0 0.36437908496732024 0.8322610294117647 0.03022875816993464 0.09712009803921569
0 0.25469771241830064 0.5044424019607843 0.07475490196078431 0.07628676470588236
0 0.8770424836601307 0.14751838235294118 0.041666666666666664 0.11121323529411764
0 0.5514705882352942 0.42034313725490197 0.02287581699346405 0.03553921568627451
0 0.4922385620915033 0.4074754901960784 0.04330065359477124 0.06556372549019608
0 0.795547385620915 0.1721813725490196 0.03553921568627451 0.07598039215686274
0 0.7598039215686274 0.16268382352941177 0.02696078431372549 0.09620098039215687
0 0.7287581699346405 0.16053921568627452 0.022058823529411766 0.1017156862745098
0 0.6864787581699346 0.16605392156862744 0.056781045751633986 0.09620098039215687
0 0.630718954248366 0.17018995098039216 0.04003267973856209 0.09895833333333333
0 0.5921160130718954 0.1723345588235294 0.02900326797385621 0.09650735294117647
0 0.5498366013071896 0.17585784313725492 0.051470588235294115 0.09191176470588236
0 0.5004084967320261 0.17723651960784315 0.03758169934640523 0.09895833333333333
0 0.5269607843137255 0.42034313725490197 0.017973856209150325 0.03308823529411765
0 0.45894607843137253 0.18045343137254902 0.0363562091503268 0.09191176470588236
0 0.3700980392156863 0.1881127450980392 0.05718954248366013 0.08823529411764706
0 0.24223856209150327 0.19087009803921567 0.08169934640522876 0.09375
0 0.20506535947712418 0.4260110294117647 0.04820261437908497 0.04197303921568627
0 0.26000816993464054 0.42080269607843135 0.04779411764705882 0.04381127450980392
0 0.3053513071895425 0.41973039215686275 0.024918300653594773 0.04105392156862745
0 0.3394607843137255 0.4178921568627451 0.03349673202614379 0.044730392156862746
0 0.3882761437908497 0.41452205882352944 0.04616013071895425 0.05698529411764706
0 0.4440359477124183 0.40931372549019607 0.04738562091503268 0.06311274509803921
0 0.4185049019607843 0.18198529411764705 0.03390522875816993 0.09620098039215687
0 0.39950980392156865 0.8529411764705882 0.027777777777777776 0.06924019607843138
0 0.7287581699346405 0.7359068627450981 0.03758169934640523 0.05330882352941176
0 0.46078431372549017 0.8402267156862745 0.024509803921568627 0.0977328431372549
0 0.09170751633986927 0.4258578431372549 0.013480392156862746 0.02267156862745098
0 0.1068218954248366 0.4260110294117647 0.01184640522875817 0.02420343137254902
0 0.12173202614379085 0.4263174019607843 0.010620915032679739 0.021752450980392156
0 0.14808006535947713 0.42693014705882354 0.015931372549019607 0.020526960784313725
0 0.13337418300653595 0.42800245098039214 0.00857843137254902 0.02022058823529412
0 0.03145424836601307 0.4730392156862745 0.04084967320261438 0.03002450980392157
0 0.11805555555555555 0.4621629901960784 0.03758169934640523 0.022365196078431373
0 0.1133578431372549 0.48452818627450983 0.024918300653594773 0.017463235294117647
0 0.04330065359477124 0.5139399509803921 0.03022875816993464 0.021752450980392156
0 0.012459150326797386 0.5102634803921569 0.02246732026143791 0.03278186274509804
0 0.0798611111111111 0.5026041666666666 0.03390522875816993 0.03216911764705882
0 0.12234477124183006 0.5050551470588235 0.04044117647058824 0.019301470588235295
0 0.16176470588235295 0.4924938725490196 0.027777777777777776 0.030943627450980393
0 0.0181781045751634 0.6052389705882353 0.0298202614379085 0.008884803921568627
0 0.07598039215686274 0.4264705882352941 0.013071895424836602 0.023284313725490197
0 0.018586601307189542 0.6239276960784313 0.03390522875816993 0.017463235294117647
0 0.06515522875816994 0.6049325980392157 0.026552287581699346 0.029105392156862746
0 0.09272875816993464 0.59375 0.022058823529411766 0.03553921568627451
0 0.12397875816993464 0.5886948529411765 0.02165032679738562 0.024816176470588234
0 0.15196078431372548 0.5804227941176471 0.02369281045751634 0.03400735294117647
0 0.05371732026143791 0.6852022058823529 0.04125816993464052 0.06709558823529412
0 0.08946078431372549 0.6727941176470589 0.017973856209150325 0.07598039215686274
0 0.12295751633986927 0.6579350490196079 0.03839869281045752 0.06219362745098039
0 0.1664624183006536 0.6410845588235294 0.03390522875816993 0.07077205882352941
0 0.061887254901960786 0.7784926470588235 0.05106209150326797 0.05759803921568627
0 0.10702614379084967 0.7582720588235294 0.03104575163398693 0.06433823529411764
0 0.1388888888888889 0.7417279411764706 0.026143790849673203 0.07720588235294118
0 0.17034313725490197 0.7248774509803921 0.031862745098039214 0.06372549019607843
0 0.03022875816993464 0.9492953431372549 0.05065359477124183 0.06403186274509803
0 0.0798611111111111 0.9241727941176471 0.04044117647058824 0.09037990196078431
0 0.041870915032679736 0.6167279411764706 0.011029411764705883 0.02267156862745098
0 0.12479575163398693 0.8962928921568627 0.03880718954248366 0.057291666666666664
0 0.061274509803921566 0.4267769607843137 0.012254901960784314 0.024509803921568627
0 0.03349673202614379 0.42800245098039214 0.010620915032679739 0.025122549019607844
0 0.7743055555555556 0.7394301470588235 0.04370915032679738 0.057291666666666664
0 0.823937908496732 0.7395833333333334 0.042483660130718956 0.05575980392156863
0 0.25592320261437906 0.6119791666666666 0.0363562091503268 0.048100490196078434
0 0.29820261437908496 0.6070772058823529 0.03594771241830065 0.05361519607843137
0 0.33312908496732024 0.608609068627451 0.030637254901960783 0.05545343137254902
0 0.3700980392156863 0.6095281862745098 0.031862745098039214 0.05361519607843137
0 0.40788398692810457 0.6115196078431373 0.03145424836601307 0.05392156862745098
0 0.4462826797385621 0.6124387254901961 0.0363562091503268 0.05269607843137255
0 0.4877450980392157 0.6115196078431373 0.03758169934640523 0.061274509803921566
0 0.5279820261437909 0.6119791666666666 0.0298202614379085 0.060355392156862746
0 0.5671977124183006 0.6171875 0.03880718954248366 0.05606617647058824
0 0.6264297385620915 0.6132046568627451 0.0690359477124183 0.06525735294117647
0 0.6834150326797386 0.6151960784313726 0.041666666666666664 0.06372549019607843
0 0.7261029411764706 0.6155024509803921 0.03553921568627451 0.06311274509803921
0 0.0457516339869281 0.42693014705882354 0.013071895424836602 0.024816176470588234
0 0.7724673202614379 0.6171875 0.04330065359477124 0.06341911764705882
0 0.032679738562091505 0.16069240196078433 0.03104575163398693 0.10876225490196079
0 0.007352941176470588 0.15502450980392157 0.013888888888888888 0.11519607843137254
0 0.0690359477124183 0.1798406862745098 0.03758169934640523 0.09497549019607843
0 0.10804738562091504 0.19362745098039216 0.030637254901960783 0.07291666666666667
0 0.013276143790849673 0.35202205882352944 0.016748366013071895 0.1017156862745098
0 0.034109477124183 0.35171568627450983 0.020833333333333332 0.1017156862745098
0 0.056576797385620915 0.35294117647058826 0.015931372549019607 0.10110294117647059
0 0.07761437908496732 0.35294117647058826 0.016339869281045753 0.09252450980392157
0 0.10049019607843138 0.35324754901960786 0.017973856209150325 0.09252450980392157
0 0.11866830065359477 0.3527879901960784 0.013480392156862746 0.09037990196078431
0 0.13623366013071894 0.3549325980392157 0.017565359477124183 0.08915441176470588
0 0.15808823529411764 0.3550857843137255 0.02042483660130719 0.0900735294117647
0 0.00755718954248366 0.42754289215686275 0.00857843137254902 0.02420343137254902
0 0.02022058823529412 0.42754289215686275 0.01184640522875817 0.023590686274509803
0 0.8196486928104575 0.6170343137254902 0.04616013071895425 0.0625
0 0.4305555555555556 0.8509497549019608 0.02696078431372549 0.06893382352941177
0 0.16196895424836602 0.8596813725490197 0.03145424836601307 0.07291666666666667
0 0.9859068627450981 0.2974877450980392 0.02900326797385621 0.08517156862745098
0 0.9370915032679739 0.29764093137254904 0.05718954248366013 0.08731617647058823
0 0.6356209150326797 0.7277879901960784 0.03104575163398693 0.060355392156862746
0 0.5962009803921569 0.7300857843137255 0.04044117647058824 0.05759803921568627
0 0.5514705882352942 0.7253370098039216 0.03594771241830065 0.057291666666666664
0 0.5136846405228758 0.7228860294117647 0.03227124183006536 0.0585171568627451
0 0.477124183006536 0.7230392156862745 0.031862745098039214 0.06004901960784314
0 0.43729575163398693 0.7182904411764706 0.037173202614379085 0.057904411764705885
0 0.36294934640522875 0.7167585784313726 0.0298202614379085 0.05667892156862745
0 0.32455065359477125 0.7164522058823529 0.025735294117647058 0.05606617647058824
0 0.2930964052287582 0.7136948529411765 0.02900326797385621 0.05545343137254902
0 0.2540849673202614 0.7152267156862745 0.026143790849673203 0.05361519607843137
0 0.4007352941176471 0.7185968137254902 0.03022875816993464 0.057904411764705885
0 0.7779820261437909 0.8760723039215687 0.03553921568627451 0.07077205882352941
0 0.49325980392156865 0.8466605392156863 0.0298202614379085 0.09712009803921569
0 0.8196486928104575 0.8805147058823529 0.039624183006535946 0.07720588235294118
0 0.5561683006535948 0.8494178921568627 0.026552287581699346 0.09528186274509803
0 0.5849673202614379 0.8504901960784313 0.02369281045751634 0.09620098039215687
0 0.6133578431372549 0.8552389705882353 0.024101307189542485 0.09528186274509803
0 0.5271650326797386 0.8457414215686274 0.028186274509803922 0.09834558823529412
0 0.6744281045751634 0.8612132352941176 0.029411764705882353 0.09558823529411764
0 0.7058823529411765 0.8595281862745098 0.02369281045751634 0.09895833333333333
0 0.7416258169934641 0.8743872549019608 0.02900326797385621 0.07720588235294118
0 0.6435866013071896 0.8543198529411765 0.024918300653594773 0.09528186274509803
