0 0.5290598290598291 0.5061298076923076 0.06495726495726496 0.06274038461538461
0 0.31517094017094016 0.5067307692307692 0.06794871794871794 0.06153846153846154
0 0.38952991452991453 0.5056490384615384 0.06709401709401709 0.0641826923076923
0 0.4585470085470085 0.50625 0.0641025641025641 0.06298076923076923
0 0.9247863247863248 0.5829326923076923 0.06324786324786325 0.046153846153846156
0 0.1294871794871795 0.6004807692307692 0.07179487179487179 0.09326923076923077
0 0.9824786324786324 0.5841346153846154 0.037606837606837605 0.041346153846153845
0 0.9155982905982906 0.6305288461538462 0.06623931623931624 0.04519230769230769
0 0.9775641025641025 0.6318509615384615 0.049145299145299144 0.04783653846153846
0 0.6959401709401709 0.6384615384615384 0.06623931623931624 0.03461538461538462
0 0.7636752136752136 0.6384615384615384 0.06495726495726496 0.03461538461538462
0 0.8326923076923077 0.6415865384615385 0.0594017094017094 0.03653846153846154
0 0.8371794871794872 0.5997596153846154 0.06752136752136752 0.04375
0 0.7653846153846153 0.5984375 0.0641025641025641 0.04110576923076923
0 0.6963675213675213 0.5953125 0.06452991452991454 0.045432692307692306
0 0.6284188034188034 0.5948317307692308 0.06282051282051282 0.04591346153846154
0 0.5570512820512821 0.6325721153846153 0.05683760683760684 0.03245192307692308
0 0.4908119658119658 0.6311298076923076 0.06111111111111111 0.031971153846153844
0 0.035256410256410256 0.7174278846153846 0.057692307692307696 0.09447115384615384
0 0.5564102564102564 0.5951923076923077 0.05128205128205128 0.03221153846153846
0 0.6267094017094017 0.6394230769230769 0.06367521367521367 0.03894230769230769
0 0.04316239316239316 0.22403846153846155 0.05213675213675214 0.06682692307692308
0 0.09572649572649573 0.2230769230769231 0.046153846153846156 0.06682692307692308
0 0.14572649572649574 0.22415865384615385 0.04871794871794872 0.06947115384615385
0 0.19594017094017094 0.22367788461538463 0.04230769230769231 0.07043269230769231
0 0.24444444444444444 0.2251201923076923 0.04957264957264957 0.06658653846153846
0 0.2989316239316239 0.22572115384615385 0.052564102564102565 0.06394230769230769
0 0.4465811965811966 0.2328125 0.09572649572649573 0.05793269230769231
0 0.5226495726495727 0.2222355769230769 0.04358974358974359 0.06850961538461539
0 0.5681623931623931 0.22235576923076922 0.0405982905982906 0.07067307692307692
0 0.492948717948718 0.5933894230769231 0.05683760683760684 0.03581730769230769
0 0.33589743589743587 0.6420673076923077 0.07094017094017094 0.03461538461538462
0 0.41239316239316237 0.6395432692307692 0.07435897435897436 0.036778846153846155
0 0.4091880341880342 0.6020432692307692 0.07222222222222222 0.036298076923076926
0 0.33376068376068374 0.6021634615384616 0.07094017094017094 0.041346153846153845
0 0.03739316239316239 0.5985576923076923 0.06623931623931624 0.08942307692307692
0 0.5570512820512821 0.3044471153846154 0.07393162393162393 0.040625
0 0.25405982905982905 0.8584134615384615 0.06880341880341881 0.09134615384615384
0 0.8901709401709401 0.5021634615384616 0.07948717948717948 0.06923076923076923
0 0.7423076923076923 0.50625 0.06495726495726496 0.06778846153846153
0 0.8121794871794872 0.5055288461538462 0.0594017094017094 0.06634615384615385
0 0.10512820512820513 0.7147836538461538 0.0735042735042735 0.0954326923076923
0 0.9683760683760684 0.5036057692307693 0.06495726495726496 0.07211538461538461
0 0.7694444444444445 0.30264423076923075 0.06794871794871794 0.041826923076923074
0 0.6920940170940171 0.3046875 0.07564102564102564 0.04110576923076923
0 0.555982905982906 0.34555288461538464 0.07179487179487179 0.036298076923076926
0 0.8331196581196582 0.23185096153846155 0.08846153846153847 0.04879807692307692
0 0.8143162393162393 0.4313701923076923 0.04658119658119658 0.06658653846153846
0 0.9331196581196581 0.23137019230769232 0.09700854700854701 0.04783653846153846
0 0.07115384615384615 0.34362980769230766 0.07393162393162393 0.09975961538461539
0 0.14572649572649574 0.3456730769230769 0.07094017094017094 0.09711538461538462
0 0.22243589743589742 0.34939903846153847 0.06538461538461539 0.09927884615384615
0 0.31004273504273505 0.30649038461538464 0.07051282051282051 0.035096153846153846
0 0.3844017094017094 0.30432692307692305 0.06965811965811966 0.03894230769230769
0 0.7311965811965812 0.23509615384615384 0.09401709401709402 0.04278846153846154
0 0.8008547008547009 0.8313701923076923 0.07948717948717948 0.0920673076923077
0 0.6948717948717948 0.8424278846153846 0.12393162393162394 0.096875
0 0.9446581196581196 0.18173076923076922 0.09871794871794871 0.04471153846153846
0 0.5664529914529914 0.8603365384615385 0.12264957264957264 0.08990384615384615
0 0.755982905982906 0.4310096153846154 0.06666666666666667 0.06346153846153846
0 0.6025641025641025 0.5036057692307693 0.06923076923076923 0.0625
0 0.6363247863247863 0.23521634615384615 0.0829059829059829 0.04350961538461538
0 0.8294871794871795 0.18028846153846154 0.08974358974358974 0.046634615384615385
0 0.7316239316239316 0.18725961538461539 0.08632478632478632 0.05
0 0.6397435897435897 0.1856971153846154 0.08547008547008547 0.05024038461538462
0 0.8717948717948718 0.30456730769230766 0.07264957264957266 0.038461538461538464
0 0.9485042735042735 0.30420673076923077 0.07222222222222222 0.042548076923076925
0 0.8752136752136752 0.3453125 0.07521367521367521 0.03581730769230769
0 0.95 0.3467548076923077 0.06752136752136752 0.037259615384615384
0 0.6702991452991452 0.5038461538461538 0.06196581196581197 0.058173076923076925
0 0.6927350427350427 0.34579326923076925 0.07264957264957266 0.036778846153846155
0 0.10854700854700855 0.47259615384615383 0.06324786324786325 0.09567307692307692
0 0.1844017094017094 0.4731971153846154 0.07051282051282051 0.09975961538461539
0 0.31367521367521367 0.43365384615384617 0.06752136752136752 0.06875
0 0.38803418803418804 0.43173076923076925 0.06837606837606838 0.06201923076923077
0 0.46794871794871795 0.4316105769230769 0.06495726495726496 0.06466346153846154
0 0.5423076923076923 0.4159855769230769 0.06581196581196581 0.031490384615384615
0 0.6147435897435898 0.4248798076923077 0.06538461538461539 0.07043269230769231
0 0.6846153846153846 0.4271634615384615 0.05641025641025641 0.07019230769230769
0 0.037606837606837605 0.4729567307692308 0.06666666666666667 0.096875
0 0.4461538461538462 0.8663461538461539 0.08205128205128205 0.07788461538461539
0 0.8803418803418803 0.8163461538461538 0.0735042735042735 0.06682692307692308
0 0.31324786324786325 0.3424278846153846 0.07777777777777778 0.03533653846153846
0 0.7643162393162393 0.7195913461538461 0.07051282051282051 0.036298076923076926
0 0.6867521367521368 0.7457932692307693 0.06923076923076923 0.031009615384615385
0 0.6854700854700855 0.7046875 0.07094017094017094 0.042548076923076925
0 0.355982905982906 0.8635817307692307 0.08974358974358974 0.07716346153846154
0 0.6117521367521368 0.7045673076923077 0.06367521367521367 0.035096153846153846
0 0.4741452991452991 0.3030048076923077 0.0782051282051282 0.03774038461538461
0 0.5391025641025641 0.7365384615384616 0.07222222222222222 0.03413461538461538
0 0.5399572649572649 0.7018028846153846 0.07051282051282051 0.03245192307692308
0 0.4621794871794872 0.7377403846153846 0.07136752136752136 0.029326923076923077
0 0.46474358974358976 0.7022836538461539 0.0764957264957265 0.030528846153846153
0 0.3873931623931624 0.6954326923076923 0.06282051282051282 0.03125
0 0.38482905982905985 0.7431490384615385 0.06623931623931624 0.03774038461538461
0 0.31495726495726495 0.7444711538461538 0.06324786324786325 0.03798076923076923
0 0.31303418803418803 0.7045673076923077 0.0764957264957265 0.035096153846153846
0 0.18867521367521367 0.7144230769230769 0.07051282051282051 0.09326923076923077
0 0.8474358974358974 0.7318509615384615 0.08803418803418804 0.03918269230769231
0 0.9307692307692308 0.7046875 0.07521367521367521 0.042548076923076925
0 0.6136752136752137 0.7417067307692308 0.06666666666666667 0.03341346153846154
0 0.042735042735042736 0.8620192307692308 0.06837606837606838 0.08605769230769231
0 0.39337606837606837 0.34326923076923077 0.07051282051282051 0.03413461538461538
0 0.9301282051282052 0.7461538461538462 0.06538461538461539 0.03653846153846154
0 0.475 0.34375 0.07564102564102564 0.0375
0 0.7690170940170941 0.3449519230769231 0.07136752136752136 0.03990384615384615
0 0.11303418803418804 0.8596153846153847 0.0594017094017094 0.0889423076923077
0 0.18034188034188034 0.8572115384615384 0.06666666666666667 0.08846153846153847
