0 0.889297385620915 0.5453431372549019 0.0718954248366013 0.042279411764705885
0 0.9648692810457516 0.5448835784313726 0.07026143790849673 0.04136029411764706
0 0.06597222222222222 0.719515931372549 0.0951797385620915 0.05361519607843137
0 0.3022875816993464 0.7210477941176471 0.06944444444444445 0.047487745098039214
0 0.06209150326797386 0.6651348039215687 0.09068627450980392 0.05024509803921569
0 0.1527777777777778 0.7156862745098039 0.07924836601307189 0.061887254901960786
0 0.22773692810457516 0.7141544117647058 0.06740196078431372 0.052083333333333336
0 0.14665032679738563 0.6631433823529411 0.07107843137254902 0.0352328431372549
0 0.22303921568627452 0.6600796568627451 0.06699346405228758 0.047487745098039214
0 0.2986111111111111 0.6671262254901961 0.07107843137254902 0.05422794117647059
0 0.5073529411764706 0.5707720588235294 0.06699346405228758 0.061274509803921566
0 0.7105800653594772 0.5096507352941176 0.0755718954248366 0.030943627450980393
0 0.9689542483660131 0.3681066176470588 0.06290849673202614 0.0389093137254902
0 0.3764297385620915 0.7161458333333334 0.06495098039215687 0.0585171568627451
0 0.03676470588235294 0.5847120098039216 0.07352941176470588 0.0548406862745098
0 0.03574346405228758 0.5265012254901961 0.07148692810457516 0.05545343137254902
0 0.12663398692810457 0.5957414215686274 0.08169934640522876 0.030943627450980393
0 0.11785130718954248 0.5586703431372549 0.07965686274509803 0.03278186274509804
0 0.207312091503268 0.5962009803921569 0.07230392156862746 0.029411764705882353
0 0.20036764705882354 0.5612745098039216 0.0763888888888889 0.030637254901960783
0 0.19648692810457516 0.5268075980392157 0.07679738562091504 0.030943627450980393
0 0.8127042483660131 0.5481004901960784 0.07148692810457516 0.04105392156862745
0 0.28145424836601307 0.586703431372549 0.0718954248366013 0.05330882352941176
0 0.4323937908496732 0.5779718137254902 0.06985294117647059 0.057291666666666664
0 0.2771650326797386 0.5294117647058824 0.07475490196078431 0.056372549019607844
0 0.3560049019607843 0.5243566176470589 0.0763888888888889 0.05545343137254902
0 0.585171568627451 0.569546568627451 0.0755718954248366 0.08149509803921569
0 0.6607434640522876 0.5684742647058824 0.06740196078431372 0.07935049019607843
0 0.735498366013072 0.5661764705882353 0.07066993464052287 0.07965686274509803
0 0.8122957516339869 0.5876225490196079 0.07066993464052287 0.03553921568627451
0 0.8878676470588235 0.5886948529411765 0.07230392156862746 0.0352328431372549
0 0.9634395424836601 0.585171568627451 0.07393790849673203 0.030637254901960783
0 0.3568218954248366 0.5837928921568627 0.07148692810457516 0.053002450980392156
0 0.37540849673202614 0.6553308823529411 0.0661764705882353 0.04718137254901961
0 0.7973856209150327 0.8268995098039216 0.056372549019607844 0.06004901960784314
0 0.5100081699346405 0.6567095588235294 0.0690359477124183 0.05177696078431373
0 0.31495098039215685 0.8414522058823529 0.06454248366013073 0.06219362745098039
0 0.38500816993464054 0.8374693627450981 0.06331699346405228 0.06954656862745098
0 0.45445261437908496 0.836703431372549 0.06740196078431372 0.06678921568627451
0 0.5245098039215687 0.8336397058823529 0.05800653594771242 0.06924019607843138
0 0.6668709150326797 0.8446691176470589 0.061683006535947715 0.06311274509803921
0 0.7340686274509803 0.8411458333333334 0.05800653594771242 0.06096813725490196
0 0.23958333333333334 0.8045343137254902 0.0755718954248366 0.04718137254901961
0 0.8741830065359477 0.8394607843137255 0.06944444444444445 0.07107843137254902
0 0.8794934640522876 0.7887561274509803 0.07679738562091504 0.024816176470588234
0 0.7252859477124183 0.7935049019607843 0.07720588235294118 0.029411764705882353
0 0.6313316993464052 0.7896752450980392 0.10334967320261437 0.02665441176470588
0 0.5275735294117647 0.7830882352941176 0.07066993464052287 0.025122549019607844
0 0.42892156862745096 0.7913602941176471 0.07924836601307189 0.015931372549019607
0 0.8911356209150327 0.3665747549019608 0.0755718954248366 0.04258578431372549
0 0.9499591503267973 0.8406862745098039 0.0559640522875817 0.06924019607843138
0 0.24387254901960784 0.8563112745098039 0.06862745098039216 0.052083333333333336
0 0.15604575163398693 0.8082107843137255 0.08251633986928104 0.04534313725490196
0 0.16258169934640523 0.859375 0.08088235294117647 0.049019607843137254
0 0.44750816993464054 0.7132352941176471 0.0690359477124183 0.05514705882352941
0 0.5218545751633987 0.7158394607843137 0.07148692810457516 0.053002450980392156
0 0.590890522875817 0.7089460784313726 0.0625 0.06004901960784314
0 0.5900735294117647 0.6599264705882353 0.06413398692810457 0.03799019607843137
0 0.6605392156862745 0.6560968137254902 0.07026143790849673 0.03216911764705882
0 0.6615604575163399 0.7086397058823529 0.0690359477124183 0.0661764705882353
0 0.7346813725490197 0.7040441176470589 0.06576797385620915 0.07536764705882353
0 0.8080065359477124 0.7121629901960784 0.06862745098039216 0.048100490196078434
0 0.8786764705882353 0.7113970588235294 0.0727124183006536 0.04411764705882353
0 0.9481209150326797 0.7068014705882353 0.05800653594771242 0.05330882352941176
0 0.8065767973856209 0.6596200980392157 0.0625 0.04840686274509804
0 0.8758169934640523 0.6597732843137255 0.06944444444444445 0.05116421568627451
0 0.9438316993464052 0.6459865196078431 0.0559640522875817 0.04871323529411765
0 0.07883986928104575 0.8618259803921569 0.08088235294117647 0.042279411764705885
0 0.07107843137254902 0.8112745098039216 0.06862745098039216 0.05575980392156863
0 0.4430147058823529 0.6544117647058824 0.05759803921568627 0.04718137254901961
0 0.9660947712418301 0.4102328431372549 0.06699346405228758 0.04044117647058824
0 0.5988562091503268 0.8414522058823529 0.0718954248366013 0.06893382352941177
0 0.965890522875817 0.4522058823529412 0.0690359477124183 0.037377450980392156
0 0.9223856209150327 0.11963848039215687 0.08006535947712418 0.03952205882352941
0 0.9736519607843137 0.08164828431372549 0.054330065359477125 0.03462009803921569
0 0.08700980392156862 0.3079044117647059 0.0915032679738562 0.03799019607843137
0 0.08272058823529412 0.2659313725490196 0.0951797385620915 0.04350490196078431
0 0.0806781045751634 0.22181372549019607 0.09436274509803921 0.042279411764705885
0 0.17544934640522875 0.22426470588235295 0.08782679738562091 0.042279411764705885
0 0.17933006535947713 0.26746323529411764 0.09558823529411764 0.0392156862745098
0 0.17892156862745098 0.3089767156862745 0.0857843137254902 0.04013480392156863
0 0.2665441176470588 0.31173406862745096 0.08047385620915033 0.0389093137254902
0 0.34967320261437906 0.31066176470588236 0.08169934640522876 0.03676470588235294
0 0.4325980392156863 0.3092830882352941 0.07598039215686274 0.035845588235294115
0 0.516952614379085 0.3082107843137255 0.08292483660130719 0.03799019607843137
0 0.6000816993464052 0.3085171568627451 0.08088235294117647 0.03676470588235294
0 0.900531045751634 0.08026960784313726 0.07965686274509803 0.03431372549019608
0 0.6805555555555556 0.3089767156862745 0.07679738562091504 0.03768382352941176
0 0.8410947712418301 0.30621936274509803 0.07352941176470588 0.02971813725490196
0 0.920751633986928 0.30575980392156865 0.07352941176470588 0.03370098039215686
0 0.4383169934640523 0.27236519607843135 0.08169934640522876 0.0196078431372549
0 0.5931372549019608 0.2699142156862745 0.08251633986928104 0.037377450980392156
0 0.6803513071895425 0.2688419117647059 0.0763888888888889 0.033394607843137254
0 0.7608251633986928 0.2702205882352941 0.0755718954248366 0.03799019607843137
0 0.8406862745098039 0.26868872549019607 0.07924836601307189 0.037377450980392156
0 0.8888888888888888 0.4099264705882353 0.07761437908496732 0.03982843137254902
0 0.9193218954248366 0.2682291666666667 0.068218954248366 0.036458333333333336
0 0.599468954248366 0.23743872549019607 0.08292483660130719 0.020833333333333332
0 0.5153186274509803 0.26393995098039214 0.060866013071895424 0.030330882352941176
0 0.6791258169934641 0.23131127450980393 0.07393790849673203 0.03860294117647059
0 0.7583741830065359 0.23069852941176472 0.0763888888888889 0.037377450980392156
0 0.7612336601307189 0.30744485294117646 0.0763888888888889 0.03462009803921569
0 0.840890522875817 0.22916666666666666 0.07312091503267974 0.03860294117647059
0 0.8247549019607843 0.08486519607843138 0.06209150326797386 0.03431372549019608
0 0.7514297385620915 0.08103553921568628 0.07475490196078431 0.04503676470588235
0 0.07230392156862746 0.1564031862745098 0.0923202614379085 0.04197303921568627
0 0.06556372549019608 0.11182598039215687 0.09436274509803921 0.044730392156862746
0 0.06004901960784314 0.06495098039215687 0.09395424836601307 0.04534313725490196
0 0.1548202614379085 0.0664828431372549 0.08905228758169935 0.04350490196078431
0 0.16115196078431374 0.11243872549019608 0.09272875816993464 0.04350490196078431
0 0.16605392156862744 0.15778186274509803 0.09027777777777778 0.0428921568627451
0 0.2577614379084967 0.15946691176470587 0.08415032679738563 0.0389093137254902
0 0.25245098039215685 0.11657475490196079 0.08251633986928104 0.04503676470588235
0 0.24816176470588236 0.07153799019607843 0.08047385620915033 0.04013480392156863
0 0.33394607843137253 0.07153799019607843 0.08700980392156862 0.04013480392156863
0 0.3400735294117647 0.11948529411764706 0.08374183006535947 0.041666666666666664
0 0.34395424836601307 0.16145833333333334 0.07924836601307189 0.03860294117647059
0 0.42687908496732024 0.16007965686274508 0.08006535947712418 0.03829656862745098
0 0.8363970588235294 0.12071078431372549 0.07965686274509803 0.034926470588235295
0 0.5089869281045751 0.15854779411764705 0.07924836601307189 0.0352328431372549
0 0.6774918300653595 0.15900735294117646 0.07965686274509803 0.03799019607843137
0 0.7575571895424836 0.15824142156862744 0.07475490196078431 0.036458333333333336
0 0.8394607843137255 0.15900735294117646 0.07924836601307189 0.03615196078431373
0 0.920751633986928 0.15916053921568626 0.07352941176470588 0.036458333333333336
0 0.42401960784313725 0.0742953431372549 0.08660130718954248 0.03829656862745098
0 0.4244281045751634 0.11795343137254902 0.08088235294117647 0.04105392156862745
0 0.5095996732026143 0.11841299019607843 0.08047385620915033 0.03952205882352941
0 0.508578431372549 0.07674632352941177 0.0718954248366013 0.036458333333333336
0 0.5067401960784313 0.04457720588235294 0.08047385620915033 0.02297794117647059
0 0.5982434640522876 0.07506127450980392 0.08619281045751634 0.03982843137254902
0 0.5943627450980392 0.1168811274509804 0.08169934640522876 0.04136029411764706
0 0.6701388888888888 0.12224264705882353 0.06495098039215687 0.03370098039215686
0 0.7516339869281046 0.12208946078431372 0.08088235294117647 0.033394607843137254
0 0.5933415032679739 0.15900735294117646 0.08292483660130719 0.03799019607843137
0 0.9185049019607843 0.22993259803921567 0.0755718954248366 0.03768382352941176
0 0.16911764705882354 0.4612438725490196 0.08169934640522876 0.03707107843137255
0 0.35375816993464054 0.2711397058823529 0.07434640522875817 0.03982843137254902
0 0.3300653594771242 0.4244791666666667 0.07598039215686274 0.03707107843137255
0 0.2512254901960784 0.4257046568627451 0.07434640522875817 0.03278186274509804
0 0.33169934640522875 0.46017156862745096 0.07598039215686274 0.030637254901960783
0 0.25306372549019607 0.4618566176470588 0.07802287581699346 0.03400735294117647
0 0.16830065359477125 0.42432598039215685 0.08251633986928104 0.03431372549019608
0 0.17912581699346405 0.3828125 0.08619281045751634 0.043198529411764705
0 0.07250816993464053 0.3837316176470588 0.09027777777777778 0.03829656862745098
0 0.2702205882352941 0.2694546568627451 0.0821078431372549 0.04136029411764706
0 0.4889705882352941 0.44577205882352944 0.07598039215686274 0.061274509803921566
0 0.568218954248366 0.4462316176470588 0.0784313725490196 0.06219362745098039
0 0.6507352941176471 0.4440870098039216 0.0784313725490196 0.06219362745098039
0 0.7308006535947712 0.44684436274509803 0.07598039215686274 0.06096813725490196
0 0.409109477124183 0.44638480392156865 0.0690359477124183 0.06004901960784314
0 0.8000408496732027 0.4025735294117647 0.05841503267973856 0.041666666666666664
0 0.8047385620915033 0.4489889705882353 0.06209150326797386 0.04258578431372549
0 0.6439950980392157 0.37699142156862747 0.0559640522875817 0.06158088235294118
0 0.08108660130718955 0.4618566176470588 0.0886437908496732 0.035845588235294115
0 0.4352532679738562 0.2529105392156863 0.0755718954248366 0.012561274509803922
0 0.35294117647058826 0.23131127450980393 0.07598039215686274 0.03860294117647059
0 0.07924836601307189 0.4227941176470588 0.0915032679738562 0.03615196078431373
0 0.5649509803921569 0.3799019607843137 0.0718954248366013 0.06495098039215687
0 0.27205882352941174 0.22993259803921567 0.07598039215686274 0.03768382352941176
0 0.47732843137254904 0.38174019607843135 0.07965686274509803 0.061274509803921566
0 0.40379901960784315 0.38128063725490197 0.06413398692810457 0.0628063725490196
0 0.7291666666666666 0.39169730392156865 0.07026143790849673 0.04258578431372549
0 0.8860294117647058 0.4522058823529412 0.08088235294117647 0.042279411764705885
