0 0.5488153594771242 0.3478860294117647 0.05923202614379085 0.06525735294117647
0 0.48018790849673204 0.3645833333333333 0.06331699346405228 0.06433823529411764
0 0.4140114379084967 0.3684129901960784 0.06331699346405228 0.05974264705882353
0 0.397875816993464 0.2945772058823529 0.04738562091503268 0.078125
0 0.2520424836601307 0.38526348039215685 0.07598039215686274 0.07751225490196079
0 0.16666666666666666 0.3915441176470588 0.08251633986928104 0.06372549019607843
0 0.5614787581699346 0.2783394607843137 0.04534313725490196 0.06219362745098039
0 0.33455882352941174 0.3782169117647059 0.07598039215686274 0.07689950980392157
0 0.16850490196078433 0.46599264705882354 0.07965686274509803 0.061887254901960786
0 0.2747140522875817 0.5917585784313726 0.06495098039215687 0.057291666666666664
0 0.33374183006535946 0.44776348039215685 0.06781045751633986 0.06096813725490196
0 0.48018790849673204 0.4273897058823529 0.060866013071895424 0.056372549019607844
0 0.5445261437908496 0.4189644607843137 0.05718954248366013 0.07199754901960784
0 0.1875 0.5355392156862745 0.07516339869281045 0.05269607843137255
0 0.2673611111111111 0.530484068627451 0.06658496732026144 0.05912990196078431
0 0.33986928104575165 0.5122549019607843 0.06699346405228758 0.05759803921568627
0 0.4099264705882353 0.5039828431372549 0.061683006535947715 0.0625
0 0.19587418300653595 0.5989583333333334 0.0821078431372549 0.0508578431372549
0 0.3372140522875817 0.2959558823529412 0.061683006535947715 0.07291666666666667
0 0.2506127450980392 0.4609375 0.07965686274509803 0.07199754901960784
0 0.13970588235294118 0.31357230392156865 0.07516339869281045 0.078125
0 0.13664215686274508 0.22794117647058823 0.10498366013071896 0.08517156862745098
0 0.8061683006535948 0.1876531862745098 0.06004901960784314 0.0744485294117647
0 0.3486519607843137 0.5729166666666666 0.06413398692810457 0.05821078431372549
0 0.0727124183006536 0.1321997549019608 0.0661764705882353 0.07873774509803921
0 0.12826797385620914 0.1321997549019608 0.0392156862745098 0.07935049019607843
0 0.16850490196078433 0.13097426470588236 0.037173202614379085 0.07873774509803921
0 0.20690359477124182 0.13051470588235295 0.03145424836601307 0.0778186274509804
0 0.28104575163398693 0.0900735294117647 0.10049019607843138 0.12316176470588236
0 0.39828431372549017 0.13679534313725492 0.0915032679738562 0.04871323529411765
0 0.6450163398692811 0.057291666666666664 0.05392156862745098 0.05514705882352941
0 0.6405228758169934 0.11994485294117647 0.061274509803921566 0.05667892156862745
0 0.8590686274509803 0.1870404411764706 0.04330065359477124 0.07506127450980392
0 0.6968954248366013 0.11473651960784313 0.042483660130718956 0.06709558823529412
0 0.8192401960784313 0.11259191176470588 0.09272875816993464 0.06893382352941177
0 0.23202614379084968 0.22303921568627452 0.08169934640522876 0.09313725490196079
0 0.31842320261437906 0.21277573529411764 0.08946078431372549 0.07935049019607843
0 0.4025735294117647 0.2109375 0.07312091503267974 0.08486519607843138
0 0.47875816993464054 0.20726102941176472 0.07434640522875817 0.07567401960784313
0 0.5522875816993464 0.20511642156862744 0.0661764705882353 0.07935049019607843
0 0.6241830065359477 0.19975490196078433 0.06535947712418301 0.06801470588235294
0 0.6872957516339869 0.1956188725490196 0.05923202614379085 0.07628676470588236
0 0.744281045751634 0.19010416666666666 0.05473856209150327 0.0664828431372549
0 0.7440767973856209 0.11443014705882353 0.05106209150326797 0.06587009803921569
0 0.41768790849673204 0.5598958333333334 0.054330065359477125 0.03462009803921569
0 0.4127859477124183 0.4333639705882353 0.06740196078431372 0.06770833333333333
0 0.5424836601307189 0.5352328431372549 0.04656862745098039 0.037377450980392156
0 0.6646241830065359 0.5625 0.04738562091503268 0.0508578431372549
0 0.7148692810457516 0.5534620098039216 0.04738562091503268 0.05116421568627451
0 0.608251633986928 0.6234681372549019 0.056372549019607844 0.042279411764705885
0 0.6642156862745098 0.6125919117647058 0.049836601307189546 0.04013480392156863
0 0.7150735294117647 0.6043198529411765 0.04534313725490196 0.03952205882352941
0 0.2275326797385621 0.7176776960784313 0.06944444444444445 0.06158088235294118
0 0.29820261437908496 0.7052696078431373 0.05555555555555555 0.0508578431372549
0 0.366625816993464 0.6901041666666666 0.060866013071895424 0.0548406862745098
0 0.43504901960784315 0.6714154411764706 0.058823529411764705 0.05238970588235294
0 0.6094771241830066 0.5726102941176471 0.04738562091503268 0.0508578431372549
0 0.4948937908496732 0.6522671568627451 0.05024509803921569 0.04350490196078431
0 0.7640931372549019 0.5897671568627451 0.03799019607843137 0.03982843137254902
0 0.8080065359477124 0.5784313725490197 0.03839869281045752 0.03982843137254902
0 0.7649101307189542 0.5404411764705882 0.039624183006535946 0.037377450980392156
0 0.8141339869281046 0.5265012254901961 0.03594771241830065 0.04197303921568627
0 0.8188316993464052 0.4762561274509804 0.03390522875816993 0.04381127450980392
0 0.7704248366013072 0.48452818627450983 0.041666666666666664 0.04442401960784314
0 0.7771650326797386 0.4296875 0.044526143790849675 0.045649509803921566
0 0.8298611111111112 0.42172181372549017 0.03145424836601307 0.04258578431372549
0 0.4797794117647059 0.547640931372549 0.0494281045751634 0.03216911764705882
0 0.5498366013071896 0.6395526960784313 0.04820261437908497 0.048100490196078434
0 0.7173202614379085 0.5013786764705882 0.04738562091503268 0.05116421568627451
0 0.7918709150326797 0.31387867647058826 0.042075163398692814 0.05545343137254902
0 0.6113153594771242 0.5186887254901961 0.04861111111111111 0.05392156862745098
0 0.2167075163398693 0.6620710784313726 0.08047385620915033 0.04350490196078431
0 0.6646241830065359 0.5098039215686274 0.04738562091503268 0.0508578431372549
0 0.29473039215686275 0.647671568627451 0.051879084967320264 0.04963235294117647
0 0.3596813725490196 0.6274509803921569 0.056781045751633986 0.04595588235294118
0 0.48856209150326796 0.5984987745098039 0.05392156862745098 0.04993872549019608
0 0.551062091503268 0.5847120098039216 0.05065359477124183 0.04442401960784314
0 0.6186683006535948 0.2708333333333333 0.05759803921568627 0.06433823529411764
0 0.7487745098039216 0.25949754901960786 0.04084967320261438 0.061887254901960786
0 0.6198937908496732 0.3356311274509804 0.05514705882352941 0.05361519607843137
0 0.6813725490196079 0.3293504901960784 0.05473856209150327 0.05392156862745098
0 0.4264705882352941 0.6076899509803921 0.05228758169934641 0.05238970588235294
0 0.8443627450980392 0.30974264705882354 0.041666666666666664 0.05575980392156863
0 0.8363970588235294 0.36580882352941174 0.042075163398692814 0.05575980392156863
0 0.7879901960784313 0.37653186274509803 0.041666666666666664 0.05575980392156863
0 0.7256944444444444 0.3864889705882353 0.053513071895424834 0.0548406862745098
0 0.6703431372549019 0.3947610294117647 0.049836601307189546 0.0548406862745098
0 0.6121323529411765 0.4033394607843137 0.05024509803921569 0.0548406862745098
0 0.6141748366013072 0.46017156862745096 0.04861111111111111 0.05392156862745098
0 0.7228349673202614 0.4440870098039216 0.04861111111111111 0.05361519607843137
0 0.7418300653594772 0.32230392156862747 0.05473856209150327 0.05392156862745098
0 0.6672794117647058 0.45481004901960786 0.04861111111111111 0.05361519607843137
