0 0.47317708333333336 0.29921875 0.08802083333333334 0.0328125
0 0.47317708333333336 0.3353515625 0.08802083333333334 0.033984375
0 0.47552083333333334 0.268359375 0.08333333333333333 0.025
0 0.5622395833333333 0.272265625 0.0765625 0.0234375
0 0.709375 0.5689453125 0.04479166666666667 0.075390625
0 0.6505208333333333 0.337890625 0.08645833333333333 0.03203125
0 0.5609375 0.3361328125 0.084375 0.030859375
0 0.6520833333333333 0.303125 0.08333333333333333 0.03359375
0 0.7395833333333334 0.3404296875 0.08854166666666667 0.034765625
0 0.7348958333333333 0.3087890625 0.07291666666666667 0.023046875
0 0.8575520833333333 0.3193359375 0.050520833333333334 0.083203125
0 0.40286458333333336 0.317578125 0.0484375 0.0671875
0 0.8018229166666667 0.328515625 0.033854166666666664 0.06484375
0 0.56484375 0.301953125 0.08489583333333334 0.03359375
0 0.35494791666666664 0.3166015625 0.044270833333333336 0.065234375
0 0.16197916666666667 0.3234375 0.023958333333333335 0.059375
0 0.28958333333333336 0.32578125 0.023958333333333335 0.05703125
0 0.2630208333333333 0.325390625 0.022916666666666665 0.0609375
0 0.23828125 0.3255859375 0.022395833333333334 0.056640625
0 0.21171875 0.323828125 0.022395833333333334 0.06015625
0 0.18671875 0.32421875 0.021354166666666667 0.0609375
0 0.134375 0.3078125 0.027083333333333334 0.08671875
0 0.08255208333333333 0.3140625 0.0703125 0.075
0 0.022916666666666665 0.3099609375 0.04583333333333333 0.083984375
0 0.09635416666666667 0.1603515625 0.065625 0.107421875
0 0.16380208333333332 0.1603515625 0.06614583333333333 0.102734375
0 0.22682291666666668 0.1798828125 0.0453125 0.070703125
0 0.38333333333333336 0.1890625 0.090625 0.040625
0 0.3890625 0.1154296875 0.08333333333333333 0.017578125
0 0.915625 0.32578125 0.04583333333333333 0.06875
0 0.31484375 0.3279296875 0.022395833333333334 0.058203125
0 0.9627604166666667 0.3359375 0.0421875 0.05
0 0.6533854166666667 0.2720703125 0.0828125 0.025390625
0 0.9145833333333333 0.45703125 0.04375 0.0625
0 0.38307291666666665 0.14609375 0.08697916666666666 0.03984375
0 0.5674479166666667 0.566796875 0.03802083333333333 0.07578125
0 0.5184895833333333 0.56796875 0.0484375 0.07109375
0 0.4713541666666667 0.568359375 0.04479166666666667 0.06953125
0 0.42213541666666665 0.56640625 0.04739583333333333 0.07265625
0 0.3690104166666667 0.559375 0.058854166666666666 0.08046875
0 0.30130208333333336 0.558984375 0.0609375 0.0921875
0 0.24088541666666666 0.5591796875 0.0546875 0.094921875
0 0.178125 0.5609375 0.0625 0.09140625
0 0.11432291666666666 0.558203125 0.058854166666666666 0.090625
0 0.05078125 0.5587890625 0.05572916666666667 0.091796875
0 0.31145833333333334 0.4603515625 0.026041666666666668 0.056640625
0 0.28541666666666665 0.460546875 0.026041666666666668 0.0546875
0 0.259375 0.460546875 0.026041666666666668 0.0546875
0 0.23307291666666666 0.4619140625 0.022395833333333334 0.055078125
0 0.20651041666666667 0.46015625 0.021354166666666667 0.05390625
0 0.16901041666666666 0.44765625 0.05364583333333333 0.07734375
0 0.86171875 0.453125 0.0453125 0.06875
0 0.8083333333333333 0.44765625 0.052083333333333336 0.075
0 0.753125 0.4525390625 0.05 0.070703125
0 0.7018229166666666 0.4533203125 0.0453125 0.066796875
0 0.6580729166666667 0.453515625 0.03697916666666667 0.06484375
0 0.6158854166666666 0.453125 0.04010416666666667 0.0640625
0 0.97109375 0.4650390625 0.058854166666666666 0.051171875
0 0.5643229166666667 0.448046875 0.0578125 0.07109375
0 0.46458333333333335 0.4470703125 0.04791666666666667 0.071484375
0 0.4192708333333333 0.451171875 0.041666666666666664 0.06484375
0 0.371875 0.4431640625 0.04479166666666667 0.076171875
0 0.022916666666666665 0.4453125 0.04583333333333333 0.08046875
0 0.07109375 0.4421875 0.044270833333333336 0.08671875
0 0.1171875 0.4578125 0.041666666666666664 0.05859375
0 0.5111979166666667 0.448828125 0.04010416666666667 0.06796875
0 0.4791666666666667 0.1625 0.08645833333333333 0.01875
0 0.5330729166666667 0.8125 0.0734375 0.0875
0 0.55546875 0.16640625 0.05677083333333333 0.0953125
0 0.6140625 0.569921875 0.046875 0.07265625
0 0.4591145833333333 0.8076171875 0.06302083333333333 0.094921875
0 0.4002604166666667 0.80546875 0.04010416666666667 0.10078125
0 0.3541666666666667 0.8337890625 0.042708333333333334 0.039453125
0 0.30625 0.829296875 0.04479166666666667 0.0671875
0 0.25390625 0.830078125 0.04114583333333333 0.06640625
0 0.21145833333333333 0.8388671875 0.0375 0.049609375
0 0.16796875 0.83671875 0.0421875 0.05078125
0 0.12578125 0.8388671875 0.0390625 0.049609375
0 0.08489583333333334 0.834375 0.03958333333333333 0.053125
0 0.0453125 0.8369140625 0.03229166666666667 0.043359375
0 0.012760416666666666 0.835546875 0.025520833333333333 0.053125
0 0.03723958333333333 0.6986328125 0.0453125 0.082421875
0 0.012760416666666666 0.5537109375 0.022395833333333334 0.086328125
0 0.6200520833333333 0.81171875 0.07135416666666666 0.0859375
0 0.09817708333333333 0.7052734375 0.06614583333333333 0.073828125
0 0.22864583333333333 0.7048828125 0.059375 0.073046875
0 0.29296875 0.7056640625 0.0671875 0.069921875
0 0.365625 0.6958984375 0.042708333333333334 0.072265625
0 0.4192708333333333 0.6982421875 0.04583333333333333 0.081640625
0 0.4752604166666667 0.6974609375 0.05260416666666667 0.077734375
0 0.5341145833333333 0.6962890625 0.05677083333333333 0.077734375
0 0.5901041666666667 0.69296875 0.04479166666666667 0.08125
0 0.6458333333333334 0.6921875 0.04479166666666667 0.07734375
0 0.7 0.6982421875 0.04895833333333333 0.081640625
0 0.7572916666666667 0.6947265625 0.052083333333333336 0.087109375
0 0.8096354166666667 0.694921875 0.04635416666666667 0.08984375
0 0.86953125 0.70625 0.0484375 0.07109375
0 0.9182291666666667 0.7052734375 0.0375 0.071484375
0 0.9684895833333333 0.7015625 0.03697916666666667 0.0765625
0 0.16432291666666668 0.7029296875 0.0609375 0.071484375
0 0.7046875 0.8193359375 0.07395833333333333 0.072265625
0 0.76875 0.8287109375 0.042708333333333334 0.061328125
0 0.8151041666666666 0.8291015625 0.040625 0.059765625
0 0.6223958333333334 0.170703125 0.07083333333333333 0.084375
0 0.70625 0.128125 0.084375 0.01640625
0 0.7088541666666667 0.198046875 0.09270833333333334 0.0390625
0 0.7091145833333333 0.1564453125 0.08697916666666666 0.038671875
0 0.7791666666666667 0.185546875 0.040625 0.07265625
0 0.85078125 0.203125 0.0859375 0.04140625
0 0.8533854166666667 0.1609375 0.08489583333333334 0.03515625
0 0.9377604166666667 0.207421875 0.08072916666666667 0.03515625
0 0.94296875 0.17265625 0.08385416666666666 0.03203125
0 0.9033854166666667 0.014453125 0.09635416666666667 0.02890625
0 0.9049479166666666 0.0556640625 0.09947916666666666 0.044921875
0 0.6502604166666667 0.015234375 0.09322916666666667 0.028125
0 0.65 0.0515625 0.09583333333333334 0.03671875
0 0.5653645833333333 0.033984375 0.05364583333333333 0.06328125
0 0.48541666666666666 0.01171875 0.08645833333333333 0.02109375
0 0.4869791666666667 0.04453125 0.09583333333333334 0.03984375
0 0.3880208333333333 0.04296875 0.096875 0.03671875
0 0.8565104166666667 0.826953125 0.03177083333333333 0.0703125
0 0.8979166666666667 0.827734375 0.036458333333333336 0.071875
0 0.9377604166666667 0.8296875 0.034895833333333334 0.06796875
0 0.9817708333333334 0.830859375 0.034375 0.0703125
0 0.9861979166666667 0.58046875 0.0265625 0.08359375
0 0.9458333333333333 0.5771484375 0.0375 0.079296875
0 0.47682291666666665 0.1921875 0.0921875 0.03671875
0 0.8997395833333334 0.5806640625 0.043229166666666666 0.066796875
0 0.803125 0.571875 0.042708333333333334 0.0765625
0 0.75625 0.569140625 0.0375 0.078125
0 0.052083333333333336 0.031640625 0.06145833333333333 0.0609375
0 0.23177083333333334 0.0322265625 0.052083333333333336 0.062109375
0 0.29348958333333336 0.033203125 0.0578125 0.0640625
0 0.38697916666666665 0.0107421875 0.09791666666666667 0.021484375
0 0.8528645833333334 0.57890625 0.04114583333333333 0.07109375
0 0.6611979166666667 0.5671875 0.04010416666666667 0.0765625
