0 0.2875816993464052 0.4977022058823529 0.02369281045751634 0.02665441176470588
0 0.26409313725490197 0.49111519607843135 0.01919934640522876 0.029411764705882353
0 0.2679738562091503 0.45894607843137253 0.021241830065359478 0.025735294117647058
0 0.29187091503267976 0.4632352941176471 0.020833333333333332 0.032475490196078434
0 0.315359477124183 0.46737132352941174 0.021241830065359478 0.026041666666666668
0 0.41973039215686275 0.48575367647058826 0.024918300653594773 0.029105392156862746
0 0.36294934640522875 0.47809436274509803 0.026552287581699346 0.030943627450980393
0 0.3931781045751634 0.48253676470588236 0.024918300653594773 0.03615196078431373
0 0.4513888888888889 0.5309436274509803 0.03839869281045752 0.03799019607843137
0 0.4483251633986928 0.4912683823529412 0.026552287581699346 0.03400735294117647
0 0.3118872549019608 0.49954044117647056 0.01919934640522876 0.03155637254901961
0 0.33782679738562094 0.47457107843137253 0.021241830065359478 0.037377450980392156
0 0.3349673202614379 0.508578431372549 0.026143790849673203 0.025735294117647058
0 0.14848856209150327 0.4638480392156863 0.014297385620915032 0.023284313725490197
0 0.38786764705882354 0.5200674019607843 0.025735294117647058 0.03216911764705882
0 0.41625816993464054 0.522671568627451 0.02369281045751634 0.03799019607843137
0 0.24530228758169934 0.48514093137254904 0.017565359477124183 0.030330882352941176
0 0.22977941176470587 0.4497549019607843 0.01919934640522876 0.02022058823529412
0 0.2099673202614379 0.44715073529411764 0.016339869281045753 0.0272671568627451
0 0.1954656862745098 0.44577205882352944 0.01184640522875817 0.024509803921568627
0 0.18137254901960784 0.4427083333333333 0.014705882352941176 0.029411764705882353
0 0.16482843137254902 0.4375 0.017565359477124183 0.02267156862745098
0 0.1309232026143791 0.4322916666666667 0.01511437908496732 0.018995098039215685
0 0.11723856209150327 0.4303002450980392 0.011437908496732025 0.02297794117647059
0 0.1184640522875817 0.4560355392156863 0.010620915032679739 0.02420343137254902
0 0.13276143790849673 0.46078431372549017 0.010620915032679739 0.020833333333333332
0 0.36090686274509803 0.5108762254901961 0.02246732026143791 0.030943627450980393
0 0.1460375816993464 0.43673406862745096 0.015931372549019607 0.024816176470588234
0 0.16380718954248366 0.46767769607843135 0.01715686274509804 0.017463235294117647
0 0.18198529411764705 0.47380514705882354 0.011029411764705883 0.026041666666666668
0 0.10580065359477124 0.5511642156862745 0.015522875816993464 0.02389705882352941
0 0.12622549019607843 0.5857843137254902 0.011437908496732025 0.02144607843137255
0 0.1270424836601307 0.5609681372549019 0.011437908496732025 0.022058823529411766
0 0.12438725490196079 0.5367647058823529 0.016748366013071895 0.024509803921568627
0 0.2289624183006536 0.6288296568627451 0.017565359477124183 0.019301470588235295
0 0.2508169934640523 0.6387867647058824 0.021241830065359478 0.03431372549019608
0 0.2769607843137255 0.6432291666666666 0.02287581699346405 0.029105392156862746
0 0.10600490196078431 0.5746017156862745 0.015931372549019607 0.022365196078431373
0 0.27389705882352944 0.6132046568627451 0.024918300653594773 0.023590686274509803
0 0.22977941176470587 0.6015625 0.020016339869281044 0.026041666666666668
0 0.2724673202614379 0.5890012254901961 0.016339869281045753 0.024816176470588234
0 0.25388071895424835 0.5819546568627451 0.01838235294117647 0.030943627450980393
0 0.24897875816993464 0.5507046568627451 0.024918300653594773 0.02297794117647059
0 0.31842320261437906 0.6672794117647058 0.023284313725490197 0.03370098039215686
0 0.3459967320261438 0.6752450980392157 0.021241830065359478 0.017769607843137254
0 0.3727532679738562 0.6904105392156863 0.0298202614379085 0.04013480392156863
0 0.25040849673202614 0.6107536764705882 0.013888888888888888 0.02297794117647059
0 0.40093954248366015 0.6971507352941176 0.020833333333333332 0.027879901960784315
0 0.14072712418300654 0.5205269607843137 0.015931372549019607 0.029411764705882353
0 0.1715686274509804 0.5286458333333334 0.013071895424836602 0.030943627450980393
0 0.19076797385620914 0.6190257352941176 0.014705882352941176 0.0272671568627451
0 0.17463235294117646 0.6072303921568627 0.011029411764705883 0.026348039215686275
0 0.15951797385620914 0.6029411764705882 0.014297385620915032 0.026348039215686275
0 0.14256535947712418 0.5978860294117647 0.013888888888888888 0.024816176470588234
0 0.2099673202614379 0.5957414215686274 0.01715686274509804 0.029105392156862746
0 0.1909722222222222 0.5906862745098039 0.01511437908496732 0.018995098039215685
0 0.17422385620915032 0.5805759803921569 0.012663398692810458 0.02389705882352941
0 0.15665849673202614 0.5238970588235294 0.011029411764705883 0.024509803921568627
0 0.1582924836601307 0.5778186274509803 0.014297385620915032 0.02267156862745098
0 0.1417483660130719 0.5471813725490197 0.015522875816993464 0.0196078431372549
0 0.15747549019607843 0.5517769607843137 0.01511437908496732 0.027573529411764705
0 0.1744281045751634 0.5559129901960784 0.014705882352941176 0.020526960784313725
0 0.19076797385620914 0.5641850490196079 0.018790849673202614 0.030330882352941176
0 0.21262254901960784 0.5661764705882353 0.02246732026143791 0.024509803921568627
0 0.2136437908496732 0.5381433823529411 0.018790849673202614 0.030943627450980393
0 0.1926062091503268 0.5349264705882353 0.015931372549019607 0.02144607843137255
0 0.13991013071895425 0.5698529411764706 0.014297385620915032 0.025122549019607844
0 0.40012254901960786 0.6609987745098039 0.028186274509803922 0.029105392156862746
0 0.372140522875817 0.6576286764705882 0.025326797385620915 0.019301470588235295
0 0.34334150326797386 0.6444546568627451 0.026552287581699346 0.035845588235294115
0 0.6977124183006536 0.8440563725490197 0.05228758169934641 0.044730392156862746
0 0.7538807189542484 0.8204656862745098 0.044526143790849675 0.03982843137254902
0 0.7028186274509803 0.7973345588235294 0.04534313725490196 0.04197303921568627
0 0.7679738562091504 0.7699142156862745 0.058823529411764705 0.04779411764705882
0 0.7087418300653595 0.7483149509803921 0.049019607843137254 0.04871323529411765
0 0.8457924836601307 0.9037990196078431 0.10743464052287582 0.05759803921568627
0 0.8508986928104575 0.8442095588235294 0.12254901960784313 0.040747549019607844
0 0.7522467320261438 0.867953431372549 0.0494281045751634 0.04411764705882353
0 0.8598856209150327 0.7965686274509803 0.1053921568627451 0.04840686274509804
0 0.9591503267973857 0.9529718137254902 0.08251633986928104 0.04871323529411765
0 0.9581290849673203 0.8975183823529411 0.07475490196078431 0.05361519607843137
0 0.9611928104575164 0.8416053921568627 0.0784313725490196 0.04656862745098039
0 0.9689542483660131 0.7886029411764706 0.06290849673202614 0.06004901960784314
0 0.2261029411764706 0.48483455882352944 0.012663398692810458 0.02297794117647059
0 0.21037581699346405 0.4771752450980392 0.00980392156862745 0.029105392156862746
0 0.19464869281045752 0.4768688725490196 0.016748366013071895 0.02420343137254902
0 0.8703022875816994 0.7374387254901961 0.12050653594771242 0.056372549019607844
0 0.5496323529411765 0.6456801470588235 0.06658496732026144 0.05116421568627451
0 0.13827614379084968 0.10355392156862746 0.03308823529411765 0.04963235294117647
0 0.6345996732026143 0.6727941176470589 0.08537581699346405 0.04656862745098039
0 0.3457924836601307 0.6127450980392157 0.030637254901960783 0.02696078431372549
0 0.37602124183006536 0.6253063725490197 0.02900326797385621 0.03370098039215686
0 0.4054330065359477 0.6279105392156863 0.025735294117647058 0.027879901960784315
0 0.4035947712418301 0.5952818627450981 0.026143790849673203 0.03002450980392157
0 0.37479575163398693 0.5891544117647058 0.024918300653594773 0.03431372549019608
0 0.34620098039215685 0.5784313725490197 0.023284313725490197 0.03431372549019608
0 0.43014705882352944 0.7135416666666666 0.031862745098039214 0.03553921568627451
0 0.4820261437908497 0.7446384803921569 0.021241830065359478 0.03278186274509804
0 0.4838643790849673 0.7094056372549019 0.027369281045751634 0.035845588235294115
0 0.48651960784313725 0.6665134803921569 0.03022875816993464 0.03400735294117647
0 0.4852941176470588 0.6302083333333334 0.03349673202614379 0.03676470588235294
0 0.6209150326797386 0.8138786764705882 0.0857843137254902 0.04932598039215686
0 0.5396241830065359 0.7723651960784313 0.07761437908496732 0.03370098039215686
0 0.6198937908496732 0.7640931372549019 0.07883986928104575 0.03615196078431373
0 0.536968954248366 0.7284007352941176 0.07230392156862746 0.035845588235294115
0 0.6209150326797386 0.7225796568627451 0.0718954248366013 0.043198529411764705
0 0.5375816993464052 0.688265931372549 0.06781045751633986 0.029105392156862746
0 0.827001633986928 0.6207107843137255 0.05923202614379085 0.05575980392156863
0 0.7696078431372549 0.6110600490196079 0.05065359477124183 0.03707107843137255
0 0.13786764705882354 0.15762867647058823 0.03799019607843137 0.050551470588235295
0 0.6617647058823529 0.5844056372549019 0.04738562091503268 0.035845588235294115
0 0.48223039215686275 0.22273284313725492 0.024101307189542485 0.10845588235294118
0 0.6041666666666666 0.2037377450980392 0.03349673202614379 0.12009803921568628
0 0.639501633986928 0.203125 0.0363562091503268 0.12683823529411764
0 0.678921568627451 0.19929534313725492 0.04003267973856209 0.12346813725490197
0 0.7232434640522876 0.19393382352941177 0.04779411764705882 0.13664215686274508
0 0.7747140522875817 0.18903186274509803 0.0494281045751634 0.1323529411764706
0 0.8190359477124183 0.18841911764705882 0.03758169934640523 0.13725490196078433
0 0.880718954248366 0.1792279411764706 0.051470588235294115 0.1403186274509804
0 0.9407679738562091 0.17493872549019607 0.06290849673202614 0.1568627450980392
0 0.9883578431372549 0.44684436274509803 0.024101307189542485 0.07322303921568628
0 0.9591503267973857 0.4404105392156863 0.029411764705882353 0.07383578431372549
0 0.9254493464052288 0.43504901960784315 0.03799019607843137 0.06862745098039216
0 0.8288398692810458 0.43949142156862747 0.035130718954248366 0.0628063725490196
0 0.7998366013071896 0.4384191176470588 0.02287581699346405 0.06556372549019608
0 0.7683823529411765 0.43106617647058826 0.03594771241830065 0.056372549019607844
0 0.7406045751633987 0.4299938725490196 0.018790849673202614 0.06158088235294118
0 0.7455065359477124 0.3616727941176471 0.024509803921568627 0.06464460784313726
0 0.7753267973856209 0.36443014705882354 0.028594771241830064 0.0664828431372549
0 0.8029003267973857 0.3668811274509804 0.02165032679738562 0.07077205882352941
0 0.8343545751633987 0.36963848039215685 0.037173202614379085 0.0664828431372549
0 0.7087418300653595 0.3627450980392157 0.02369281045751634 0.04534313725490196
0 0.6825980392156863 0.3616727941176471 0.027777777777777776 0.04871323529411765
0 0.7105800653594772 0.4215686274509804 0.02246732026143791 0.056372549019607844
0 0.6868872549019608 0.4212622549019608 0.02246732026143791 0.061887254901960786
0 0.6631944444444444 0.4175857843137255 0.024918300653594773 0.056372549019607844
0 0.6411356209150327 0.41973039215686275 0.01919934640522876 0.05269607843137255
0 0.6166258169934641 0.4180453431372549 0.02900326797385621 0.05116421568627451
0 0.4577205882352941 0.22349877450980393 0.02246732026143791 0.10508578431372549
0 0.5923202614379085 0.4174325980392157 0.018790849673202614 0.053002450980392156
0 0.4311683006535948 0.22579656862745098 0.028186274509803922 0.10232843137254902
0 0.3792892156862745 0.23100490196078433 0.020016339869281044 0.09191176470588236
0 0.16809640522875818 0.15318627450980393 0.017565359477124183 0.06066176470588235
0 0.2005718954248366 0.14751838235294118 0.04003267973856209 0.05361519607843137
0 0.24387254901960784 0.1407781862745098 0.04003267973856209 0.060355392156862746
0 0.24285130718954248 0.07935049019607843 0.04616013071895425 0.05759803921568627
0 0.2013888888888889 0.08287377450980392 0.03104575163398693 0.06525735294117647
0 0.16973039215686275 0.09497549019607843 0.025735294117647058 0.04718137254901961
0 0.29616013071895425 0.04917279411764706 0.03839869281045752 0.060355392156862746
0 0.29758986928104575 0.11596200980392157 0.034722222222222224 0.06832107843137254
0 0.3386437908496732 0.03875612745098039 0.0392156862745098 0.06096813725490196
0 0.3400735294117647 0.1056985294117647 0.03390522875816993 0.06862745098039216
0 0.3874591503267974 0.09941789215686274 0.05269607843137255 0.08057598039215687
0 0.4477124183006536 0.08042279411764706 0.041666666666666664 0.07077205882352941
0 0.5040849673202614 0.06602328431372549 0.051470588235294115 0.09650735294117647
0 0.5741421568627451 0.05238970588235294 0.0625 0.0900735294117647
0 0.13255718954248366 0.2496936274509804 0.01919934640522876 0.07352941176470588
0 0.14910130718954248 0.25214460784313725 0.015522875816993464 0.06862745098039216
0 0.1670751633986928 0.24923406862745098 0.015522875816993464 0.07261029411764706
0 0.18627450980392157 0.24816176470588236 0.0196078431372549 0.07475490196078431
0 0.20669934640522875 0.24571078431372548 0.018790849673202614 0.07352941176470588
0 0.22242647058823528 0.24387254901960784 0.014297385620915032 0.08088235294117647
0 0.23897058823529413 0.24371936274509803 0.016339869281045753 0.08241421568627451
0 0.2569444444444444 0.2423406862745098 0.013071895424836602 0.08639705882352941
0 0.2730800653594771 0.23988970588235295 0.017565359477124183 0.08333333333333333
0 0.29391339869281047 0.23835784313725492 0.016748366013071895 0.08762254901960784
0 0.3147467320261438 0.23636642156862744 0.016748366013071895 0.08670343137254902
0 0.33231209150326796 0.2340686274509804 0.01838235294117647 0.09191176470588236
0 0.3541666666666667 0.2337622549019608 0.0196078431372549 0.09191176470588236
0 0.403390522875817 0.22962622549019607 0.023284313725490197 0.0940563725490196
0 0.5745506535947712 0.4143688725490196 0.017565359477124183 0.04993872549019608
0 0.5569852941176471 0.4140625 0.016748366013071895 0.05116421568627451
0 0.5520833333333334 0.35661764705882354 0.012663398692810458 0.05821078431372549
0 0.3960375816993464 0.40471813725490197 0.016748366013071895 0.02267156862745098
0 0.38092320261437906 0.4065563725490196 0.013480392156862746 0.022058823529411766
0 0.3680555555555556 0.40425857843137253 0.010620915032679739 0.019301470588235295
0 0.3545751633986928 0.4033394607843137 0.015522875816993464 0.01991421568627451
0 0.340890522875817 0.40119485294117646 0.01184640522875817 0.019301470588235295
0 0.31862745098039214 0.3987438725490196 0.012254901960784314 0.020526960784313725
0 0.32945261437908496 0.39889705882352944 0.010212418300653595 0.02144607843137255
0 0.3059640522875817 0.39797794117647056 0.012254901960784314 0.0196078431372549
0 0.29554738562091504 0.39690563725490197 0.010212418300653595 0.020526960784313725
0 0.2847222222222222 0.39659926470588236 0.00980392156862745 0.021139705882352942
0 0.2608251633986928 0.37515318627450983 0.015931372549019607 0.04503676470588235
0 0.24611928104575165 0.375 0.011029411764705883 0.04718137254901961
0 0.2312091503267974 0.3720894607843137 0.012254901960784314 0.04503676470588235
0 0.9673202614379085 0.5893075980392157 0.0661764705882353 0.05177696078431373
0 0.9665032679738562 0.6496629901960784 0.06699346405228758 0.06341911764705882
0 0.8988970588235294 0.5816482843137255 0.07148692810457516 0.04258578431372549
0 0.894812091503268 0.6364889705882353 0.06331699346405228 0.06403186274509803
0 0.8341503267973857 0.5667892156862745 0.061274509803921566 0.042279411764705885
0 0.7720588235294118 0.5560661764705882 0.056372549019607844 0.06495098039215687
0 0.7199754901960784 0.5433517156862745 0.04861111111111111 0.03952205882352941
0 0.6668709150326797 0.5347732843137255 0.04861111111111111 0.05116421568627451
0 0.6207107843137255 0.5231311274509803 0.04044117647058824 0.03707107843137255
0 0.5780228758169934 0.5165441176470589 0.03839869281045752 0.04779411764705882
0 0.5377859477124183 0.508578431372549 0.04125816993464052 0.0392156862745098
0 0.5316584967320261 0.5536151960784313 0.03390522875816993 0.04534313725490196
0 0.5727124183006536 0.5611213235294118 0.03431372549019608 0.036458333333333336
0 0.6156045751633987 0.5692401960784313 0.041666666666666664 0.049019607843137254
0 0.35784313725490197 0.38097426470588236 0.014705882352941176 0.02297794117647059
0 0.20812908496732027 0.6262254901960784 0.013480392156862746 0.024509803921568627
0 0.37050653594771243 0.38036151960784315 0.008986928104575163 0.02420343137254902
0 0.38112745098039214 0.38005514705882354 0.013071895424836602 0.024816176470588234
0 0.5694444444444444 0.3581495098039216 0.01715686274509804 0.05575980392156863
0 0.5884395424836601 0.3587622549019608 0.015931372549019607 0.056372549019607844
0 0.6113153594771242 0.36106004901960786 0.02246732026143791 0.05238970588235294
0 0.4854983660130719 0.4299938725490196 0.05024509803921569 0.07322303921568628
0 0.4272875816993464 0.3864889705882353 0.04656862745098039 0.05545343137254902
0 0.17626633986928106 0.33011642156862747 0.011029411764705883 0.030943627450980393
0 0.1875 0.3321078431372549 0.011437908496732025 0.028186274509803922
0 0.20036764705882354 0.3318014705882353 0.014297385620915032 0.027573529411764705
0 0.22099673202614378 0.33287377450980393 0.016339869281045753 0.024816176470588234
0 0.14950980392156862 0.36611519607843135 0.010620915032679739 0.04411764705882353
0 0.1621732026143791 0.36856617647058826 0.013888888888888888 0.041666666666666664
0 0.17544934640522875 0.36917892156862747 0.009395424836601307 0.04350490196078431
0 0.19240196078431374 0.37193627450980393 0.015522875816993464 0.04105392156862745
0 0.7156862745098039 0.5919117647058824 0.049019607843137254 0.0508578431372549
0 0.2128267973856209 0.37285539215686275 0.01715686274509804 0.044730392156862746
0 0.28921568627450983 0.3710171568627451 0.013071895424836602 0.022058823529411766
0 0.3037173202614379 0.37331495098039214 0.011029411764705883 0.029105392156862746
0 0.34068627450980393 0.3759191176470588 0.012254901960784314 0.025122549019607844
0 0.3292483660130719 0.37653186274509803 0.010620915032679739 0.02267156862745098
0 0.32005718954248363 0.37683823529411764 0.010212418300653595 0.025735294117647058
0 0.3125 0.3474264705882353 0.00980392156862745 0.025122549019607844
0 0.32741013071895425 0.3480392156862745 0.011029411764705883 0.025735294117647058
0 0.34211601307189543 0.3489583333333333 0.010212418300653595 0.028186274509803922
0 0.3562091503267974 0.35049019607843135 0.00980392156862745 0.03125
0 0.3698937908496732 0.35140931372549017 0.012663398692810458 0.029411764705882353
0 0.38419117647058826 0.35110294117647056 0.012663398692810458 0.03002450980392157
0 0.3974673202614379 0.35049019607843135 0.011437908496732025 0.03125
0 0.39624183006535946 0.3794424019607843 0.016339869281045753 0.02665441176470588
0 0.2761437908496732 0.36994485294117646 0.012254901960784314 0.02420343137254902
