0 0.03671875 0.0904296875 0.05572916666666667 0.092578125
0 0.3875 0.7712890625 0.084375 0.081640625
0 0.92421875 0.6921875 0.0484375 0.06875
0 0.49244791666666665 0.768359375 0.04010416666666667 0.08203125
0 0.53984375 0.78125 0.0453125 0.06171875
0 0.08932291666666667 0.0951171875 0.049479166666666664 0.083203125
0 0.5822916666666667 0.7865234375 0.0375 0.051171875
0 0.6302083333333334 0.7693359375 0.051041666666666666 0.083984375
0 0.6783854166666666 0.775390625 0.043229166666666666 0.0703125
0 0.8880208333333334 0.46171875 0.06875 0.078125
0 0.9494791666666667 0.4681640625 0.052083333333333336 0.069140625
0 0.4510416666666667 0.76953125 0.042708333333333334 0.07890625
0 0.13828125 0.0849609375 0.04739583333333333 0.086328125
0 0.35963541666666665 0.11015625 0.05364583333333333 0.04296875
0 0.30625 0.0861328125 0.057291666666666664 0.091796875
0 0.32864583333333336 0.775390625 0.034375 0.07421875
0 0.29583333333333334 0.7623046875 0.030208333333333334 0.069921875
0 0.1546875 0.787890625 0.058333333333333334 0.059375
0 0.090625 0.79453125 0.06666666666666667 0.04296875
0 0.08463541666666667 0.7533203125 0.06510416666666667 0.041015625
0 0.6510416666666666 0.66953125 0.04583333333333333 0.078125
0 0.6973958333333333 0.6681640625 0.041666666666666664 0.080078125
0 0.0296875 0.5599609375 0.0375 0.080859375
0 0.8239583333333333 0.69609375 0.05520833333333333 0.06875
0 0.8760416666666667 0.69609375 0.04791666666666667 0.06796875
0 0.19010416666666666 0.0888671875 0.05416666666666667 0.076953125
0 0.07161458333333333 0.553515625 0.04635416666666667 0.0953125
0 0.2747395833333333 0.4552734375 0.05572916666666667 0.054296875
0 0.16223958333333333 0.5607421875 0.0484375 0.080859375
0 0.32421875 0.3361328125 0.0328125 0.041796875
0 0.4080729166666667 0.33671875 0.05364583333333333 0.04765625
0 0.46380208333333334 0.334375 0.0578125 0.053125
0 0.5200520833333333 0.333203125 0.05572916666666667 0.0515625
0 0.58359375 0.3169921875 0.06822916666666666 0.082421875
0 0.6424479166666667 0.319140625 0.043229166666666666 0.08515625
0 0.6802083333333333 0.3203125 0.03229166666666667 0.084375
0 0.7705729166666667 0.5603515625 0.05572916666666667 0.076171875
0 0.7140625 0.5587890625 0.057291666666666664 0.074609375
0 0.6591145833333333 0.559765625 0.0515625 0.07265625
0 0.6184895833333334 0.5599609375 0.030729166666666665 0.069140625
0 0.5888020833333333 0.562109375 0.028645833333333332 0.06640625
0 0.5494791666666666 0.5255859375 0.046875 0.030859375
0 0.5450520833333333 0.56953125 0.0484375 0.05859375
0 0.49895833333333334 0.57265625 0.04583333333333333 0.05234375
0 0.2830729166666667 0.33203125 0.050520833333333334 0.05234375
0 0.11588541666666667 0.5529296875 0.0421875 0.096484375
0 0.88046875 0.578515625 0.043229166666666666 0.078125
0 0.975 0.59296875 0.04895833333333333 0.04375
0 0.23463541666666668 0.5662109375 0.09739583333333333 0.023828125
0 0.23619791666666667 0.587890625 0.0890625 0.01875
0 0.39505208333333336 0.5552734375 0.059895833333333336 0.079296875
0 0.44895833333333335 0.556640625 0.04583333333333333 0.07578125
0 0.5953125 0.6796875 0.06666666666666667 0.06015625
0 0.5333333333333333 0.6623046875 0.046875 0.092578125
0 0.48072916666666665 0.663671875 0.052083333333333336 0.08984375
0 0.37213541666666666 0.6802734375 0.10364583333333334 0.058203125
0 0.2981770833333333 0.666796875 0.03697916666666667 0.03515625
0 0.29635416666666664 0.69609375 0.0375 0.02265625
0 0.26223958333333336 0.6736328125 0.030729166666666665 0.063671875
0 0.21354166666666666 0.6630859375 0.05520833333333333 0.096484375
0 0.72421875 0.76953125 0.0484375 0.07578125
0 0.14453125 0.6853515625 0.08489583333333334 0.049609375
0 0.03697916666666667 0.664453125 0.052083333333333336 0.09140625
0 0.9244791666666666 0.5908203125 0.04479166666666667 0.048828125
0 0.83359375 0.7822265625 0.059895833333333336 0.082421875
0 0.33828125 0.88359375 0.03177083333333333 0.07890625
0 0.9677083333333333 0.78515625 0.06666666666666667 0.0671875
0 0.7338541666666667 0.31953125 0.06458333333333334 0.075
0 0.23802083333333332 0.3375 0.042708333333333334 0.05
0 0.19427083333333334 0.316796875 0.041666666666666664 0.09140625
0 0.13203125 0.3177734375 0.0640625 0.085546875
0 0.07786458333333333 0.3240234375 0.044270833333333336 0.079296875
0 0.031510416666666666 0.3216796875 0.0453125 0.084765625
0 0.8932291666666666 0.801171875 0.06145833333333333 0.04609375
0 0.9640625 0.2353515625 0.052083333333333336 0.068359375
0 0.8575520833333333 0.24765625 0.0578125 0.0546875
0 0.7838541666666666 0.21953125 0.071875 0.05546875
0 0.7161458333333334 0.2193359375 0.06145833333333333 0.055078125
0 0.6559895833333333 0.218359375 0.05572916666666667 0.05546875
0 0.59453125 0.2072265625 0.04739583333333333 0.084765625
0 0.546875 0.2109375 0.04895833333333333 0.07578125
0 0.9135416666666667 0.2380859375 0.04791666666666667 0.071484375
0 0.4947916666666667 0.211328125 0.05520833333333333 0.0765625
0 0.8479166666666667 0.3626953125 0.053125 0.067578125
0 0.9596354166666666 0.3728515625 0.04010416666666667 0.044921875
0 0.3307291666666667 0.4552734375 0.04895833333333333 0.055859375
0 0.3848958333333333 0.455078125 0.057291666666666664 0.05625
0 0.46640625 0.4412109375 0.03802083333333333 0.073046875
0 0.50703125 0.4427734375 0.04739583333333333 0.074609375
0 0.5526041666666667 0.440625 0.04583333333333333 0.07734375
0 0.5971354166666667 0.440234375 0.03802083333333333 0.0859375
0 0.903125 0.360546875 0.052083333333333336 0.06796875
0 0.6385416666666667 0.4416015625 0.04583333333333333 0.083203125
0 0.76328125 0.4380859375 0.0765625 0.084765625
0 0.828125 0.46171875 0.04583333333333333 0.078125
0 0.20755208333333333 0.4548828125 0.07135416666666666 0.054296875
0 0.13645833333333332 0.433984375 0.058333333333333334 0.103125
0 0.08020833333333334 0.434765625 0.05625 0.1046875
0 0.0328125 0.438671875 0.040625 0.0984375
0 0.6927083333333334 0.4369140625 0.057291666666666664 0.090234375
0 0.4434895833333333 0.2052734375 0.0453125 0.088671875
0 0.7942708333333334 0.3228515625 0.05625 0.068359375
0 0.353125 0.2103515625 0.04791666666666667 0.080078125
0 0.86875 0.8794921875 0.040625 0.080078125
0 0.8276041666666667 0.8775390625 0.040625 0.082421875
0 0.7895833333333333 0.8802734375 0.026041666666666668 0.083984375
0 0.7510416666666667 0.8779296875 0.04895833333333333 0.088671875
0 0.7065104166666667 0.8759765625 0.0421875 0.083984375
0 0.65546875 0.874609375 0.0578125 0.0875
0 0.39791666666666664 0.209375 0.040625 0.08046875
0 0.90625 0.8779296875 0.03333333333333333 0.077734375
0 0.5869791666666667 0.8783203125 0.057291666666666664 0.087109375
0 0.42421875 0.8853515625 0.0359375 0.081640625
0 0.3848958333333333 0.88125 0.042708333333333334 0.0875
0 0.2596354166666667 0.915625 0.06822916666666666 0.01953125
0 0.2838541666666667 0.8857421875 0.07395833333333333 0.040234375
0 0.19479166666666667 0.8810546875 0.08541666666666667 0.049609375
0 0.10052083333333334 0.89609375 0.07604166666666666 0.0625
0 0.03828125 0.8966796875 0.0484375 0.064453125
0 0.46119791666666665 0.883984375 0.03802083333333333 0.0796875
0 0.9466145833333334 0.89609375 0.04635416666666667 0.04140625
0 0.83203125 0.580859375 0.05364583333333333 0.071875
0 0.2721354166666667 0.2171875 0.0390625 0.06796875
0 0.02578125 0.20390625 0.044270833333333336 0.09921875
0 0.12291666666666666 0.2138671875 0.04583333333333333 0.074609375
0 0.0765625 0.216015625 0.04583333333333333 0.07265625
0 0.8859375 0.11171875 0.10416666666666667 0.0890625
0 0.803125 0.0802734375 0.053125 0.083984375
0 0.6364583333333333 0.0951171875 0.041666666666666664 0.055859375
0 0.22421875 0.2322265625 0.0515625 0.037890625
0 0.584375 0.1009765625 0.05520833333333333 0.050390625
0 0.5307291666666667 0.1005859375 0.052083333333333336 0.051171875
0 0.47317708333333336 0.1033203125 0.0546875 0.051171875
0 0.7494791666666667 0.0986328125 0.05625 0.047265625
0 0.41770833333333335 0.104296875 0.05520833333333333 0.05
0 0.6890625 0.098828125 0.06458333333333334 0.046875
