0 0.402734375 0.73125 0.03515625 0.075
0 0.3681640625 0.734375 0.036328125 0.07395833333333333
0 0.3248046875 0.7299479166666667 0.051171875 0.0828125
0 0.0234375 0.7200520833333334 0.0203125 0.0796875
0 0.2708984375 0.73046875 0.055078125 0.08385416666666666
0 0.19140625 0.73203125 0.034375 0.0828125
0 0.153515625 0.7317708333333334 0.0359375 0.08125
0 0.11953125 0.7346354166666667 0.0328125 0.07552083333333333
0 0.0517578125 0.73828125 0.033203125 0.07447916666666667
0 0.0853515625 0.7385416666666667 0.032421875 0.07291666666666667
0 0.43828125 0.7291666666666666 0.034375 0.07708333333333334
0 0.2248046875 0.7372395833333333 0.033203125 0.07239583333333334
0 0.4724609375 0.7067708333333333 0.029296875 0.05520833333333333
0 0.975 0.6013020833333333 0.0296875 0.07135416666666666
0 0.553515625 0.728125 0.0375 0.084375
0 0.5888671875 0.7330729166666666 0.033203125 0.07135416666666666
0 0.6197265625 0.7315104166666667 0.026171875 0.06927083333333334
0 0.6498046875 0.7302083333333333 0.030859375 0.07083333333333333
0 0.6798828125 0.7315104166666667 0.029296875 0.07447916666666667
0 0.7306640625 0.7361979166666667 0.026171875 0.06510416666666667
0 0.75625 0.7388020833333333 0.025 0.0578125
0 0.7857421875 0.73828125 0.033203125 0.0578125
0 0.819921875 0.7328125 0.03515625 0.06979166666666667
0 0.8509765625 0.734375 0.026953125 0.07291666666666667
0 0.87890625 0.73671875 0.02890625 0.0671875
0 0.9078125 0.7356770833333334 0.02890625 0.0640625
0 0.9369140625 0.734375 0.030859375 0.06458333333333334
0 0.5115234375 0.7263020833333333 0.033984375 0.07760416666666667
0 0.7060546875 0.7333333333333333 0.022265625 0.07083333333333333
0 0.6193359375 0.15260416666666668 0.044921875 0.071875
0 0.08359375 0.8783854166666667 0.034375 0.0671875
0 0.3734375 0.5942708333333333 0.034375 0.09270833333333334
0 0.334375 0.59296875 0.0421875 0.0984375
0 0.2921875 0.5955729166666667 0.04375 0.09947916666666666
0 0.246875 0.5919270833333333 0.0453125 0.1078125
0 0.20546875 0.5953125 0.034375 0.090625
0 0.167578125 0.5963541666666666 0.04140625 0.08854166666666667
0 0.1275390625 0.59609375 0.034765625 0.08697916666666666
0 0.09140625 0.5947916666666667 0.034375 0.08854166666666667
0 0.52109375 0.14322916666666666 0.04609375 0.10208333333333333
0 0.053125 0.5981770833333333 0.03984375 0.0828125
0 0.9763671875 0.465625 0.032421875 0.075
0 0.9435546875 0.4622395833333333 0.031640625 0.0796875
0 0.90703125 0.46171875 0.04140625 0.0796875
0 0.8705078125 0.46328125 0.020703125 0.07447916666666667
0 0.8466796875 0.4669270833333333 0.026953125 0.0703125
0 0.8173828125 0.46953125 0.031640625 0.07135416666666666
0 0.7880859375 0.4627604166666667 0.026953125 0.08489583333333334
0 0.749609375 0.4591145833333333 0.04609375 0.08489583333333334
0 0.016015625 0.596875 0.03203125 0.08541666666666667
0 0.7109375 0.46328125 0.03203125 0.07447916666666667
0 0.4724609375 0.14010416666666667 0.050390625 0.1
0 0.3693359375 0.13359375 0.054296875 0.10572916666666667
0 0.9451171875 0.97265625 0.047265625 0.0546875
0 0.7595703125 0.603125 0.033203125 0.071875
0 0.730859375 0.6083333333333333 0.025 0.0625
0 0.695703125 0.6015625 0.046875 0.08020833333333334
0 0.0353515625 0.14114583333333333 0.065234375 0.09375
0 0.0884765625 0.14609375 0.037109375 0.0796875
0 0.13515625 0.13489583333333333 0.0515625 0.103125
0 0.1958984375 0.13515625 0.064453125 0.1046875
0 0.42265625 0.1515625 0.0453125 0.07708333333333334
0 0.655859375 0.6010416666666667 0.03046875 0.07708333333333334
0 0.0498046875 0.8778645833333333 0.033203125 0.0671875
0 0.5837890625 0.5885416666666666 0.038671875 0.09479166666666666
0 0.541796875 0.5856770833333333 0.04375 0.0953125
0 0.4984375 0.5888020833333333 0.04140625 0.0921875
0 0.457421875 0.5911458333333334 0.03828125 0.090625
0 0.4158203125 0.5940104166666667 0.040234375 0.09114583333333333
0 0.2548828125 0.14375 0.049609375 0.08854166666666667
0 0.3119140625 0.13411458333333334 0.058203125 0.1046875
0 0.6255859375 0.6036458333333333 0.030859375 0.07291666666666667
0 0.676171875 0.46328125 0.0359375 0.07447916666666667
0 0.6435546875 0.465625 0.028515625 0.075
0 0.6140625 0.47109375 0.02890625 0.06197916666666667
0 0.5298828125 0.3020833333333333 0.046484375 0.09583333333333334
0 0.4806640625 0.31145833333333334 0.037109375 0.07916666666666666
0 0.4328125 0.30234375 0.05859375 0.0984375
0 0.374609375 0.3104166666666667 0.04375 0.08125
0 0.32890625 0.31145833333333334 0.0484375 0.07916666666666666
0 0.2826171875 0.31171875 0.041796875 0.07864583333333333
0 0.2357421875 0.3109375 0.051171875 0.08020833333333334
0 0.18671875 0.31015625 0.04609375 0.07760416666666667
0 0.5734375 0.29583333333333334 0.040625 0.10833333333333334
0 0.144921875 0.30494791666666665 0.03046875 0.0890625
0 0.0380859375 0.30182291666666666 0.060546875 0.08802083333333334
0 0.9583984375 0.15260416666666668 0.033203125 0.07916666666666666
0 0.9212890625 0.15286458333333333 0.036328125 0.0796875
0 0.8810546875 0.13984375 0.044921875 0.10885416666666667
0 0.8255859375 0.12890625 0.055078125 0.12447916666666667
0 0.775 0.128125 0.046875 0.121875
0 0.725390625 0.15052083333333333 0.05078125 0.07708333333333334
0 0.6703125 0.14140625 0.05625 0.0984375
0 0.091015625 0.3111979166666667 0.04375 0.0703125
0 0.6150390625 0.29739583333333336 0.041796875 0.10729166666666666
0 0.654296875 0.29921875 0.034375 0.10677083333333333
0 0.691796875 0.29973958333333334 0.04140625 0.10260416666666666
0 0.576171875 0.45338541666666665 0.0359375 0.09427083333333333
0 0.537890625 0.4510416666666667 0.03984375 0.09895833333333333
0 0.4984375 0.45208333333333334 0.0375 0.09895833333333333
0 0.4603515625 0.453125 0.038671875 0.096875
0 0.38203125 0.45546875 0.0375 0.09635416666666667
0 0.33984375 0.45078125 0.04609375 0.09635416666666667
0 0.2951171875 0.45 0.041015625 0.10104166666666667
0 0.2541015625 0.4510416666666667 0.041015625 0.09895833333333333
0 0.199609375 0.4505208333333333 0.04375 0.09583333333333334
0 0.1509765625 0.465625 0.044921875 0.0625
0 0.1103515625 0.45286458333333335 0.033203125 0.08697916666666666
0 0.0666015625 0.44817708333333334 0.044140625 0.0953125
0 0.022265625 0.44895833333333335 0.04453125 0.09270833333333334
0 0.9666015625 0.3033854166666667 0.042578125 0.0984375
0 0.9205078125 0.2986979166666667 0.043359375 0.1078125
0 0.87578125 0.296875 0.0453125 0.10833333333333334
0 0.8357421875 0.2994791666666667 0.036328125 0.10416666666666667
0 0.793359375 0.29791666666666666 0.04296875 0.10208333333333333
0 0.7486328125 0.3015625 0.041015625 0.09895833333333333
0 0.8966796875 0.97265625 0.048046875 0.0546875
0 0.8373046875 0.9723958333333333 0.062890625 0.05416666666666667
0 0.097265625 0.25364583333333335 0.0546875 0.040625
0 0.6935546875 0.97265625 0.055078125 0.050520833333333334
0 0.6564453125 0.875 0.048828125 0.058333333333333334
0 0.615625 0.875 0.02890625 0.065625
0 0.5849609375 0.8747395833333333 0.032421875 0.0671875
0 0.5494140625 0.8619791666666666 0.033203125 0.084375
0 0.5693359375 0.15338541666666666 0.048046875 0.0828125
0 0.9904296875 0.7265625 0.019140625 0.078125
0 0.01640625 0.8799479166666667 0.0328125 0.06302083333333333
0 0.5150390625 0.865625 0.032421875 0.07916666666666666
0 0.470703125 0.8692708333333333 0.05078125 0.06979166666666667
0 0.41484375 0.8565104166666667 0.04921875 0.10052083333333334
0 0.3603515625 0.85859375 0.057421875 0.09739583333333333
0 0.2958984375 0.8721354166666667 0.055859375 0.07760416666666667
0 0.23359375 0.8708333333333333 0.05390625 0.078125
0 0.7890625 0.6046875 0.02421875 0.06458333333333334
0 0.81796875 0.6 0.03046875 0.075
0 0.855078125 0.5903645833333333 0.040625 0.09322916666666667
0 0.8900390625 0.6033854166666667 0.026171875 0.07239583333333334
0 0.91796875 0.6020833333333333 0.03125 0.071875
0 0.7505859375 0.9739583333333334 0.055078125 0.053125
0 0.7080078125 0.8768229166666667 0.052734375 0.05260416666666667
0 0.76328125 0.8700520833333333 0.0578125 0.06822916666666666
0 0.9466796875 0.60234375 0.026171875 0.0703125
0 0.9669921875 0.7317708333333334 0.029296875 0.06770833333333333
0 0.948828125 0.8713541666666667 0.03515625 0.065625
0 0.90390625 0.8609375 0.03671875 0.08854166666666667
0 0.8185546875 0.8705729166666667 0.051171875 0.06822916666666666
0 0.1134765625 0.8856770833333333 0.025390625 0.0515625
0 0.8673828125 0.8604166666666667 0.037109375 0.0875
0 0.1390625 0.8807291666666667 0.02578125 0.05520833333333333
0 0.166015625 0.8794270833333333 0.02890625 0.05677083333333333
0 0.194921875 0.88046875 0.02734375 0.0578125
0 0.9802734375 0.8708333333333333 0.024609375 0.07291666666666667
