0 0.18012820512820513 0.28942307692307695 0.0685897435897436 0.046153846153846156
0 0.1794871794871795 0.2231971153846154 0.07179487179487179 0.031009615384615385
0 0.10608974358974359 0.2878605769230769 0.06666666666666667 0.05264423076923077
0 0.1094551282051282 0.23509615384615384 0.058012820512820515 0.04567307692307692
0 0.18044871794871795 0.25264423076923076 0.06923076923076923 0.023557692307692307
0 0.9224358974358975 0.2957932692307692 0.0532051282051282 0.056490384615384616
0 0.8400641025641026 0.29699519230769234 0.0955128205128205 0.045432692307692306
0 0.8245192307692307 0.2515625 0.09775641025641026 0.03870192307692308
0 0.8748397435897436 0.9122596153846154 0.08365384615384615 0.06153846153846154
0 0.9733974358974359 0.29483173076923075 0.03974358974358974 0.056971153846153845
0 0.9796474358974359 0.23677884615384615 0.040705128205128206 0.055288461538461536
0 0.9280448717948718 0.23677884615384615 0.05608974358974359 0.055288461538461536
0 0.9655448717948718 0.17271634615384615 0.0516025641025641 0.03822115384615385
0 0.9230769230769231 0.14350961538461537 0.06666666666666667 0.017788461538461538
0 0.9014423076923077 0.17247596153846154 0.06185897435897436 0.036778846153846155
0 0.03381410256410256 0.27728365384615383 0.06762820512820512 0.06274038461538461
0 0.6059294871794871 0.9207932692307692 0.07852564102564102 0.04927884615384615
0 0.33044871794871794 0.24026442307692308 0.06923076923076923 0.04639423076923077
0 0.7852564102564102 0.9236778846153846 0.08717948717948718 0.046875
0 0.0342948717948718 0.3721153846153846 0.0685897435897436 0.01826923076923077
0 0.7365384615384616 0.29699519230769234 0.10384615384615385 0.04879807692307692
0 0.7290064102564102 0.25012019230769234 0.0842948717948718 0.037259615384615384
0 0.6495192307692308 0.29915865384615387 0.06506410256410257 0.040625
0 0.5820512820512821 0.29759615384615384 0.060897435897435896 0.04375
0 0.6508012820512821 0.2481971153846154 0.06314102564102564 0.05264423076923077
0 0.5823717948717949 0.25 0.06602564102564103 0.05
0 0.5 0.29483173076923075 0.0955128205128205 0.050721153846153846
0 0.4982371794871795 0.2485576923076923 0.08365384615384615 0.0375
0 0.40032051282051284 0.2919471153846154 0.09038461538461538 0.051201923076923075
0 0.31650641025641024 0.2907451923076923 0.06698717948717949 0.04879807692307692
0 0.8219551282051282 0.16514423076923077 0.08685897435897436 0.046153846153846156
0 0.25064102564102564 0.29134615384615387 0.06153846153846154 0.05
0 0.2548076923076923 0.23966346153846155 0.06602564102564103 0.05144230769230769
0 0.7842948717948718 0.8751201923076923 0.08974358974358974 0.042067307692307696
0 0.6940705128205128 0.9223557692307692 0.08621794871794872 0.04423076923076923
0 0.73125 0.16538461538461538 0.08878205128205129 0.04567307692307692
0 0.513301282051282 0.165625 0.058653846153846154 0.046153846153846156
0 0.6541666666666667 0.11189903846153847 0.07435897435897436 0.05264423076923077
0 0.5666666666666667 0.6795673076923077 0.06153846153846154 0.04230769230769231
0 0.6237179487179487 0.6183894230769231 0.047435897435897434 0.03533653846153846
0 0.5655448717948718 0.622235576923077 0.05737179487179487 0.036778846153846155
0 0.47708333333333336 0.6561298076923077 0.10544871794871795 0.090625
0 0.36169871794871794 0.6544471153846154 0.12083333333333333 0.08870192307692308
0 0.2387820512820513 0.6671875 0.1141025641025641 0.06322115384615384
0 0.11650641025641026 0.6716346153846153 0.12083333333333333 0.05961538461538462
0 0.03381410256410256 0.6253605769230769 0.06570512820512821 0.023317307692307693
0 0.03926282051282051 0.6032451923076924 0.07788461538461539 0.014663461538461538
0 0.035096153846153846 0.5905048076923077 0.06955128205128205 0.008413461538461538
0 0.3283653846153846 0.1623798076923077 0.06057692307692308 0.04591346153846154
0 0.029326923076923077 0.13930288461538462 0.05673076923076923 0.08533653846153846
0 0.08798076923076924 0.16298076923076923 0.05737179487179487 0.040865384615384616
0 0.14903846153846154 0.16201923076923078 0.05705128205128205 0.04519230769230769
0 0.2078525641025641 0.16310096153846154 0.05352564102564102 0.04639423076923077
0 0.6342948717948718 0.6836538461538462 0.0641025641025641 0.04567307692307692
0 0.7070512820512821 0.6419471153846154 0.07884615384615384 0.050721153846153846
0 0.7876602564102564 0.6421875 0.07532051282051282 0.051201923076923075
0 0.8900641025641025 0.6313701923076923 0.08525641025641026 0.04879807692307692
0 0.580448717948718 0.1641826923076923 0.06602564102564103 0.04951923076923077
0 0.5631410256410256 0.11646634615384616 0.06987179487179487 0.039663461538461536
0 0.03621794871794872 0.3502403846153846 0.07179487179487179 0.015865384615384615
0 0.44903846153846155 0.1640625 0.06153846153846154 0.04927884615384615
0 0.3892628205128205 0.16466346153846154 0.052884615384615384 0.047115384615384615
0 0.9592948717948718 0.9200721153846154 0.08461538461538462 0.06850961538461539
0 0.03766025641025641 0.7936298076923077 0.07275641025641026 0.053125
0 0.6495192307692308 0.16490384615384615 0.06506410256410257 0.047596153846153844
0 0.10176282051282051 0.7320913461538462 0.07275641025641026 0.02860576923076923
0 0.9487179487179487 0.8034855769230769 0.09743589743589744 0.06033653846153846
0 0.9403846153846154 0.7477163461538462 0.08461538461538462 0.040625
0 0.841025641025641 0.7546875 0.10576923076923077 0.048317307692307694
0 0.9314102564102564 0.6903846153846154 0.06666666666666667 0.046153846153846156
0 0.8621794871794872 0.6890625 0.06346153846153846 0.04350961538461538
0 0.7094551282051282 0.6909855769230769 0.07532051282051282 0.04110576923076923
0 0.7899038461538461 0.690625 0.07532051282051282 0.04038461538461539
0 0.8516025641025641 0.8069711538461538 0.09294871794871795 0.05432692307692308
0 0.11875 0.7955528846153846 0.08685897435897436 0.06850961538461539
0 0.26506410256410257 0.1623798076923077 0.05705128205128205 0.04591346153846154
0 0.30673076923076925 0.7923076923076923 0.08525641025641026 0.06971153846153846
0 0.31826923076923075 0.5445913461538462 0.07435897435897436 0.04639423076923077
0 0.24086538461538462 0.5417067307692308 0.06762820512820512 0.053125
0 0.17243589743589743 0.5417067307692308 0.057692307692307696 0.05024038461538462
0 0.09967948717948719 0.5465144230769231 0.0685897435897436 0.056490384615384616
0 0.030608974358974358 0.5401442307692308 0.05737179487179487 0.05
0 0.10064102564102564 0.4893028846153846 0.08269230769230769 0.031009615384615385
0 0.9645833333333333 0.42536057692307694 0.07403846153846154 0.045432692307692306
0 0.8905448717948717 0.42536057692307694 0.06506410256410257 0.045432692307692306
0 0.9543269230769231 0.3765625 0.04326923076923077 0.04639423076923077
0 0.8908653846153847 0.37908653846153845 0.07467948717948718 0.041826923076923074
0 0.8193910256410256 0.42403846153846153 0.07083333333333333 0.04567307692307692
0 0.8121794871794872 0.37740384615384615 0.06923076923076923 0.041826923076923074
0 0.7480769230769231 0.4237980769230769 0.06346153846153846 0.04567307692307692
0 0.6770833333333334 0.421875 0.07275641025641026 0.04519230769230769
0 0.6038461538461538 0.42151442307692305 0.06666666666666667 0.04447115384615385
0 0.37564102564102564 0.4643028846153846 0.06666666666666667 0.012740384615384615
0 0.3854166666666667 0.4954326923076923 0.06057692307692308 0.04326923076923077
0 0.44887820512820514 0.4953125 0.05673076923076923 0.036778846153846155
0 0.3871794871794872 0.5409855769230769 0.05576923076923077 0.042548076923076925
0 0.2142628205128205 0.7955528846153846 0.09455128205128205 0.07908653846153846
0 0.9432692307692307 0.47920673076923076 0.06923076923076923 0.026682692307692307
0 0.958974358974359 0.5140625 0.08397435897435897 0.03918269230769231
0 0.8727564102564103 0.5122596153846154 0.07179487179487179 0.035576923076923075
0 0.8895833333333333 0.5564903846153846 0.07788461538461539 0.041826923076923074
0 0.9657051282051282 0.5581730769230769 0.0685897435897436 0.04038461538461539
0 0.8671474358974359 0.4778846153846154 0.07788461538461539 0.02403846153846154
0 0.6600961538461538 0.38317307692307695 0.052243589743589745 0.027884615384615386
0 0.795352564102564 0.5524038461538462 0.09903846153846153 0.04375
0 0.7708333333333334 0.5032451923076923 0.09615384615384616 0.036778846153846155
0 0.6897435897435897 0.5014423076923077 0.060897435897435896 0.03942307692307692
0 0.604326923076923 0.5486778846153846 0.1016025641025641 0.048317307692307694
0 0.5185897435897436 0.5473557692307692 0.060897435897435896 0.04230769230769231
0 0.6030448717948718 0.5016826923076924 0.09903846153846153 0.03990384615384615
0 0.5181089743589744 0.4991586538461538 0.06442307692307692 0.04447115384615385
0 0.45224358974358975 0.5413461538461538 0.05897435897435897 0.04951923076923077
0 0.7048076923076924 0.5512019230769231 0.07435897435897436 0.05
0 0.6038461538461538 0.3825721153846154 0.05 0.02956730769230769
0 0.45721153846153845 0.4653846153846154 0.052243589743589745 0.017788461538461538
0 0.4721153846153846 0.4186298076923077 0.060897435897435896 0.04495192307692308
0 0.04006410256410257 0.8625 0.07948717948717948 0.035576923076923075
0 0.03413461538461538 0.9099759615384615 0.06698717948717949 0.051201923076923075
0 0.1233974358974359 0.9020432692307693 0.08717948717948718 0.0641826923076923
0 0.2155448717948718 0.8973557692307692 0.08942307692307692 0.07596153846153846
0 0.31362179487179487 0.9049278846153846 0.09903846153846153 0.07283653846153847
0 0.5219551282051282 0.8731971153846154 0.0842948717948718 0.04447115384615385
0 0.520673076923077 0.9210336538461539 0.08621794871794872 0.048317307692307694
0 0.753525641025641 0.8066105769230769 0.08717948717948718 0.053125
0 0.6089743589743589 0.8731971153846154 0.08141025641025641 0.04447115384615385
0 0.5717948717948718 0.8032451923076923 0.07884615384615384 0.06274038461538461
0 0.5790064102564103 0.7460336538461538 0.07596153846153846 0.046875
0 0.4858974358974359 0.8063701923076924 0.08461538461538462 0.05024038461538462
0 0.48509615384615384 0.7502403846153847 0.08301282051282051 0.058173076923076925
0 0.39647435897435895 0.8009615384615385 0.08717948717948718 0.055288461538461536
0 0.7383012820512821 0.3762019230769231 0.06955128205128205 0.04423076923076923
0 0.39855769230769234 0.7467548076923077 0.08557692307692308 0.051201923076923075
0 0.6959935897435897 0.8763221153846154 0.08621794871794872 0.04447115384615385
0 0.6608974358974359 0.8021634615384615 0.08782051282051281 0.057692307692307696
0 0.4184294871794872 0.9096153846153846 0.10544871794871795 0.06971153846153846
0 0.5413461538461538 0.37403846153846154 0.0641025641025641 0.04423076923076923
0 0.5363782051282051 0.42151442307692305 0.0625 0.048317307692307694
0 0.7455128205128205 0.7489182692307692 0.07948717948717948 0.043028846153846154
0 0.47291666666666665 0.37403846153846154 0.0625 0.041346153846153845
0 0.40064102564102566 0.4155048076923077 0.07243589743589744 0.04735576923076923
0 0.41378205128205126 0.371875 0.04551282051282051 0.03365384615384615
0 0.3575320512820513 0.3701923076923077 0.05993589743589744 0.03798076923076923
0 0.22948717948717948 0.4155048076923077 0.1 0.04927884615384615
0 0.12387820512820513 0.41201923076923075 0.10801282051282052 0.047596153846153844
0 0.3229166666666667 0.4149038461538462 0.07788461538461539 0.047115384615384615
0 0.12596153846153846 0.36009615384615384 0.10384615384615385 0.05144230769230769
0 0.02980769230769231 0.43040865384615384 0.05897435897435897 0.008413461538461538
0 0.032692307692307694 0.4174278846153846 0.0641025641025641 0.010817307692307692
0 0.03173076923076923 0.4048076923076923 0.06346153846153846 0.011538461538461539
0 0.030448717948717948 0.39110576923076923 0.060897435897435896 0.013942307692307693
0 0.6634615384615384 0.7473557692307692 0.08012820512820513 0.046153846153846156
0 0.23205128205128206 0.36201923076923076 0.10064102564102564 0.051923076923076926
