0 0.505078125 0.7359375 0.02265625 0.04791666666666667
0 0.7248046875 0.7255208333333333 0.023046875 0.036458333333333336
0 0.70390625 0.7255208333333333 0.01875 0.03854166666666667
0 0.685546875 0.7278645833333334 0.01640625 0.04114583333333333
0 0.6802734375 0.6880208333333333 0.020703125 0.0375
0 0.66484375 0.7315104166666667 0.021875 0.0390625
0 0.6359375 0.7171875 0.03125 0.06666666666666667
0 0.6103515625 0.728125 0.020703125 0.04375
0 0.58671875 0.7317708333333334 0.02578125 0.052083333333333336
0 0.19375 0.7549479166666667 0.025 0.043229166666666666
0 0.2189453125 0.71171875 0.026171875 0.0421875
0 0.219140625 0.753125 0.0265625 0.036458333333333336
0 0.247265625 0.6002604166666666 0.034375 0.11197916666666667
0 0.248828125 0.7502604166666667 0.0296875 0.0421875
0 0.27734375 0.7513020833333334 0.02734375 0.0421875
0 0.3044921875 0.7486979166666666 0.027734375 0.0390625
0 0.3330078125 0.7479166666666667 0.029296875 0.041666666666666664
0 0.55625 0.7223958333333333 0.03359375 0.06875
0 0.361328125 0.7458333333333333 0.025 0.03333333333333333
0 0.3865234375 0.7416666666666667 0.023046875 0.04375
0 0.410546875 0.7403645833333333 0.02421875 0.0421875
0 0.436328125 0.7395833333333334 0.02734375 0.04583333333333333
0 0.4607421875 0.7364583333333333 0.023828125 0.04583333333333333
0 0.4830078125 0.7372395833333333 0.019921875 0.04635416666666667
0 0.52734375 0.72265625 0.021875 0.049479166666666664
0 0.3318359375 0.70625 0.032421875 0.042708333333333334
0 0.1400390625 0.7565104166666666 0.024609375 0.0453125
0 0.2802734375 0.59921875 0.031640625 0.11302083333333333
0 0.9771484375 0.5799479166666667 0.027734375 0.09635416666666667
0 0.9486328125 0.5802083333333333 0.024609375 0.09375
0 0.8908203125 0.5817708333333333 0.025390625 0.09895833333333333
0 0.8634765625 0.5864583333333333 0.027734375 0.09375
0 0.8357421875 0.5807291666666666 0.027734375 0.10416666666666667
0 0.8083984375 0.58671875 0.028515625 0.09322916666666667
0 0.7822265625 0.5861979166666667 0.023046875 0.0953125
0 0.7560546875 0.5880208333333333 0.026171875 0.10208333333333333
0 0.726171875 0.58671875 0.028125 0.10364583333333334
0 0.701953125 0.5875 0.0203125 0.10208333333333333
0 0.6775390625 0.5877604166666667 0.027734375 0.1015625
0 0.7484375 0.7247395833333333 0.021875 0.04635416666666667
0 0.64921875 0.5880208333333333 0.02890625 0.10208333333333333
0 0.621875 0.5864583333333333 0.02421875 0.103125
0 0.5994140625 0.5903645833333333 0.022265625 0.10989583333333333
0 0.580078125 0.5908854166666667 0.01640625 0.1078125
0 0.561328125 0.5932291666666667 0.0203125 0.10208333333333333
0 0.537109375 0.5890625 0.02734375 0.10729166666666666
0 0.5068359375 0.5919270833333333 0.031640625 0.09947916666666666
0 0.474609375 0.5942708333333333 0.03359375 0.11145833333333334
0 0.441015625 0.5958333333333333 0.0296875 0.10520833333333333
0 0.4091796875 0.59453125 0.030859375 0.1109375
0 0.3767578125 0.5958333333333333 0.030859375 0.10520833333333333
0 0.34609375 0.5973958333333333 0.03046875 0.109375
0 0.31328125 0.5979166666666667 0.0328125 0.10729166666666666
0 0.166015625 0.7518229166666667 0.028125 0.0546875
0 0.7685546875 0.7276041666666667 0.017578125 0.041666666666666664
0 0.45234375 0.19401041666666666 0.0234375 0.08072916666666667
0 0.4416015625 0.859375 0.036328125 0.09166666666666666
0 0.2033203125 0.309375 0.043359375 0.11979166666666667
0 0.164453125 0.3104166666666667 0.03203125 0.12291666666666666
0 0.1306640625 0.31302083333333336 0.034765625 0.11770833333333333
0 0.97734375 0.19010416666666666 0.0265625 0.09270833333333334
0 0.9505859375 0.18932291666666667 0.026953125 0.09322916666666667
0 0.9216796875 0.18984375 0.030078125 0.0953125
0 0.8931640625 0.18880208333333334 0.026953125 0.09947916666666666
0 0.8671875 0.18880208333333334 0.0203125 0.0953125
0 0.8419921875 0.18723958333333332 0.029296875 0.0984375
0 0.8123046875 0.18697916666666667 0.029296875 0.09895833333333333
0 0.7837890625 0.18489583333333334 0.027734375 0.103125
0 0.2400390625 0.31276041666666665 0.030078125 0.11302083333333333
0 0.7556640625 0.18515625 0.029296875 0.10260416666666666
0 0.7044921875 0.18385416666666668 0.031640625 0.1
0 0.6751953125 0.17421875 0.028515625 0.11822916666666666
0 0.6376953125 0.18671875 0.021484375 0.09635416666666667
0 0.6140625 0.18828125 0.0234375 0.09322916666666667
0 0.2017578125 0.80859375 0.038671875 0.0203125
0 0.1291015625 0.16432291666666668 0.040234375 0.1171875
0 0.1716796875 0.16744791666666667 0.044921875 0.1109375
0 0.219921875 0.16484375 0.0421875 0.1109375
0 0.272265625 0.17239583333333333 0.05 0.109375
0 0.3125 0.16875 0.0296875 0.115625
0 0.18203125 0.60234375 0.0328125 0.11197916666666667
0 0.7306640625 0.18515625 0.020703125 0.1015625
0 0.290625 0.3140625 0.046875 0.11041666666666666
0 0.3302734375 0.3255208333333333 0.030859375 0.0875
0 0.34921875 0.175 0.03515625 0.10520833333333333
0 0.322265625 0.8661458333333333 0.03671875 0.09479166666666666
0 0.246484375 0.8263020833333333 0.021875 0.05572916666666667
0 0.58828125 0.19557291666666668 0.02578125 0.07447916666666667
0 0.5572265625 0.2171875 0.033203125 0.040625
0 0.5232421875 0.19348958333333333 0.026953125 0.07552083333333333
0 0.4857421875 0.18697916666666667 0.043359375 0.09583333333333334
0 0.4052734375 0.8591145833333333 0.037109375 0.09010416666666667
0 0.40546875 0.8005208333333333 0.0390625 0.025
0 0.8134765625 0.7252604166666666 0.026171875 0.0390625
0 0.836328125 0.72265625 0.01953125 0.034895833333333334
0 0.8548828125 0.7244791666666667 0.017578125 0.03125
0 0.8736328125 0.7234375 0.020703125 0.03229166666666667
0 0.8974609375 0.7151041666666667 0.028515625 0.046875
0 0.9232421875 0.7018229166666666 0.023046875 0.0515625
0 0.9634765625 0.7135416666666666 0.044140625 0.04583333333333333
0 0.9923828125 0.7018229166666666 0.015234375 0.04635416666666667
0 0.1544921875 0.88359375 0.041015625 0.0984375
0 0.1943359375 0.8828125 0.039453125 0.1
0 0.502734375 0.3190104166666667 0.02890625 0.1078125
0 0.469921875 0.31953125 0.0296875 0.10677083333333333
0 0.4384765625 0.33046875 0.033203125 0.08489583333333334
0 0.4041015625 0.328125 0.034765625 0.08958333333333333
0 0.3634765625 0.3294270833333333 0.036328125 0.09010416666666667
0 0.413671875 0.175 0.025 0.11041666666666666
0 0.3798828125 0.17369791666666667 0.026171875 0.1078125
0 0.78828125 0.7252604166666666 0.02265625 0.03802083333333333
0 0.141796875 0.60234375 0.0390625 0.1109375
0 0.27890625 0.8234375 0.04140625 0.022916666666666665
0 0.9552734375 0.4609375 0.022265625 0.096875
0 0.76328125 0.31692708333333336 0.028125 0.1015625
0 0.73125 0.3184895833333333 0.034375 0.10364583333333334
0 0.6990234375 0.3190104166666667 0.029296875 0.10052083333333334
0 0.6689453125 0.3216145833333333 0.024609375 0.1015625
0 0.63984375 0.32083333333333336 0.0296875 0.10208333333333333
0 0.6125 0.3203125 0.025 0.103125
0 0.585546875 0.3203125 0.02578125 0.10729166666666666
0 0.55703125 0.3502604166666667 0.03125 0.04635416666666667
0 0.5294921875 0.35442708333333334 0.023046875 0.0390625
0 0.48671875 0.8559895833333333 0.04140625 0.10052083333333334
0 0.5283203125 0.8559895833333333 0.042578125 0.10052083333333334
0 0.57109375 0.8497395833333333 0.03984375 0.09322916666666667
0 0.6083984375 0.85078125 0.031640625 0.09010416666666667
0 0.644140625 0.8494791666666667 0.03828125 0.0875
0 0.680859375 0.8528645833333334 0.0359375 0.08072916666666667
0 0.6474609375 0.7877604166666666 0.037890625 0.021354166666666667
0 0.7138671875 0.7994791666666666 0.033984375 0.022916666666666665
0 0.71796875 0.8494791666666667 0.0328125 0.075
0 0.75078125 0.8424479166666666 0.03203125 0.09010416666666667
0 0.790625 0.8411458333333334 0.034375 0.0875
0 0.8236328125 0.83828125 0.032421875 0.09322916666666667
0 0.8587890625 0.8385416666666666 0.032421875 0.08020833333333334
0 0.8935546875 0.8098958333333334 0.031640625 0.096875
0 0.282421875 0.8760416666666667 0.040625 0.07708333333333334
0 0.9806640625 0.46380208333333334 0.026171875 0.09427083333333333
0 0.7927734375 0.3234375 0.027734375 0.09166666666666666
0 0.8236328125 0.31536458333333334 0.030078125 0.1078125
0 0.9568359375 0.8286458333333333 0.058984375 0.08854166666666667
0 0.8798828125 0.3203125 0.023828125 0.103125
0 0.852734375 0.32421875 0.02890625 0.09010416666666667
0 0.9263671875 0.4583333333333333 0.031640625 0.1
0 0.8705078125 0.4661458333333333 0.023046875 0.084375
0 0.84296875 0.465625 0.02734375 0.084375
0 0.787109375 0.4661458333333333 0.0328125 0.08958333333333333
0 0.754296875 0.459375 0.03046875 0.10104166666666667
0 0.723828125 0.46015625 0.03046875 0.10364583333333334
0 0.694140625 0.46041666666666664 0.0265625 0.103125
0 0.6654296875 0.4625 0.030859375 0.103125
0 0.6365234375 0.4625 0.026953125 0.1
0 0.6068359375 0.4640625 0.031640625 0.103125
0 0.57890625 0.4625 0.025 0.10520833333333333
0 0.5482421875 0.4671875 0.033203125 0.10416666666666667
0 0.893359375 0.46015625 0.0203125 0.0921875
0 0.4779296875 0.4666666666666667 0.038671875 0.103125
0 0.5138671875 0.4666666666666667 0.033203125 0.103125
0 0.913671875 0.32135416666666666 0.04296875 0.09791666666666667
0 0.135546875 0.46510416666666665 0.0390625 0.1125
0 0.1771484375 0.46536458333333336 0.036328125 0.11197916666666667
0 0.214453125 0.4640625 0.034375 0.1125
0 0.9580078125 0.3216145833333333 0.045703125 0.09739583333333333
0 0.2787109375 0.45989583333333334 0.032421875 0.11354166666666667
0 0.3158203125 0.46145833333333336 0.032421875 0.11458333333333333
0 0.359375 0.47604166666666664 0.05 0.08645833333333333
0 0.407421875 0.47578125 0.0453125 0.09114583333333333
0 0.444140625 0.465625 0.025 0.10416666666666667
0 0.247265625 0.46510416666666665 0.03203125 0.10520833333333333
