0 0.30840026773761714 0.2444465361445783 0.023761713520749666 0.037838855421686746
0 0.1884203480589023 0.7560240963855421 0.060240963855421686 0.01882530120481928
0 0.46586345381526106 0.31730045180722893 0.05287817938420348 0.01637801204819277
0 0.4143239625167336 0.31664156626506024 0.04618473895582329 0.017695783132530122
0 0.5778112449799196 0.33480798192771083 0.02643908969210174 0.020143072289156627
0 0.5420013386880856 0.33687876506024095 0.04250334672021419 0.016001506024096387
0 0.6122824631860776 0.32191265060240964 0.033801874163319943 0.03802710843373494
0 0.6902610441767069 0.32426581325301207 0.02710843373493976 0.03557981927710843
0 0.7280789825970548 0.3234186746987952 0.023092369477911646 0.043674698795180725
0 0.7541834002677377 0.32435993975903615 0.023092369477911646 0.03802710843373494
0 0.7888219544846051 0.3332078313253012 0.039491298527443104 0.01882530120481928
0 0.7883199464524766 0.3110881024096386 0.033801874163319943 0.021272590361445784
0 0.8303212851405622 0.33396084337349397 0.038821954484605084 0.022590361445783132
0 0.4106425702811245 0.3354668674698795 0.05220883534136546 0.01581325301204819
0 0.8259705488621151 0.3092055722891566 0.038821954484605084 0.020143072289156627
0 0.9683734939759037 0.3248305722891566 0.05990629183400268 0.03407379518072289
0 0.9790829986613119 0.24209337349397592 0.04183400267737617 0.0391566265060241
0 0.9183400267737617 0.24115210843373494 0.07429718875502007 0.03237951807228916
0 0.8482262382864793 0.23597515060240964 0.017737617135207495 0.0547816265060241
0 0.8261378848728246 0.24171686746987953 0.02643908969210174 0.04819277108433735
0 0.8042168674698795 0.2396460843373494 0.01740294511378849 0.04480421686746988
0 0.7814591700133868 0.23625753012048192 0.020080321285140562 0.0572289156626506
0 0.7561914323962516 0.22806852409638553 0.02242302543507363 0.06795933734939759
0 0.7210508701472557 0.22552710843373494 0.04919678714859438 0.0704066265060241
0 0.6859103078982597 0.2391754518072289 0.018406961178045515 0.043109939759036146
0 0.6648259705488622 0.2451995481927711 0.019745649263721552 0.043109939759036146
0 0.89190093708166 0.32680722891566266 0.06961178045515395 0.03049698795180723
0 0.4677041499330656 0.3359375 0.056559571619812586 0.016754518072289157
0 0.3507362784471218 0.32464231927710846 0.03815261044176707 0.03859186746987952
0 0.31208165997322623 0.2992281626506024 0.035140562248995984 0.012612951807228916
0 0.016900937081659972 0.6497552710843374 0.029116465863453816 0.06833584337349398
0 0.1179718875502008 0.5765248493975904 0.029116465863453816 0.04047439759036144
0 0.08433734939759036 0.5750188253012049 0.03681392235609103 0.017884036144578314
0 0.08467202141900937 0.5929969879518072 0.03279785809906292 0.011671686746987951
0 0.04718875502008032 0.5956325301204819 0.03748326639892905 0.00941265060240964
0 0.04250334672021419 0.5857492469879518 0.03681392235609103 0.006965361445783132
0 0.04032797858099063 0.5749246987951807 0.03246318607764391 0.01016566265060241
0 0.019076305220883535 0.5048004518072289 0.03346720214190094 0.05289909638554217
0 0.11479250334672021 0.5038591867469879 0.03614457831325301 0.05515813253012048
0 0.0679384203480589 0.5052710843373494 0.06091030789825971 0.04894578313253012
0 0.10609103078982597 0.4304405120481928 0.04484605087014726 0.052522590361445784
0 0.05906961178045515 0.43401731927710846 0.04785809906291834 0.054028614457831324
0 0.018239625167336012 0.43448795180722893 0.03179384203480589 0.05308734939759036
0 0.016566265060240965 0.2914156626506024 0.028447121820615796 0.053840361445783136
0 0.06509370816599733 0.3019578313253012 0.05120481927710843 0.054969879518072286
0 0.09253681392235609 0.3624811746987952 0.02242302543507363 0.05628765060240964
0 0.06810575635876841 0.3620105421686747 0.02643908969210174 0.05647590361445783
0 0.04216867469879518 0.3615399096385542 0.02744310575635877 0.05327560240963856
0 0.015394912985274432 0.3597515060240964 0.02610441767068273 0.056852409638554216
0 0.1884203480589023 0.3196536144578313 0.03815261044176707 0.043674698795180725
0 0.2175368139223561 0.323230421686747 0.02208835341365462 0.038403614457831324
0 0.24531459170013387 0.3182417168674699 0.03346720214190094 0.050640060240963854
0 0.27710843373493976 0.31306475903614456 0.03145917001338688 0.05760542168674699
0 0.31459170013386883 0.33716114457831325 0.03145917001338688 0.00941265060240964
0 0.3149263721552878 0.31937123493975905 0.02744310575635877 0.010730421686746988
0 0.6397255689424364 0.24407003012048192 0.03112449799196787 0.04085090361445783
0 0.19762382864792502 0.7868975903614458 0.07864792503346721 0.03614457831325301
0 0.2658969210174029 0.7825677710843374 0.02643908969210174 0.03727409638554217
0 0.29802543507362783 0.7791792168674698 0.033801874163319943 0.04555722891566265
0 0.24230254350736277 0.6861822289156626 0.03614457831325301 0.04216867469879518
0 0.2799531459170013 0.6842055722891566 0.04116465863453815 0.04574548192771084
0 0.3149263721552878 0.6832643072289156 0.02744310575635877 0.04386295180722891
0 0.35240963855421686 0.682605421686747 0.04551539491298527 0.04631024096385542
0 0.3883868808567604 0.6827936746987951 0.025100401606425703 0.04555722891566265
0 0.42185408299866134 0.6846762048192772 0.043842034805890225 0.039909638554216864
0 0.6106091030789826 0.2450112951807229 0.025769745649263723 0.04009789156626506
0 0.5759705488621151 0.2317394578313253 0.040160642570281124 0.06551204819277108
0 0.5496987951807228 0.2418109939759036 0.02710843373493976 0.04838102409638554
0 0.5207496653279786 0.2444465361445783 0.030789825970548863 0.04009789156626506
0 0.4916331994645248 0.2393637048192771 0.029451137884872823 0.051016566265060244
0 0.4621820615796519 0.23832831325301204 0.028112449799196786 0.050075301204819275
0 0.4320615796519411 0.23889307228915663 0.03346720214190094 0.050075301204819275
0 0.39357429718875503 0.2316453313253012 0.040160642570281124 0.060805722891566265
0 0.36178045515394913 0.23606927710843373 0.020080321285140562 0.051957831325301206
0 0.3356760374832664 0.24312876506024098 0.029451137884872823 0.0389683734939759
0 0.27878179384203483 0.24425828313253012 0.03480589022757698 0.03859186746987952
0 0.24246987951807228 0.2448230421686747 0.04116465863453815 0.03708584337349398
0 0.2103413654618474 0.24312876506024098 0.025100401606425703 0.0389683734939759
0 0.17904953145917002 0.23004518072289157 0.03748326639892905 0.06137048192771084
0 0.13838688085676037 0.2399284638554217 0.035140562248995984 0.04235692771084337
0 0.2034805890227577 0.3930722891566265 0.04216867469879518 0.06664156626506024
0 0.16649933065595715 0.4126506024096386 0.03848728246318608 0.026731927710843373
0 0.4603413654618474 0.6866528614457831 0.03313253012048193 0.04574548192771084
0 0.14340696117804552 0.7750376506024096 0.023092369477911646 0.06664156626506024
0 0.2101740294511379 0.6856174698795181 0.024765729585006693 0.04781626506024096
0 0.04501338688085676 0.6489081325301205 0.028447121820615796 0.06927710843373494
0 0.18122489959839358 0.6862763554216867 0.03313253012048193 0.047628012048192774
0 0.588855421686747 0.6839231927710844 0.04852744310575636 0.045180722891566265
0 0.32998661311914324 0.778332078313253 0.03145917001338688 0.055911144578313254
0 0.3713186077643909 0.7740963855421686 0.043842034805890225 0.058734939759036146
0 0.41365461847389556 0.7713667168674698 0.0321285140562249 0.046875
0 0.44745649263721554 0.7779555722891566 0.03346720214190094 0.04800451807228916
0 0.5 0.7742846385542169 0.03748326639892905 0.04555722891566265
0 0.5460174029451138 0.7769201807228916 0.04183400267737617 0.04819277108433735
0 0.5819946452476573 0.7796498493975904 0.030120481927710843 0.04386295180722891
0 0.6221552878179384 0.770519578313253 0.048862115127175365 0.058358433734939756
0 0.6636546184738956 0.7713667168674698 0.03547523427041499 0.059299698795180725
0 0.7041499330655957 0.7788027108433735 0.03681392235609103 0.04480421686746988
0 0.7419678714859438 0.7728727409638554 0.03815261044176707 0.047628012048192774
0 0.7781124497991968 0.7731551204819277 0.040160642570281124 0.03576807228915663
0 0.8504016064257028 0.765625 0.07028112449799197 0.01581325301204819
0 0.8537483266398929 0.7791792168674698 0.07228915662650602 0.013177710843373495
0 0.8547523427041499 0.7957454819277109 0.07028112449799197 0.01430722891566265
0 0.9313922356091031 0.7925451807228916 0.07429718875502007 0.01016566265060241
0 0.9350736278447122 0.780308734939759 0.059571619812583666 0.015436746987951807
0 0.9240294511378849 0.6840173192771084 0.03279785809906292 0.04536897590361446
0 0.9595046854082999 0.6843938253012049 0.03346720214190094 0.04536897590361446
0 0.9897925033467202 0.6879706325301205 0.023761713520749666 0.051016566265060244
0 0.7930053547523427 0.6821347891566265 0.0391566265060241 0.039344879518072286
0 0.7536813922356091 0.6819465361445783 0.030789825970548863 0.0389683734939759
0 0.714190093708166 0.677710843373494 0.04417670682730924 0.045180722891566265
0 0.6703480589022758 0.6814759036144579 0.030789825970548863 0.050075301204819275
0 0.6333668005354752 0.6813817771084337 0.04049531459170013 0.04499246987951807
0 0.5317938420348058 0.6815700301204819 0.05689424364123159 0.04536897590361446
0 0.0714524765729585 0.6498493975903614 0.024431057563587683 0.07115963855421686
0 0.6544511378848729 0.3224774096385542 0.025769745649263723 0.036897590361445784
0 0.12382864792503347 0.649378765060241 0.028112449799196786 0.06532379518072289
0 0.0214190093708166 0.7647778614457831 0.03413654618473896 0.09092620481927711
0 0.05254350736278447 0.7620481927710844 0.030120481927710843 0.09262048192771084
0 0.08801874163319946 0.7736257530120482 0.030789825970548863 0.06155873493975904
0 0.11830655957161981 0.7728727409638554 0.025769745649263723 0.06118222891566265
0 0.0962182061579652 0.6492846385542169 0.025100401606425703 0.07115963855421686
