0 0.7367238562091504 0.2417279411764706 0.03799019607843137 0.025122549019607844
0 0.8396650326797386 0.23759191176470587 0.05841503267973856 0.03155637254901961
0 0.7810457516339869 0.23023897058823528 0.049836601307189546 0.043198529411764705
0 0.6977124183006536 0.21645220588235295 0.03349673202614379 0.020526960784313725
0 0.43790849673202614 0.2345281862745098 0.031862745098039214 0.02297794117647059
0 0.6568627450980392 0.2267156862745098 0.03758169934640523 0.05759803921568627
0 0.6139705882352942 0.2034313725490196 0.041666666666666664 0.0974264705882353
0 0.5688316993464052 0.2037377450980392 0.034722222222222224 0.026348039215686275
0 0.5657679738562091 0.2337622549019608 0.035130718954248366 0.03125
0 0.5049019607843137 0.20680147058823528 0.08251633986928104 0.0392156862745098
0 0.6979166666666666 0.24034926470588236 0.03390522875816993 0.024816176470588234
0 0.7336601307189542 0.21415441176470587 0.03839869281045752 0.027573529411764705
0 0.08088235294117647 0.3556985294117647 0.017973856209150325 0.03982843137254902
0 0.3088235294117647 0.30361519607843135 0.05800653594771242 0.02696078431372549
0 0.4070669934640523 0.20741421568627452 0.030637254901960783 0.02389705882352941
0 0.4027777777777778 0.23284313725490197 0.031862745098039214 0.024509803921568627
0 0.3627450980392157 0.22441789215686275 0.04738562091503268 0.0389093137254902
0 0.3006535947712418 0.2268688725490196 0.06699346405228758 0.0389093137254902
0 0.8960375816993464 0.21507352941176472 0.0363562091503268 0.0704656862745098
0 0.24244281045751634 0.20909926470588236 0.04044117647058824 0.06587009803921569
0 0.20261437908496732 0.19852941176470587 0.03758169934640523 0.0900735294117647
0 0.13133169934640523 0.24923406862745098 0.05514705882352941 0.12898284313725492
0 0.4215686274509804 0.3606004901960784 0.04411764705882353 0.03799019607843137
0 0.0778186274509804 0.2538296568627451 0.037173202614379085 0.13817401960784315
0 0.016339869281045753 0.3570772058823529 0.02287581699346405 0.04013480392156863
0 0.03901143790849673 0.3556985294117647 0.017565359477124183 0.03982843137254902
0 0.059640522875817 0.3544730392156863 0.02042483660130719 0.034926470588235295
0 0.10191993464052287 0.3570772058823529 0.02165032679738562 0.03768382352941176
0 0.1395016339869281 0.3481924019607843 0.04534313725490196 0.05361519607843137
0 0.18933823529411764 0.3293504901960784 0.0428921568627451 0.09497549019607843
0 0.23815359477124182 0.34543504901960786 0.03839869281045752 0.06525735294117647
0 0.30249183006535946 0.3477328431372549 0.05514705882352941 0.05759803921568627
0 0.04309640522875817 0.25566789215686275 0.02246732026143791 0.13694852941176472
0 0.8764297385620915 0.12208946078431372 0.08374183006535947 0.021139705882352942
0 0.36703431372549017 0.35891544117647056 0.0559640522875817 0.03216911764705882
0 0.8141339869281046 0.11810661764705882 0.032679738562091505 0.027879901960784315
0 0.6041666666666666 0.7339154411764706 0.041666666666666664 0.01685049019607843
0 0.7857434640522876 0.7242647058823529 0.039624183006535946 0.03370098039215686
0 0.5502450980392157 0.7123161764705882 0.0392156862745098 0.05759803921568627
0 0.5081699346405228 0.7175245098039216 0.03758169934640523 0.04656862745098039
0 0.4616013071895425 0.6870404411764706 0.04411764705882353 0.01685049019607843
0 0.4632352941176471 0.703125 0.04084967320261438 0.012867647058823529
0 0.4665032679738562 0.7178308823529411 0.04738562091503268 0.013480392156862746
0 0.4632352941176471 0.7314644607843137 0.04411764705882353 0.011948529411764705
0 0.4170751633986928 0.7161458333333334 0.04084967320261438 0.012561274509803922
0 0.41544117647058826 0.7328431372549019 0.04084967320261438 0.014705882352941176
0 0.3805147058823529 0.6891850490196079 0.04779411764705882 0.013786764705882353
0 0.3764297385620915 0.703890931372549 0.0428921568627451 0.009497549019607842
0 0.37479575163398693 0.7170649509803921 0.039624183006535946 0.014399509803921568
0 0.36642156862745096 0.7326899509803921 0.0457516339869281 0.014399509803921568
0 0.33435457516339867 0.6908700980392157 0.04534313725490196 0.014705882352941176
0 0.3312908496732026 0.7058823529411765 0.042483660130718956 0.011029411764705883
0 0.33026960784313725 0.71875 0.046977124183006536 0.012867647058823529
0 0.3194444444444444 0.7334558823529411 0.03758169934640523 0.011029411764705883
0 0.2839052287581699 0.6741727941176471 0.04330065359477124 0.012561274509803922
0 0.6033496732026143 0.7155330882352942 0.042483660130718956 0.013786764705882353
0 0.6004901960784313 0.6992953431372549 0.04656862745098039 0.017463235294117647
0 0.6515522875816994 0.7331495098039216 0.04330065359477124 0.015318627450980392
0 0.6513480392156863 0.7149203431372549 0.0428921568627451 0.015012254901960785
0 0.5812908496732027 0.5865502450980392 0.03104575163398693 0.0628063725490196
0 0.6284722222222222 0.5477941176470589 0.054330065359477125 0.04044117647058824
0 0.6180555555555556 0.5873161764705882 0.03104575163398693 0.028186274509803922
0 0.6525735294117647 0.5893075980392157 0.026552287581699346 0.02542892156862745
0 0.653390522875817 0.6153492647058824 0.030637254901960783 0.022365196078431373
0 0.6209150326797386 0.6159620098039216 0.03022875816993464 0.021139705882352942
0 0.693218954248366 0.5669424019607843 0.04330065359477124 0.03768382352941176
0 0.6958741830065359 0.6076899509803921 0.042075163398692814 0.03768382352941176
0 0.8747957516339869 0.06541053921568628 0.08700980392156862 0.08792892156862746
0 0.2867647058823529 0.6887254901960784 0.0457516339869281 0.012867647058823529
0 0.7508169934640523 0.6060049019607843 0.049836601307189546 0.0392156862745098
0 0.8278186274509803 0.5992647058823529 0.0821078431372549 0.016544117647058824
0 0.8300653594771242 0.6204044117647058 0.07761437908496732 0.02022058823529412
0 0.7420343137254902 0.6963848039215687 0.04534313725490196 0.011642156862745098
0 0.7408088235294118 0.7120098039215687 0.039624183006535946 0.014093137254901961
0 0.744281045751634 0.7311580882352942 0.04330065359477124 0.013786764705882353
0 0.6921977124183006 0.6976102941176471 0.04125816993464052 0.014093137254901961
0 0.6985294117647058 0.7136948529411765 0.04493464052287582 0.012561274509803922
0 0.6973039215686274 0.7316176470588235 0.0392156862745098 0.01715686274509804
0 0.647671568627451 0.6980698529411765 0.042075163398692814 0.015012254901960785
0 0.8284313725490197 0.5793504901960784 0.08986928104575163 0.0196078431372549
0 0.5400326797385621 0.5828737745098039 0.04411764705882353 0.08915441176470588
0 0.2855392156862745 0.7043504901960784 0.04656862745098039 0.010416666666666666
0 0.27389705882352944 0.7339154411764706 0.04616013071895425 0.014399509803921568
0 0.7593954248366013 0.9811580882352942 0.06699346405228758 0.036458333333333336
0 0.6779003267973857 0.9641544117647058 0.054330065359477125 0.07230392156862746
0 0.6229575163398693 0.9733455882352942 0.056372549019607844 0.0545343137254902
0 0.565359477124183 0.9417892156862745 0.05310457516339869 0.03676470588235294
0 0.5631127450980392 0.9813112745098039 0.061683006535947715 0.031862745098039214
0 0.5018382352941176 0.9558823529411765 0.054330065359477125 0.05821078431372549
0 0.5012254901960784 0.9923406862745098 0.049836601307189546 0.011029411764705883
0 0.4446486928104575 0.9581801470588235 0.04861111111111111 0.060355392156862746
0 0.3939950980392157 0.9492953431372549 0.0494281045751634 0.05422794117647059
0 0.38705065359477125 0.9911151960784313 0.054330065359477125 0.01838235294117647
0 0.3341503267973856 0.9534313725490197 0.051470588235294115 0.05330882352941176
0 0.2790032679738562 0.9257046568627451 0.05310457516339869 0.043198529411764705
0 0.27450980392156865 0.9682904411764706 0.04738562091503268 0.030330882352941176
0 0.3304738562091503 0.9906556372549019 0.04411764705882353 0.017463235294117647
0 0.27124183006535946 0.9932598039215687 0.049836601307189546 0.012867647058823529
0 0.21752450980392157 0.9261642156862745 0.054330065359477125 0.0392156862745098
0 0.21650326797385622 0.9712009803921569 0.05555555555555555 0.03125
0 0.15604575163398693 0.9655330882352942 0.04656862745098039 0.06770833333333333
0 0.08374183006535947 0.9655330882352942 0.0784313725490196 0.05912990196078431
0 0.761437908496732 0.9393382352941176 0.06781045751633986 0.04044117647058824
0 0.8272058823529411 0.9647671568627451 0.058823529411764705 0.0661764705882353
0 0.8719362745098039 0.8486519607843137 0.0363562091503268 0.06433823529411764
0 0.8204656862745098 0.852328431372549 0.061683006535947715 0.06678921568627451
0 0.23937908496732027 0.6999080882352942 0.05065359477124183 0.016237745098039217
0 0.230187908496732 0.7182904411764706 0.044526143790849675 0.014399509803921568
0 0.221609477124183 0.7331495098039216 0.04370915032679738 0.012867647058823529
0 0.16850490196078433 0.6836703431372549 0.061683006535947715 0.02665441176470588
0 0.167687908496732 0.7308517156862745 0.054330065359477125 0.05177696078431373
0 0.10089869281045752 0.7254901960784313 0.061274509803921566 0.05269607843137255
0 0.1395016339869281 0.6564031862745098 0.05514705882352941 0.022365196078431373
0 0.030433006535947712 0.7040441176470589 0.060866013071895424 0.10355392156862746
0 0.08660130718954248 0.8520220588235294 0.05473856209150327 0.06372549019607843
0 0.27941176470588236 0.717984068627451 0.04738562091503268 0.01133578431372549
0 0.15155228758169934 0.8446691176470589 0.07924836601307189 0.0778186274509804
0 0.25 0.8155637254901961 0.08415032679738563 0.07720588235294118
0 0.3300653594771242 0.8463541666666666 0.06535947712418301 0.06893382352941177
0 0.39072712418300654 0.8465073529411765 0.0494281045751634 0.0741421568627451
0 0.4430147058823529 0.8435968137254902 0.051879084967320264 0.07322303921568628
0 0.5106209150326797 0.8511029411764706 0.06862745098039216 0.08088235294117647
0 0.5755718954248366 0.8431372549019608 0.04820261437908497 0.07475490196078431
0 0.6372549019607843 0.8446691176470589 0.06290849673202614 0.0704656862745098
0 0.6997549019607843 0.8397671568627451 0.05310457516339869 0.06801470588235294
0 0.7595996732026143 0.8448223039215687 0.05514705882352941 0.07322303921568628
0 0.028390522875816993 0.8549325980392157 0.05514705882352941 0.03829656862745098
0 0.4752859477124183 0.5496323529411765 0.04534313725490196 0.0392156862745098
0 0.502859477124183 0.23682598039215685 0.08496732026143791 0.017769607843137254
0 0.3584558823529412 0.5537683823529411 0.051879084967320264 0.0548406862745098
0 0.2775735294117647 0.4837622549019608 0.0559640522875817 0.0392156862745098
0 0.33782679738562094 0.47181372549019607 0.05555555555555555 0.0704656862745098
0 0.4117647058823529 0.4954044117647059 0.08496732026143791 0.01715686274509804
0 0.03553921568627451 0.5992647058823529 0.05473856209150327 0.04963235294117647
0 0.41768790849673204 0.4583333333333333 0.08374183006535947 0.022058823529411766
0 0.48223039215686275 0.4618566176470588 0.046977124183006536 0.08915441176470588
0 0.5245098039215687 0.47901348039215685 0.035130718954248366 0.05422794117647059
0 0.5671977124183006 0.48192401960784315 0.046977124183006536 0.05269607843137255
0 0.6137663398692811 0.49295343137254904 0.028186274509803922 0.024509803921568627
0 0.6458333333333334 0.4928002450980392 0.031862745098039214 0.02665441176470588
0 0.6348039215686274 0.46292892156862747 0.041666666666666664 0.028799019607843136
0 0.5016339869281046 0.33409926470588236 0.04411764705882353 0.09037990196078431
0 0.5445261437908496 0.35462622549019607 0.024509803921568627 0.04258578431372549
0 0.582312091503268 0.3602941176470588 0.04534313725490196 0.041666666666666664
0 0.6429738562091504 0.32674632352941174 0.061274509803921566 0.02971813725490196
0 0.6413398692810458 0.3639705882352941 0.05800653594771242 0.034926470588235295
0 0.7246732026143791 0.34451593137254904 0.03594771241830065 0.024816176470588234
0 0.05555555555555555 0.5444240196078431 0.04084967320261438 0.03615196078431373
0 0.7240604575163399 0.37224264705882354 0.028186274509803922 0.025122549019607844
0 0.6921977124183006 0.36856617647058826 0.03227124183006536 0.025122549019607844
0 0.7751225490196079 0.3512561274509804 0.06004901960784314 0.06219362745098039
0 0.8502859477124183 0.3440563725490196 0.09191176470588236 0.08394607843137254
0 0.8331290849673203 0.45909926470588236 0.09027777777777778 0.09589460784313726
0 0.7553104575163399 0.47503063725490197 0.058823529411764705 0.06770833333333333
0 0.6926062091503268 0.4872855392156863 0.05841503267973856 0.03462009803921569
0 0.4852941176470588 0.6034007352941176 0.059640522875817 0.046262254901960786
0 0.031862745098039214 0.4799325980392157 0.031862745098039214 0.04136029411764706
0 0.0741421568627451 0.47809436274509803 0.04616013071895425 0.04503676470588235
0 0.0959967320261438 0.5958946078431373 0.04820261437908497 0.06004901960784314
0 0.21711601307189543 0.48131127450980393 0.046977124183006536 0.04656862745098039
0 0.16789215686274508 0.47012867647058826 0.041666666666666664 0.06525735294117647
0 0.41564542483660133 0.47840073529411764 0.08292483660130719 0.01685049019607843
0 0.4591503267973856 0.3466605392156863 0.026143790849673203 0.06770833333333333
0 0.4193218954248366 0.5526960784313726 0.051879084967320264 0.05514705882352941
0 0.41687091503267976 0.6060049019607843 0.056781045751633986 0.041666666666666664
0 0.35580065359477125 0.6027879901960784 0.059640522875817 0.04258578431372549
0 0.2890114379084967 0.5906862745098039 0.056781045751633986 0.06862745098039216
0 0.22406045751633988 0.5906862745098039 0.05514705882352941 0.07107843137254902
0 0.16176470588235295 0.5847120098039216 0.06454248366013073 0.078125
0 0.12254901960784313 0.4569546568627451 0.04330065359477124 0.08915441176470588
0 0.7085375816993464 0.11458333333333333 0.05514705882352941 0.032475490196078434
0 0.6552287581699346 0.09849877450980392 0.04084967320261438 0.0628063725490196
0 0.6096813725490197 0.0818014705882353 0.039624183006535946 0.09865196078431372
0 0.5629084967320261 0.11611519607843138 0.032679738562091505 0.030637254901960783
0 0.5637254901960784 0.07981004901960784 0.04003267973856209 0.03278186274509804
0 0.4959150326797386 0.11917892156862746 0.08415032679738563 0.02267156862745098
0 0.7657271241830066 0.10860906862745098 0.05106209150326797 0.04442401960784314
0 0.42953431372549017 0.11580882352941177 0.03390522875816993 0.020833333333333332
0 0.39276960784313725 0.1132046568627451 0.027369281045751634 0.022365196078431373
0 0.41217320261437906 0.07536764705882353 0.0661764705882353 0.0545343137254902
0 0.349468954248366 0.10386029411764706 0.046977124183006536 0.044730392156862746
0 0.34967320261437906 0.057291666666666664 0.05065359477124183 0.0428921568627451
0 0.28880718954248363 0.10585171568627451 0.06290849673202614 0.04136029411764706
0 0.22875816993464052 0.09068627450980392 0.035130718954248366 0.061274509803921566
0 0.18075980392156862 0.0703125 0.04779411764705882 0.09957107843137254
0 0.0886437908496732 0.06066176470588235 0.12908496732026145 0.11887254901960784
0 0.49142156862745096 0.058823529411764705 0.08415032679738563 0.08639705882352941
