0 0.7191584967320261 0.39981617647058826 0.02165032679738562 0.04718137254901961
0 0.7706290849673203 0.31464460784313725 0.028186274509803922 0.06495098039215687
0 0.7412173202614379 0.31357230392156865 0.030637254901960783 0.06464460784313726
0 0.7109885620915033 0.3169424019607843 0.0298202614379085 0.060355392156862746
0 0.6807598039215687 0.31403186274509803 0.02900326797385621 0.056372549019607844
0 0.6515522875816994 0.3157169117647059 0.022058823529411766 0.06587009803921569
0 0.6245915032679739 0.3151041666666667 0.03104575163398693 0.06464460784313726
0 0.5947712418300654 0.3167892156862745 0.025326797385620915 0.06372549019607843
0 0.5663807189542484 0.31556372549019607 0.03308823529411765 0.0625
0 0.6515522875816994 0.46231617647058826 0.026143790849673203 0.05698529411764706
0 0.733047385620915 0.46308210784313725 0.026552287581699346 0.057904411764705885
0 0.7602124183006536 0.46400122549019607 0.025326797385620915 0.05667892156862745
0 0.7883986928104575 0.46292892156862747 0.029411764705882353 0.06066176470588235
0 0.5692401960784313 0.4024203431372549 0.01919934640522876 0.04503676470588235
0 0.5917075163398693 0.40027573529411764 0.023284313725490197 0.048100490196078434
0 0.6170343137254902 0.40058210784313725 0.02165032679738562 0.04871323529411765
0 0.8014705882352942 0.3958333333333333 0.02369281045751634 0.042279411764705885
0 0.6695261437908496 0.39996936274509803 0.02287581699346405 0.046875
0 0.7751225490196079 0.3975183823529412 0.023284313725490197 0.04258578431372549
0 0.696078431372549 0.39981617647058826 0.02287581699346405 0.04718137254901961
0 0.7465277777777778 0.39859068627450983 0.028186274509803922 0.044730392156862746
0 0.6427696078431373 0.3987438725490196 0.027369281045751634 0.048100490196078434
0 0.034109477124183 0.5321691176470589 0.04370915032679738 0.08272058823529412
0 0.6207107843137255 0.46246936274509803 0.034722222222222224 0.05974264705882353
0 0.5627042483660131 0.6752450980392157 0.024101307189542485 0.05330882352941176
0 0.5988562091503268 0.6721813725490197 0.03349673202614379 0.05392156862745098
0 0.6301062091503268 0.6724877450980392 0.028186274509803922 0.05269607843137255
0 0.6580882352941176 0.6706495098039216 0.025326797385620915 0.05392156862745098
0 0.6891339869281046 0.6704963235294118 0.032679738562091505 0.05361519607843137
0 0.7197712418300654 0.6689644607843137 0.028594771241830064 0.05361519607843137
0 0.7526552287581699 0.6694240196078431 0.028186274509803922 0.05575980392156863
0 0.7839052287581699 0.6698835784313726 0.03022875816993464 0.05238970588235294
0 0.778390522875817 0.6004901960784313 0.027369281045751634 0.05575980392156863
0 0.75 0.6030943627450981 0.02369281045751634 0.05912990196078431
0 0.7214052287581699 0.6027879901960784 0.027777777777777776 0.057291666666666664
0 0.6946486928104575 0.6034007352941176 0.023284313725490197 0.05667892156862745
0 0.6662581699346405 0.6040134803921569 0.025326797385620915 0.057904411764705885
0 0.8006535947712419 0.31418504901960786 0.029411764705882353 0.06587009803921569
0 0.6411356209150327 0.6040134803921569 0.02246732026143791 0.057904411764705885
0 0.5874183006535948 0.6037071078431373 0.03349673202614379 0.06158088235294118
0 0.5614787581699346 0.6060049019607843 0.017565359477124183 0.058823529411764705
0 0.5669934640522876 0.5349264705882353 0.031862745098039214 0.051470588235294115
0 0.5962009803921569 0.5415134803921569 0.01838235294117647 0.045649509803921566
0 0.6225490196078431 0.5361519607843137 0.03104575163398693 0.05698529411764706
0 0.6511437908496732 0.5369178921568627 0.02696078431372549 0.0548406862745098
0 0.6776960784313726 0.5352328431372549 0.02696078431372549 0.05821078431372549
0 0.7062908496732027 0.5358455882352942 0.02696078431372549 0.05698529411764706
0 0.7365196078431373 0.5355392156862745 0.031862745098039214 0.05575980392156863
0 0.7636846405228758 0.5367647058823529 0.02246732026143791 0.05821078431372549
0 0.7935049019607843 0.5353860294117647 0.03145424836601307 0.043198529411764705
0 0.5669934640522876 0.46400122549019607 0.0196078431372549 0.05667892156862745
0 0.5894607843137255 0.45955882352941174 0.02369281045751634 0.04779411764705882
0 0.6156045751633987 0.6040134803921569 0.02042483660130719 0.06096813725490196
0 0.5906862745098039 0.24785539215686275 0.03349673202614379 0.051470588235294115
0 0.806781045751634 0.23835784313725492 0.029411764705882353 0.06678921568627451
0 0.6582924836601307 0.24096200980392157 0.02900326797385621 0.06525735294117647
0 0.04636437908496732 0.6271446078431373 0.027369281045751634 0.07291666666666667
0 0.013684640522875817 0.6305147058823529 0.027369281045751634 0.07475490196078431
0 0.17401960784313725 0.35753676470588236 0.022058823529411766 0.05269607843137255
0 0.20179738562091504 0.3549325980392157 0.024509803921568627 0.05238970588235294
0 0.2295751633986928 0.3544730392156863 0.02287581699346405 0.04840686274509804
0 0.25388071895424835 0.35309436274509803 0.026552287581699346 0.04932598039215686
0 0.2798202614379085 0.3527879901960784 0.01715686274509804 0.05116421568627451
0 0.30330882352941174 0.3538602941176471 0.023284313725490197 0.04779411764705882
0 0.3270016339869281 0.3472732843137255 0.02165032679738562 0.04013480392156863
0 0.3298611111111111 0.4186580882352941 0.020833333333333332 0.05422794117647059
0 0.3075980392156863 0.4212622549019608 0.021241830065359478 0.05024509803921569
0 0.15584150326797386 0.5830269607843137 0.02246732026143791 0.05269607843137255
0 0.28227124183006536 0.42264093137254904 0.02287581699346405 0.05606617647058824
0 0.2332516339869281 0.42662377450980393 0.02287581699346405 0.057904411764705885
0 0.20383986928104575 0.42922794117647056 0.024509803921568627 0.058823529411764705
0 0.1781045751633987 0.4293811274509804 0.02287581699346405 0.060355392156862746
0 0.15073529411764705 0.43581495098039214 0.02042483660130719 0.057904411764705885
0 0.3292483660130719 0.4885110294117647 0.022058823529411766 0.05667892156862745
0 0.30637254901960786 0.4924938725490196 0.0196078431372549 0.04871323529411765
0 0.27818627450980393 0.4970894607843137 0.018790849673202614 0.04932598039215686
0 0.25469771241830064 0.4993872549019608 0.024918300653594773 0.04411764705882353
0 0.2312091503267974 0.5022977941176471 0.02287581699346405 0.05667892156862745
0 0.20506535947712418 0.5068933823529411 0.022058823529411766 0.050551470588235295
0 0.18055555555555555 0.5071997549019608 0.026143790849673203 0.057291666666666664
0 0.2577614379084967 0.4252450980392157 0.02287581699346405 0.0545343137254902
0 0.6268382352941176 0.23973651960784315 0.030637254901960783 0.0664828431372549
0 0.18259803921568626 0.5805759803921569 0.02696078431372549 0.05269607843137255
0 0.23570261437908496 0.5704656862745098 0.02287581699346405 0.0545343137254902
0 0.6852532679738562 0.23912377450980393 0.024101307189542485 0.06832107843137254
0 0.7138480392156863 0.24019607843137256 0.024101307189542485 0.06372549019607843
0 0.7444852941176471 0.23743872549019607 0.0363562091503268 0.06801470588235294
0 0.7763480392156863 0.23805147058823528 0.02900326797385621 0.06801470588235294
0 0.03145424836601307 0.44316789215686275 0.03839869281045752 0.06341911764705882
0 0.34129901960784315 0.7041973039215687 0.02165032679738562 0.047487745098039214
0 0.3194444444444444 0.7081801470588235 0.018790849673202614 0.045649509803921566
0 0.2743055555555556 0.7233455882352942 0.026552287581699346 0.049019607843137254
0 0.24877450980392157 0.7279411764705882 0.02042483660130719 0.051470588235294115
0 0.22549019607843138 0.7368259803921569 0.02287581699346405 0.04534313725490196
0 0.2005718954248366 0.7446384803921569 0.022058823529411766 0.057904411764705885
0 0.2099673202614379 0.5741421568627451 0.024509803921568627 0.05024509803921569
0 0.1744281045751634 0.7522977941176471 0.02287581699346405 0.04871323529411765
0 0.015318627450980392 0.7205882352941176 0.030637254901960783 0.07720588235294118
0 0.21772875816993464 0.6591605392156863 0.01715686274509804 0.0548406862745098
0 0.2465277777777778 0.6508884803921569 0.02900326797385621 0.057291666666666664
0 0.2722630718954248 0.6470588235294118 0.02246732026143791 0.04534313725490196
0 0.29697712418300654 0.6390931372549019 0.022058823529411766 0.05514705882352941
0 0.3174019607843137 0.6351102941176471 0.017973856209150325 0.03860294117647059
0 0.3429330065359477 0.6265318627450981 0.023284313725490197 0.04840686274509804
0 0.3327205882352941 0.5536151960784313 0.016748366013071895 0.04595588235294118
0 0.3104575163398693 0.5543811274509803 0.01715686274509804 0.04442401960784314
0 0.2861519607843137 0.5606617647058824 0.02165032679738562 0.05269607843137255
0 0.2610294117647059 0.5641850490196079 0.02042483660130719 0.04871323529411765
0 0.051674836601307186 0.7138480392156863 0.03390522875816993 0.07659313725490197
0 0.19158496732026145 0.6646752450980392 0.032679738562091505 0.057291666666666664
0 0.21180555555555555 0.19898897058823528 0.020016339869281044 0.04258578431372549
0 0.017361111111111112 0.31173406862745096 0.034722222222222224 0.10998774509803921
0 0.14522058823529413 0.35799632352941174 0.017565359477124183 0.0585171568627451
0 0.23345588235294118 0.19837622549019607 0.01838235294117647 0.04503676470588235
0 0.1454248366013072 0.27650122549019607 0.02287581699346405 0.05177696078431373
0 0.17830882352941177 0.27818627450980393 0.030637254901960783 0.05514705882352941
0 0.21180555555555555 0.2760416666666667 0.024918300653594773 0.05330882352941176
0 0.2696078431372549 0.27496936274509803 0.027777777777777776 0.060355392156862746
0 0.29411764705882354 0.27818627450980393 0.0196078431372549 0.052083333333333336
0 0.24162581699346405 0.2731311274509804 0.02246732026143791 0.06832107843137254
0 0.3014705882352941 0.2037377450980392 0.04003267973856209 0.042279411764705885
0 0.2694035947712418 0.20143995098039216 0.016748366013071895 0.04197303921568627
0 0.2542892156862745 0.2035845588235294 0.01511437908496732 0.04258578431372549
0 0.13214869281045752 0.18933823529411764 0.03227124183006536 0.05759803921568627
0 0.16156045751633988 0.19163602941176472 0.02165032679738562 0.05422794117647059
0 0.18647875816993464 0.1953125 0.02246732026143791 0.048100490196078434
0 0.3196486928104575 0.27496936274509803 0.025735294117647058 0.057291666666666664
