0 0.31223958333333335 0.531640625 0.03177083333333333 0.0375
0 0.3458333333333333 0.541796875 0.035416666666666666 0.04765625
0 0.34270833333333334 0.24921875 0.03229166666666667 0.05703125
0 0.6895833333333333 0.606640625 0.034375 0.04296875
0 0.7341145833333333 0.63125 0.05364583333333333 0.05234375
0 0.84296875 0.895703125 0.0671875 0.1015625
0 0.7544270833333333 0.8701171875 0.0765625 0.093359375
0 0.6911458333333333 0.844140625 0.040625 0.09765625
0 0.6515625 0.8275390625 0.034375 0.088671875
0 0.6203125 0.8123046875 0.027083333333333334 0.094921875
0 0.5763020833333333 0.808984375 0.04635416666666667 0.08671875
0 0.5239583333333333 0.78671875 0.03854166666666667 0.08515625
0 0.21614583333333334 0.5869140625 0.046875 0.045703125
0 0.19635416666666666 0.2484375 0.025 0.04609375
0 0.2557291666666667 0.2453125 0.03333333333333333 0.05859375
0 0.28958333333333336 0.2451171875 0.030208333333333334 0.058984375
0 0.31640625 0.2474609375 0.0203125 0.058984375
0 0.36953125 0.2490234375 0.021354166666666667 0.059765625
0 0.41171875 0.2619140625 0.058854166666666666 0.033984375
0 0.47682291666666665 0.2634765625 0.06927083333333334 0.035546875
0 0.5440104166666667 0.262890625 0.0640625 0.040625
0 0.6080729166666666 0.2640625 0.0609375 0.04296875
0 0.6190104166666667 0.603515625 0.04739583333333333 0.05078125
0 0.22265625 0.2482421875 0.025520833333333333 0.048046875
0 0.2640625 0.5986328125 0.046875 0.051953125
0 0.3177083333333333 0.610546875 0.05520833333333333 0.05390625
0 0.37526041666666665 0.6279296875 0.05364583333333333 0.056640625
0 0.91640625 0.5814453125 0.09635416666666667 0.095703125
0 0.8263020833333333 0.569921875 0.0796875 0.09453125
0 0.8322916666666667 0.7 0.14479166666666668 0.12109375
0 0.9356770833333333 0.9220703125 0.09427083333333333 0.085546875
0 0.48385416666666664 0.776171875 0.03125 0.084375
0 0.44973958333333336 0.7595703125 0.0359375 0.080078125
0 0.4 0.748828125 0.05 0.09296875
0 0.346875 0.732421875 0.052083333333333336 0.09140625
0 0.29609375 0.708984375 0.043229166666666666 0.08125
0 0.23463541666666668 0.6876953125 0.049479166666666664 0.086328125
0 0.18671875 0.672265625 0.04635416666666667 0.0734375
0 0.725 0.7392578125 0.0375 0.022265625
0 0.7276041666666667 0.71171875 0.040625 0.03359375
0 0.6815104166666667 0.7283203125 0.044270833333333336 0.023828125
0 0.68359375 0.7025390625 0.04010416666666667 0.028515625
0 0.6388020833333333 0.717578125 0.04010416666666667 0.021875
0 0.6401041666666667 0.6919921875 0.042708333333333334 0.029296875
0 0.59375 0.6896484375 0.0375 0.058984375
0 0.5552083333333333 0.6744140625 0.036458333333333336 0.066796875
0 0.5018229166666667 0.6626953125 0.0671875 0.066796875
0 0.4348958333333333 0.6439453125 0.058333333333333334 0.063671875
0 0.5692708333333333 0.59296875 0.04583333333333333 0.04921875
0 0.8502604166666666 0.4431640625 0.11927083333333334 0.083203125
0 0.52109375 0.5880859375 0.0421875 0.034765625
0 0.42864583333333334 0.562890625 0.04375 0.04453125
0 0.7520833333333333 0.3732421875 0.057291666666666664 0.028515625
0 0.68828125 0.3294921875 0.04635416666666667 0.030078125
0 0.7432291666666667 0.336328125 0.057291666666666664 0.02734375
0 0.69140625 0.4572265625 0.043229166666666666 0.024609375
0 0.7486979166666666 0.4642578125 0.05364583333333333 0.027734375
0 0.7755208333333333 0.4314453125 0.03125 0.027734375
0 0.2171875 0.4615234375 0.040625 0.024609375
0 0.2674479166666667 0.468359375 0.050520833333333334 0.03125
0 0.3229166666666667 0.47734375 0.053125 0.03203125
0 0.3807291666666667 0.48359375 0.03229166666666667 0.021875
0 0.41796875 0.4947265625 0.04114583333333333 0.029296875
0 0.46171875 0.5017578125 0.0421875 0.032421875
0 0.534375 0.515625 0.059375 0.0375
0 0.5979166666666667 0.5271484375 0.06666666666666667 0.042578125
0 0.68046875 0.5166015625 0.059895833333333336 0.032421875
0 0.74296875 0.526171875 0.06197916666666667 0.03125
0 0.675 0.5458984375 0.06041666666666667 0.026171875
0 0.7380208333333333 0.55703125 0.058333333333333334 0.02890625
0 0.20677083333333332 0.5111328125 0.028125 0.034765625
0 0.23776041666666667 0.519140625 0.0265625 0.03203125
0 0.2713541666666667 0.5236328125 0.040625 0.035546875
0 0.6986979166666667 0.3693359375 0.04635416666666667 0.025390625
0 0.6515625 0.366015625 0.04583333333333333 0.0296875
0 0.6041666666666666 0.3611328125 0.041666666666666664 0.026171875
0 0.5604166666666667 0.3556640625 0.041666666666666664 0.026171875
0 0.38229166666666664 0.5599609375 0.03854166666666667 0.029296875
0 0.66796875 0.253515625 0.0546875 0.06640625
0 0.7263020833333333 0.2580078125 0.04010416666666667 0.060546875
0 0.7752604166666667 0.24765625 0.05677083333333333 0.08671875
0 0.22734375 0.306640625 0.03697916666666667 0.02109375
0 0.24036458333333333 0.333984375 0.04010416666666667 0.02109375
0 0.28489583333333335 0.33515625 0.041666666666666664 0.0234375
0 0.3307291666666667 0.3384765625 0.04583333333333333 0.027734375
0 0.42890625 0.3453125 0.034895833333333334 0.02734375
0 0.47552083333333334 0.573828125 0.046875 0.03359375
0 0.4739583333333333 0.316796875 0.034375 0.025
0 0.51171875 0.35625 0.044270833333333336 0.02421875
0 0.20625 0.39296875 0.03333333333333333 0.02578125
0 0.24635416666666668 0.4005859375 0.04375 0.027734375
0 0.3145833333333333 0.4060546875 0.03125 0.026171875
0 0.41901041666666666 0.4236328125 0.04635416666666667 0.032421875
0 0.46848958333333335 0.4302734375 0.04739583333333333 0.037890625
0 0.5419270833333333 0.43515625 0.05364583333333333 0.03359375
0 0.5934895833333333 0.4271484375 0.049479166666666664 0.024609375
0 0.64296875 0.4306640625 0.04635416666666667 0.027734375
0 0.5919270833333333 0.45078125 0.043229166666666666 0.0171875
0 0.46848958333333335 0.3509765625 0.04114583333333333 0.022265625
