0 0.7590379901960784 0.2540849673202614 0.0389093137254902 0.16013071895424835
0 0.7204350490196079 0.8923611111111112 0.03462009803921569 0.07965686274509803
0 0.8423713235294118 0.2420343137254902 0.043198529411764705 0.16952614379084968
0 0.7201286764705882 0.2630718954248366 0.03707107843137255 0.15196078431372548
0 0.8897058823529411 0.22916666666666666 0.04718137254901961 0.17565359477124182
0 0.8000919117647058 0.24836601307189543 0.0389093137254902 0.16094771241830066
0 0.6825980392156863 0.27389705882352944 0.03553921568627451 0.14419934640522875
0 0.48131127450980393 0.31066176470588236 0.02022058823529412 0.11805555555555555
0 0.6173406862745098 0.2861519607843137 0.024509803921568627 0.13848039215686275
0 0.5874693627450981 0.2877859477124183 0.03216911764705882 0.13766339869281047
0 0.5566789215686274 0.29473039215686275 0.02389705882352941 0.12867647058823528
0 0.5315563725490197 0.2986111111111111 0.023284313725490197 0.12418300653594772
0 0.5061274509803921 0.30249183006535946 0.024509803921568627 0.12295751633986927
0 0.46047794117647056 0.3133169934640523 0.01838235294117647 0.1184640522875817
0 0.43949142156862747 0.3196486928104575 0.018075980392156864 0.11397058823529412
0 0.26776960784313725 0.7888071895424836 0.015931372549019607 0.04493464052287582
0 0.6461397058823529 0.2790032679738562 0.03125 0.14460784313725492
0 0.2691482843137255 0.7248774509803921 0.013174019607843137 0.054330065359477125
0 0.6479779411764706 0.5514705882352942 0.06740196078431372 0.10620915032679738
0 0.28630514705882354 0.7261029411764706 0.01685049019607843 0.044526143790849675
0 0.4603247549019608 0.7904411764705882 0.021139705882352942 0.05555555555555555
0 0.45940563725490197 0.8745915032679739 0.021139705882352942 0.056372549019607844
0 0.48391544117647056 0.8837826797385621 0.023590686274509803 0.05759803921568627
0 0.484375 0.7990196078431373 0.02267156862745098 0.05392156862745098
0 0.5128676470588235 0.8980800653594772 0.029411764705882353 0.0625
0 0.5361519607843137 0.8184232026143791 0.016544117647058824 0.06331699346405228
0 0.5116421568627451 0.8059640522875817 0.028799019607843136 0.06290849673202614
0 0.7205882352941176 0.9797794117647058 0.03676470588235294 0.04125816993464052
0 0.6467524509803921 0.4395424836601307 0.06862745098039216 0.10947712418300654
0 0.4375 0.7834967320261438 0.020833333333333332 0.058823529411764705
0 0.5738357843137255 0.443218954248366 0.06862745098039216 0.10947712418300654
0 0.29059436274509803 0.34681372549019607 0.023590686274509803 0.08905228758169935
0 0.31985294117647056 0.34395424836601307 0.024509803921568627 0.09722222222222222
0 0.3506433823529412 0.3372140522875817 0.02297794117647059 0.10089869281045752
0 0.3825061274509804 0.3272058823529412 0.01685049019607843 0.10784313725490197
0 0.4013480392156863 0.3241421568627451 0.01838235294117647 0.11315359477124183
0 0.42034313725490197 0.3229166666666667 0.01715686274509804 0.1090686274509804
0 0.8719362745098039 0.7663398692810458 0.051470588235294115 0.08905228758169935
0 0.8200061274509803 0.7546977124183006 0.048100490196078434 0.08946078431372549
0 0.7709865196078431 0.7973856209150327 0.045649509803921566 0.07679738562091504
0 0.725796568627451 0.7289624183006536 0.041666666666666664 0.08129084967320262
0 0.43596813725490197 0.8617238562091504 0.02144607843137255 0.051879084967320264
0 0.4152879901960784 0.7734885620915033 0.019301470588235295 0.05759803921568627
0 0.41390931372549017 0.8566176470588235 0.02022058823529412 0.058823529411764705
0 0.30162377450980393 0.8002450980392157 0.013786764705882353 0.051470588235294115
0 0.30269607843137253 0.7295751633986928 0.013480392156862746 0.04411764705882353
0 0.3177083333333333 0.8114787581699346 0.014705882352941176 0.051879084967320264
0 0.3177083333333333 0.7391748366013072 0.014705882352941176 0.05514705882352941
0 0.33425245098039214 0.8198529411764706 0.015931372549019607 0.05228758169934641
0 0.33455882352941174 0.7469362745098039 0.014705882352941176 0.05269607843137255
0 0.35355392156862747 0.8265931372549019 0.016544117647058824 0.053513071895424834
0 0.35294117647058826 0.7510212418300654 0.01715686274509804 0.05106209150326797
0 0.3727022058823529 0.8355800653594772 0.01685049019607843 0.05514705882352941
0 0.37423406862745096 0.7569444444444444 0.016237745098039217 0.05310457516339869
0 0.9417892156862745 0.21875 0.04718137254901961 0.17851307189542484
0 0.9846813725490197 0.21180555555555555 0.030637254901960783 0.19076797385620914
0 0.6593137254901961 0.8880718954248366 0.06862745098039216 0.09722222222222222
0 0.5819546568627451 0.886437908496732 0.06832107843137254 0.0988562091503268
0 0.6597732843137255 0.7794117647058824 0.07077205882352941 0.10947712418300654
0 0.5822610294117647 0.7802287581699346 0.07077205882352941 0.10947712418300654
0 0.647671568627451 0.6556372549019608 0.06740196078431372 0.09313725490196079
0 0.5776654411764706 0.6593137254901961 0.06709558823529412 0.09313725490196079
0 0.5775122549019608 0.553921568627451 0.06862745098039216 0.10947712418300654
0 0.39276960784313725 0.8455882352941176 0.017769607843137254 0.05555555555555555
0 0.39368872549019607 0.7620506535947712 0.017769607843137254 0.046977124183006536
0 0.2856924019607843 0.795751633986928 0.015625 0.049836601307189546
0 0.7628676470588235 0.9040032679738562 0.04534313725490196 0.08169934640522876
0 0.7708333333333334 0.440359477124183 0.03431372549019608 0.15849673202614378
0 0.8112745098039216 0.9244281045751634 0.04718137254901961 0.08660130718954248
0 0.06541053921568628 0.6897467320261438 0.013786764705882353 0.02900326797385621
0 0.20726102941176472 0.5490196078431373 0.01011029411764706 0.056372549019607844
0 0.19669117647058823 0.5477941176470589 0.010416666666666666 0.05228758169934641
0 0.18566176470588236 0.5469771241830066 0.00980392156862745 0.05555555555555555
0 0.22778799019607843 0.4750816993464052 0.013174019607843137 0.04330065359477124
0 0.21354166666666666 0.47630718954248363 0.00980392156862745 0.041666666666666664
0 0.20189950980392157 0.47630718954248363 0.011642156862745098 0.041666666666666664
0 0.1881127450980392 0.4775326797385621 0.011029411764705883 0.04411764705882353
0 0.04840686274509804 0.6821895424836601 0.014093137254901961 0.026143790849673203
0 0.17325367647058823 0.4775326797385621 0.011948529411764705 0.041666666666666664
0 0.14598651960784315 0.477124183006536 0.009497549019607842 0.03594771241830065
0 0.14583333333333334 0.43913398692810457 0.011029411764705883 0.03431372549019608
0 0.15548406862745098 0.43852124183006536 0.007659313725490196 0.03553921568627451
0 0.16498161764705882 0.43770424836601307 0.008272058823529412 0.03390522875816993
0 0.17662377450980393 0.4368872549019608 0.009497549019607842 0.03799019607843137
0 0.18673406862745098 0.4352532679738562 0.008272058823529412 0.03799019607843137
0 0.19791666666666666 0.4352532679738562 0.011642156862745098 0.03880718954248366
0 0.2110906862745098 0.4323937908496732 0.011642156862745098 0.03880718954248366
0 0.15885416666666666 0.4769199346405229 0.011948529411764705 0.03799019607843137
0 0.22518382352941177 0.4319852941176471 0.011642156862745098 0.03880718954248366
0 0.5206801470588235 0.6756535947712419 0.0272671568627451 0.04656862745098039
0 0.49325980392156865 0.6715686274509803 0.024509803921568627 0.051470588235294115
0 0.43106617647058826 0.4485294117647059 0.016544117647058824 0.11029411764705882
0 0.3993566176470588 0.4499591503267974 0.0272671568627451 0.11070261437908496
0 0.3659620098039216 0.4250408496732026 0.018075980392156864 0.051879084967320264
0 0.36871936274509803 0.4765114379084967 0.014399509803921568 0.05106209150326797
0 0.27650122549019607 0.6241830065359477 0.015012254901960785 0.032679738562091505
0 0.2930453431372549 0.6629901960784313 0.014399509803921568 0.03349673202614379
0 0.29181985294117646 0.6286764705882353 0.013786764705882353 0.031862745098039214
0 0.3083639705882353 0.6680964052287581 0.014399509803921568 0.037173202614379085
0 0.5206801470588235 0.7252859477124183 0.0272671568627451 0.04861111111111111
0 0.3079044117647059 0.6315359477124183 0.015318627450980392 0.035130718954248366
0 0.3258272058823529 0.6345996732026143 0.01685049019607843 0.0363562091503268
0 0.34528186274509803 0.6380718954248366 0.0196078431372549 0.03594771241830065
0 0.36136642156862747 0.6813725490196079 0.017463235294117647 0.041666666666666664
0 0.3818933823529412 0.6470588235294118 0.017463235294117647 0.042483660130718956
0 0.40150122549019607 0.6519607843137255 0.018688725490196078 0.04493464052287582
0 0.4227941176470588 0.6578839869281046 0.02022058823529412 0.046977124183006536
0 0.4450061274509804 0.6627859477124183 0.019301470588235295 0.04534313725490196
0 0.46737132352941174 0.6668709150326797 0.02297794117647059 0.04616013071895425
0 0.3249080882352941 0.673202614379085 0.01685049019607843 0.03676470588235294
0 0.4496017156862745 0.44873366013071897 0.018075980392156864 0.11315359477124183
0 0.21246936274509803 0.35927287581699346 0.01685049019607843 0.08292483660130719
0 0.1714154411764706 0.36907679738562094 0.017463235294117647 0.07393790849673203
0 0.06326593137254902 0.5314542483660131 0.009497549019607842 0.0392156862745098
0 0.07291666666666667 0.5339052287581699 0.007352941176470588 0.041666666666666664
0 0.08149509803921569 0.5357434640522876 0.006740196078431373 0.0428921568627451
0 0.0900735294117647 0.5359477124183006 0.007352941176470588 0.0457516339869281
0 0.09880514705882353 0.5365604575163399 0.0070465686274509805 0.046977124183006536
0 0.10753676470588236 0.5386029411764706 0.007965686274509803 0.04616013071895425
0 0.11672794117647059 0.5396241830065359 0.00857843137254902 0.0457516339869281
0 0.09972426470588236 0.5902777777777778 0.010723039215686275 0.029411764705882353
0 0.061887254901960786 0.477124183006536 0.00857843137254902 0.028594771241830064
0 0.0860906862745098 0.6096813725490197 0.010416666666666666 0.024918300653594773
0 0.07169117647058823 0.6076388888888888 0.009191176470588236 0.023284313725490197
0 0.0664828431372549 0.5786356209150327 0.012254901960784314 0.023284313725490197
0 0.05667892156862745 0.5784313725490197 0.007352941176470588 0.02696078431372549
0 0.0470281862745098 0.6384803921568627 0.009497549019607842 0.025326797385620915
0 0.059283088235294115 0.6433823529411765 0.008884803921568627 0.025326797385620915
0 0.06969975490196079 0.6450163398692811 0.008272058823529412 0.028594771241830064
0 0.08134191176470588 0.6975081699346405 0.01133578431372549 0.028186274509803922
0 0.08088235294117647 0.6513480392156863 0.010416666666666666 0.024918300653594773
0 0.08026960784313726 0.5827205882352942 0.011029411764705883 0.024101307189542485
0 0.19178921568627452 0.36499183006535946 0.01838235294117647 0.0755718954248366
0 0.06556372549019608 0.4438316993464052 0.006740196078431373 0.03553921568627451
0 0.07153799019607843 0.47998366013071897 0.008272058823529412 0.03104575163398693
0 0.15287990196078433 0.3741830065359477 0.015931372549019607 0.06944444444444445
0 0.13373161764705882 0.3758169934640523 0.015625 0.07026143790849673
0 0.11412377450980392 0.38235294117647056 0.014399509803921568 0.06944444444444445
0 0.0978860294117647 0.3837826797385621 0.014399509803921568 0.06740196078431372
0 0.08425245098039216 0.38705065359477125 0.00857843137254902 0.061683006535947715
0 0.07077205882352941 0.38848039215686275 0.012254901960784314 0.06209150326797386
0 0.13419117647058823 0.4411764705882353 0.009191176470588236 0.03839869281045752
0 0.1334252450980392 0.47937091503267976 0.009497549019607842 0.03553921568627451
0 0.0585171568627451 0.4452614379084967 0.007352941176470588 0.029411764705882353
0 0.12208946078431372 0.44076797385620914 0.008272058823529412 0.03594771241830065
0 0.11228553921568628 0.44056372549019607 0.008884803921568627 0.034722222222222224
0 0.1135110294117647 0.4775326797385621 0.01011029411764706 0.035130718954248366
0 0.1018688725490196 0.443218954248366 0.009497549019607842 0.032679738562091505
0 0.1015625 0.4775326797385621 0.0070465686274509805 0.03431372549019608
0 0.09206495098039216 0.47794117647058826 0.007659313725490196 0.032679738562091505
0 0.08425245098039216 0.44485294117647056 0.010416666666666666 0.03349673202614379
0 0.08072916666666667 0.47814542483660133 0.008884803921568627 0.030637254901960783
0 0.07337622549019608 0.4452614379084967 0.006433823529411764 0.031862745098039214
0 0.12331495098039216 0.4777369281045752 0.007659313725490196 0.03227124183006536
0 0.47028186274509803 0.4479166666666667 0.0196078431372549 0.11397058823529412
0 0.3431372549019608 0.6772875816993464 0.015318627450980392 0.03839869281045752
0 0.5134803921568627 0.4464869281045752 0.027573529411764705 0.125
0 0.3327205882352941 0.47732843137254904 0.015931372549019607 0.05024509803921569
0 0.33057598039215685 0.42606209150326796 0.015318627450980392 0.049019607843137254
0 0.34849877450980393 0.42687908496732024 0.013786764705882353 0.04820261437908497
0 0.34972426470588236 0.4769199346405229 0.012561274509803922 0.0494281045751634
0 0.17570465686274508 0.6058006535947712 0.009497549019607842 0.031862745098039214
0 0.1871936274509804 0.6078431372549019 0.011029411764705883 0.03349673202614379
0 0.19898897058823528 0.6115196078431373 0.009497549019607842 0.03839869281045752
0 0.21017156862745098 0.6137663398692811 0.010416666666666666 0.03553921568627451
0 0.22273284313725492 0.6156045751633987 0.012254901960784314 0.03676470588235294
0 0.49065563725490197 0.44873366013071897 0.01685049019607843 0.11805555555555555
0 0.24877450980392157 0.6188725490196079 0.011642156862745098 0.03839869281045752
0 0.26286764705882354 0.6578839869281046 0.012867647058823529 0.030637254901960783
0 0.2614889705882353 0.6219362745098039 0.011948529411764705 0.03553921568627451
0 0.2769607843137255 0.6605392156862745 0.014093137254901961 0.03349673202614379
0 0.2549019607843137 0.71875 0.011642156862745098 0.04861111111111111
0 0.2526041666666667 0.7798202614379085 0.012561274509803922 0.041666666666666664
0 0.2423406862745098 0.7124183006535948 0.011642156862745098 0.04330065359477124
0 0.24004289215686275 0.7720588235294118 0.008884803921568627 0.03839869281045752
0 0.22901348039215685 0.7050653594771242 0.011948529411764705 0.03839869281045752
0 0.3158700980392157 0.47814542483660133 0.012867647058823529 0.0494281045751634
0 0.3134191176470588 0.42810457516339867 0.011642156862745098 0.0457516339869281
0 0.2981004901960784 0.4287173202614379 0.013480392156862746 0.046977124183006536
0 0.2994791666666667 0.4769199346405229 0.014399509803921568 0.046977124183006536
0 0.9273897058823529 0.7785947712418301 0.05269607843137255 0.0923202614379085
0 0.9776348039215687 0.7849264705882353 0.04534313725490196 0.08292483660130719
0 0.7311580882352942 0.6384803921568627 0.03216911764705882 0.061274509803921566
0 0.7310049019607843 0.5774101307189542 0.0392156862745098 0.05923202614379085
0 0.7777267156862745 0.5798611111111112 0.04993872549019608 0.05923202614379085
0 0.7746629901960784 0.6441993464052288 0.04381127450980392 0.06290849673202614
0 0.8235294117647058 0.6519607843137255 0.04963235294117647 0.06862745098039216
0 0.874234068627451 0.6574754901960784 0.04871323529411765 0.07475490196078431
0 0.9318321078431373 0.6656454248366013 0.057291666666666664 0.06576797385620915
0 0.2271752450980392 0.7685866013071896 0.011948529411764705 0.04044117647058824
0 0.9306066176470589 0.5957924836601307 0.057291666666666664 0.06576797385620915
0 0.9817708333333334 0.6006944444444444 0.03707107843137255 0.06985294117647059
0 0.24142156862745098 0.4752859477124183 0.00980392156862745 0.04616013071895425
0 0.23805147058823528 0.4311683006535948 0.010416666666666666 0.039624183006535946
0 0.2542892156862745 0.47732843137254904 0.00980392156862745 0.04370915032679738
0 0.2526041666666667 0.43075980392156865 0.008884803921568627 0.04616013071895425
0 0.2689950980392157 0.47549019607843135 0.011642156862745098 0.04656862745098039
0 0.26608455882352944 0.4297385620915033 0.010723039215686275 0.04411764705882353
0 0.28324142156862747 0.4777369281045752 0.012561274509803922 0.046977124183006536
0 0.28125 0.4293300653594771 0.012254901960784314 0.0457516339869281
0 0.9806985294117647 0.6734068627450981 0.03860294117647059 0.07148692810457516
0 0.21706495098039216 0.6970996732026143 0.009497549019607842 0.03227124183006536
0 0.23636642156862744 0.6182598039215687 0.010723039215686275 0.039624183006535946
0 0.21400122549019607 0.761437908496732 0.010723039215686275 0.03104575163398693
0 0.3475796568627451 0.5635212418300654 0.013786764705882353 0.06740196078431372
0 0.3247549019607843 0.5631127450980392 0.014093137254901961 0.06740196078431372
0 0.3053002450980392 0.5598447712418301 0.01685049019607843 0.06413398692810457
0 0.28799019607843135 0.5584150326797386 0.012867647058823529 0.0661764705882353
0 0.27359068627450983 0.5571895424836601 0.012867647058823529 0.06372549019607843
0 0.2587316176470588 0.5545343137254902 0.01011029411764706 0.060866013071895424
0 0.24525122549019607 0.5541258169934641 0.01011029411764706 0.05759803921568627
0 0.23161764705882354 0.5516748366013072 0.011642156862745098 0.05759803921568627
0 0.21476715686274508 0.7283496732026143 0.012254901960784314 0.027777777777777776
0 0.2630208333333333 0.35232843137254904 0.02420343137254902 0.08374183006535947
0 0.23805147058823528 0.3582516339869281 0.02267156862745098 0.08088235294117647
0 0.9857536764705882 0.431781045751634 0.029105392156862746 0.1895424836601307
0 0.946078431372549 0.43218954248366015 0.044730392156862746 0.18627450980392157
0 0.8990502450980392 0.4319852941176471 0.04503676470588235 0.18586601307189543
0 0.8540134803921569 0.4354575163398693 0.040747549019607844 0.17320261437908496
0 0.8109681372549019 0.43729575163398693 0.0392156862745098 0.16462418300653595
0 0.8512561274509803 0.9377042483660131 0.027879901960784315 0.08129084967320262
0 0.7329963235294118 0.4389297385620915 0.030943627450980393 0.1556372549019608
0 0.7009803921568627 0.4397467320261438 0.026348039215686275 0.1409313725490196
0 0.36412377450980393 0.5649509803921569 0.014399509803921568 0.07026143790849673
0 0.38036151960784315 0.5669934640522876 0.016237745098039217 0.07434640522875817
0 0.21966911764705882 0.5494281045751634 0.009191176470588236 0.05800653594771242
0 0.42080269607843135 0.5731209150326797 0.01011029411764706 0.07761437908496732
0 0.4016544117647059 0.5694444444444444 0.015318627450980392 0.07434640522875817
0 0.20174632352941177 0.7246732026143791 0.01133578431372549 0.02696078431372549
0 0.20419730392156862 0.6936274509803921 0.014399509803921568 0.03022875816993464
0 0.20189950980392157 0.7551062091503268 0.010416666666666666 0.02900326797385621
0 0.18933823529411764 0.6875 0.011642156862745098 0.031862745098039214
0 0.18964460784313725 0.7189542483660131 0.010416666666666666 0.025326797385620915
0 0.19056372549019607 0.7510212418300654 0.00857843137254902 0.034722222222222224
0 0.5240502450980392 0.6045751633986928 0.024816176470588234 0.04493464052287582
0 0.49693627450980393 0.5545343137254902 0.025735294117647058 0.04616013071895425
0 0.4973958333333333 0.6000816993464052 0.023590686274509803 0.04330065359477124
0 0.5246629901960784 0.5580065359477124 0.024816176470588234 0.04493464052287582
0 0.4724264705882353 0.5988562091503268 0.023284313725490197 0.04330065359477124
0 0.4482230392156863 0.5516748366013072 0.02022058823529412 0.042075163398692814
0 0.4491421568627451 0.5941584967320261 0.02144607843137255 0.03880718954248366
0 0.43183210784313725 0.5735294117647058 0.009497549019607842 0.07516339869281045
0 0.4710477941176471 0.5522875816993464 0.022365196078431373 0.04411764705882353
