0 0.6542075163398693 0.8920036764705882 0.03880718954248366 0.03952205882352941
0 0.2571486928104575 0.7052696078431373 0.051879084967320264 0.02267156862745098
0 0.9793709150326797 0.7478553921568627 0.03880718954248366 0.07230392156862746
0 0.9325980392156863 0.7506127450980392 0.05392156862745098 0.06740196078431372
0 0.880718954248366 0.7519914215686274 0.049019607843137254 0.07138480392156862
0 0.832312091503268 0.7573529411764706 0.051879084967320264 0.06066176470588235
0 0.7785947712418301 0.7604166666666666 0.05310457516339869 0.06924019607843138
0 0.7054738562091504 0.7715992647058824 0.05228758169934641 0.06587009803921569
0 0.6515522875816994 0.7714460784313726 0.05718954248366013 0.06556372549019608
0 0.306781045751634 0.7046568627450981 0.049019607843137254 0.020833333333333332
0 0.3002450980392157 0.6087622549019608 0.05310457516339869 0.026348039215686275
0 0.2455065359477124 0.5825674019607843 0.05310457516339869 0.02849264705882353
0 0.2959558823529412 0.5810355392156863 0.04779411764705882 0.024816176470588234
0 0.5959967320261438 0.7748161764705882 0.05555555555555555 0.07475490196078431
0 0.40012254901960786 0.6047794117647058 0.053513071895424834 0.023284313725490197
0 0.34763071895424835 0.6314338235294118 0.0457516339869281 0.02267156862745098
0 0.29534313725490197 0.6329656862745098 0.049836601307189546 0.02144607843137255
0 0.24366830065359477 0.6337316176470589 0.053513071895424834 0.022365196078431373
0 0.9411764705882353 0.6801470588235294 0.049836601307189546 0.028799019607843136
0 0.24571078431372548 0.6092218137254902 0.0559640522875817 0.02420343137254902
0 0.3568218954248366 0.7003676470588235 0.04616013071895425 0.02696078431372549
0 0.40584150326797386 0.6999080882352942 0.05106209150326797 0.026041666666666668
0 0.2563316993464052 0.6792279411764706 0.053513071895424834 0.02696078431372549
0 0.2602124183006536 0.11810661764705882 0.042483660130718956 0.08731617647058823
0 0.21875 0.11825980392156862 0.04044117647058824 0.08639705882352941
0 0.8631535947712419 0.13939950980392157 0.04003267973856209 0.04656862745098039
0 0.8202614379084967 0.13939950980392157 0.04411764705882353 0.044730392156862746
0 0.7708333333333334 0.11167279411764706 0.05555555555555555 0.09650735294117647
0 0.7246732026143791 0.11412377450980392 0.032679738562091505 0.09528186274509803
0 0.6870915032679739 0.11381740196078431 0.0392156862745098 0.0940563725490196
0 0.6499183006535948 0.11580882352941177 0.035130718954248366 0.09191176470588236
0 0.6754493464052288 0.586703431372549 0.0494281045751634 0.09252450980392157
0 0.8962418300653595 0.2340686274509804 0.13970588235294118 0.10477941176470588
0 0.6066176470588235 0.5873161764705882 0.04330065359477124 0.07965686274509803
0 0.5549428104575164 0.5902267156862745 0.04370915032679738 0.08057598039215687
0 0.5049019607843137 0.5960477941176471 0.049836601307189546 0.09221813725490197
0 0.4520016339869281 0.5946691176470589 0.04044117647058824 0.08762254901960784
0 0.1840277777777778 0.6288296568627451 0.06658496732026144 0.10631127450980392
0 0.07802287581699346 0.6389399509803921 0.14133986928104575 0.08915441176470588
0 0.4007352941176471 0.6311274509803921 0.05473856209150327 0.025122549019607844
0 0.35049019607843135 0.6070772058823529 0.04656862745098039 0.023590686274509803
0 0.30657679738562094 0.6778492647058824 0.04616013071895425 0.02849264705882353
0 0.5375816993464052 0.7738970588235294 0.056372549019607844 0.07475490196078431
0 0.7685866013071896 0.23897058823529413 0.06331699346405228 0.09129901960784313
0 0.6578839869281046 0.24617034313725492 0.056781045751633986 0.08670343137254902
0 0.6092728758169934 0.2417279411764706 0.04125816993464052 0.10049019607843138
0 0.4338235294117647 0.11106004901960784 0.09803921568627451 0.1014093137254902
0 0.43157679738562094 0.7737438725490197 0.046977124183006536 0.07261029411764706
0 0.3784722222222222 0.7758884803921569 0.0559640522875817 0.06832107843137254
0 0.3214869281045752 0.7798713235294118 0.05065359477124183 0.07567401960784313
0 0.5034722222222222 0.10998774509803921 0.04044117647058824 0.10294117647058823
0 0.5465686274509803 0.11090686274509803 0.04493464052287582 0.10416666666666667
0 0.5986519607843137 0.15425857843137256 0.05923202614379085 0.018075980392156864
0 0.5996732026143791 0.11902573529411764 0.05800653594771242 0.053002450980392156
0 0.9340277777777778 0.8455882352941176 0.04861111111111111 0.06740196078431372
0 0.9799836601307189 0.8448223039215687 0.04084967320261438 0.06709558823529412
0 0.07148692810457516 0.757046568627451 0.09477124183006536 0.10110294117647059
0 0.17340686274509803 0.7552083333333334 0.10334967320261437 0.10845588235294118
0 0.26491013071895425 0.7792585784313726 0.060866013071895424 0.07567401960784313
0 0.6000816993464052 0.07215073529411764 0.056372549019607844 0.0389093137254902
0 0.8747957516339869 0.8328737745098039 0.04779411764705882 0.057291666666666664
0 0.823937908496732 0.8861825980392157 0.03676470588235294 0.03952205882352941
0 0.7777777777777778 0.8881740196078431 0.05473856209150327 0.03615196078431373
0 0.7305964052287581 0.8864889705882353 0.0363562091503268 0.04258578431372549
0 0.693218954248366 0.8907781862745098 0.0392156862745098 0.035845588235294115
0 0.3672385620915033 0.11014093137254902 0.03104575163398693 0.10753676470588236
0 0.6133578431372549 0.8791360294117647 0.0363562091503268 0.0352328431372549
0 0.35641339869281047 0.6749387254901961 0.05024509803921569 0.02144607843137255
0 0.4554738562091503 0.6807598039215687 0.049019607843137254 0.01715686274509804
0 0.559640522875817 0.24325980392156862 0.059640522875817 0.10661764705882353
0 0.5036764705882353 0.2417279411764706 0.049019607843137254 0.1096813725490196
0 0.45383986928104575 0.2415747549019608 0.05228758169934641 0.11060049019607843
0 0.3958333333333333 0.23759191176470587 0.06209150326797386 0.1130514705882353
0 0.8884803921568627 0.6746323529411765 0.0457516339869281 0.04105392156862745
0 0.84375 0.6775428921568627 0.04125816993464052 0.046875
0 0.8004493464052288 0.6825980392156863 0.046977124183006536 0.041666666666666664
0 0.7524509803921569 0.6830575980392157 0.049019607843137254 0.046262254901960786
0 0.3366013071895425 0.23713235294117646 0.049019607843137254 0.1133578431372549
0 0.28594771241830064 0.23943014705882354 0.05310457516339869 0.10753676470588236
0 0.2332516339869281 0.24126838235294118 0.05228758169934641 0.10998774509803921
0 0.33169934640522875 0.10830269607843138 0.04003267973856209 0.109375
0 0.9791666666666666 0.3564644607843137 0.0392156862745098 0.09160539215686274
0 0.4824346405228758 0.774203431372549 0.05392156862745098 0.07598039215686274
0 0.7030228758169934 0.7014399509803921 0.05065359477124183 0.0272671568627451
0 0.6544117647058824 0.6983762254901961 0.04820261437908497 0.02297794117647059
0 0.5925245098039216 0.6783088235294118 0.046977124183006536 0.02267156862745098
0 0.5594362745098039 0.8932291666666666 0.03145424836601307 0.0585171568627451
0 0.5002042483660131 0.680453431372549 0.04044117647058824 0.0196078431372549
0 0.40584150326797386 0.6741727941176471 0.04779411764705882 0.023590686274509803
0 0.29616013071895425 0.10814950980392157 0.029411764705882353 0.10845588235294118
0 0.5461601307189542 0.6795343137254902 0.049019607843137254 0.0196078431372549
0 0.7622549019607843 0.4730392156862745 0.035130718954248366 0.08823529411764706
0 0.31209150326797386 0.48514093137254904 0.04493464052287582 0.0934436274509804
0 0.16380718954248366 0.49892769607843135 0.08823529411764706 0.109375
0 0.058619281045751634 0.4957107843137255 0.11723856209150327 0.11948529411764706
0 0.7759395424836601 0.6043198529411765 0.06413398692810457 0.03155637254901961
0 0.7173202614379085 0.5842524509803921 0.025326797385620915 0.08762254901960784
0 0.41299019607843135 0.36703431372549017 0.06535947712418301 0.1053921568627451
0 0.3249591503267974 0.36642156862745096 0.10988562091503268 0.10416666666666667
0 0.24142156862745098 0.36550245098039214 0.05800653594771242 0.10845588235294118
0 0.14256535947712418 0.3642769607843137 0.1053921568627451 0.11213235294117647
0 0.04554738562091503 0.3648897058823529 0.08700980392156862 0.11213235294117647
0 0.7220179738562091 0.4730392156862745 0.046977124183006536 0.08762254901960784
0 0.670547385620915 0.4802389705882353 0.03145424836601307 0.10263480392156862
0 0.630718954248366 0.48161764705882354 0.04493464052287582 0.09865196078431372
0 0.5720996732026143 0.4811580882352941 0.07230392156862746 0.09712009803921569
0 0.5055147058823529 0.4820772058823529 0.05841503267973856 0.10018382352941177
0 0.4387254901960784 0.4794730392156863 0.05392156862745098 0.0821078431372549
0 0.3743872549019608 0.4800857843137255 0.07066993464052287 0.08088235294117647
0 0.4959150326797386 0.9025735294117647 0.0457516339869281 0.041666666666666664
0 0.45016339869281047 0.9036458333333334 0.04656862745098039 0.04013480392156863
0 0.39685457516339867 0.8871017156862745 0.046977124183006536 0.0272671568627451
0 0.3464052287581699 0.8869485294117647 0.051470588235294115 0.02696078431372549
0 0.4699754901960784 0.3668811274509804 0.04779411764705882 0.10324754901960784
0 0.5488153594771242 0.36443014705882354 0.10580065359477124 0.09895833333333333
0 0.24468954248366012 0.4856004901960784 0.04493464052287582 0.08946078431372549
0 0.6993464052287581 0.36151960784313725 0.05473856209150327 0.10232843137254902
0 0.9522058823529411 0.10830269607843138 0.03349673202614379 0.10202205882352941
0 0.9121732026143791 0.10784313725490197 0.04493464052287582 0.10294117647058823
0 0.02062908496732026 0.8541666666666666 0.03227124183006536 0.04840686274509804
0 0.03104575163398693 0.9031862745098039 0.031862745098039214 0.0508578431372549
0 0.060866013071895424 0.9045649509803921 0.025326797385620915 0.048100490196078434
0 0.9381127450980392 0.3541666666666667 0.0428921568627451 0.09375
0 0.054125816993464054 0.8550857843137255 0.02900326797385621 0.04534313725490196
0 0.09803921568627451 0.8575367647058824 0.03022875816993464 0.05269607843137255
0 0.09987745098039216 0.9080882352941176 0.03145424836601307 0.04779411764705882
0 0.6345996732026143 0.36473651960784315 0.0625 0.09895833333333333
0 0.17279411764705882 0.90625 0.029411764705882353 0.049019607843137254
0 0.20220588235294118 0.90625 0.02696078431372549 0.049019607843137254
0 0.14276960784313725 0.9056372549019608 0.024101307189542485 0.04779411764705882
0 0.3000408496732026 0.9119178921568627 0.04044117647058824 0.020526960784313725
0 0.35130718954248363 0.9155943627450981 0.05392156862745098 0.021139705882352942
0 0.7689950980392157 0.36243872549019607 0.08455882352941177 0.10110294117647059
0 0.8913398692810458 0.35462622549019607 0.05228758169934641 0.09466911764705882
0 0.29758986928104575 0.8831188725490197 0.04534313725490196 0.019301470588235295
0 0.25163398692810457 0.8817401960784313 0.04411764705882353 0.020833333333333332
0 0.4013480392156863 0.9149816176470589 0.044526143790849675 0.022365196078431373
0 0.25919117647058826 0.9088541666666666 0.04125816993464052 0.0272671568627451
0 0.3090277777777778 0.8412990196078431 0.039624183006535946 0.025122549019607844
0 0.2624591503267974 0.8454350490196079 0.037173202614379085 0.023590686274509803
