0 0.2928082191780822 0.47247596153846155 0.028253424657534245 0.07379807692307692
0 0.2538527397260274 0.4778846153846154 0.04708904109589041 0.04951923076923077
0 0.3298373287671233 0.4752403846153846 0.03553082191780822 0.07163461538461538
0 0.3720034246575342 0.46658653846153847 0.038527397260273974 0.08028846153846154
0 0.1699486301369863 0.46298076923076925 0.03767123287671233 0.07115384615384615
0 0.9561215753424658 0.8544471153846154 0.04580479452054795 0.018990384615384614
0 0.3587328767123288 0.09567307692307692 0.10787671232876712 0.05384615384615385
0 0.23758561643835616 0.10504807692307692 0.08133561643835617 0.05384615384615385
0 0.1427654109589041 0.11790865384615384 0.0740582191780822 0.036298076923076926
0 0.4111729452054795 0.4768028846153846 0.03553082191780822 0.0641826923076923
0 0.21168664383561644 0.47896634615384615 0.029537671232876712 0.07379807692307692
0 0.09845890410958905 0.46838942307692305 0.07705479452054795 0.07716346153846154
0 0.5747003424657534 0.09591346153846154 0.05950342465753425 0.06153846153846154
0 0.9648972602739726 0.36790865384615384 0.07191780821917808 0.03774038461538461
0 0.7142551369863014 0.24182692307692308 0.08433219178082192 0.05
0 0.625 0.2361778846153846 0.08818493150684932 0.06802884615384615
0 0.5389554794520548 0.23016826923076922 0.06506849315068493 0.07043269230769231
0 0.4785958904109589 0.2550480769230769 0.04023972602739726 0.027403846153846154
0 0.4167380136986301 0.2360576923076923 0.03638698630136986 0.07067307692307692
0 0.3777825342465753 0.23521634615384615 0.03553082191780822 0.06899038461538462
0 0.336472602739726 0.24086538461538462 0.039383561643835614 0.06682692307692308
0 0.789597602739726 0.2403846153846154 0.062071917808219176 0.04951923076923077
0 0.2773972602739726 0.23533653846153846 0.06078767123287671 0.06586538461538462
0 0.14961472602739725 0.23533653846153846 0.05950342465753425 0.06586538461538462
0 0.0920376712328767 0.2375 0.0547945205479452 0.07067307692307692
0 0.03488869863013699 0.215625 0.05950342465753425 0.11875
0 0.8294092465753424 0.09158653846153846 0.05094178082191781 0.0673076923076923
0 0.7722602739726028 0.08353365384615384 0.06164383561643835 0.08629807692307692
0 0.6992722602739726 0.07872596153846154 0.0740582191780822 0.08774038461538461
0 0.6357020547945206 0.09483173076923077 0.04708904109589041 0.05504807692307692
0 0.21147260273972604 0.23497596153846154 0.06335616438356165 0.06850961538461539
0 0.9552654109589042 0.19110576923076922 0.08176369863013698 0.03701923076923077
0 0.9526969178082192 0.2221153846153846 0.06720890410958905 0.026442307692307692
0 0.9591181506849316 0.2512019230769231 0.06035958904109589 0.03076923076923077
0 0.9644691780821918 0.33665865384615384 0.07106164383561644 0.020913461538461537
0 0.4678938356164384 0.09567307692307692 0.0958904109589041 0.06201923076923077
0 0.5376712328767124 0.3669471153846154 0.03339041095890411 0.05985576923076923
0 0.4991438356164384 0.3635817307692308 0.038527397260273974 0.05456730769230769
0 0.4086044520547945 0.36490384615384613 0.08261986301369863 0.058653846153846154
0 0.3456763698630137 0.36165865384615387 0.02868150684931507 0.06370192307692307
0 0.2970890410958904 0.37764423076923076 0.05650684931506849 0.035576923076923075
0 0.961472602739726 0.31045673076923075 0.07962328767123288 0.019951923076923075
0 0.944777397260274 0.46971153846153846 0.046232876712328765 0.06634615384615385
0 0.8621575342465754 0.5568509615384616 0.05393835616438356 0.024759615384615383
0 0.8602311643835616 0.5318509615384616 0.05008561643835616 0.023317307692307693
0 0.8600171232876712 0.5064903846153846 0.04023972602739726 0.026442307692307692
0 0.2322345890410959 0.35841346153846154 0.061215753424657536 0.0673076923076923
0 0.17294520547945205 0.3579326923076923 0.04794520547945205 0.07451923076923077
0 0.1228595890410959 0.3551682692307692 0.04452054794520548 0.06850961538461539
0 0.0627140410958904 0.35552884615384617 0.0586472602739726 0.08317307692307692
0 0.8872003424657534 0.2709134615384615 0.06035958904109589 0.0673076923076923
0 0.025898972602739725 0.46478365384615383 0.04409246575342466 0.07764423076923077
0 0.4655393835616438 0.46141826923076923 0.0526541095890411 0.08774038461538461
0 0.21211472602739725 0.5662259615384615 0.05008561643835616 0.07764423076923077
0 0.574486301369863 0.4852163461538462 0.030821917808219176 0.043028846153846154
0 0.7482876712328768 0.46334134615384615 0.03767123287671233 0.05600961538461539
0 0.6952054794520548 0.48978365384615385 0.0547945205479452 0.028125
0 0.0684931506849315 0.07271634615384616 0.07448630136986302 0.1266826923076923
0 0.528681506849315 0.4638221153846154 0.06335616438356165 0.0920673076923077
0 0.22945205479452055 0.7116586538461539 0.0410958904109589 0.01610576923076923
0 0.2893835616438356 0.6748798076923077 0.046232876712328765 0.08149038461538462
0 0.3403253424657534 0.6852163461538462 0.03767123287671233 0.08197115384615385
0 0.3807791095890411 0.6798076923076923 0.03638698630136986 0.0798076923076923
0 0.4257277397260274 0.6819711538461538 0.05008561643835616 0.08365384615384615
0 0.4785958904109589 0.6800480769230769 0.04023972602739726 0.08173076923076923
0 0.5211900684931506 0.6807692307692308 0.04409246575342466 0.08413461538461539
0 0.5620719178082192 0.6782451923076923 0.039383561643835614 0.08677884615384615
0 0.6048801369863014 0.6822115384615385 0.04794520547945205 0.08028846153846154
0 0.6459760273972602 0.6852163461538462 0.02482876712328767 0.08197115384615385
0 0.8711472602739726 0.44591346153846156 0.0625 0.026442307692307692
0 0.803082191780822 0.45096153846153847 0.036815068493150686 0.07403846153846154
0 0.6725171232876712 0.6919471153846154 0.02482876712328767 0.04735576923076923
0 0.7827482876712328 0.5207932692307692 0.0586472602739726 0.05216346153846154
0 0.08369006849315068 0.5712740384615385 0.05179794520547945 0.0733173076923077
0 0.5971746575342466 0.5679086538461539 0.04708904109589041 0.08725961538461538
0 0.6639554794520548 0.5649038461538461 0.06506849315068493 0.07211538461538461
0 0.8996147260273972 0.5817307692307693 0.018407534246575343 0.058173076923076925
0 0.9529109589041096 0.5897836538461538 0.07191780821917808 0.03341346153846154
0 0.765625 0.5789663461538461 0.04323630136986301 0.04495192307692308
0 0.02504280821917808 0.6876201923076923 0.04580479452054795 0.08149038461538462
0 0.09310787671232877 0.684375 0.07577054794520548 0.08028846153846154
0 0.22752568493150685 0.6789663461538461 0.05179794520547945 0.037259615384615384
0 0.16716609589041095 0.6789663461538461 0.05094178082191781 0.07043269230769231
0 0.5466609589041096 0.5622596153846153 0.04708904109589041 0.07740384615384616
0 0.4933647260273973 0.5719951923076924 0.041523972602739725 0.08197115384615385
0 0.4503424657534247 0.5659855769230769 0.031678082191780824 0.07283653846153847
0 0.4017551369863014 0.5697115384615384 0.05950342465753425 0.08028846153846154
0 0.2677654109589041 0.5719951923076924 0.06035958904109589 0.07908653846153846
0 0.1427654109589041 0.5743990384615385 0.05950342465753425 0.08149038461538462
0 0.03724315068493151 0.6013221153846153 0.031678082191780824 0.030048076923076924
0 0.8683647260273972 0.41586538461538464 0.056934931506849314 0.025961538461538463
0 0.8722174657534246 0.47415865384615385 0.0449486301369863 0.023798076923076922
0 0.8846318493150684 0.3403846153846154 0.06549657534246575 0.058173076923076925
0 0.6695205479452054 0.8188701923076923 0.0625 0.08197115384615385
0 0.8741438356164384 0.3859375 0.06335616438356165 0.028125
0 0.7799657534246576 0.8323317307692307 0.02910958904109589 0.06033653846153846
0 0.822345890410959 0.8171875 0.046232876712328765 0.01706730769230769
0 0.8221318493150684 0.834375 0.0449486301369863 0.019230769230769232
0 0.8253424657534246 0.8540865384615385 0.04708904109589041 0.015384615384615385
0 0.8756421232876712 0.8533653846153846 0.048373287671232876 0.016826923076923076
0 0.6063784246575342 0.8118990384615384 0.05094178082191781 0.1141826923076923
0 0.8709332191780822 0.8336538461538462 0.03809931506849315 0.015865384615384615
0 0.9150256849315068 0.8355769230769231 0.025256849315068493 0.05384615384615385
0 0.9666095890410958 0.8127403846153847 0.06078767123287671 0.026923076923076925
0 0.9574058219178082 0.8365384615384616 0.04238013698630137 0.015384615384615385
0 0.6979880136986302 0.45552884615384615 0.04238013698630137 0.03221153846153846
0 0.632277397260274 0.4893028846153846 0.05565068493150685 0.024278846153846154
0 0.6303510273972602 0.4668269230769231 0.06035958904109589 0.022596153846153846
0 0.6254280821917808 0.4325721153846154 0.05051369863013699 0.02956730769230769
0 0.8752140410958904 0.8092548076923077 0.041523972602739725 0.02283653846153846
0 0.5419520547945206 0.8301682692307693 0.0488013698630137 0.018990384615384614
0 0.7397260273972602 0.8210336538461539 0.0488013698630137 0.08966346153846154
0 0.4407106164383562 0.8140625 0.13227739726027396 0.09975961538461539
0 0.8174229452054794 0.3627403846153846 0.04580479452054795 0.05336538461538461
0 0.758347602739726 0.3819711538461538 0.0526541095890411 0.02548076923076923
0 0.7037671232876712 0.35528846153846155 0.05393835616438356 0.0798076923076923
0 0.5466609589041096 0.8528846153846154 0.05650684931506849 0.013942307692307693
0 0.5976027397260274 0.37271634615384613 0.023972602739726026 0.05024038461538462
0 0.7204623287671232 0.6986778846153846 0.06335616438356165 0.05504807692307692
0 0.7925941780821918 0.6981971153846154 0.06806506849315068 0.051201923076923075
0 0.6412671232876712 0.3639423076923077 0.04452054794520548 0.05384615384615385
0 0.9389982876712328 0.690264423076923 0.04409246575342466 0.06129807692307692
0 0.9800941780821918 0.6935096153846154 0.03981164383561644 0.06634615384615385
0 0.061001712328767124 0.8215144230769231 0.05950342465753425 0.08197115384615385
0 0.1035958904109589 0.8288461538461539 0.02482876712328767 0.07259615384615385
0 0.1449058219178082 0.8293269230769231 0.0449486301369863 0.06634615384615385
0 0.2418664383561644 0.8256009615384615 0.10445205479452055 0.07956730769230769
0 0.8679366438356164 0.6870192307692308 0.07491438356164383 0.08028846153846154
0 0.3315496575342466 0.8307692307692308 0.0586472602739726 0.058173076923076925
