0 0.5665849673202614 0.40808823529411764 0.06535947712418301 0.0900735294117647
0 0.6368464052287581 0.4131433823529412 0.06535947712418301 0.07506127450980392
0 0.7013888888888888 0.40793504901960786 0.05473856209150327 0.07506127450980392
0 0.7655228758169934 0.4097732843137255 0.06290849673202614 0.07873774509803921
0 0.835171568627451 0.41651348039215685 0.068218954248366 0.06219362745098039
0 0.008986928104575163 0.514859068627451 0.015522875816993464 0.06341911764705882
0 0.03145424836601307 0.5099571078431373 0.029411764705882353 0.06341911764705882
0 0.06025326797385621 0.5171568627450981 0.024101307189542485 0.07536764705882353
0 0.08782679738562091 0.5349264705882353 0.031862745098039214 0.09129901960784313
0 0.1256127450980392 0.5249693627450981 0.020833333333333332 0.07873774509803921
0 0.8794934640522876 0.11289828431372549 0.08333333333333333 0.11488970588235294
0 0.7879901960784313 0.5376838235294118 0.05392156862745098 0.08639705882352941
0 0.7279411764705882 0.5511642156862745 0.06045751633986928 0.08394607843137254
0 0.5034722222222222 0.40732230392156865 0.056781045751633986 0.09160539215686274
0 0.6805555555555556 0.5366115196078431 0.042483660130718956 0.09957107843137254
0 0.5620915032679739 0.5373774509803921 0.0392156862745098 0.09375
0 0.4934640522875817 0.5266544117647058 0.032679738562091505 0.1053921568627451
0 0.4609885620915033 0.5287990196078431 0.03390522875816993 0.10110294117647059
0 0.4264705882352941 0.5281862745098039 0.031862745098039214 0.09987745098039216
0 0.39276960784313725 0.5234375 0.028186274509803922 0.09834558823529412
0 0.3602941176470588 0.5359987745098039 0.03676470588235294 0.10202205882352941
0 0.3206699346405229 0.5416666666666666 0.04084967320261438 0.10232843137254902
0 0.2894199346405229 0.524203431372549 0.02165032679738562 0.08700980392156862
0 0.2526552287581699 0.5430453431372549 0.04044117647058824 0.09957107843137254
0 0.22303921568627452 0.5298713235294118 0.018790849673202614 0.08363970588235294
0 0.18504901960784315 0.5546875 0.029411764705882353 0.06954656862745098
0 0.15093954248366012 0.5451899509803921 0.034722222222222224 0.09895833333333333
0 0.6019199346405228 0.5277267156862745 0.042075163398692814 0.11121323529411764
0 0.4415849673202614 0.41222426470588236 0.06862745098039216 0.08854166666666667
0 0.38031045751633985 0.43535539215686275 0.04411764705882353 0.01715686274509804
0 0.380718954248366 0.42049632352941174 0.04084967320261438 0.012561274509803922
0 0.11805555555555555 0.41681985294117646 0.02287581699346405 0.07996323529411764
0 0.08537581699346405 0.41421568627450983 0.04411764705882353 0.08517156862745098
0 0.031862745098039214 0.40808823529411764 0.04330065359477124 0.08517156862745098
0 0.9344362745098039 0.33318014705882354 0.06004901960784314 0.1559436274509804
0 0.8707107843137255 0.2633272058823529 0.0363562091503268 0.08118872549019608
0 0.8241421568627451 0.2633272058823529 0.0494281045751634 0.07935049019607843
0 0.7634803921568627 0.27098651960784315 0.06209150326797386 0.06158088235294118
0 0.698937908496732 0.2700674019607843 0.06290849673202614 0.07077205882352941
0 0.6325571895424836 0.2650122549019608 0.06658496732026144 0.07720588235294118
0 0.5622957516339869 0.2668504901960784 0.06985294117647059 0.07965686274509803
0 0.5034722222222222 0.26577818627450983 0.0494281045751634 0.08118872549019608
0 0.44485294117647056 0.26761642156862747 0.06209150326797386 0.09037990196078431
0 0.3700980392156863 0.2728247549019608 0.06944444444444445 0.08241421568627451
0 0.2994281045751634 0.2725183823529412 0.06209150326797386 0.0744485294117647
0 0.24040032679738563 0.30361519607843135 0.04616013071895425 0.012254901960784314
0 0.23794934640522875 0.2856924019607843 0.042075163398692814 0.018075980392156864
0 0.2440767973856209 0.2647058823529412 0.027369281045751634 0.013480392156862746
0 0.1823937908496732 0.27236519607843135 0.06413398692810457 0.08149509803921569
0 0.12479575163398693 0.27159926470588236 0.0494281045751634 0.08241421568627451
0 0.08129084967320262 0.27328431372549017 0.03594771241830065 0.08394607843137254
0 0.04064542483660131 0.2763480392156863 0.03799019607843137 0.07720588235294118
0 0.010620915032679739 0.2772671568627451 0.018790849673202614 0.08149509803921569
0 0.9585375816993464 0.14338235294117646 0.061683006535947715 0.10661764705882353
0 0.84375 0.5412071078431373 0.051879084967320264 0.08425245098039216
0 0.6390931372549019 0.553921568627451 0.026552287581699346 0.03676470588235294
0 0.2602124183006536 0.41452205882352944 0.04003267973856209 0.08333333333333333
0 0.3206699346405229 0.4102328431372549 0.07761437908496732 0.09313725490196079
0 0.15522875816993464 0.4185049019607843 0.04330065359477124 0.08088235294117647
0 0.9709967320261438 0.5045955882352942 0.059640522875817 0.14460784313725492
0 0.9101307189542484 0.5024509803921569 0.058823529411764705 0.15134803921568626
0 0.08598856209150327 0.664828431372549 0.042075163398692814 0.07720588235294118
0 0.730187908496732 0.8102022058823529 0.034722222222222224 0.13633578431372548
0 0.7679738562091504 0.7377450980392157 0.04084967320261438 0.013480392156862746
0 0.7691993464052288 0.7532169117647058 0.03676470588235294 0.01685049019607843
0 0.7702205882352942 0.7665441176470589 0.03880718954248366 0.011029411764705883
0 0.769812091503268 0.7792585784313726 0.03880718954248366 0.013786764705882353
0 0.7712418300653595 0.7899816176470589 0.04084967320261438 0.008272058823529412
0 0.7685866013071896 0.7999387254901961 0.044526143790849675 0.010416666666666666
0 0.7689950980392157 0.8103553921568627 0.0428921568627451 0.011029411764705883
0 0.7685866013071896 0.8235294117647058 0.04125816993464052 0.015318627450980392
0 0.39950980392156865 0.8086703431372549 0.04820261437908497 0.11060049019607843
0 0.32250816993464054 0.8180147058823529 0.051879084967320264 0.09926470588235294
0 0.1983251633986928 0.7689950980392157 0.06331699346405228 0.08333333333333333
0 0.12234477124183006 0.7679227941176471 0.06004901960784314 0.08425245098039216
0 0.03799019607843137 0.7668504901960784 0.06862745098039216 0.07659313725490197
0 0.1875 0.8426776960784313 0.06454248366013073 0.05361519607843137
0 0.4812091503267974 0.10646446078431372 0.05800653594771242 0.13756127450980393
0 0.33905228758169936 0.1133578431372549 0.16094771241830066 0.13848039215686275
0 0.2232434640522876 0.14200367647058823 0.0428921568627451 0.08854166666666667
0 0.1701388888888889 0.1409313725490196 0.056781045751633986 0.09375
0 0.09375 0.13020833333333334 0.08047385620915033 0.11764705882352941
0 0.10437091503267974 0.8463541666666666 0.07883986928104575 0.05545343137254902
0 0.2638888888888889 0.7651654411764706 0.05392156862745098 0.08854166666666667
0 0.9125816993464052 0.7942708333333334 0.06290849673202614 0.1014093137254902
0 0.8110702614379085 0.1208639705882353 0.046977124183006536 0.09650735294117647
0 0.7428513071895425 0.12208946078431372 0.06413398692810457 0.11121323529411764
0 0.6397058823529411 0.11473651960784313 0.12826797385620914 0.12408088235294118
0 0.5402369281045751 0.10891544117647059 0.05269607843137255 0.13756127450980393
0 0.03615196078431373 0.6608455882352942 0.04534313725490196 0.08026960784313726
0 0.6842320261437909 0.8072916666666666 0.049836601307189546 0.00980392156862745
0 0.6842320261437909 0.8347120098039216 0.04003267973856209 0.015012254901960785
0 0.838031045751634 0.6688112745098039 0.05759803921568627 0.05392156862745098
0 0.1409313725490196 0.6663602941176471 0.05473856209150327 0.08088235294117647
0 0.20526960784313725 0.6698835784313726 0.046977124183006536 0.08057598039215687
0 0.2551062091503268 0.6715686274509803 0.05269607843137255 0.07475490196078431
0 0.2963643790849673 0.6799938725490197 0.02900326797385621 0.05606617647058824
0 0.3464052287581699 0.6691176470588235 0.05555555555555555 0.07659313725490197
0 0.4526143790849673 0.6663602941176471 0.05392156862745098 0.08088235294117647
0 0.5071486928104575 0.6668198529411765 0.056781045751633986 0.08057598039215687
0 0.5547385620915033 0.6541053921568627 0.027777777777777776 0.07169117647058823
0 0.610702614379085 0.6605392156862745 0.06699346405228758 0.10232843137254902
0 0.670751633986928 0.6815257352941176 0.04656862745098039 0.05667892156862745
0 0.7261029411764706 0.6675857843137255 0.060866013071895424 0.06372549019607843
0 0.7816584967320261 0.6616115196078431 0.04779411764705882 0.06403186274509803
0 0.6832107843137255 0.7921262254901961 0.05841503267973856 0.017463235294117647
0 0.9375 0.6744791666666666 0.059640522875817 0.047487745098039214
0 0.19791666666666666 0.4174325980392157 0.03553921568627451 0.08363970588235294
0 0.8860294117647058 0.6608455882352942 0.04003267973856209 0.05024509803921569
0 0.684640522875817 0.7673100490196079 0.05065359477124183 0.012561274509803922
0 0.6848447712418301 0.7510723039215687 0.068218954248366 0.018075980392156864
0 0.8396650326797386 0.8023897058823529 0.07720588235294118 0.15318627450980393
0 0.6207107843137255 0.8287377450980392 0.06004901960784314 0.015318627450980392
0 0.9411764705882353 0.7166053921568627 0.06699346405228758 0.02389705882352941
0 0.5516748366013072 0.8340992647058824 0.05841503267973856 0.021139705882352942
0 0.6190767973856209 0.8105085784313726 0.06004901960784314 0.019301470588235295
0 0.46486928104575165 0.8065257352941176 0.06209150326797386 0.021139705882352942
0 0.4889705882352941 0.7614889705882353 0.06699346405228758 0.018688725490196078
0 0.5492238562091504 0.7863051470588235 0.060866013071895424 0.018075980392156864
