0 0.294140625 0.4544270833333333 0.040625 0.09114583333333333
0 0.23984375 0.446875 0.04765625 0.09375
0 0.978515625 0.6244791666666667 0.04296875 0.026041666666666668
0 0.1453125 0.4440104166666667 0.04453125 0.10260416666666666
0 0.984765625 0.5924479166666666 0.03046875 0.03697916666666667
0 0.9306640625 0.62265625 0.046484375 0.024479166666666666
0 0.937109375 0.5825520833333333 0.05625 0.034895833333333334
0 0.884375 0.5924479166666666 0.0359375 0.09427083333333333
0 0.341796875 0.45390625 0.0421875 0.0859375
0 0.1931640625 0.44765625 0.039453125 0.0953125
0 0.83203125 0.6190104166666667 0.05546875 0.0296875
0 0.1025390625 0.4197916666666667 0.020703125 0.08541666666666667
0 0.4318359375 0.4583333333333333 0.030859375 0.078125
0 0.96875 0.32369791666666664 0.02890625 0.07760416666666667
0 0.1205078125 0.12708333333333333 0.047265625 0.10729166666666666
0 0.169140625 0.12630208333333334 0.0421875 0.10885416666666667
0 0.2216796875 0.12682291666666667 0.045703125 0.1328125
0 0.270703125 0.12265625 0.04765625 0.12864583333333332
0 0.32421875 0.12552083333333333 0.05546875 0.13541666666666666
0 0.378125 0.128125 0.04453125 0.12395833333333334
0 0.42578125 0.14817708333333332 0.04375 0.09114583333333333
0 0.475390625 0.13385416666666666 0.03984375 0.11041666666666666
0 0.5267578125 0.13776041666666666 0.050390625 0.12135416666666667
0 0.573828125 0.14322916666666666 0.04140625 0.11145833333333334
0 0.6212890625 0.14296875 0.044140625 0.11927083333333334
0 0.6658203125 0.16458333333333333 0.039453125 0.078125
0 0.7041015625 0.16276041666666666 0.034765625 0.08697916666666666
0 0.7388671875 0.16302083333333334 0.031640625 0.08645833333333333
0 0.773046875 0.16380208333333332 0.028125 0.08385416666666666
0 0.809765625 0.16666666666666666 0.03671875 0.07916666666666666
0 0.8462890625 0.16822916666666668 0.030078125 0.08333333333333333
0 0.88359375 0.16692708333333334 0.0375 0.09010416666666667
0 0.9208984375 0.16927083333333334 0.030859375 0.090625
0 0.975 0.14427083333333332 0.0484375 0.04895833333333333
0 0.9705078125 0.19453125 0.058203125 0.027604166666666666
0 0.0228515625 0.07005208333333333 0.044921875 0.0890625
0 0.92109375 0.346875 0.06015625 0.029166666666666667
0 0.855078125 0.309375 0.065625 0.109375
0 0.78671875 0.34765625 0.0640625 0.0296875
0 0.721484375 0.3463541666666667 0.0546875 0.030208333333333334
0 0.46953125 0.44947916666666665 0.03515625 0.09375
0 0.5103515625 0.45078125 0.037890625 0.1015625
0 0.5546875 0.44869791666666664 0.04296875 0.09739583333333333
0 0.780078125 0.5690104166666666 0.0640625 0.0484375
0 0.596484375 0.4510416666666667 0.0328125 0.10208333333333333
0 0.6384765625 0.45208333333333334 0.037109375 0.096875
0 0.6849609375 0.45416666666666666 0.047265625 0.09375
0 0.7314453125 0.4546875 0.038671875 0.09270833333333334
0 0.776171875 0.45729166666666665 0.04140625 0.090625
0 0.823046875 0.45703125 0.04140625 0.0921875
0 0.1126953125 0.23671875 0.037109375 0.0421875
0 0.3875 0.45546875 0.03984375 0.08177083333333333
0 0.11796875 0.30026041666666664 0.04765625 0.04114583333333333
0 0.17578125 0.29270833333333335 0.0421875 0.12083333333333333
0 0.2267578125 0.28932291666666665 0.048828125 0.11822916666666666
0 0.27578125 0.2916666666666667 0.04375 0.11354166666666667
0 0.3265625 0.29375 0.04765625 0.115625
0 0.3751953125 0.29609375 0.038671875 0.1109375
0 0.4228515625 0.30078125 0.047265625 0.1171875
0 0.46875 0.30390625 0.0375 0.10572916666666667
0 0.5115234375 0.30546875 0.042578125 0.1046875
0 0.554296875 0.30625 0.0390625 0.11041666666666666
0 0.5986328125 0.30885416666666665 0.044140625 0.109375
0 0.656640625 0.3463541666666667 0.06796875 0.030208333333333334
0 0.132421875 0.3489583333333333 0.0296875 0.0375
0 0.76875 0.6182291666666667 0.0609375 0.03125
0 0.387890625 0.5809895833333333 0.0421875 0.09114583333333333
0 0.708203125 0.5692708333333333 0.059375 0.0375
0 0.76015625 0.884375 0.04921875 0.04583333333333333
0 0.7552734375 0.9239583333333333 0.050390625 0.023958333333333335
0 0.8169921875 0.8893229166666666 0.048828125 0.033854166666666664
0 0.812890625 0.9221354166666667 0.053125 0.025520833333333333
0 0.862109375 0.8908854166666667 0.03046875 0.07864583333333333
0 0.887890625 0.8919270833333334 0.01953125 0.08697916666666666
0 0.920703125 0.9026041666666667 0.02890625 0.075
0 0.9595703125 0.9018229166666667 0.044921875 0.07552083333333333
0 0.7080078125 0.8815104166666666 0.035546875 0.10677083333333333
0 0.1765625 0.715625 0.04375 0.10625
0 0.2626953125 0.7151041666666667 0.041015625 0.09479166666666666
0 0.306640625 0.7114583333333333 0.03828125 0.10520833333333333
0 0.3478515625 0.71875 0.033984375 0.1
0 0.3861328125 0.72265625 0.038671875 0.0921875
0 0.425 0.72109375 0.02734375 0.08802083333333334
0 0.467578125 0.7153645833333333 0.04453125 0.1015625
0 0.516796875 0.7171875 0.0375 0.09479166666666666
0 0.5681640625 0.72734375 0.030078125 0.08072916666666667
0 0.219140625 0.7177083333333333 0.03359375 0.10208333333333333
0 0.617578125 0.7390625 0.05703125 0.05625
0 0.6701171875 0.8783854166666667 0.031640625 0.10885416666666667
0 0.59296875 0.8864583333333333 0.03984375 0.10833333333333334
0 0.0943359375 0.5223958333333333 0.034765625 0.1
0 0.1025390625 0.6572916666666667 0.064453125 0.11666666666666667
0 0.0244140625 0.6833333333333333 0.033984375 0.0875
0 0.0181640625 0.5645833333333333 0.036328125 0.10729166666666666
0 0.0236328125 0.90703125 0.029296875 0.0890625
0 0.053515625 0.9041666666666667 0.02578125 0.09270833333333334
0 0.085546875 0.90859375 0.028125 0.08697916666666666
0 0.1271484375 0.9018229166666667 0.044921875 0.10260416666666666
0 0.6337890625 0.8783854166666667 0.034765625 0.11510416666666666
0 0.17578125 0.8932291666666666 0.040625 0.1
0 0.2666015625 0.8799479166666667 0.037890625 0.11197916666666667
0 0.307421875 0.8997395833333334 0.02734375 0.07760416666666667
0 0.34453125 0.9018229166666667 0.0328125 0.0828125
0 0.38046875 0.8986979166666667 0.0328125 0.08177083333333333
0 0.4263671875 0.8830729166666667 0.032421875 0.1078125
0 0.4646484375 0.8799479166666667 0.034765625 0.10989583333333333
0 0.5103515625 0.8791666666666667 0.037890625 0.10520833333333333
0 0.5517578125 0.8841145833333334 0.038671875 0.1015625
0 0.2216796875 0.8822916666666667 0.045703125 0.1125
0 0.701953125 0.61484375 0.06328125 0.03697916666666667
0 0.8857421875 0.4700520833333333 0.067578125 0.0796875
0 0.9515625 0.4674479166666667 0.06328125 0.07760416666666667
0 0.674609375 0.7528645833333333 0.05546875 0.0296875
0 0.7193359375 0.72265625 0.032421875 0.08489583333333334
0 0.7677734375 0.7291666666666666 0.051953125 0.078125
0 0.06171875 0.3 0.01875 0.11041666666666666
0 0.0208984375 0.3734375 0.041796875 0.240625
0 0.82578125 0.7197916666666667 0.05546875 0.090625
0 0.884765625 0.73046875 0.05625 0.07552083333333333
0 0.951171875 0.71640625 0.05 0.03177083333333333
0 0.990234375 0.7260416666666667 0.01953125 0.08541666666666667
0 0.1625 0.57890625 0.04296875 0.09947916666666666
0 0.9478515625 0.753125 0.059765625 0.029166666666666667
0 0.2529296875 0.5822916666666667 0.041015625 0.096875
0 0.6474609375 0.5861979166666667 0.038671875 0.09010416666666667
0 0.6064453125 0.5893229166666667 0.036328125 0.0890625
0 0.569140625 0.5828125 0.0359375 0.09479166666666666
0 0.2080078125 0.5809895833333333 0.038671875 0.09114583333333333
0 0.481640625 0.58515625 0.05078125 0.09322916666666667
0 0.5291015625 0.5846354166666666 0.037109375 0.0921875
0 0.4296875 0.58125 0.03515625 0.090625
0 0.0716796875 0.3919270833333333 0.023828125 0.06197916666666667
0 0.3408203125 0.5841145833333333 0.037890625 0.09114583333333333
0 0.2978515625 0.5825520833333333 0.039453125 0.08802083333333334
