0 0.5953125 0.4240234375 0.08541666666666667 0.071484375
0 0.7518229166666667 0.428515625 0.11302083333333333 0.07421875
0 0.9010416666666666 0.449609375 0.04479166666666667 0.0796875
0 0.95546875 0.4501953125 0.0515625 0.080859375
0 0.9315104166666667 0.6068359375 0.044270833333333336 0.033203125
0 0.98203125 0.591796875 0.0359375 0.0703125
0 0.8755208333333333 0.579296875 0.046875 0.0671875
0 0.8213541666666667 0.5541015625 0.040625 0.114453125
0 0.7703125 0.553515625 0.040625 0.11328125
0 0.7330729166666666 0.5564453125 0.022395833333333334 0.112890625
0 0.6864583333333333 0.5576171875 0.052083333333333336 0.112109375
0 0.63828125 0.5443359375 0.0328125 0.109765625
0 0.58203125 0.5912109375 0.0671875 0.044921875
0 0.5135416666666667 0.5421875 0.06875 0.05078125
0 0.34817708333333336 0.4216796875 0.05260416666666667 0.060546875
0 0.5072916666666667 0.4158203125 0.06458333333333334 0.082421875
0 0.18854166666666666 0.4232421875 0.06770833333333333 0.063671875
0 0.271875 0.4283203125 0.09166666666666666 0.064453125
0 0.31223958333333335 0.2416015625 0.06197916666666667 0.039453125
0 0.23802083333333332 0.2384765625 0.05625 0.036328125
0 0.4197916666666667 0.2587890625 0.036458333333333336 0.034765625
0 0.39453125 0.2912109375 0.043229166666666666 0.023046875
0 0.37109375 0.2583984375 0.03697916666666667 0.027734375
0 0.14765625 0.2314453125 0.04635416666666667 0.034765625
0 0.2125 0.2796875 0.05416666666666667 0.03359375
0 0.28125 0.2818359375 0.06458333333333334 0.031640625
0 0.34661458333333334 0.28828125 0.0453125 0.02578125
0 0.16796875 0.3189453125 0.0671875 0.035546875
0 0.24140625 0.3212890625 0.07135416666666666 0.030859375
0 0.31640625 0.32109375 0.0703125 0.03671875
0 0.50859375 0.5900390625 0.07135416666666666 0.042578125
0 0.4197916666666667 0.3244140625 0.03229166666666667 0.027734375
0 0.5109375 0.3287109375 0.1375 0.030859375
0 0.41822916666666665 0.4115234375 0.065625 0.073828125
0 0.43203125 0.5431640625 0.0734375 0.046484375
0 0.5911458333333334 0.6927734375 0.06145833333333333 0.122265625
0 0.19453125 0.5517578125 0.04635416666666667 0.121484375
0 0.13854166666666667 0.5744140625 0.053125 0.066015625
0 0.15260416666666668 0.729296875 0.040625 0.0484375
0 0.023177083333333334 0.7337890625 0.033854166666666664 0.051953125
0 0.09765625 0.727734375 0.03177083333333333 0.03984375
0 0.12213541666666666 0.66171875 0.08072916666666667 0.06015625
0 0.023697916666666666 0.6638671875 0.030729166666666665 0.046484375
0 0.17265625 0.8046875 0.019270833333333334 0.05
0 0.13854166666666667 0.807421875 0.0125 0.04609375
0 0.11588541666666667 0.7990234375 0.019270833333333334 0.044140625
0 0.07083333333333333 0.800390625 0.03125 0.053125
0 0.030729166666666665 0.7994140625 0.025 0.036328125
0 0.25546875 0.8296875 0.11927083333333334 0.10859375
0 0.37734375 0.8263671875 0.1109375 0.105078125
0 0.49583333333333335 0.8287109375 0.11041666666666666 0.101171875
0 0.5760416666666667 0.831640625 0.042708333333333334 0.08828125
0 0.6447916666666667 0.8400390625 0.08229166666666667 0.071484375
0 0.7088541666666667 0.817578125 0.035416666666666666 0.084375
0 0.7583333333333333 0.8095703125 0.053125 0.065234375
0 0.8302083333333333 0.82578125 0.04583333333333333 0.09765625
0 0.23880208333333333 0.5521484375 0.0328125 0.119921875
0 0.27838541666666666 0.551953125 0.043229166666666666 0.11953125
0 0.32734375 0.5552734375 0.043229166666666666 0.116796875
0 0.37213541666666666 0.5533203125 0.034895833333333334 0.119140625
0 0.21145833333333333 0.6962890625 0.06458333333333334 0.123828125
0 0.28359375 0.694921875 0.06927083333333334 0.1296875
0 0.3546875 0.6951171875 0.06145833333333333 0.130078125
0 0.43463541666666666 0.5912109375 0.0703125 0.044921875
0 0.4393229166666667 0.6951171875 0.09947916666666666 0.126953125
0 0.9666666666666667 0.716015625 0.05 0.07421875
0 0.9096354166666667 0.7197265625 0.04635416666666667 0.072265625
0 0.8505208333333333 0.7203125 0.05416666666666667 0.0734375
0 0.7825520833333334 0.678125 0.04010416666666667 0.08984375
0 0.725 0.695703125 0.059375 0.125
0 0.6591145833333333 0.696484375 0.06197916666666667 0.12421875
0 0.9361979166666666 0.818359375 0.06197916666666667 0.0890625
0 0.5247395833333334 0.6841796875 0.058854166666666666 0.108203125
0 0.37578125 0.3275390625 0.03802083333333333 0.025390625
0 0.5846354166666666 0.5439453125 0.06822916666666666 0.048046875
0 0.27395833333333336 0.1654296875 0.075 0.049609375
0 0.6369791666666667 0.2962890625 0.128125 0.020703125
0 0.6549479166666666 0.2626953125 0.13177083333333334 0.036328125
0 0.75625 0.3298828125 0.08125 0.023828125
0 0.7557291666666667 0.296875 0.08854166666666667 0.028125
0 0.7700520833333333 0.2640625 0.0765625 0.0265625
0 0.8440104166666667 0.3302734375 0.0859375 0.027734375
0 0.8484375 0.3001953125 0.078125 0.025390625
0 0.8578125 0.2666015625 0.07291666666666667 0.028515625
0 0.8645833333333334 0.23203125 0.08645833333333333 0.0328125
0 0.9213541666666667 0.300390625 0.04479166666666667 0.08671875
0 0.975 0.3119140625 0.05 0.064453125
0 0.6466145833333333 0.326953125 0.1234375 0.0296875
0 0.9463541666666667 0.1455078125 0.04583333333333333 0.094921875
0 0.7997395833333333 0.1666015625 0.17239583333333333 0.039453125
0 0.56875 0.1703125 0.17083333333333334 0.040625
0 0.5565104166666667 0.1267578125 0.1546875 0.039453125
0 0.5768229166666666 0.0763671875 0.17864583333333334 0.055078125
0 0.17265625 0.1640625 0.07239583333333334 0.05
0 0.3575520833333333 0.165625 0.07135416666666666 0.046875
0 0.44192708333333336 0.1654296875 0.07239583333333334 0.049609375
0 0.43828125 0.1091796875 0.07760416666666667 0.053515625
0 0.35390625 0.1103515625 0.0796875 0.055859375
0 0.265625 0.1091796875 0.08229166666666667 0.053515625
0 0.16770833333333332 0.1060546875 0.08229166666666667 0.055859375
0 0.7924479166666667 0.1029296875 0.2234375 0.071484375
0 0.49140625 0.295703125 0.1390625 0.02578125
0 0.515625 0.2599609375 0.134375 0.037109375
0 0.06380208333333333 0.508984375 0.033854166666666664 0.0546875
0 0.017447916666666667 0.203125 0.034895833333333334 0.08515625
0 0.02421875 0.5119140625 0.03177083333333333 0.057421875
0 0.08645833333333333 0.5810546875 0.026041666666666668 0.055078125
0 0.0171875 0.583984375 0.034375 0.0640625
0 0.11666666666666667 0.4037109375 0.03333333333333333 0.091796875
0 0.06796875 0.2595703125 0.03802083333333333 0.097265625
0 0.1 0.5072265625 0.03333333333333333 0.054296875
0 0.14088541666666668 0.501171875 0.03697916666666667 0.0515625
