0 0.22549019607843138 0.23835784313725492 0.04738562091503268 0.09129901960784313
0 0.3545751633986928 0.24126838235294118 0.03676470588235294 0.09099264705882353
0 0.4199346405228758 0.24448529411764705 0.028594771241830064 0.0974264705882353
0 0.3888888888888889 0.24096200980392157 0.031862745098039214 0.0897671568627451
0 0.4456699346405229 0.24754901960784315 0.02287581699346405 0.0857843137254902
0 0.011233660130718954 0.7385110294117647 0.02246732026143791 0.0701593137254902
0 0.215890522875817 0.6928615196078431 0.024101307189542485 0.06158088235294118
0 0.06352124183006536 0.7276348039215687 0.02900326797385621 0.06372549019607843
0 0.042075163398692814 0.6204044117647058 0.02696078431372549 0.0741421568627451
0 0.013480392156862746 0.6246936274509803 0.02696078431372549 0.0661764705882353
0 0.3374183006535948 0.6596200980392157 0.017973856209150325 0.056372549019607844
0 0.3196486928104575 0.6657475490196079 0.01511437908496732 0.06311274509803921
0 0.3035130718954248 0.6689644607843137 0.0196078431372549 0.05667892156862745
0 0.2839052287581699 0.6758578431372549 0.021241830065359478 0.06433823529411764
0 0.034109477124183 0.7360600490196079 0.023284313725490197 0.07506127450980392
0 0.2638888888888889 0.6812193627450981 0.017973856209150325 0.05361519607843137
0 0.29125816993464054 0.2421875 0.04003267973856209 0.09283088235294118
0 0.19117647058823528 0.6997549019607843 0.02369281045751634 0.06862745098039216
0 0.16584967320261437 0.703125 0.026143790849673203 0.06066176470588235
0 0.13602941176470587 0.7121629901960784 0.02369281045751634 0.07138480392156862
0 0.11090686274509803 0.7169117647058824 0.02165032679738562 0.06372549019607843
0 0.08782679738562091 0.7215073529411765 0.02042483660130719 0.07352941176470588
0 0.24101307189542484 0.6893382352941176 0.025326797385620915 0.06495098039215687
0 0.16687091503267973 0.23253676470588236 0.044526143790849675 0.09436274509803921
0 0.08823529411764706 0.4296875 0.029411764705882353 0.05177696078431373
0 0.058823529411764705 0.4299938725490196 0.031862745098039214 0.05422794117647059
0 0.12071078431372549 0.23085171568627452 0.0494281045751634 0.0977328431372549
0 0.029411764705882353 0.43183210784313725 0.026143790849673203 0.053002450980392156
0 0.3574346405228758 0.4227941176470588 0.0661764705882353 0.05330882352941176
0 0.3020833333333333 0.49525122549019607 0.02900326797385621 0.06770833333333333
0 0.27655228758169936 0.49800857843137253 0.018790849673202614 0.060355392156862746
0 0.2577614379084967 0.5 0.022058823529411766 0.061274509803921566
0 0.2312091503267974 0.5006127450980392 0.022058823529411766 0.0625
0 0.20669934640522875 0.5036764705882353 0.026143790849673203 0.06924019607843138
0 0.18341503267973855 0.507046568627451 0.02042483660130719 0.06311274509803921
0 0.1198937908496732 0.6052389705882353 0.03145424836601307 0.06341911764705882
0 0.15951797385620914 0.5121017156862745 0.0298202614379085 0.07077205882352941
0 0.10273692810457516 0.5137867647058824 0.025735294117647058 0.07352941176470588
0 0.07720588235294118 0.5180759803921569 0.02369281045751634 0.06985294117647059
0 0.04840686274509804 0.5208333333333334 0.03145424836601307 0.07475490196078431
0 0.018790849673202614 0.5232843137254902 0.029411764705882353 0.06801470588235294
0 0.284109477124183 0.5634191176470589 0.017565359477124183 0.05024509803921569
0 0.2638888888888889 0.5664828431372549 0.017973856209150325 0.05024509803921569
0 0.2448937908496732 0.5758272058823529 0.020833333333333332 0.06525735294117647
0 0.221609477124183 0.5787377450980392 0.023284313725490197 0.056372549019607844
0 0.2005718954248366 0.5988051470588235 0.017973856209150325 0.06525735294117647
0 0.12806372549019607 0.5114889705882353 0.028186274509803922 0.06893382352941177
0 0.17279411764705882 0.6000306372549019 0.027777777777777776 0.06219362745098039
0 0.09313725490196079 0.6113664215686274 0.02287581699346405 0.07383578431372549
0 0.1454248366013072 0.42325367647058826 0.026143790849673203 0.05116421568627451
0 0.07455065359477124 0.23161764705882354 0.0428921568627451 0.09620098039215687
0 0.06801470588235294 0.6141237745098039 0.025735294117647058 0.06587009803921569
0 0.025531045751633986 0.22579656862745098 0.05106209150326797 0.1090686274509804
0 0.32883986928104575 0.3402267156862745 0.01715686274509804 0.047487745098039214
0 0.3102532679738562 0.3414522058823529 0.020833333333333332 0.048100490196078434
0 0.286968954248366 0.3400735294117647 0.01919934640522876 0.05024509803921569
0 0.2624591503267974 0.34298406862745096 0.027369281045751634 0.05116421568627451
0 0.23794934640522875 0.3428308823529412 0.023284313725490197 0.04963235294117647
0 0.2152777777777778 0.3446691176470588 0.02287581699346405 0.04779411764705882
0 0.11866830065359477 0.4258578431372549 0.02900326797385621 0.056372549019607844
0 0.18913398692810457 0.34191176470588236 0.02369281045751634 0.05392156862745098
0 0.13623366013071894 0.34206495098039214 0.028186274509803922 0.05422794117647059
0 0.10866013071895425 0.34451593137254904 0.025326797385620915 0.057291666666666664
0 0.08272058823529412 0.34375 0.026552287581699346 0.06372549019607843
0 0.051266339869281044 0.3431372549019608 0.02900326797385621 0.06311274509803921
0 0.02022058823529412 0.3443627450980392 0.03227124183006536 0.058823529411764705
0 0.27450980392156865 0.4108455882352941 0.04330065359477124 0.05698529411764706
0 0.2312091503267974 0.4146752450980392 0.042483660130718956 0.0664828431372549
0 0.19648692810457516 0.421875 0.022058823529411766 0.0545343137254902
0 0.17279411764705882 0.4209558823529412 0.027777777777777776 0.05392156862745098
0 0.16401143790849673 0.34175857843137253 0.026552287581699346 0.05361519607843137
0 0.14910130718954248 0.6043198529411765 0.025326797385620915 0.0664828431372549
