0 0.36560457516339867 0.0859375 0.0784313725490196 0.1210171568627451
0 0.2945261437908497 0.08333333333333333 0.061274509803921566 0.12683823529411764
0 0.5802696078431373 0.09283088235294118 0.03308823529411765 0.11519607843137254
0 0.516952614379085 0.09099264705882353 0.0755718954248366 0.11764705882352941
0 0.6188725490196079 0.09267769607843138 0.03839869281045752 0.11672794117647059
0 0.6582924836601307 0.09252450980392157 0.0363562091503268 0.11458333333333333
0 0.6962826797385621 0.09528186274509803 0.037173202614379085 0.10661764705882353
0 0.7299836601307189 0.09681372549019608 0.02696078431372549 0.11151960784313726
0 0.7616421568627451 0.10018382352941177 0.03390522875816993 0.10416666666666667
0 0.7953431372549019 0.1012561274509804 0.032679738562091505 0.10876225490196079
0 0.8327205882352942 0.12147671568627451 0.042075163398692814 0.06832107843137254
0 0.8886846405228758 0.1170343137254902 0.03799019607843137 0.0821078431372549
0 0.9274918300653595 0.12208946078431372 0.04044117647058824 0.07199754901960784
0 0.9707924836601307 0.11994485294117647 0.04616013071895425 0.07138480392156862
0 0.07209967320261437 0.2778799019607843 0.09109477124183006 0.08517156862745098
0 0.2361111111111111 0.23697916666666666 0.05392156862745098 0.12040441176470588
0 0.29677287581699346 0.23345588235294118 0.046977124183006536 0.12316176470588236
0 0.445874183006536 0.08716299019607843 0.06740196078431372 0.11795343137254902
0 0.16380718954248366 0.28201593137254904 0.07434640522875817 0.0860906862745098
0 0.29901960784313725 0.37285539215686275 0.0392156862745098 0.0741421568627451
0 0.4021650326797386 0.23514093137254902 0.04861111111111111 0.1246936274509804
0 0.5526960784313726 0.7097120098039216 0.03758169934640523 0.10814950980392157
0 0.5073529411764706 0.7055759803921569 0.04656862745098039 0.12254901960784313
0 0.4605800653594771 0.7058823529411765 0.037173202614379085 0.1213235294117647
0 0.41748366013071897 0.7072610294117647 0.04820261437908497 0.12408088235294118
0 0.3698937908496732 0.7086397058823529 0.04370915032679738 0.12438725490196079
0 0.3214869281045752 0.7069546568627451 0.05310457516339869 0.11979166666666667
0 0.2724673202614379 0.7071078431372549 0.04493464052287582 0.1213235294117647
0 0.21446078431372548 0.7052696078431373 0.051470588235294115 0.1213235294117647
0 0.16441993464052287 0.7222732843137255 0.04125816993464052 0.08854166666666667
0 0.08496732026143791 0.7236519607843137 0.04493464052287582 0.08884803921568628
0 0.03104575163398693 0.7320772058823529 0.05555555555555555 0.07322303921568628
0 0.977328431372549 0.5957414215686274 0.037173202614379085 0.07199754901960784
0 0.9389297385620915 0.5952818627450981 0.03880718954248366 0.06924019607843138
0 0.8782679738562091 0.5969669117647058 0.07679738562091504 0.06954656862745098
0 0.809640522875817 0.6084558823529411 0.0457516339869281 0.04779411764705882
0 0.7522467320261438 0.5948223039215687 0.0494281045751634 0.07751225490196079
0 0.6968954248366013 0.5916053921568627 0.04493464052287582 0.06985294117647059
0 0.6452205882352942 0.5969669117647058 0.044526143790849675 0.06770833333333333
0 0.5974264705882353 0.5962009803921569 0.04534313725490196 0.07230392156862746
0 0.5445261437908496 0.5955882352941176 0.058823529411764705 0.0741421568627451
0 0.4883578431372549 0.5939031862745098 0.0559640522875817 0.06954656862745098
0 0.4409722222222222 0.5891544117647058 0.03553921568627451 0.0778186274509804
0 0.40665849673202614 0.5888480392156863 0.03227124183006536 0.0778186274509804
0 0.6035539215686274 0.7081801470588235 0.05514705882352941 0.10324754901960784
0 0.6552287581699346 0.7087928921568627 0.0392156862745098 0.11795343137254902
0 0.7007761437908496 0.7103247549019608 0.05269607843137255 0.11550245098039216
0 0.7475490196078431 0.7080269607843137 0.04003267973856209 0.11397058823529412
0 0.1380718954248366 0.10324754901960784 0.06045751633986928 0.08946078431372549
0 0.044526143790849675 0.13587622549019607 0.08251633986928104 0.02849264705882353
0 0.9840686274509803 0.8440563725490197 0.035130718954248366 0.12683823529411764
0 0.9436274509803921 0.8567708333333334 0.04493464052287582 0.10202205882352941
0 0.8946078431372549 0.8494178921568627 0.03104575163398693 0.11795343137254902
0 0.8549836601307189 0.8518688725490197 0.042483660130718956 0.12040441176470588
0 0.8104575163398693 0.8518688725490197 0.04738562091503268 0.12040441176470588
0 0.7636846405228758 0.8538602941176471 0.044526143790849675 0.12622549019607843
0 0.715890522875817 0.8590686274509803 0.054330065359477125 0.12316176470588236
0 0.6497140522875817 0.8583026960784313 0.07230392156862746 0.1173406862745098
0 0.5751633986928104 0.8628982843137255 0.0727124183006536 0.11243872549019608
0 0.3729575163398693 0.5755208333333334 0.03676470588235294 0.10631127450980392
0 0.494281045751634 0.8662683823529411 0.07352941176470588 0.1173406862745098
0 0.37254901960784315 0.8616727941176471 0.061274509803921566 0.12224264705882353
0 0.31229575163398693 0.8619791666666666 0.05923202614379085 0.12224264705882353
0 0.25040849673202614 0.8655024509803921 0.04820261437908497 0.1096813725490196
0 0.1934232026143791 0.8555453431372549 0.06495098039215687 0.1326593137254902
0 0.12867647058823528 0.8527879901960784 0.051470588235294115 0.13020833333333334
0 0.061070261437908495 0.8651960784313726 0.06004901960784314 0.13541666666666666
0 0.018586601307189542 0.8468137254901961 0.028186274509803922 0.12009803921568628
0 0.9579248366013072 0.7233455882352942 0.061274509803921566 0.06985294117647059
0 0.8991013071895425 0.7075674019607843 0.05555555555555555 0.10263480392156862
0 0.8508986928104575 0.7060355392156863 0.04084967320261438 0.11243872549019608
0 0.8002450980392157 0.7071078431372549 0.05800653594771242 0.11274509803921569
0 0.4309640522875817 0.8628982843137255 0.05310457516339869 0.12837009803921567
0 0.3472222222222222 0.23560049019607843 0.04820261437908497 0.12683823529411764
0 0.34191176470588236 0.5755208333333334 0.025326797385620915 0.10447303921568628
0 0.2622549019607843 0.5727634803921569 0.06535947712418301 0.11672794117647059
0 0.7800245098039216 0.37683823529411764 0.04534313725490196 0.06495098039215687
0 0.7344771241830066 0.37775735294117646 0.04493464052287582 0.06678921568627451
0 0.6895424836601307 0.37775735294117646 0.0392156862745098 0.06678921568627451
0 0.647671568627451 0.37714460784313725 0.0428921568627451 0.06556372549019608
0 0.6006944444444444 0.3756127450980392 0.0494281045751634 0.06740196078431372
0 0.5488153594771242 0.37775735294117646 0.04861111111111111 0.07107843137254902
0 0.4852941176470588 0.3746936274509804 0.06781045751633986 0.08455882352941177
0 0.41217320261437906 0.3704044117647059 0.0718954248366013 0.08149509803921569
0 0.3474264705882353 0.37254901960784315 0.04861111111111111 0.07291666666666667
0 0.24754901960784315 0.37515318627450983 0.0457516339869281 0.07138480392156862
0 0.16830065359477125 0.3993566176470588 0.08333333333333333 0.08425245098039216
0 0.08455882352941177 0.3984375 0.08169934640522876 0.07996323529411764
0 0.016544117647058824 0.40318627450980393 0.03308823529411765 0.07965686274509803
0 0.9848856209150327 0.2613357843137255 0.03104575163398693 0.08026960784313726
0 0.9146241830065359 0.2533700980392157 0.1053921568627451 0.0974264705882353
0 0.8433415032679739 0.26485906862745096 0.03799019607843137 0.07077205882352941
0 0.7984068627450981 0.26348039215686275 0.05106209150326797 0.06801470588235294
0 0.7481617647058824 0.26485906862745096 0.05024509803921569 0.06341911764705882
0 0.7026143790849673 0.2691482843137255 0.03104575163398693 0.05667892156862745
0 0.6658496732026143 0.2647058823529412 0.042483660130718956 0.06556372549019608
0 0.5917075163398693 0.2619485294117647 0.04044117647058824 0.07169117647058823
0 0.516952614379085 0.23743872549019607 0.0625 0.11764705882352941
0 0.4564950980392157 0.23651960784313725 0.05759803921568627 0.12438725490196079
0 0.8304738562091504 0.3737745098039216 0.05555555555555555 0.07230392156862746
0 0.9213643790849673 0.38174019607843135 0.07883986928104575 0.051470588235294115
0 0.01838235294117647 0.5081188725490197 0.03349673202614379 0.0701593137254902
0 0.0778186274509804 0.5150122549019608 0.07720588235294118 0.07904411764705882
0 0.18913398692810457 0.6128982843137255 0.05065359477124183 0.048100490196078434
0 0.13174019607843138 0.6075367647058824 0.04779411764705882 0.05821078431372549
0 0.07965686274509803 0.6058517156862745 0.056372549019607844 0.05545343137254902
0 0.025939542483660132 0.6030943627450981 0.04861111111111111 0.06096813725490196
0 0.9936683006535948 0.484375 0.013480392156862746 0.03676470588235294
0 0.9624183006535948 0.4759497549019608 0.04820261437908497 0.053002450980392156
0 0.9227941176470589 0.4811580882352941 0.03104575163398693 0.04442401960784314
0 0.8676470588235294 0.4644607843137255 0.06781045751633986 0.06924019607843138
0 0.8020833333333334 0.4653799019607843 0.05841503267973856 0.06924019607843138
0 0.7559232026143791 0.48131127450980393 0.025735294117647058 0.044730392156862746
0 0.7248774509803921 0.4794730392156863 0.03227124183006536 0.04350490196078431
0 0.31556372549019607 0.6081495098039216 0.025735294117647058 0.03860294117647059
0 0.696078431372549 0.4800857843137255 0.024509803921568627 0.044730392156862746
0 0.6286764705882353 0.48161764705882354 0.02042483660130719 0.04963235294117647
0 0.6031454248366013 0.4806985294117647 0.020016339869281044 0.04779411764705882
0 0.5749591503267973 0.48253676470588236 0.02246732026143791 0.04718137254901961
0 0.5447303921568627 0.4799325980392157 0.028186274509803922 0.046262254901960786
0 0.5 0.48452818627450983 0.04411764705882353 0.04013480392156863
0 0.45383986928104575 0.4803921568627451 0.042483660130718956 0.04718137254901961
0 0.40298202614379086 0.4690563725490196 0.03799019607843137 0.06862745098039216
0 0.35498366013071897 0.46951593137254904 0.04493464052287582 0.07261029411764706
0 0.30943627450980393 0.4800857843137255 0.044526143790849675 0.05392156862745098
0 0.2587826797385621 0.47150735294117646 0.04616013071895425 0.07169117647058823
0 0.16482843137254902 0.5096507352941176 0.07965686274509803 0.07322303921568628
0 0.6558415032679739 0.4805453431372549 0.03145424836601307 0.048100490196078434
0 0.22487745098039216 0.08394607843137254 0.06576797385620915 0.12745098039215685
