0 0.5529003267973857 0.5453431372549019 0.05514705882352941 0.06433823529411764
0 0.605187908496732 0.5458026960784313 0.046977124183006536 0.07077205882352941
0 0.6544117647058824 0.5453431372549019 0.04656862745098039 0.06678921568627451
0 0.6977124183006536 0.5448835784313726 0.03431372549019608 0.0664828431372549
0 0.7359068627450981 0.5424325980392157 0.03145424836601307 0.0628063725490196
0 0.09906045751633986 0.5332414215686274 0.05923202614379085 0.0897671568627451
0 0.15461601307189543 0.5310968137254902 0.051879084967320264 0.08302696078431372
0 0.21609477124183007 0.5409007352941176 0.05555555555555555 0.07322303921568628
0 0.2675653594771242 0.5402879901960784 0.0457516339869281 0.06464460784313726
0 0.3255718954248366 0.5436580882352942 0.05310457516339869 0.0664828431372549
0 0.08558006535947713 0.6449142156862745 0.03227124183006536 0.09252450980392157
0 0.12377450980392157 0.6467524509803921 0.03594771241830065 0.09436274509803921
0 0.15890522875816993 0.6450674019607843 0.03022875816993464 0.09037990196078431
0 0.19301470588235295 0.6456801470588235 0.03553921568627451 0.08915441176470588
0 0.2295751633986928 0.6521139705882353 0.029411764705882353 0.07751225490196079
0 0.2661356209150327 0.6501225490196079 0.039624183006535946 0.08517156862745098
0 0.4993872549019608 0.5330882352941176 0.046977124183006536 0.0821078431372549
0 0.443218954248366 0.5361519607843137 0.05718954248366013 0.08272058823529412
0 0.38296568627450983 0.5337009803921569 0.05514705882352941 0.0857843137254902
0 0.7906454248366013 0.5361519607843137 0.05759803921568627 0.0857843137254902
0 0.16339869281045752 0.4134497549019608 0.05228758169934641 0.07996323529411764
0 0.22283496732026145 0.4183517156862745 0.03227124183006536 0.07567401960784313
0 0.2653186274509804 0.42034313725490197 0.04779411764705882 0.07352941176470588
0 0.31924019607843135 0.42264093137254904 0.053513071895424834 0.0744485294117647
0 0.39215686274509803 0.43566176470588236 0.03758169934640523 0.05821078431372549
0 0.42544934640522875 0.4338235294117647 0.024918300653594773 0.05698529411764706
0 0.45608660130718953 0.4306066176470588 0.0363562091503268 0.06341911764705882
0 0.4959150326797386 0.43014705882352944 0.03676470588235294 0.0625
0 0.3082107843137255 0.6484375 0.034722222222222224 0.07996323529411764
0 0.5555555555555556 0.4149816176470588 0.07026143790849673 0.1014093137254902
0 0.6809640522875817 0.4192708333333333 0.05310457516339869 0.08486519607843138
0 0.7434640522875817 0.43167892156862747 0.06781045751633986 0.06311274509803921
0 0.7434640522875817 0.3828125 0.05310457516339869 0.02971813725490196
0 0.8169934640522876 0.4149816176470588 0.06781045751633986 0.09895833333333333
0 0.8858251633986928 0.41390931372549017 0.056781045751633986 0.09436274509803921
0 0.9695669934640523 0.42953431372549017 0.0625 0.07107843137254902
0 0.9364787581699346 0.5418198529411765 0.05514705882352941 0.08241421568627451
0 0.8651960784313726 0.5301776960784313 0.0784313725490196 0.09895833333333333
0 0.6209150326797386 0.42463235294117646 0.05555555555555555 0.0778186274509804
0 0.34906045751633985 0.6504289215686274 0.04370915032679738 0.07720588235294118
0 0.40093954248366015 0.6511948529411765 0.03880718954248366 0.08057598039215687
0 0.4562908496732026 0.6456801470588235 0.049836601307189546 0.08425245098039216
0 0.03370098039215686 0.8667279411764706 0.060866013071895424 0.0508578431372549
0 0.09313725490196079 0.8659620098039216 0.05392156862745098 0.05238970588235294
0 0.16053921568627452 0.875 0.06372549019607843 0.044730392156862746
0 0.24183006535947713 0.8837316176470589 0.07352941176470588 0.0352328431372549
0 0.3104575163398693 0.8501838235294118 0.042483660130718956 0.09681372549019608
0 0.36151960784313725 0.8492647058823529 0.05228758169934641 0.09803921568627451
0 0.411968954248366 0.8449754901960784 0.04779411764705882 0.10110294117647059
0 0.4632352941176471 0.8458946078431373 0.04738562091503268 0.09987745098039216
0 0.039419934640522875 0.7696078431372549 0.07230392156862746 0.04718137254901961
0 0.5149101307189542 0.8468137254901961 0.051879084967320264 0.10232843137254902
0 0.7250816993464052 0.8537071078431373 0.0457516339869281 0.0818014705882353
0 0.7716503267973857 0.859375 0.04330065359477124 0.08149509803921569
0 0.8135212418300654 0.8589154411764706 0.03799019607843137 0.08241421568627451
0 0.03431372549019608 0.5954350490196079 0.06535947712418301 0.040747549019607844
0 0.03329248366013072 0.48743872549019607 0.06331699346405228 0.04779411764705882
0 0.852328431372549 0.8561580882352942 0.03553921568627451 0.07689950980392157
0 0.8874591503267973 0.8419117647058824 0.026552287581699346 0.06801470588235294
0 0.940359477124183 0.8569240196078431 0.049836601307189546 0.07598039215686274
0 0.6317401960784313 0.8566176470588235 0.04044117647058824 0.08517156862745098
0 0.10641339869281045 0.4099264705882353 0.054330065359477125 0.09129901960784313
0 0.032883986928104576 0.6934742647058824 0.06576797385620915 0.04381127450980392
0 0.17381535947712418 0.7480085784313726 0.030637254901960783 0.05361519607843137
0 0.4985702614379085 0.6444546568627451 0.03553921568627451 0.08670343137254902
0 0.5428921568627451 0.6470588235294118 0.03839869281045752 0.08946078431372549
0 0.5896650326797386 0.6511948529411765 0.039624183006535946 0.08547794117647059
0 0.633578431372549 0.6467524509803921 0.04084967320261438 0.09375
0 0.6801470588235294 0.6458333333333334 0.04493464052287582 0.09129901960784313
0 0.7765522875816994 0.6594669117647058 0.06290849673202614 0.06709558823529412
0 0.9193218954248366 0.6585477941176471 0.09027777777777778 0.07077205882352941
0 0.9238153594771242 0.7527573529411765 0.037173202614379085 0.0508578431372549
0 0.20710784313725492 0.7480085784313726 0.03431372549019608 0.057904411764705885
0 0.9636437908496732 0.7561274509803921 0.03022875816993464 0.04779411764705882
0 0.707312091503268 0.7478553921568627 0.06331699346405228 0.05821078431372549
0 0.6286764705882353 0.7475490196078431 0.06454248366013073 0.06004901960784314
0 0.4948937908496732 0.7469362745098039 0.07148692810457516 0.058823529411764705
0 0.40236928104575165 0.7470894607843137 0.10457516339869281 0.05667892156862745
0 0.31495098039215685 0.7469362745098039 0.06454248366013073 0.058823529411764705
0 0.252859477124183 0.7458639705882353 0.04656862745098039 0.05422794117647059
0 0.09722222222222222 0.7432598039215687 0.03594771241830065 0.056372549019607844
0 0.1337826797385621 0.7466299019607843 0.0298202614379085 0.05575980392156863
0 0.7777777777777778 0.7581188725490197 0.05228758169934641 0.046875
0 0.9223856209150327 0.30683210784313725 0.06045751633986928 0.09283088235294118
0 0.6770833333333334 0.8537071078431373 0.042075163398692814 0.08425245098039216
0 0.7663398692810458 0.3166360294117647 0.06862745098039216 0.07322303921568628
0 0.8980800653594772 0.06418504901960784 0.054330065359477125 0.01685049019607843
0 0.8986928104575164 0.03982843137254902 0.05228758169934641 0.027573529411764705
0 0.8997140522875817 0.01485906862745098 0.061683006535947715 0.022365196078431373
0 0.8337418300653595 0.06326593137254902 0.06699346405228758 0.01991421568627451
0 0.8359885620915033 0.03553921568627451 0.0625 0.03125
0 0.7714460784313726 0.037377450980392156 0.0363562091503268 0.07230392156862746
0 0.7303921568627451 0.03814338235294118 0.04330065359477124 0.07261029411764706
0 0.690359477124183 0.03722426470588235 0.032679738562091505 0.07199754901960784
0 0.6315359477124183 0.05560661764705882 0.0718954248366013 0.03216911764705882
0 0.630718954248366 0.020067401960784315 0.06862745098039216 0.0352328431372549
0 0.5667892156862745 0.03722426470588235 0.04616013071895425 0.07199754901960784
0 0.5208333333333334 0.043198529411764705 0.04411764705882353 0.061887254901960786
0 0.46405228758169936 0.04136029411764706 0.042483660130718956 0.06066176470588235
0 0.41013071895424835 0.03676470588235294 0.04411764705882353 0.0704656862745098
0 0.36499183006535946 0.03722426470588235 0.0428921568627451 0.06954656862745098
0 0.3145424836601307 0.03553921568627451 0.05392156862745098 0.0704656862745098
0 0.2665441176470588 0.036458333333333336 0.04370915032679738 0.06801470588235294
0 0.22446895424836602 0.04258578431372549 0.03880718954248366 0.05821078431372549
0 0.18137254901960784 0.035386029411764705 0.0457516339869281 0.06587009803921569
0 0.1395016339869281 0.034926470588235295 0.034722222222222224 0.0661764705882353
0 0.8547794117647058 0.3007046568627451 0.07066993464052287 0.10324754901960784
0 0.9599673202614379 0.036917892156862746 0.049836601307189546 0.036458333333333336
0 0.9581290849673203 0.0663296568627451 0.053513071895424834 0.018688725490196078
0 0.09497549019607843 0.034926470588235295 0.05106209150326797 0.06495098039215687
0 0.1772875816993464 0.20128676470588236 0.04738562091503268 0.05821078431372549
0 0.670547385620915 0.3010110294117647 0.0886437908496732 0.10631127450980392
0 0.5939542483660131 0.31878063725490197 0.05800653594771242 0.0664828431372549
0 0.5212418300653595 0.3007046568627451 0.07434640522875817 0.1056985294117647
0 0.37459150326797386 0.3092830882352941 0.06209150326797386 0.08547794117647059
0 0.3090277777777778 0.31035539215686275 0.0559640522875817 0.08333333333333333
0 0.25326797385620914 0.30514705882352944 0.05065359477124183 0.0900735294117647
0 0.0915032679738562 0.20159313725490197 0.11029411764705882 0.056372549019607844
0 0.9458741830065359 0.19132965686274508 0.05759803921568627 0.08057598039215687
0 0.886437908496732 0.19117647058823528 0.05473856209150327 0.08272058823529412
0 0.823937908496732 0.19240196078431374 0.06209150326797386 0.08333333333333333
0 0.09681372549019608 0.3034620098039216 0.06454248366013073 0.08915441176470588
0 0.7015931372549019 0.19316789215686275 0.05841503267973856 0.08670343137254902
0 0.6280637254901961 0.19163602941176472 0.056781045751633986 0.0860906862745098
0 0.516748366013072 0.20021446078431374 0.042483660130718956 0.06587009803921569
0 0.4491421568627451 0.19653799019607843 0.05269607843137255 0.07567401960784313
0 0.3929738562091503 0.20220588235294118 0.058823529411764705 0.0625
0 0.3347630718954248 0.19960171568627452 0.05514705882352941 0.06464460784313726
0 0.2820669934640523 0.20450367647058823 0.04534313725490196 0.057291666666666664
0 0.28288398692810457 0.13970588235294118 0.046977124183006536 0.056372549019607844
0 0.2340686274509804 0.2037377450980392 0.04493464052287582 0.05575980392156863
0 0.7612336601307189 0.19347426470588236 0.05514705882352941 0.07935049019607843
0 0.21303104575163398 0.16069240196078433 0.0363562091503268 0.021752450980392156
