0 0.15395220588235295 0.5014297385620915 0.03462009803921569 0.09926470588235294
0 0.20082720588235295 0.497140522875817 0.057904411764705885 0.10702614379084967
0 0.9270833333333334 0.7303921568627451 0.05330882352941176 0.10947712418300654
0 0.14966299019607843 0.8384395424836601 0.043198529411764705 0.11233660130718955
0 0.11136642156862746 0.8304738562091504 0.030330882352941176 0.10375816993464053
0 0.953890931372549 0.9597630718954249 0.036458333333333336 0.0821078431372549
0 0.07659313725490197 0.8261846405228758 0.03615196078431373 0.10661764705882353
0 0.04013480392156863 0.8184232026143791 0.032475490196078434 0.10743464052287582
0 0.011488970588235295 0.8084150326797386 0.02297794117647059 0.09395424836601307
0 0.0196078431372549 0.099468954248366 0.030637254901960783 0.08619281045751634
0 0.0545343137254902 0.09865196078431372 0.034926470588235295 0.08455882352941177
0 0.10983455882352941 0.09170751633986927 0.04932598039215686 0.09844771241830065
0 0.15502450980392157 0.10049019607843138 0.034926470588235295 0.07679738562091504
0 0.14721200980392157 0.3633578431372549 0.03829656862745098 0.10498366013071896
0 0.04151348039215686 0.49959150326797386 0.021139705882352942 0.07679738562091504
0 0.01761642156862745 0.4987745098039216 0.02297794117647059 0.06862745098039216
0 0.9578737745098039 0.40665849673202614 0.047487745098039214 0.12295751633986927
0 0.9082414215686274 0.4048202614379085 0.046262254901960786 0.119281045751634
0 0.19378063725490197 0.8517156862745098 0.04013480392156863 0.08415032679738563
0 0.24050245098039216 0.8590686274509803 0.049019607843137254 0.08251633986928104
0 0.29181985294117646 0.8694852941176471 0.04871323529411765 0.09027777777777778
0 0.35431985294117646 0.8427287581699346 0.03952205882352941 0.05473856209150327
0 0.8602941176470589 0.7283496732026143 0.05698529411764706 0.0923202614379085
0 0.7951899509803921 0.7160947712418301 0.05422794117647059 0.09722222222222222
0 0.6075367647058824 0.24040032679738563 0.052083333333333336 0.10253267973856209
0 0.9177389705882353 0.9603758169934641 0.03278186274509804 0.07924836601307189
0 0.8772977941176471 0.9532271241830066 0.0272671568627451 0.09436274509803921
0 0.8463541666666666 0.9524101307189542 0.03278186274509804 0.0951797385620915
0 0.5143995098039216 0.22426470588235295 0.04840686274509804 0.1323529411764706
0 0.8592218137254902 0.40093954248366015 0.043198529411764705 0.12295751633986927
0 0.5594362745098039 0.24611928104575165 0.04044117647058824 0.08619281045751634
0 0.6132046568627451 0.920751633986928 0.030943627450980393 0.11683006535947713
0 0.5814950980392157 0.9136029411764706 0.03125 0.11887254901960784
0 0.5467218137254902 0.9074754901960784 0.03400735294117647 0.1156045751633987
0 0.5137867647058824 0.9013480392156863 0.03002450980392157 0.1147875816993464
0 0.48268995098039214 0.8950163398692811 0.02971813725490196 0.11356209150326797
0 0.45389093137254904 0.8890931372549019 0.0272671568627451 0.11315359477124183
0 0.40119485294117646 0.8878676470588235 0.05238970588235294 0.09191176470588236
0 0.7792585784313726 0.9440359477124183 0.03462009803921569 0.1119281045751634
0 0.8151041666666666 0.3991013071895425 0.04442401960784314 0.119281045751634
0 0.7685355392156863 0.39338235294117646 0.045649509803921566 0.11437908496732026
0 0.7210477941176471 0.3931781045751634 0.04381127450980392 0.11397058823529412
0 0.6940870098039216 0.07883986928104575 0.03952205882352941 0.1184640522875817
0 0.6332720588235294 0.07250816993464053 0.07291666666666667 0.1343954248366013
0 0.5762867647058824 0.09170751633986927 0.03615196078431373 0.09436274509803921
0 0.5379901960784313 0.09109477124183006 0.03676470588235294 0.09722222222222222
0 0.49754901960784315 0.09170751633986927 0.03615196078431373 0.09844771241830065
0 0.45818014705882354 0.0900735294117647 0.040747549019607844 0.10416666666666667
0 0.41681985294117646 0.09191176470588236 0.03707107843137255 0.0923202614379085
0 0.7359068627450981 0.08619281045751634 0.04044117647058824 0.11029411764705882
0 0.38097426470588236 0.09660947712418301 0.03278186274509804 0.08292483660130719
0 0.30606617647058826 0.09477124183006536 0.028799019607843136 0.08823529411764706
0 0.27267156862745096 0.09763071895424837 0.03125 0.08741830065359477
0 0.23881740196078433 0.09089052287581699 0.035845588235294115 0.1017156862745098
0 0.19898897058823528 0.09068627450980392 0.04013480392156863 0.10375816993464053
0 0.5900735294117647 0.3917483660130719 0.0428921568627451 0.11601307189542484
0 0.5471813725490197 0.3880718954248366 0.03982843137254902 0.1111111111111111
0 0.5049019607843137 0.39195261437908496 0.03982843137254902 0.10008169934640523
0 0.3400735294117647 0.09558823529411764 0.03308823529411765 0.08823529411764706
0 0.4603247549019608 0.38255718954248363 0.04503676470588235 0.11151960784313726
0 0.7837009803921569 0.07904411764705882 0.05024509803921569 0.1213235294117647
0 0.8952205882352942 0.06964869281045752 0.07352941176470588 0.1343954248366013
0 0.6772365196078431 0.3915441176470588 0.04197303921568627 0.12214052287581699
0 0.21951593137254902 0.3590686274509804 0.04993872549019608 0.12826797385620914
0 0.3321078431372549 0.38235294117647056 0.034926470588235295 0.0923202614379085
0 0.3717830882352941 0.3874591503267974 0.04013480392156863 0.0959967320261438
0 0.4684436274509804 0.24325980392156862 0.04044117647058824 0.09681372549019608
0 0.4185049019607843 0.2222222222222222 0.049019607843137254 0.12826797385620914
0 0.37346813725490197 0.22569444444444445 0.03982843137254902 0.11233660130718955
0 0.8331801470588235 0.07455065359477124 0.045649509803921566 0.12459150326797386
0 0.32766544117647056 0.21997549019607843 0.048100490196078434 0.1213235294117647
0 0.23299632352941177 0.2375408496732026 0.03400735294117647 0.08047385620915033
0 0.19393382352941177 0.21772875816993464 0.04044117647058824 0.11764705882352941
0 0.1565563725490196 0.23651960784313725 0.028799019607843136 0.07598039215686274
0 0.11963848039215687 0.2142565359477124 0.04136029411764706 0.11315359477124183
0 0.07965686274509803 0.22773692810457516 0.03553921568627451 0.08374183006535947
0 0.03936887254901961 0.21446078431372548 0.04258578431372549 0.11437908496732026
0 0.9603247549019608 0.07005718954248366 0.05238970588235294 0.1352124183006536
0 0.27619485294117646 0.2222222222222222 0.048100490196078434 0.11519607843137254
0 0.977328431372549 0.7324346405228758 0.04534313725490196 0.10620915032679738
0 0.41268382352941174 0.3897058823529412 0.03553921568627451 0.08660130718954248
0 0.0428921568627451 0.71875 0.025735294117647058 0.061683006535947715
0 0.06832107843137254 0.6264297385620915 0.03002450980392157 0.07148692810457516
0 0.1018688725490196 0.6296977124183006 0.033394607843137254 0.07393790849673203
0 0.13740808823529413 0.6233660130718954 0.01011029411764706 0.06781045751633986
0 0.15854779411764705 0.6368464052287581 0.02971813725490196 0.0784313725490196
0 0.19102328431372548 0.6388888888888888 0.03278186274509804 0.07598039215686274
0 0.21783088235294118 0.6501225490196079 0.017769607843137254 0.06413398692810457
0 0.24111519607843138 0.6552287581699346 0.0196078431372549 0.06045751633986928
0 0.03952205882352941 0.6233660130718954 0.02389705882352941 0.06781045751633986
0 0.26455269607843135 0.659109477124183 0.018075980392156864 0.061683006535947715
0 0.3040747549019608 0.6413398692810458 0.01991421568627451 0.10702614379084967
0 0.3252144607843137 0.6435866013071896 0.021139705882352942 0.11315359477124183
0 0.34681372549019607 0.6466503267973857 0.020833333333333332 0.10784313725490197
0 0.3720894607843137 0.6501225490196079 0.021752450980392156 0.11233660130718955
0 0.4143688725490196 0.6623774509803921 0.023590686274509803 0.09272875816993464
0 0.4408700980392157 0.6644199346405228 0.023284313725490197 0.09681372549019608
0 0.4650735294117647 0.6658496732026143 0.02389705882352941 0.09803921568627451
0 0.2846200980392157 0.6613562091503268 0.01715686274509804 0.0661764705882353
0 0.012867647058823529 0.6217320261437909 0.025735294117647058 0.06944444444444445
0 0.985140931372549 0.5698529411764706 0.02971813725490196 0.10784313725490197
0 0.9466911764705882 0.559640522875817 0.04595588235294118 0.119281045751634
0 0.11075367647058823 0.36151960784313725 0.030330882352941176 0.0988562091503268
0 0.05024509803921569 0.3584558823529412 0.03002450980392157 0.09272875816993464
0 0.2418811274509804 0.5018382352941176 0.021139705882352942 0.0951797385620915
0 0.2725183823529412 0.5075571895424836 0.03952205882352941 0.10661764705882353
0 0.31050857843137253 0.5100081699346405 0.03462009803921569 0.10253267973856209
0 0.34849877450980393 0.5183823529411765 0.03829656862745098 0.09722222222222222
0 0.3893995098039216 0.5163398692810458 0.04105392156862745 0.10294117647058823
0 0.43734681372549017 0.5196078431372549 0.050551470588235295 0.12173202614379085
0 0.48268995098039214 0.5259395424836601 0.03462009803921569 0.11805555555555555
0 0.5283394607843137 0.5245098039215687 0.05545343137254902 0.12336601307189543
0 0.577359068627451 0.5386029411764706 0.04197303921568627 0.10661764705882353
0 0.6305147058823529 0.5330882352941176 0.061887254901960786 0.12908496732026145
0 0.6816789215686274 0.5471813725490197 0.03553921568627451 0.1147875816993464
0 0.7306985294117647 0.5430964052287581 0.061274509803921566 0.1343954248366013
0 0.7861519607843137 0.5551470588235294 0.04840686274509804 0.119281045751634
0 0.8452818627450981 0.5486111111111112 0.06862745098039216 0.136437908496732
0 0.9019607843137255 0.5633169934640523 0.04044117647058824 0.12663398692810457
0 0.4898897058823529 0.6701388888888888 0.025122549019607844 0.09926470588235294
0 0.5277267156862745 0.6691176470588235 0.027879901960784315 0.11519607843137254
0 0.5579044117647058 0.6736111111111112 0.030637254901960783 0.11519607843137254
0 0.5912990196078431 0.6834150326797386 0.028186274509803922 0.1053921568627451
0 0.8590686274509803 0.24019607843137256 0.04595588235294118 0.1111111111111111
0 0.803921568627451 0.24142156862745098 0.061274509803921566 0.11601307189542484
0 0.7496936274509803 0.24101307189542484 0.04595588235294118 0.10375816993464053
0 0.7034313725490197 0.23937908496732027 0.044730392156862746 0.10457516339869281
0 0.65625 0.2406045751633987 0.044730392156862746 0.1053921568627451
0 0.6050857843137255 0.8088235294117647 0.02144607843137255 0.06045751633986928
0 0.5795036764705882 0.8037173202614379 0.018688725490196078 0.056781045751633986
0 0.5482536764705882 0.7973856209150327 0.021139705882352942 0.06045751633986928
0 0.46292892156862747 0.7826797385620915 0.03676470588235294 0.06290849673202614
0 0.42202818627450983 0.7724673202614379 0.04258578431372549 0.07679738562091504
0 0.3783700980392157 0.7677696078431373 0.0428921568627451 0.07720588235294118
0 0.3353247549019608 0.7581699346405228 0.04258578431372549 0.07598039215686274
0 0.28952205882352944 0.7520424836601307 0.03860294117647059 0.0727124183006536
0 0.23039215686274508 0.7420343137254902 0.06495098039215687 0.06658496732026144
0 0.17356004901960784 0.7389705882352942 0.0389093137254902 0.07434640522875817
0 0.11810661764705882 0.7303921568627451 0.06403186274509803 0.06862745098039216
0 0.07107843137254902 0.7232434640522876 0.028799019607843136 0.06331699346405228
0 0.9079350490196079 0.24162581699346405 0.05116421568627451 0.11397058823529412
0 0.01838235294117647 0.7128267973856209 0.02144607843137255 0.056372549019607844
0 0.9583333333333334 0.2412173202614379 0.04840686274509804 0.1156045751633987
0 0.6309742647058824 0.8141339869281046 0.01991421568627451 0.059640522875817
0 0.6608455882352942 0.8112745098039216 0.03308823529411765 0.07924836601307189
0 0.6936274509803921 0.8133169934640523 0.03002450980392157 0.08088235294117647
0 0.7432598039215687 0.840890522875817 0.041666666666666664 0.044526143790849675
0 0.8486519607843137 0.8429330065359477 0.04595588235294118 0.04370915032679738
0 0.897671568627451 0.8174019607843137 0.042279411764705885 0.031862745098039214
0 0.9019607843137255 0.8680555555555556 0.04779411764705882 0.04330065359477124
0 0.6231617647058824 0.6877042483660131 0.02696078431372549 0.10743464052287582
0 0.6553308823529411 0.6895424836601307 0.03431372549019608 0.12418300653594772
0 0.018995098039215685 0.35866013071895425 0.029411764705882353 0.09313725490196079
0 0.9509803921568627 0.8709150326797386 0.04595588235294118 0.03758169934640523
0 0.06541053921568628 0.48856209150326796 0.02420343137254902 0.0988562091503268
0 0.09482230392156862 0.48733660130718953 0.033394607843137254 0.10866013071895425
0 0.12438725490196079 0.4869281045751634 0.023284313725490197 0.10702614379084967
0 0.7320772058823529 0.7387663398692811 0.04993872549019608 0.034722222222222224
0 0.6911764705882353 0.6938316993464052 0.03002450980392157 0.1147875816993464
