0 0.7906454248366013 0.5718443627450981 0.04044117647058824 0.05974264705882353
0 0.7479575163398693 0.5530024509803921 0.03431372549019608 0.04840686274509804
0 0.7034313725490197 0.5598958333333334 0.03839869281045752 0.050551470588235295
0 0.5747549019607843 0.6551776960784313 0.03676470588235294 0.02971813725490196
0 0.6484885620915033 0.5600490196078431 0.030637254901960783 0.03860294117647059
0 0.582312091503268 0.5713848039215687 0.08374183006535947 0.03982843137254902
0 0.28594771241830064 0.6145833333333334 0.13398692810457516 0.044730392156862746
0 0.4021650326797386 0.6027879901960784 0.09436274509803921 0.04258578431372549
0 0.8353758169934641 0.5854779411764706 0.04656862745098039 0.03431372549019608
0 0.42994281045751637 0.6639093137254902 0.04125816993464052 0.030637254901960783
0 0.38480392156862747 0.6772365196078431 0.04656862745098039 0.04013480392156863
0 0.26552287581699346 0.6954656862745098 0.08333333333333333 0.04350490196078431
0 0.3388480392156863 0.6943933823529411 0.04125816993464052 0.036458333333333336
0 0.4930555555555556 0.5825674019607843 0.08415032679738563 0.03829656862745098
0 0.8768382352941176 0.5557598039215687 0.03308823529411765 0.04411764705882353
0 0.2747140522875817 0.5215992647058824 0.14011437908496732 0.050551470588235295
0 0.08333333333333333 0.5577512254901961 0.08006535947712418 0.07261029411764706
0 0.9536356209150327 0.4895833333333333 0.014297385620915032 0.03431372549019608
0 0.9372957516339869 0.49034926470588236 0.016748366013071895 0.033394607843137254
0 0.9191176470588235 0.4928002450980392 0.018790849673202614 0.033394607843137254
0 0.8629493464052288 0.4950980392156863 0.01511437908496732 0.03799019607843137
0 0.8396650326797386 0.49816176470588236 0.016748366013071895 0.037377450980392156
0 0.8073937908496732 0.4846813725490196 0.03880718954248366 0.06985294117647059
0 0.1642156862745098 0.5519301470588235 0.06944444444444445 0.0701593137254902
0 0.9881535947712419 0.5450367647058824 0.0196078431372549 0.049019607843137254
0 0.960171568627451 0.5579044117647058 0.027369281045751634 0.0508578431372549
0 0.7171160130718954 0.4800857843137255 0.14256535947712418 0.056372549019607844
0 0.6008986928104575 0.500765931372549 0.08251633986928104 0.05422794117647059
0 0.45302287581699346 0.5098039215686274 0.20588235294117646 0.04840686274509804
0 0.01491013071895425 0.6706495098039216 0.0298202614379085 0.05575980392156863
0 0.019812091503267973 0.5646446078431373 0.039624183006535946 0.07904411764705882
0 0.920547385620915 0.5545343137254902 0.024918300653594773 0.051470588235294115
0 0.05004084967320262 0.6778492647058824 0.03308823529411765 0.0585171568627451
0 0.17197712418300654 0.6559436274509803 0.03022875816993464 0.06924019607843138
0 0.12683823529411764 0.6651348039215687 0.030637254901960783 0.07107843137254902
0 0.7171160130718954 0.6933210784313726 0.030637254901960783 0.0392156862745098
0 0.8112745098039216 0.6537990196078431 0.04003267973856209 0.058823529411764705
0 0.7624591503267973 0.6741727941176471 0.056781045751633986 0.05116421568627451
0 0.8566176470588235 0.6502757352941176 0.03104575163398693 0.06096813725490196
0 0.9042075163398693 0.6318933823529411 0.027369281045751634 0.040747549019607844
0 0.974468954248366 0.6357230392156863 0.0494281045751634 0.05330882352941176
0 0.6819852941176471 0.7008272058823529 0.03390522875816993 0.03952205882352941
0 0.9799836601307189 0.7034313725490197 0.031862745098039214 0.04718137254901961
0 0.8956290849673203 0.7261029411764706 0.051879084967320264 0.044730392156862746
0 0.8457924836601307 0.735140931372549 0.044526143790849675 0.048100490196078434
0 0.7986111111111112 0.7426470588235294 0.04003267973856209 0.049019607843137254
0 0.7436683006535948 0.7550551470588235 0.05841503267973856 0.047487745098039214
0 0.6905637254901961 0.7719056372549019 0.025735294117647058 0.057291666666666664
0 0.6495098039215687 0.7783394607843137 0.042483660130718956 0.05545343137254902
0 0.9430147058823529 0.7136948529411765 0.04125816993464052 0.046262254901960786
0 0.7103758169934641 0.6280637254901961 0.049019607843137254 0.04044117647058824
0 0.6607434640522876 0.6312806372549019 0.026552287581699346 0.03216911764705882
0 0.6182598039215687 0.6426164215686274 0.046977124183006536 0.043198529411764705
0 0.988562091503268 0.48238357843137253 0.02369281045751634 0.036458333333333336
0 0.018790849673202614 0.7922794117647058 0.03758169934640523 0.07107843137254902
0 0.06924019607843138 0.7913602941176471 0.04370915032679738 0.05759803921568627
0 0.12193627450980392 0.766390931372549 0.0363562091503268 0.060355392156862746
0 0.16319444444444445 0.7717524509803921 0.02900326797385621 0.05698529411764706
0 0.24591503267973855 0.7789522058823529 0.05718954248366013 0.046875
0 0.29901960784313725 0.7708333333333334 0.04493464052287582 0.04779411764705882
0 0.3617238562091503 0.7594975490196079 0.061683006535947715 0.041666666666666664
0 0.41830065359477125 0.7496936274509803 0.04003267973856209 0.04595588235294118
0 0.4609885620915033 0.7409620098039216 0.0428921568627451 0.045649509803921566
0 0.5046977124183006 0.7322303921568627 0.04044117647058824 0.042279411764705885
0 0.5488153594771242 0.7242647058823529 0.042075163398692814 0.03860294117647059
0 0.4832516339869281 0.6637561274509803 0.05228758169934641 0.04197303921568627
0 0.5320669934640523 0.6587009803921569 0.04125816993464052 0.03676470588235294
0 0.5941584967320261 0.7138480392156863 0.044526143790849675 0.0392156862745098
0 0.09252450980392157 0.6678921568627451 0.034722222222222224 0.06985294117647059
0 0.9928513071895425 0.38434436274509803 0.015931372549019607 0.06096813725490196
0 0.8492647058823529 0.39215686274509803 0.03594771241830065 0.05514705882352941
0 0.9348447712418301 0.3872549019607843 0.03145424836601307 0.05759803921568627
0 0.9042075163398693 0.19117647058823528 0.027369281045751634 0.09681372549019608
0 0.9368872549019608 0.1954656862745098 0.02900326797385621 0.09375
0 0.9622140522875817 0.16727941176470587 0.01838235294117647 0.0974264705882353
0 0.9889705882352942 0.16927083333333334 0.017973856209150325 0.0940563725490196
0 0.9899918300653595 0.29901960784313725 0.020016339869281044 0.06556372549019608
0 0.9609885620915033 0.296875 0.01919934640522876 0.06862745098039216
0 0.8549836601307189 0.19025735294117646 0.04084967320261438 0.0974264705882353
0 0.9242238562091504 0.2991727941176471 0.042075163398692814 0.06832107843137254
0 0.8110702614379085 0.2991727941176471 0.04861111111111111 0.06832107843137254
0 0.7493872549019608 0.2971813725490196 0.04370915032679738 0.0741421568627451
0 0.6883169934640523 0.2945772058823529 0.04656862745098039 0.08302696078431372
0 0.6401143790849673 0.29702818627450983 0.049019607843137254 0.08302696078431372
0 0.5627042483660131 0.3180147058823529 0.04125816993464052 0.03676470588235294
0 0.5633169934640523 0.2772671568627451 0.042483660130718956 0.0392156862745098
0 0.8760212418300654 0.296875 0.04779411764705882 0.07598039215686274
0 0.5181781045751634 0.31847426470588236 0.04534313725490196 0.03768382352941176
0 0.8829656862745098 0.12729779411764705 0.09354575163398693 0.029105392156862746
0 0.761437908496732 0.1634497549019608 0.0392156862745098 0.14491421568627452
0 0.03574346405228758 0.12208946078431372 0.07148692810457516 0.17677696078431374
0 0.1395016339869281 0.12607230392156862 0.10334967320261437 0.16819852941176472
0 0.2173202614379085 0.12821691176470587 0.04493464052287582 0.17003676470588236
0 0.26552287581699346 0.13174019607843138 0.04820261437908497 0.1721813725490196
0 0.3037173202614379 0.13694852941176472 0.025735294117647058 0.16115196078431374
0 0.3386437908496732 0.13710171568627452 0.04084967320261438 0.16636029411764705
0 0.8090277777777778 0.16574754901960784 0.042075163398692814 0.13970588235294118
0 0.37111928104575165 0.16819852941176472 0.020016339869281044 0.10355392156862746
0 0.41074346405228757 0.16942401960784315 0.053513071895424834 0.10600490196078431
0 0.4973447712418301 0.14506740196078433 0.05759803921568627 0.16329656862745098
0 0.5702614379084967 0.14353553921568626 0.03104575163398693 0.10263480392156862
0 0.6233660130718954 0.16023284313725492 0.03839869281045752 0.13848039215686275
0 0.6625816993464052 0.16161151960784315 0.03349673202614379 0.13633578431372548
0 0.7113970588235294 0.15885416666666666 0.04125816993464052 0.14981617647058823
0 0.4507761437908497 0.1724877450980392 0.02246732026143791 0.10049019607843138
0 0.4605800653594771 0.3170955882352941 0.03553921568627451 0.041666666666666664
0 0.45874183006535946 0.2757352941176471 0.06699346405228758 0.03799019607843137
0 0.41564542483660133 0.31724877450980393 0.05106209150326797 0.04442401960784314
0 0.15788398692810457 0.45389093137254904 0.04044117647058824 0.06832107843137254
0 0.24223856209150327 0.4306066176470588 0.056372549019607844 0.045649509803921566
0 0.30187908496732024 0.43014705882352944 0.06045751633986928 0.044730392156862746
0 0.36744281045751637 0.42662377450980393 0.056781045751633986 0.04503676470588235
0 0.41911764705882354 0.42233455882352944 0.042483660130718956 0.046262254901960786
0 0.4632352941176471 0.4180453431372549 0.04084967320261438 0.04258578431372549
0 0.119281045751634 0.45465686274509803 0.03431372549019608 0.06740196078431372
0 0.5073529411764706 0.41099877450980393 0.0457516339869281 0.03768382352941176
0 0.6272467320261438 0.39644607843137253 0.04616013071895425 0.07107843137254902
0 0.6742238562091504 0.3949142156862745 0.04044117647058824 0.07291666666666667
0 0.7071078431372549 0.39200367647058826 0.02369281045751634 0.06954656862745098
0 0.7408088235294118 0.3929227941176471 0.0363562091503268 0.06893382352941177
0 0.7832924836601307 0.38924632352941174 0.04125816993464052 0.06893382352941177
0 0.8974673202614379 0.3900122549019608 0.03594771241830065 0.05821078431372549
0 0.5772058823529411 0.39950980392156865 0.04820261437908497 0.07475490196078431
0 0.036968954248366014 0.45818014705882354 0.04534313725490196 0.06954656862745098
0 0.013276143790849673 0.3463541666666667 0.026552287581699346 0.06219362745098039
0 0.04330065359477124 0.35661764705882354 0.02287581699346405 0.04411764705882353
0 0.36233660130718953 0.3190870098039216 0.05310457516339869 0.043198529411764705
0 0.30494281045751637 0.3196997549019608 0.056781045751633986 0.04442401960784314
0 0.24366830065359477 0.31985294117647056 0.061683006535947715 0.04718137254901961
0 0.28799019607843135 0.26608455882352944 0.05473856209150327 0.045649509803921566
0 0.15155228758169934 0.3347120098039216 0.05718954248366013 0.07935049019607843
0 0.010212418300653595 0.9099264705882353 0.02042483660130719 0.09313725490196079
0 0.053513071895424834 0.9013480392156863 0.05555555555555555 0.08823529411764706
0 0.1315359477124183 0.8864889705882353 0.08415032679738563 0.07261029411764706
0 0.21548202614379086 0.8690257352941176 0.07883986928104575 0.07873774509803921
0 0.2839052287581699 0.8592218137254902 0.049836601307189546 0.06832107843137254
0 0.33905228758169936 0.8478860294117647 0.05473856209150327 0.06770833333333333
0 0.3858251633986928 0.8213848039215687 0.0363562091503268 0.03860294117647059
0 0.44342320261437906 0.8258272058823529 0.0428921568627451 0.05422794117647059
0 0.48141339869281047 0.8017769607843137 0.02900326797385621 0.037377450980392156
0 0.08762254901960784 0.33486519607843135 0.06004901960784314 0.0821078431372549
0 0.9669117647058824 0.38388480392156865 0.03104575163398693 0.0625
0 0.5400326797385621 0.14751838235294118 0.024509803921568627 0.14920343137254902
0 0.6000816993464052 0.7910539215686274 0.05228758169934641 0.061887254901960786
0 0.5359477124183006 0.8037683823529411 0.05228758169934641 0.0585171568627451
