0 0.21232876712328766 0.40612980769230766 0.06078767123287671 0.05024038461538462
0 0.9719606164383562 0.28641826923076924 0.0526541095890411 0.051201923076923075
0 0.9175941780821918 0.2848557692307692 0.05008561643835616 0.04951923076923077
0 0.853595890410959 0.28473557692307694 0.06934931506849315 0.024759615384615383
0 0.772902397260274 0.28557692307692306 0.07919520547945205 0.02980769230769231
0 0.8512414383561644 0.2438701923076923 0.07320205479452055 0.030528846153846153
0 0.7707619863013698 0.2498798076923077 0.07491438356164383 0.020913461538461537
0 0.6789383561643836 0.29122596153846153 0.07534246575342465 0.034375
0 0.6050941780821918 0.290625 0.07063356164383562 0.03461538461538462
0 0.6889982876712328 0.24098557692307693 0.04238013698630137 0.020432692307692308
0 0.6361301369863014 0.25396634615384617 0.0547945205479452 0.010336538461538461
0 0.6690924657534246 0.2664663461538462 0.06763698630136987 0.008413461538461538
0 0.15903253424657535 0.396875 0.03210616438356165 0.05480769230769231
0 0.3002996575342466 0.6743990384615385 0.061215753424657536 0.03870192307692308
0 0.523972602739726 0.11225961538461539 0.09246575342465753 0.013942307692307693
0 0.4505565068493151 0.28497596153846155 0.06378424657534247 0.046875
0 0.3024400684931507 0.08473557692307693 0.062071917808219176 0.053125
0 0.2763270547945205 0.3890625 0.04580479452054795 0.056971153846153845
0 0.5199058219178082 0.09867788461538461 0.0877568493150685 0.013701923076923077
0 0.6235017123287672 0.09867788461538461 0.08261986301369863 0.04447115384615385
0 0.700556506849315 0.09399038461538461 0.06549657534246575 0.055288461538461536
0 0.7806078767123288 0.09555288461538461 0.0783390410958904 0.06370192307692307
0 0.8747859589041096 0.09002403846153846 0.08347602739726027 0.06995192307692308
0 0.967679794520548 0.09771634615384615 0.0646404109589041 0.05216346153846154
0 0.9783818493150684 0.18197115384615384 0.0449486301369863 0.046634615384615385
0 0.9203767123287672 0.19903846153846153 0.05136986301369863 0.014903846153846155
0 0.803082191780822 0.17896634615384616 0.0702054794520548 0.04783653846153846
0 0.7326626712328768 0.18161057692307692 0.06035958904109589 0.042548076923076925
0 0.6658818493150684 0.1751201923076923 0.061215753424657536 0.04879807692307692
0 0.5898972602739726 0.17920673076923077 0.07277397260273973 0.045432692307692306
0 0.507277397260274 0.18353365384615383 0.07534246575342465 0.034375
0 0.4957191780821918 0.15901442307692307 0.05650684931506849 0.012259615384615384
0 0.4041095890410959 0.18485576923076924 0.08133561643835617 0.038461538461538464
0 0.3071489726027397 0.18629807692307693 0.06292808219178082 0.03125
0 0.15560787671232876 0.18713942307692308 0.10659246575342465 0.02235576923076923
0 0.18878424657534246 0.1580528846153846 0.11215753424657535 0.023317307692307693
0 0.3752140410958904 0.2856971153846154 0.06035958904109589 0.04350961538461538
0 0.5241866438356164 0.28521634615384617 0.06378424657534247 0.04879807692307692
0 0.3311215753424658 0.3955528846153846 0.04922945205479452 0.07139423076923077
0 0.3709332191780822 0.6787259615384615 0.06378424657534247 0.03485576923076923
0 0.5318921232876712 0.40420673076923075 0.06292808219178082 0.05841346153846154
0 0.5267551369863014 0.7368990384615385 0.07748287671232877 0.02860576923076923
0 0.604666095890411 0.7426682692307692 0.061215753424657536 0.030528846153846153
0 0.6778681506849316 0.7356971153846154 0.0646404109589041 0.02860576923076923
0 0.764554794520548 0.7473557692307692 0.07534246575342465 0.028365384615384615
0 0.8476027397260274 0.744951923076923 0.07363013698630137 0.025961538461538463
0 0.9233732876712328 0.7397836538461539 0.05736301369863014 0.031971153846153844
0 0.9775256849315068 0.7395432692307692 0.03981164383561644 0.03245192307692308
0 0.934931506849315 0.6693509615384615 0.0273972602739726 0.04879807692307692
0 0.896832191780822 0.6703125 0.02910958904109589 0.04927884615384615
0 0.863013698630137 0.6641826923076923 0.023116438356164382 0.03173076923076923
0 0.8332619863013698 0.6614182692307692 0.03296232876712329 0.042067307692307696
0 0.796875 0.6713942307692308 0.020976027397260275 0.04471153846153846
0 0.7658390410958904 0.6742788461538461 0.028253424657534245 0.04807692307692308
0 0.7253852739726028 0.6722355769230769 0.033818493150684935 0.04783653846153846
0 0.688570205479452 0.6662259615384616 0.025256849315068493 0.04591346153846154
0 0.6534674657534246 0.6682692307692307 0.03296232876712329 0.04855769230769231
0 0.620291095890411 0.6683894230769231 0.0273972602739726 0.050721153846153846
0 0.4342893835616438 0.7491586538461539 0.0800513698630137 0.029086538461538462
0 0.5222602739726028 0.6670673076923077 0.03595890410958904 0.06057692307692308
0 0.2735445205479452 0.7493990384615384 0.05736301369863014 0.01706730769230769
0 0.19263698630136986 0.7625 0.07106164383561644 0.013942307692307693
0 0.9830907534246576 0.8695913461538461 0.033818493150684935 0.03581730769230769
0 0.9340753424657534 0.8479567307692307 0.025684931506849314 0.056490384615384616
0 0.8976883561643836 0.8575721153846154 0.04280821917808219 0.062259615384615385
0 0.8422517123287672 0.8640625 0.04666095890410959 0.06754807692307692
0 0.784888698630137 0.8578125 0.0586472602739726 0.08245192307692308
0 0.7230308219178082 0.8574519230769231 0.05736301369863014 0.07884615384615384
0 0.6654537671232876 0.8584134615384615 0.048373287671232876 0.07692307692307693
0 0.6014554794520548 0.8414663461538462 0.038527397260273974 0.07379807692307692
0 0.5483732876712328 0.8515625 0.059075342465753425 0.08341346153846153
0 0.4711044520547945 0.8768028846153846 0.07662671232876712 0.05360576923076923
0 0.4068921232876712 0.8655048076923076 0.029537671232876712 0.06706730769230769
0 0.3730736301369863 0.8664663461538461 0.03125 0.05841346153846154
0 0.3255565068493151 0.8578125 0.054366438356164386 0.06899038461538462
0 0.2684075342465753 0.8669471153846153 0.0547945205479452 0.0733173076923077
0 0.2170376712328767 0.8820913461538461 0.03767123287671233 0.03870192307692308
0 0.17123287671232876 0.8853365384615385 0.04452054794520548 0.041346153846153845
0 0.04002568493150685 0.9388221153846154 0.0800513698630137 0.10408653846153847
0 0.1857876712328767 0.7431490384615385 0.07363013698630137 0.01610576923076923
0 0.4648972602739726 0.39639423076923075 0.06763698630136987 0.04230769230769231
0 0.4845890410958904 0.6677884615384615 0.021404109589041095 0.05673076923076923
0 0.4231592465753425 0.6609375 0.029537671232876712 0.04495192307692308
0 0.5280393835616438 0.48810096153846155 0.05094178082191781 0.05841346153846154
0 0.4278681506849315 0.478125 0.05094178082191781 0.04855769230769231
0 0.3728595890410959 0.47896634615384615 0.04280821917808219 0.051201923076923075
0 0.3125 0.48978365384615385 0.053082191780821915 0.059375
0 0.24871575342465754 0.4941105769230769 0.04794520547945205 0.06899038461538462
0 0.1949914383561644 0.49278846153846156 0.05094178082191781 0.07163461538461538
0 0.053082191780821915 0.4856971153846154 0.08561643835616438 0.09975961538461539
0 0.9751712328767124 0.40853365384615387 0.04708904109589041 0.040625
0 0.9092465753424658 0.4168269230769231 0.0625 0.028846153846153848
0 0.90625 0.3838942307692308 0.0684931506849315 0.03028846153846154
0 0.8991866438356164 0.36009615384615384 0.05008561643835616 0.011538461538461539
0 0.820847602739726 0.3503605769230769 0.06549657534246575 0.03341346153846154
0 0.831763698630137 0.3842548076923077 0.0702054794520548 0.02956730769230769
0 0.8287671232876712 0.4173076923076923 0.0684931506849315 0.03028846153846154
0 0.7517123287671232 0.40408653846153847 0.053082191780821915 0.05432692307692308
0 0.6847174657534246 0.3986778846153846 0.062071917808219176 0.06514423076923077
0 0.615582191780822 0.38713942307692306 0.0547945205479452 0.09254807692307693
0 0.5898972602739726 0.4868990384615385 0.0488013698630137 0.05600961538461539
0 0.4539811643835616 0.6633413461538461 0.026113013698630137 0.03822115384615385
0 0.658818493150685 0.4790865384615385 0.04366438356164384 0.04423076923076923
0 0.759417808219178 0.4875 0.04023972602739726 0.06153846153846154
0 0.22945205479452055 0.090625 0.0547945205479452 0.04807692307692308
0 0.2093321917808219 0.6953125 0.10017123287671233 0.026682692307692307
0 0.2089041095890411 0.6626201923076923 0.1035958904109589 0.03245192307692308
0 0.4758133561643836 0.5762019230769231 0.02868150684931507 0.047115384615384615
0 0.516695205479452 0.5789663461538461 0.0488013698630137 0.05985576923076923
0 0.5774828767123288 0.5728365384615385 0.04366438356164384 0.05384615384615385
0 0.6386986301369864 0.5859375 0.052226027397260275 0.04350961538461538
0 0.7009845890410958 0.4818509615384615 0.029537671232876712 0.059375
0 0.7022688356164384 0.5885817307692308 0.0646404109589041 0.045432692307692306
0 0.8300513698630136 0.5742788461538462 0.04280821917808219 0.06009615384615385
0 0.882277397260274 0.5764423076923076 0.0488013698630137 0.05576923076923077
0 0.9430650684931506 0.575 0.04366438356164384 0.05432692307692308
0 0.9886558219178082 0.5778846153846153 0.025256849315068493 0.055288461538461536
0 0.9910102739726028 0.4868990384615385 0.017123287671232876 0.051201923076923075
0 0.9387842465753424 0.4894230769230769 0.052226027397260275 0.0625
0 0.8715753424657534 0.4885817307692308 0.052226027397260275 0.06850961538461539
0 0.8163527397260274 0.48954326923076924 0.052226027397260275 0.06658653846153846
0 0.7669092465753424 0.5853365384615384 0.055222602739726026 0.04471153846153846
0 0.14747431506849315 0.08040865384615385 0.062071917808219176 0.061778846153846156
