0 0.6691176470588235 0.28017769607843135 0.03431372549019608 0.0585171568627451
0 0.6366421568627451 0.27956495098039214 0.027369281045751634 0.057291666666666664
0 0.7050653594771242 0.28017769607843135 0.0392156862745098 0.0585171568627451
0 0.6004901960784313 0.27818627450980393 0.03104575163398693 0.06311274509803921
0 0.5655637254901961 0.27849264705882354 0.0363562091503268 0.06372549019607843
0 0.5339052287581699 0.2768075980392157 0.025326797385620915 0.06464460784313726
0 0.46568627450980393 0.2835477941176471 0.02042483660130719 0.04503676470588235
0 0.3257761437908497 0.26838235294117646 0.04125816993464052 0.0704656862745098
0 0.4025735294117647 0.26838235294117646 0.03308823529411765 0.07169117647058823
0 0.3662173202614379 0.27159926470588236 0.03308823529411765 0.06525735294117647
0 0.7440767973856209 0.27987132352941174 0.03880718954248366 0.060355392156862746
0 0.2881944444444444 0.26700367647058826 0.030637254901960783 0.0744485294117647
0 0.25102124183006536 0.28232230392156865 0.042075163398692814 0.04442401960784314
0 0.17095588235294118 0.2691482843137255 0.0298202614379085 0.07199754901960784
0 0.8480392156862745 0.3779105392156863 0.035130718954248366 0.0744485294117647
0 0.8088235294117647 0.38005514705882354 0.035130718954248366 0.07383578431372549
0 0.7663398692810458 0.3795955882352941 0.03594771241830065 0.07352941176470588
0 0.43995098039215685 0.28140318627450983 0.03022875816993464 0.046875
0 0.7834967320261438 0.2772671568627451 0.03431372549019608 0.061887254901960786
0 0.26000816993464054 0.18321078431372548 0.04044117647058824 0.06556372549019608
0 0.8527369281045751 0.2760416666666667 0.0363562091503268 0.06433823529411764
0 0.7265114379084967 0.3783700980392157 0.0428921568627451 0.07291666666666667
0 0.29820261437908496 0.18351715686274508 0.03594771241830065 0.06372549019607843
0 0.33700980392156865 0.18458946078431374 0.03594771241830065 0.06403186274509803
0 0.37111928104575165 0.17693014705882354 0.03145424836601307 0.07873774509803921
0 0.4048202614379085 0.17647058823529413 0.031862745098039214 0.07904411764705882
0 0.4387254901960784 0.17754289215686275 0.03594771241830065 0.07567401960784313
0 0.5396241830065359 0.19117647058823528 0.03431372549019608 0.06678921568627451
0 0.5702614379084967 0.19148284313725492 0.026143790849673203 0.06924019607843138
0 0.8165849673202614 0.2772671568627451 0.03349673202614379 0.061274509803921566
0 0.6049836601307189 0.1879595588235294 0.04003267973856209 0.07996323529411764
0 0.7140522875816994 0.18887867647058823 0.03758169934640523 0.07873774509803921
0 0.752859477124183 0.18857230392156862 0.04003267973856209 0.08057598039215687
0 0.7900326797385621 0.1878063725490196 0.03349673202614379 0.07904411764705882
0 0.8290441176470589 0.19041053921568626 0.042075163398692814 0.08302696078431372
0 0.18280228758169934 0.18658088235294118 0.03145424836601307 0.06801470588235294
0 0.15012254901960784 0.1876531862745098 0.03553921568627451 0.06403186274509803
0 0.04534313725490196 0.20588235294117646 0.031862745098039214 0.08149509803921569
0 0.014705882352941176 0.20389093137254902 0.029411764705882353 0.0860906862745098
0 0.6770833333333334 0.19025735294117646 0.03308823529411765 0.07904411764705882
0 0.6427696078431373 0.18887867647058823 0.034722222222222224 0.08118872549019608
0 0.6415441176470589 0.3789828431372549 0.037173202614379085 0.06556372549019608
0 0.6027369281045751 0.37699142156862747 0.03799019607843137 0.07077205882352941
0 0.6787173202614379 0.7267156862745098 0.03145424836601307 0.06985294117647059
0 0.7167075163398693 0.7320772058823529 0.0428921568627451 0.06158088235294118
0 0.7559232026143791 0.7328431372549019 0.034722222222222224 0.06311274509803921
0 0.7959558823529411 0.7391237745098039 0.037173202614379085 0.06219362745098039
0 0.8304738562091504 0.7380514705882353 0.03104575163398693 0.061274509803921566
0 0.19669117647058823 0.6732536764705882 0.07883986928104575 0.013174019607843137
0 0.2734885620915033 0.6760110294117647 0.06495098039215687 0.01685049019607843
0 0.35375816993464054 0.6780024509803921 0.0718954248366013 0.01838235294117647
0 0.429125816993464 0.6753982843137255 0.06658496732026144 0.021752450980392156
0 0.17565359477124182 0.6092218137254902 0.03349673202614379 0.07138480392156862
0 0.2128267973856209 0.6089154411764706 0.03839869281045752 0.07383578431372549
0 0.6323529411764706 0.7213541666666666 0.04738562091503268 0.0744485294117647
0 0.2536764705882353 0.6087622549019608 0.03676470588235294 0.06801470588235294
0 0.32883986928104575 0.6127450980392157 0.03349673202614379 0.06985294117647059
0 0.3619281045751634 0.6132046568627451 0.032679738562091505 0.06954656862745098
0 0.39869281045751637 0.6153492647058824 0.03349673202614379 0.07077205882352941
0 0.43566176470588236 0.6182598039215687 0.03799019607843137 0.06556372549019608
0 0.5265522875816994 0.6309742647058824 0.03022875816993464 0.06893382352941177
0 0.5600490196078431 0.6338848039215687 0.03349673202614379 0.06740196078431372
0 0.5980392156862745 0.6436887254901961 0.03104575163398693 0.05024509803921569
0 0.6327614379084967 0.6375612745098039 0.03349673202614379 0.0625
0 0.6672794117647058 0.6384803921568627 0.030637254901960783 0.06495098039215687
0 0.6997549019607843 0.6387867647058824 0.03431372549019608 0.06433823529411764
0 0.7346813725490197 0.6403186274509803 0.03145424836601307 0.0625
0 0.2922794117647059 0.6107536764705882 0.04125816993464052 0.06770833333333333
0 0.5906862745098039 0.7175245098039216 0.03594771241830065 0.08272058823529412
0 0.5484068627450981 0.7254901960784313 0.03553921568627451 0.06556372549019608
0 0.4636437908496732 0.7291666666666666 0.024509803921568627 0.05575980392156863
0 0.1568627450980392 0.7876838235294118 0.021241830065359478 0.05575980392156863
0 0.17973856209150327 0.7887561274509803 0.022058823529411766 0.05238970588235294
0 0.20383986928104575 0.7909007352941176 0.026143790849673203 0.05606617647058824
0 0.23386437908496732 0.7967218137254902 0.03553921568627451 0.04503676470588235
0 0.2743055555555556 0.7970281862745098 0.03308823529411765 0.04993872549019608
0 0.31147875816993464 0.7987132352941176 0.04044117647058824 0.04718137254901961
0 0.3492647058823529 0.8013174019607843 0.029411764705882353 0.04381127450980392
0 0.38623366013071897 0.7994791666666666 0.039624183006535946 0.048100490196078434
0 0.4215686274509804 0.7987132352941176 0.031862745098039214 0.04656862745098039
0 0.4522058823529412 0.8008578431372549 0.029411764705882353 0.0428921568627451
0 0.5471813725490197 0.8005514705882353 0.0690359477124183 0.06311274509803921
0 0.6196895424836601 0.8022365196078431 0.07761437908496732 0.05912990196078431
0 0.6887254901960784 0.8028492647058824 0.056372549019607844 0.06158088235294118
0 0.7408088235294118 0.8056066176470589 0.0494281045751634 0.05667892156862745
0 0.8302696078431373 0.8152573529411765 0.05514705882352941 0.04350490196078431
0 0.01511437908496732 0.6636029411764706 0.03022875816993464 0.08762254901960784
0 0.0479983660130719 0.6645220588235294 0.034722222222222224 0.08394607843137254
0 0.2005718954248366 0.7213541666666666 0.03022875816993464 0.057291666666666664
0 0.23386437908496732 0.7207414215686274 0.03308823529411765 0.0548406862745098
0 0.2679738562091503 0.7215073529411765 0.031862745098039214 0.05514705882352941
0 0.3014705882352941 0.7233455882352942 0.031862745098039214 0.05392156862745098
0 0.33619281045751637 0.7274816176470589 0.03431372549019608 0.06096813725490196
0 0.3713235294117647 0.7270220588235294 0.035130718954248366 0.061274509803921566
0 0.40441176470588236 0.7264093137254902 0.028594771241830064 0.058823529411764705
0 0.43709150326797386 0.7288602941176471 0.03022875816993464 0.05514705882352941
0 0.7694035947712419 0.6393995098039216 0.037173202614379085 0.06311274509803921
0 0.6834150326797386 0.37637867647058826 0.035130718954248366 0.07383578431372549
0 0.8057598039215687 0.6424632352941176 0.034722222222222224 0.06862745098039216
0 0.02022058823529412 0.5557598039215687 0.04044117647058824 0.09191176470588236
0 0.4599673202614379 0.43995098039215685 0.028594771241830064 0.07107843137254902
0 0.5308415032679739 0.47349877450980393 0.030637254901960783 0.0628063725490196
0 0.5649509803921569 0.4736519607843137 0.03758169934640523 0.061887254901960786
0 0.5996732026143791 0.4725796568627451 0.031862745098039214 0.06096813725490196
0 0.6323529411764706 0.47411151960784315 0.032679738562091505 0.05912990196078431
0 0.6650326797385621 0.47457107843137253 0.03431372549019608 0.06311274509803921
0 0.6997549019607843 0.4722732843137255 0.03431372549019608 0.06893382352941177
0 0.7371323529411765 0.4742647058823529 0.039624183006535946 0.07291666666666667
0 0.7767565359477124 0.4736519607843137 0.034722222222222224 0.07230392156862746
0 0.8112745098039216 0.47150735294117646 0.03431372549019608 0.06740196078431372
0 0.8486519607843137 0.4777879901960784 0.03390522875816993 0.06954656862745098
0 0.43157679738562094 0.43903186274509803 0.0298202614379085 0.07352941176470588
0 0.025122549019607844 0.3121936274509804 0.03390522875816993 0.09129901960784313
0 0.15870098039215685 0.35631127450980393 0.04125816993464052 0.06495098039215687
0 0.20016339869281047 0.35309436274509803 0.04084967320261438 0.06893382352941177
0 0.23897058823529413 0.3544730392156863 0.035130718954248366 0.06556372549019608
0 0.2761437908496732 0.35324754901960786 0.0392156862745098 0.06678921568627451
0 0.31495098039215685 0.35263480392156865 0.03676470588235294 0.06556372549019608
0 0.3574346405228758 0.35431985294117646 0.04330065359477124 0.060355392156862746
0 0.3958333333333333 0.35294117647058826 0.03349673202614379 0.0704656862745098
0 0.4338235294117647 0.35232843137254904 0.03758169934640523 0.0704656862745098
0 0.465890522875817 0.3547794117647059 0.026552287581699346 0.0741421568627451
0 0.5347222222222222 0.3783700980392157 0.03022875816993464 0.07107843137254902
0 0.5667892156862745 0.3783700980392157 0.03553921568627451 0.07107843137254902
0 0.05800653594771242 0.3102022058823529 0.032679738562091505 0.0940563725490196
0 0.3980800653594771 0.4384191176470588 0.03799019607843137 0.07169117647058823
0 0.3619281045751634 0.4384191176470588 0.032679738562091505 0.07230392156862746
0 0.3290441176470588 0.43642769607843135 0.03390522875816993 0.06954656862745098
0 0.060866013071895424 0.5560661764705882 0.03839869281045752 0.09191176470588236
0 0.2128267973856209 0.5240502450980392 0.03839869281045752 0.08057598039215687
0 0.27961601307189543 0.5258884803921569 0.0298202614379085 0.078125
0 0.31495098039215685 0.5260416666666666 0.0392156862745098 0.0784313725490196
0 0.3560049019607843 0.5287990196078431 0.034722222222222224 0.07536764705882353
0 0.3911356209150327 0.5281862745098039 0.03308823529411765 0.08026960784313726
0 0.42626633986928103 0.5292585784313726 0.0363562091503268 0.078125
0 0.460375816993464 0.5291053921568627 0.031862745098039214 0.0784313725490196
0 0.5285947712418301 0.5507046568627451 0.026143790849673203 0.07935049019607843
0 0.5606617647058824 0.5534620098039216 0.04044117647058824 0.07383578431372549
0 0.5984477124183006 0.5528492647058824 0.02696078431372549 0.07138480392156862
0 0.6325571895424836 0.5549938725490197 0.03880718954248366 0.06893382352941177
0 0.6680964052287581 0.5549938725490197 0.03227124183006536 0.06893382352941177
0 0.702001633986928 0.5572916666666666 0.03553921568627451 0.06433823529411764
0 0.7377450980392157 0.5603553921568627 0.031862745098039214 0.06924019607843138
0 0.7745098039215687 0.5603553921568627 0.041666666666666664 0.06862745098039216
0 0.8662173202614379 0.18658088235294118 0.0298202614379085 0.07659313725490197
0 0.8423202614379085 0.5615808823529411 0.04330065359477124 0.06985294117647059
0 0.028186274509803922 0.42861519607843135 0.03431372549019608 0.0821078431372549
0 0.061887254901960786 0.42815563725490197 0.034722222222222224 0.08425245098039216
0 0.15849673202614378 0.4342830882352941 0.03594771241830065 0.07628676470588236
0 0.19281045751633988 0.4342830882352941 0.031862745098039214 0.07628676470588236
0 0.22875816993464052 0.43642769607843135 0.03104575163398693 0.0701593137254902
0 0.25980392156862747 0.43612132352941174 0.031862745098039214 0.07261029411764706
0 0.29616013071895425 0.43704044117647056 0.031862745098039214 0.06954656862745098
0 0.8433415032679739 0.6429227941176471 0.0428921568627451 0.06832107843137254
0 0.8094362745098039 0.5612745098039216 0.024918300653594773 0.07107843137254902
0 0.04370915032679738 0.7760416666666666 0.042483660130718956 0.07659313725490197
0 0.07863562091503268 0.7743566176470589 0.026552287581699346 0.07935049019607843
