0 0.821078431372549 0.5626531862745098 0.06045751633986928 0.12408088235294118
0 0.34068627450980393 0.3518688725490196 0.03022875816993464 0.0860906862745098
0 0.3743872549019608 0.3515625 0.0363562091503268 0.08302696078431372
0 0.4144199346405229 0.3506433823529412 0.04370915032679738 0.08670343137254902
0 0.4564950980392157 0.34911151960784315 0.04125816993464052 0.09099264705882353
0 0.49468954248366015 0.3481924019607843 0.03349673202614379 0.09528186274509803
0 0.9787581699346405 0.7418811274509803 0.04084967320261438 0.09834558823529412
0 0.9156454248366013 0.7360600490196079 0.08129084967320262 0.10447303921568628
0 0.8321078431372549 0.7181372549019608 0.07516339869281045 0.11029411764705882
0 0.7681781045751634 0.7064950980392157 0.046977124183006536 0.03860294117647059
0 0.7718545751633987 0.7457107843137255 0.04044117647058824 0.03370098039215686
0 0.7095588235294118 0.6924019607843137 0.06372549019607843 0.056372549019607844
0 0.7136437908496732 0.6397058823529411 0.06699346405228758 0.0392156862745098
0 0.7128267973856209 0.7386642156862745 0.06535947712418301 0.030637254901960783
0 0.6597222222222222 0.6738664215686274 0.03431372549019608 0.08057598039215687
0 0.6182598039215687 0.6749387254901961 0.04370915032679738 0.0661764705882353
0 0.5759803921568627 0.6599264705882353 0.03839869281045752 0.07965686274509803
0 0.5322712418300654 0.6553308823529411 0.04656862745098039 0.0857843137254902
0 0.4875408496732026 0.6515012254901961 0.037173202614379085 0.07322303921568628
0 0.3090277777777778 0.34911151960784315 0.030637254901960783 0.08363970588235294
0 0.2775735294117647 0.3492647058823529 0.027369281045751634 0.08149509803921569
0 0.24897875816993464 0.35079656862745096 0.027369281045751634 0.07904411764705882
0 0.21956699346405228 0.3524816176470588 0.02900326797385621 0.07689950980392157
0 0.769812091503268 0.5602022058823529 0.03799019607843137 0.11611519607843138
0 0.7185457516339869 0.5349264705882353 0.058823529411764705 0.03370098039215686
0 0.7201797385620915 0.5 0.058823529411764705 0.03370098039215686
0 0.7148692810457516 0.586703431372549 0.06454248366013073 0.06066176470588235
0 0.17544934640522875 0.2532169117647059 0.03553921568627451 0.07138480392156862
0 0.13868464052287582 0.25015318627450983 0.030637254901960783 0.07751225490196079
0 0.10804738562091504 0.17294730392156862 0.02246732026143791 0.06954656862745098
0 0.08231209150326797 0.17325367647058823 0.024918300653594773 0.06709558823529412
0 0.05698529411764706 0.17493872549019607 0.024101307189542485 0.06004901960784314
0 0.8852124183006536 0.5683210784313726 0.06699346405228758 0.1323529411764706
0 0.03125 0.17478553921568626 0.023284313725490197 0.05667892156862745
0 0.05494281045751634 0.2584252450980392 0.020016339869281044 0.060355392156862746
0 0.03002450980392157 0.25827205882352944 0.02246732026143791 0.0545343137254902
0 0.9564950980392157 0.5692401960784313 0.07230392156862746 0.13419117647058823
0 0.015931372549019607 0.3556985294117647 0.021241830065359478 0.056372549019607844
0 0.03656045751633987 0.3553921568627451 0.01919934640522876 0.05575980392156863
0 0.05718954248366013 0.35661764705882354 0.021241830065359478 0.05821078431372549
0 0.14113562091503268 0.34543504901960786 0.024918300653594773 0.07751225490196079
0 0.16850490196078433 0.34482230392156865 0.026552287581699346 0.07689950980392157
0 0.19383169934640523 0.34589460784313725 0.02246732026143791 0.0821078431372549
0 0.009191176470588236 0.17524509803921567 0.01838235294117647 0.06066176470588235
0 0.008782679738562092 0.26026348039215685 0.017565359477124183 0.0585171568627451
0 0.09926470588235294 0.7673100490196079 0.016339869281045753 0.06341911764705882
0 0.5277777777777778 0.34957107843137253 0.035130718954248366 0.09803921568627451
0 0.04370915032679738 0.5300245098039216 0.02287581699346405 0.05575980392156863
0 0.02267156862745098 0.5271139705882353 0.020016339869281044 0.05545343137254902
0 0.005718954248366013 0.5291053921568627 0.011437908496732025 0.05392156862745098
0 0.11805555555555555 0.45450367647058826 0.021241830065359478 0.057904411764705885
0 0.09436274509803921 0.46170343137254904 0.02042483660130719 0.0428921568627451
0 0.07291666666666667 0.4577205882352941 0.020833333333333332 0.0428921568627451
0 0.04963235294117647 0.4450061274509804 0.020833333333333332 0.06587009803921569
0 0.02798202614379085 0.44515931372549017 0.020016339869281044 0.0661764705882353
0 0.007965686274509803 0.44347426470588236 0.015931372549019607 0.06525735294117647
0 0.1482843137254902 0.43964460784313725 0.032679738562091505 0.0741421568627451
0 0.06433823529411764 0.5332414215686274 0.017565359477124183 0.057291666666666664
0 0.18218954248366012 0.4419424019607843 0.029411764705882353 0.07873774509803921
0 0.25163398692810457 0.4404105392156863 0.03431372549019608 0.09160539215686274
0 0.2849264705882353 0.44378063725490197 0.02900326797385621 0.09283088235294118
0 0.31924019607843135 0.4456188725490196 0.037173202614379085 0.0940563725490196
0 0.35518790849673204 0.4486825980392157 0.030637254901960783 0.08915441176470588
0 0.38848039215686275 0.4496017156862745 0.03594771241830065 0.0940563725490196
0 0.42810457516339867 0.4540441176470588 0.04003267973856209 0.09436274509803921
0 0.4681372549019608 0.4569546568627451 0.03431372549019608 0.09221813725490197
0 0.5108251633986928 0.46017156862745096 0.04779411764705882 0.09620098039215687
0 0.5610702614379085 0.46338848039215685 0.04861111111111111 0.09712009803921569
0 0.6100898692810458 0.46706495098039214 0.04616013071895425 0.09895833333333333
0 0.21486928104575165 0.44025735294117646 0.032679738562091505 0.08333333333333333
0 0.08639705882352941 0.5396752450980392 0.02246732026143791 0.05361519607843137
0 0.10845588235294118 0.5407475490196079 0.020016339869281044 0.058823529411764705
0 0.12826797385620914 0.5405943627450981 0.016339869281045753 0.0585171568627451
0 0.5645424836601307 0.34911151960784315 0.03839869281045752 0.09712009803921569
0 0.602328431372549 0.3509497549019608 0.03799019607843137 0.10324754901960784
0 0.6423611111111112 0.3509497549019608 0.039624183006535946 0.1056985294117647
0 0.6793300653594772 0.35324754901960786 0.03104575163398693 0.10232843137254902
0 0.7295751633986928 0.36550245098039214 0.059640522875817 0.08394607843137254
0 0.9707924836601307 0.4102328431372549 0.05759803921568627 0.12806372549019607
0 0.9040032679738562 0.40732230392156865 0.06290849673202614 0.13572303921568626
0 0.8386437908496732 0.4094669117647059 0.06290849673202614 0.13449754901960784
0 0.7818627450980392 0.4096200980392157 0.04411764705882353 0.13174019607843138
0 0.6537990196078431 0.5718443627450981 0.04779411764705882 0.0860906862745098
0 0.6029411764705882 0.5677083333333334 0.049019607843137254 0.08823529411764706
0 0.5522875816993464 0.5615808823529411 0.049836601307189546 0.08700980392156862
0 0.5044934640522876 0.5569852941176471 0.042483660130718956 0.0857843137254902
0 0.45955882352941174 0.5507046568627451 0.04411764705882353 0.08302696078431372
0 0.4166666666666667 0.5477941176470589 0.03839869281045752 0.08333333333333333
0 0.3790849673202614 0.5427389705882353 0.031862745098039214 0.07873774509803921
0 0.34415849673202614 0.5367647058823529 0.034722222222222224 0.07598039215686274
0 0.309640522875817 0.5347732843137255 0.031862745098039214 0.07873774509803921
0 0.2806372549019608 0.5317095588235294 0.026143790849673203 0.07261029411764706
0 0.24693627450980393 0.5278799019607843 0.03553921568627451 0.07598039215686274
0 0.2107843137254902 0.5229779411764706 0.03104575163398693 0.0741421568627451
0 0.18137254901960784 0.5208333333333334 0.028594771241830064 0.07169117647058823
0 0.15093954248366012 0.5251225490196079 0.026552287581699346 0.05698529411764706
0 0.44730392156862747 0.6404718137254902 0.042483660130718956 0.07567401960784313
0 0.4054330065359477 0.6361825980392157 0.03799019607843137 0.07751225490196079
0 0.02369281045751634 0.6035539215686274 0.018790849673202614 0.04718137254901961
0 0.3290441176470588 0.6217830882352942 0.03308823529411765 0.0701593137254902
0 0.8923611111111112 0.8439031862745098 0.05923202614379085 0.03707107843137255
0 0.8220996732026143 0.8336397058823529 0.068218954248366 0.09436274509803921
0 0.7506127450980392 0.8524816176470589 0.05841503267973856 0.03278186274509804
0 0.7544934640522876 0.8155637254901961 0.06290849673202614 0.03676470588235294
0 0.6930147058823529 0.8013174019607843 0.054330065359477125 0.0897671568627451
0 0.6321486928104575 0.7763480392156863 0.06495098039215687 0.11397058823529412
0 0.5629084967320261 0.7596507352941176 0.0661764705882353 0.10202205882352941
0 0.4166666666666667 0.7306985294117647 0.06045751633986928 0.09252450980392157
0 0.35866013071895425 0.7208946078431373 0.051470588235294115 0.09620098039215687
0 0.8884803921568627 0.8805147058823529 0.06209150326797386 0.032475490196078434
0 0.3082107843137255 0.7120098039215687 0.046977124183006536 0.09497549019607843
0 0.21058006535947713 0.6930147058823529 0.046977124183006536 0.08394607843137254
0 0.16891339869281047 0.6825980392156863 0.03390522875816993 0.0900735294117647
0 0.13419117647058823 0.6979166666666666 0.028186274509803922 0.0508578431372549
0 0.10294117647058823 0.6910232843137255 0.021241830065359478 0.05606617647058824
0 0.08088235294117647 0.6914828431372549 0.022058823529411766 0.05392156862745098
0 0.7201797385620915 0.44837622549019607 0.058823529411764705 0.0701593137254902
0 0.20894607843137256 0.24800857843137256 0.03145424836601307 0.07751225490196079
0 0.24162581699346405 0.2495404411764706 0.03145424836601307 0.07873774509803921
0 0.2741013071895425 0.24846813725490197 0.031862745098039214 0.0784313725490196
0 0.25919117647058826 0.6988357843137255 0.04616013071895425 0.0900735294117647
0 0.963031045751634 0.8622855392156863 0.07393790849673203 0.08425245098039216
0 0.9377042483660131 0.9672181372549019 0.0625 0.06556372549019608
0 0.8676470588235294 0.9646139705882353 0.07107843137254902 0.07322303921568628
0 0.1380718954248366 0.7751225490196079 0.02042483660130719 0.06311274509803921
0 0.11723856209150327 0.7693014705882353 0.016339869281045753 0.06740196078431372
0 0.08088235294117647 0.7593443627450981 0.018790849673202614 0.06341911764705882
0 0.06066176470588235 0.7588848039215687 0.020833333333333332 0.06556372549019608
0 0.042075163398692814 0.7516850490196079 0.016339869281045753 0.06158088235294118
0 0.024101307189542485 0.7467830882352942 0.017973856209150325 0.0628063725490196
0 0.007148692810457516 0.742953431372549 0.014297385620915032 0.06066176470588235
0 0.1693218954248366 0.7814031862745098 0.03880718954248366 0.0860906862745098
0 0.21262254901960784 0.7938112745098039 0.04616013071895425 0.08946078431372549
0 0.26266339869281047 0.8063725490196079 0.049836601307189546 0.0900735294117647
0 0.31004901960784315 0.8184742647058824 0.04003267973856209 0.10692401960784313
0 0.35437091503267976 0.8350183823529411 0.04534313725490196 0.10508578431372549
0 0.4131944444444444 0.8446691176470589 0.06740196078431372 0.11642156862745098
0 0.48141339869281047 0.8558517156862745 0.06658496732026144 0.11182598039215687
0 0.5500408496732027 0.8756127450980392 0.068218954248366 0.11090686274509803
0 0.6078431372549019 0.8952205882352942 0.041666666666666664 0.09926470588235294
0 0.6617647058823529 0.9290747549019608 0.06454248366013073 0.07628676470588236
0 0.7254901960784313 0.9650735294117647 0.06045751633986928 0.03002450980392157
0 0.7254901960784313 0.9339767156862745 0.05473856209150327 0.03155637254901961
0 0.7293709150326797 0.8964460784313726 0.051879084967320264 0.037377450980392156
0 0.7937091503267973 0.9541973039215687 0.07352941176470588 0.0940563725490196
0 0.31066176470588236 0.24923406862745098 0.03799019607843137 0.07138480392156862
0 0.3400735294117647 0.2512254901960784 0.017565359477124183 0.06801470588235294
0 0.3588643790849673 0.2627144607843137 0.020016339869281044 0.04503676470588235
0 0.3776552287581699 0.2613357843137255 0.017565359477124183 0.04779411764705882
0 0.4040032679738562 0.13541666666666666 0.03022875816993464 0.10049019607843138
0 0.3743872549019608 0.13725490196078433 0.026552287581699346 0.09865196078431372
0 0.34068627450980393 0.13648897058823528 0.03349673202614379 0.11488970588235294
0 0.3069852941176471 0.13648897058823528 0.030637254901960783 0.109375
0 0.2743055555555556 0.1401654411764706 0.0298202614379085 0.10876225490196079
0 0.24754901960784315 0.15042892156862744 0.02696078431372549 0.09129901960784313
0 0.2142565359477124 0.15471813725490197 0.03799019607843137 0.09497549019607843
0 0.17851307189542484 0.15487132352941177 0.03104575163398693 0.08425245098039216
0 0.14052287581699346 0.15885416666666666 0.04084967320261438 0.09221813725490197
0 0.058619281045751634 0.6850490196078431 0.016748366013071895 0.05759803921568627
0 0.032883986928104576 0.6799938725490197 0.01919934640522876 0.05545343137254902
0 0.11070261437908496 0.6158088235294118 0.02042483660130719 0.05821078431372549
0 0.08639705882352941 0.6075367647058824 0.025735294117647058 0.05821078431372549
0 0.061683006535947715 0.6075367647058824 0.02287581699346405 0.05269607843137255
0 0.042279411764705885 0.6064644607843137 0.016748366013071895 0.050551470588235295
0 0.006535947712418301 0.6049325980392157 0.013071895424836602 0.03952205882352941
0 0.1687091503267974 0.6191789215686274 0.029411764705882353 0.0196078431372549
0 0.19587418300653595 0.6084558823529411 0.01919934640522876 0.0545343137254902
0 0.22181372549019607 0.6119791666666666 0.031862745098039214 0.06158088235294118
0 0.2577614379084967 0.6153492647058824 0.03594771241830065 0.060355392156862746
0 0.2979983660130719 0.6165747549019608 0.023284313725490197 0.0628063725490196
0 0.4334150326797386 0.1326593137254902 0.025326797385620915 0.1017156862745098
0 0.36642156862745096 0.6274509803921569 0.03676470588235294 0.07352941176470588
0 0.45935457516339867 0.12852328431372548 0.027369281045751634 0.10692401960784313
0 0.5547385620915033 0.12224264705882353 0.08251633986928104 0.10845588235294118
0 0.4011437908496732 0.25214460784313725 0.026143790849673203 0.06678921568627451
0 0.4244281045751634 0.2555147058823529 0.018790849673202614 0.06004901960784314
0 0.4464869281045752 0.2575061274509804 0.0196078431372549 0.06158088235294118
0 0.46834150326797386 0.25643382352941174 0.024101307189542485 0.056372549019607844
0 0.4928513071895425 0.25643382352941174 0.02246732026143791 0.05943627450980392
0 0.5189950980392157 0.25582107843137253 0.02165032679738562 0.06066176470588235
0 0.5537173202614379 0.24065563725490197 0.044526143790849675 0.08670343137254902
0 0.6002859477124183 0.23866421568627452 0.04861111111111111 0.08455882352941177
0 0.6480800653594772 0.23682598039215685 0.044526143790849675 0.08700980392156862
0 0.6954656862745098 0.23345588235294118 0.04616013071895425 0.09129901960784313
0 0.7416258169934641 0.23360906862745098 0.037173202614379085 0.0940563725490196
0 0.7877859477124183 0.2565870098039216 0.054330065359477125 0.12775735294117646
0 0.8343545751633987 0.2568933823529412 0.04044117647058824 0.1326593137254902
0 0.8868464052287581 0.24463848039215685 0.059640522875817 0.13756127450980393
0 0.9571078431372549 0.2428002450980392 0.07598039215686274 0.13633578431372548
0 0.9305555555555556 0.07858455882352941 0.07598039215686274 0.1332720588235294
0 0.8566176470588235 0.09436274509803921 0.06372549019607843 0.11887254901960784
0 0.8008578431372549 0.10615808823529412 0.04534313725490196 0.10447303921568628
0 0.7481617647058824 0.09865196078431372 0.0559640522875817 0.1329656862745098
0 0.6879084967320261 0.1015625 0.06045751633986928 0.13694852941176472
0 0.6266339869281046 0.11044730392156862 0.05800653594771242 0.12714460784313725
0 0.49468954248366015 0.12071078431372549 0.04003267973856209 0.11887254901960784
0 0.6607434640522876 0.47012867647058826 0.051879084967320264 0.09466911764705882
