0 0.10845588235294118 0.3483455882352941 0.04534313725490196 0.10661764705882353
0 0.3999183006535948 0.11151960784313726 0.08088235294117647 0.21446078431372548
0 0.508578431372549 0.17264093137254902 0.10375816993464053 0.0897671568627451
0 0.6088643790849673 0.1724877450980392 0.07393790849673203 0.0900735294117647
0 0.7383578431372549 0.11167279411764706 0.0886437908496732 0.22150735294117646
0 0.9211601307189542 0.3244485294117647 0.042483660130718956 0.08517156862745098
0 0.9634395424836601 0.1211703431372549 0.07475490196078431 0.21231617647058823
0 0.9714052287581699 0.3232230392156863 0.05065359477124183 0.0900735294117647
0 0.8754084967320261 0.31786151960784315 0.04330065359477124 0.0860906862745098
0 0.8139297385620915 0.33348651960784315 0.04861111111111111 0.10202205882352941
0 0.7608251633986928 0.33425245098039214 0.04125816993464052 0.10294117647058823
0 0.7058823529411765 0.3314950980392157 0.05065359477124183 0.11090686274509803
0 0.6550245098039216 0.3336397058823529 0.044526143790849675 0.1017156862745098
0 0.8647875816993464 0.1133578431372549 0.09803921568627451 0.22058823529411764
0 0.5988562091503268 0.06387867647058823 0.08333333333333333 0.10692401960784313
0 0.8511029411764706 0.43566176470588236 0.04779411764705882 0.09558823529411764
0 0.2275326797385621 0.3215379901960784 0.04330065359477124 0.10079656862745098
0 0.8251633986928104 0.6003370098039216 0.041666666666666664 0.057904411764705885
0 0.1403186274509804 0.586703431372549 0.0298202614379085 0.0428921568627451
0 0.09987745098039216 0.5876225490196079 0.04125816993464052 0.04105392156862745
0 0.05718954248366013 0.5865502450980392 0.03839869281045752 0.040747549019607844
0 0.015727124183006536 0.5834865196078431 0.03145424836601307 0.04197303921568627
0 0.5002042483660131 0.5197610294117647 0.034722222222222224 0.050551470588235295
0 0.4618055555555556 0.5186887254901961 0.030637254901960783 0.05514705882352941
0 0.4223856209150327 0.5174632352941176 0.02696078431372549 0.05269607843137255
0 0.3827614379084967 0.5355392156862745 0.03349673202614379 0.056372549019607844
0 0.3431372549019608 0.5332414215686274 0.04003267973856209 0.06341911764705882
0 0.29697712418300654 0.5353860294117647 0.03676470588235294 0.05667892156862745
0 0.25612745098039214 0.5329350490196079 0.03758169934640523 0.05912990196078431
0 0.21507352941176472 0.5321691176470589 0.03145424836601307 0.05575980392156863
0 0.8682598039215687 0.6049325980392157 0.042075163398692814 0.0585171568627451
0 0.17340686274509803 0.5281862745098039 0.03390522875816993 0.061274509803921566
0 0.09415849673202614 0.5286458333333334 0.03308823529411765 0.0628063725490196
0 0.05575980392156863 0.5263480392156863 0.03553921568627451 0.06004901960784314
0 0.0181781045751634 0.5291053921568627 0.026552287581699346 0.05698529411764706
0 0.6109068627450981 0.5591299019607843 0.03553921568627451 0.05330882352941176
0 0.5698529411764706 0.5551470588235294 0.028594771241830064 0.061274509803921566
0 0.5365604575163399 0.5598958333333334 0.02165032679738562 0.05422794117647059
0 0.8276143790849673 0.5177696078431373 0.03676470588235294 0.042279411764705885
0 0.7867647058823529 0.5159313725490197 0.03431372549019608 0.03615196078431373
0 0.7518382352941176 0.5159313725490197 0.030637254901960783 0.03860294117647059
0 0.7156862745098039 0.5174632352941176 0.02369281045751634 0.03799019607843137
0 0.6815767973856209 0.5147058823529411 0.03145424836601307 0.04105392156862745
0 0.6587009803921569 0.6004901960784313 0.03553921568627451 0.05759803921568627
0 0.6991421568627451 0.6014093137254902 0.037173202614379085 0.05821078431372549
0 0.13459967320261437 0.5265012254901961 0.03227124183006536 0.06709558823529412
0 0.16441993464052287 0.3475796568627451 0.05514705882352941 0.10814950980392157
0 0.9556781045751634 0.6151960784313726 0.04534313725490196 0.04779411764705882
0 0.965890522875817 0.5560661764705882 0.039624183006535946 0.05943627450980392
0 0.2769607843137255 0.3235294117647059 0.04330065359477124 0.1017156862745098
0 0.32679738562091504 0.3249080882352941 0.04738562091503268 0.10447303921568628
0 0.38439542483660133 0.32919730392156865 0.05718954248366013 0.10814950980392157
0 0.45526960784313725 0.32306985294117646 0.04044117647058824 0.09283088235294118
0 0.4993872549019608 0.32184436274509803 0.039624183006535946 0.09283088235294118
0 0.5453431372549019 0.3244485294117647 0.042483660130718956 0.09987745098039216
0 0.5906862745098039 0.3241421568627451 0.04084967320261438 0.09558823529411764
0 0.0181781045751634 0.40870098039215685 0.0363562091503268 0.0974264705882353
0 0.05780228758169935 0.4103860294117647 0.0363562091503268 0.09895833333333333
0 0.10130718954248366 0.43121936274509803 0.04084967320261438 0.04993872549019608
0 0.15461601307189543 0.43918504901960786 0.03880718954248366 0.06832107843137254
0 0.20588235294117646 0.43734681372549017 0.042483660130718956 0.06954656862745098
0 0.2526552287581699 0.4241727941176471 0.037173202614379085 0.09099264705882353
0 0.9107434640522876 0.6104473039215687 0.03799019607843137 0.05238970588235294
0 0.29758986928104575 0.42401960784313725 0.04125816993464052 0.09375
0 0.40012254901960786 0.4290747549019608 0.04534313725490196 0.08363970588235294
0 0.44750816993464054 0.42386642156862747 0.034722222222222224 0.0940563725490196
0 0.5008169934640523 0.42356004901960786 0.0457516339869281 0.09466911764705882
0 0.5498366013071896 0.42662377450980393 0.04820261437908497 0.09589460784313726
0 0.5974264705882353 0.4267769607843137 0.04125816993464052 0.08823529411764706
0 0.6466503267973857 0.4299938725490196 0.04411764705882353 0.08425245098039216
0 0.6968954248366013 0.4345894607843137 0.0457516339869281 0.08486519607843138
0 0.7508169934640523 0.4319852941176471 0.04493464052287582 0.08762254901960784
0 0.8000408496732027 0.43137254901960786 0.04125816993464052 0.08884803921568628
0 0.17340686274509803 0.1092218137254902 0.10253267973856209 0.20680147058823528
0 0.9050245098039216 0.43075980392156865 0.039624183006535946 0.09987745098039216
0 0.9593545751633987 0.4330575980392157 0.05269607843137255 0.0977328431372549
0 0.920751633986928 0.5516237745098039 0.04493464052287582 0.0585171568627451
0 0.34558823529411764 0.42723651960784315 0.03839869281045752 0.08486519607843138
0 0.06658496732026144 0.10477941176470588 0.08741830065359477 0.20833333333333334
0 0.2965686274509804 0.10278799019607843 0.09558823529411764 0.20496323529411764
0 0.7816584967320261 0.5997242647058824 0.037173202614379085 0.06403186274509803
0 0.9140114379084967 0.8196997549019608 0.08455882352941177 0.05177696078431373
0 0.8429330065359477 0.7431066176470589 0.08047385620915033 0.05422794117647059
0 0.9330065359477124 0.7481617647058824 0.08905228758169935 0.051470588235294115
0 0.9530228758169934 0.6917892156862745 0.08986928104575163 0.05514705882352941
0 0.8539624183006536 0.6852022058823529 0.08619281045751634 0.05116421568627451
0 0.7620506535947712 0.6824448529411765 0.08700980392156862 0.05667892156862745
0 0.7555147058823529 0.7406556372549019 0.08047385620915033 0.04871323529411765
0 0.6640114379084967 0.7375919117647058 0.0886437908496732 0.04993872549019608
0 0.5731209150326797 0.7340686274509803 0.0784313725490196 0.052083333333333336
0 0.6662581699346405 0.6761642156862745 0.08660130718954248 0.052083333333333336
0 0.5714869281045751 0.6715686274509803 0.08496732026143791 0.051470588235294115
0 0.48223039215686275 0.7279411764705882 0.07802287581699346 0.052083333333333336
0 0.3991013071895425 0.7247242647058824 0.07924836601307189 0.04871323529411765
0 0.3082107843137255 0.7218137254901961 0.0821078431372549 0.04963235294117647
0 0.3220996732026144 0.6591605392156863 0.13031045751633988 0.05116421568627451
0 0.19424019607843138 0.7150735294117647 0.07883986928104575 0.05330882352941176
0 0.10620915032679738 0.7162990196078431 0.07761437908496732 0.0508578431372549
0 0.030841503267973858 0.7115502450980392 0.061683006535947715 0.048100490196078434
0 0.1039624183006536 0.657015931372549 0.08292483660130719 0.053002450980392156
0 0.02920751633986928 0.6534926470588235 0.05841503267973856 0.05514705882352941
0 0.5022467320261438 0.5934436274509803 0.03553921568627451 0.051470588235294115
0 0.45669934640522875 0.5897671568627451 0.03022875816993464 0.051470588235294115
0 0.4193218954248366 0.5883884803921569 0.03145424836601307 0.04932598039215686
0 0.3786764705882353 0.5932904411764706 0.031862745098039214 0.04442401960784314
0 0.33986928104575165 0.5940563725490197 0.03349673202614379 0.04534313725490196
0 0.2994281045751634 0.5920649509803921 0.03839869281045752 0.04197303921568627
0 0.25735294117647056 0.5932904411764706 0.03349673202614379 0.04442401960784314
0 0.2167075163398693 0.5900735294117647 0.034722222222222224 0.04595588235294118
0 0.17708333333333334 0.5863970588235294 0.03145424836601307 0.04350490196078431
0 0.980187908496732 0.8216911764705882 0.03880718954248366 0.04779411764705882
0 0.7397875816993464 0.5981924019607843 0.03676470588235294 0.05912990196078431
0 0.9724264705882353 0.8728553921568627 0.0559640522875817 0.041666666666666664
0 0.8178104575163399 0.8762254901960784 0.08333333333333333 0.044730392156862746
0 0.12234477124183006 0.8339460784313726 0.07312091503267974 0.03799019607843137
0 0.20772058823529413 0.8316482843137255 0.07230392156862746 0.04258578431372549
0 0.20833333333333334 0.7826286764705882 0.08006535947712418 0.04136029411764706
0 0.1184640522875817 0.7826286764705882 0.08496732026143791 0.0389093137254902
0 0.03329248366013072 0.7781862745098039 0.06658496732026144 0.04534313725490196
0 0.037173202614379085 0.8301164215686274 0.07434640522875817 0.043198529411764705
0 0.04738562091503268 0.8737745098039216 0.07026143790849673 0.03982843137254902
0 0.12602124183006536 0.8762254901960784 0.07066993464052287 0.03982843137254902
0 0.20241013071895425 0.8776041666666666 0.0763888888888889 0.04197303921568627
0 0.2107843137254902 0.9246323529411765 0.0718954248366013 0.03676470588235294
0 0.13194444444444445 0.9189644607843137 0.0661764705882353 0.035845588235294115
0 0.052083333333333336 0.9162071078431373 0.07802287581699346 0.0389093137254902
0 0.3321078431372549 0.9083946078431373 0.12990196078431374 0.08455882352941177
0 0.4569035947712418 0.9166666666666666 0.11315359477124183 0.08762254901960784
0 0.46629901960784315 0.8178615196078431 0.11805555555555555 0.0897671568627451
0 0.33782679738562094 0.8109681372549019 0.1119281045751634 0.09129901960784313
0 0.5559640522875817 0.8190870098039216 0.05718954248366013 0.0352328431372549
0 0.6546160130718954 0.8042279411764706 0.07965686274509803 0.03799019607843137
0 0.6435866013071896 0.8532475490196079 0.08374183006535947 0.03860294117647059
0 0.6401143790849673 0.8984375 0.07679738562091504 0.0352328431372549
0 0.6313316993464052 0.9451593137254902 0.07312091503267974 0.0428921568627451
0 0.7099673202614379 0.9485294117647058 0.0784313725490196 0.03860294117647059
0 0.7928921568627451 0.9540441176470589 0.07924836601307189 0.037377450980392156
0 0.8711192810457516 0.9549632352941176 0.07066993464052287 0.04044117647058824
0 0.9585375816993464 0.9627757352941176 0.08455882352941177 0.04258578431372549
0 0.9628267973856209 0.9180453431372549 0.07352941176470588 0.0352328431372549
0 0.8862336601307189 0.9146752450980392 0.07475490196078431 0.03216911764705882
0 0.8037173202614379 0.9183517156862745 0.07802287581699346 0.024816176470588234
0 0.7173202614379085 0.9039522058823529 0.08006535947712418 0.046262254901960786
0 0.9013480392156863 0.8723958333333334 0.07883986928104575 0.04258578431372549
