0 0.5674019607843137 0.6749387254901961 0.05310457516339869 0.07352941176470588
0 0.38500816993464054 0.6686580882352942 0.04861111111111111 0.05116421568627451
0 0.5093954248366013 0.6772365196078431 0.04738562091503268 0.078125
0 0.4462826797385621 0.6743259803921569 0.05759803921568627 0.06985294117647059
0 0.3312908496732026 0.6678921568627451 0.05228758169934641 0.04963235294117647
0 0.6441993464052288 0.12974877450980393 0.05718954248366013 0.08915441176470588
0 0.22630718954248366 0.671109068627451 0.04330065359477124 0.05606617647058824
0 0.054330065359477125 0.4019607843137255 0.07924836601307189 0.08272058823529412
0 0.125 0.39659926470588236 0.0457516339869281 0.08915441176470588
0 0.17585784313725492 0.33425245098039214 0.0494281045751634 0.0741421568627451
0 0.24754901960784315 0.3393075980392157 0.05310457516339869 0.08425245098039216
0 0.3562091503267974 0.3400735294117647 0.059640522875817 0.08333333333333333
0 0.4099264705882353 0.33670343137254904 0.04370915032679738 0.08639705882352941
0 0.465890522875817 0.3512561274509804 0.04534313725490196 0.06403186274509803
0 0.5218545751633987 0.34957107843137253 0.04370915032679738 0.06801470588235294
0 0.5745506535947712 0.3492647058823529 0.054330065359477125 0.07352941176470588
0 0.6376633986928104 0.3512561274509804 0.05718954248366013 0.07383578431372549
0 0.5706699346405228 0.24831495098039216 0.05310457516339869 0.0628063725490196
0 0.7022058823529411 0.3481924019607843 0.0661764705882353 0.07751225490196079
0 0.8047385620915033 0.13786764705882354 0.04738562091503268 0.09068627450980392
0 0.8739787581699346 0.15287990196078433 0.06576797385620915 0.06433823529411764
0 0.960171568627451 0.15793504901960784 0.07883986928104575 0.07199754901960784
0 0.9415849673202614 0.36856617647058826 0.028594771241830064 0.04779411764705882
0 0.9125816993464052 0.3678002450980392 0.025326797385620915 0.046262254901960786
0 0.8192401960784313 0.3255208333333333 0.04370915032679738 0.012561274509803922
0 0.8666258169934641 0.32643995098039214 0.04125816993464052 0.011948529411764705
0 0.8666258169934641 0.34206495098039214 0.04370915032679738 0.0070465686274509805
0 0.8192401960784313 0.34191176470588236 0.046977124183006536 0.011029411764705883
0 0.8204656862745098 0.3555453431372549 0.04616013071895425 0.009497549019607842
0 0.7234477124183006 0.14522058823529413 0.059640522875817 0.08333333333333333
0 0.872140522875817 0.3555453431372549 0.0457516339869281 0.011948529411764705
0 0.5177696078431373 0.23774509803921567 0.04779411764705882 0.07107843137254902
0 0.4270833333333333 0.23161764705882354 0.042075163398692814 0.09558823529411764
0 0.9836601307189542 0.2633272058823529 0.03431372549019608 0.05177696078431373
0 0.9281045751633987 0.26639093137254904 0.05065359477124183 0.060355392156862746
0 0.8733660130718954 0.2617953431372549 0.035130718954248366 0.0585171568627451
0 0.8312908496732027 0.26256127450980393 0.04493464052287582 0.06004901960784314
0 0.7606209150326797 0.24892769607843138 0.06290849673202614 0.07873774509803921
0 0.6911764705882353 0.24908088235294118 0.05718954248366013 0.06433823529411764
0 0.6321486928104575 0.24724264705882354 0.05923202614379085 0.06311274509803921
0 0.09252450980392157 0.2261029411764706 0.09436274509803921 0.12193627450980392
0 0.03880718954248366 0.11519607843137254 0.03839869281045752 0.06678921568627451
0 0.12397875816993464 0.11151960784313726 0.046977124183006536 0.06862745098039216
0 0.471609477124183 0.2423406862745098 0.03390522875816993 0.06556372549019608
0 0.16666666666666666 0.11979166666666667 0.028594771241830064 0.061887254901960786
0 0.28288398692810457 0.11933210784313726 0.0625 0.078125
0 0.34415849673202614 0.12990196078431374 0.04534313725490196 0.06740196078431372
0 0.4099264705882353 0.12683823529411764 0.06658496732026144 0.06862745098039216
0 0.5279820261437909 0.12454044117647059 0.05269607843137255 0.0897671568627451
0 0.5837418300653595 0.1253063725490196 0.04656862745098039 0.08823529411764706
0 0.16993464052287582 0.22870710784313725 0.03758169934640523 0.07261029411764706
0 0.21343954248366012 0.22564338235294118 0.04044117647058824 0.08731617647058823
0 0.2610294117647059 0.22028186274509803 0.041666666666666664 0.09313725490196079
0 0.31699346405228757 0.22778799019607843 0.049019607843137254 0.08547794117647059
0 0.3756127450980392 0.23115808823529413 0.05269607843137255 0.08731617647058823
0 0.21568627450980393 0.11672794117647059 0.04493464052287582 0.07352941176470588
0 0.8184232026143791 0.36825980392156865 0.04861111111111111 0.010416666666666666
0 0.8707107843137255 0.36887254901960786 0.0428921568627451 0.011642156862745098
0 0.8176062091503268 0.38112745098039214 0.04044117647058824 0.012254901960784314
0 0.9734477124183006 0.5968137254901961 0.04656862745098039 0.024509803921568627
0 0.8625408496732027 0.5683210784313726 0.026552287581699346 0.011029411764705883
0 0.8176062091503268 0.5661764705882353 0.05024509803921569 0.018995098039215685
0 0.8143382352941176 0.6004901960784313 0.05024509803921569 0.029411764705882353
0 0.8629493464052288 0.6374080882352942 0.04370915032679738 0.02297794117647059
0 0.9121732026143791 0.640625 0.05065359477124183 0.024509803921568627
0 0.9138071895424836 0.6666666666666666 0.03839869281045752 0.02144607843137255
0 0.8745915032679739 0.6776960784313726 0.03431372549019608 0.025122549019607844
0 0.9863153594771242 0.6853553921568627 0.027369281045751634 0.05024509803921569
0 0.8188316993464052 0.671109068627451 0.03308823529411765 0.07567401960784313
0 0.9724264705882353 0.5658700980392157 0.044526143790849675 0.020833333333333332
0 0.7751225490196079 0.6776960784313726 0.0494281045751634 0.0741421568627451
0 0.6601307189542484 0.5736825980392157 0.05392156862745098 0.07077205882352941
0 0.5933415032679739 0.5859375 0.05024509803921569 0.06587009803921569
0 0.5496323529411765 0.5677083333333334 0.0298202614379085 0.061887254901960786
0 0.5044934640522876 0.5836397058823529 0.05718954248366013 0.06372549019607843
0 0.44546568627450983 0.5741421568627451 0.03308823529411765 0.08149509803921569
0 0.4011437908496732 0.585171568627451 0.0457516339869281 0.07904411764705882
0 0.3596813725490196 0.5712316176470589 0.024101307189542485 0.07077205882352941
0 0.3174019607843137 0.5719975490196079 0.05310457516339869 0.0821078431372549
0 0.2581699346405229 0.5618872549019608 0.049019607843137254 0.07598039215686274
0 0.198937908496732 0.5775122549019608 0.04738562091503268 0.0857843137254902
0 0.730187908496732 0.5738357843137255 0.06331699346405228 0.0857843137254902
0 0.8909313725490197 0.5856311274509803 0.03676470588235294 0.026041666666666668
0 0.8886846405228758 0.5522365196078431 0.04616013071895425 0.020526960784313725
0 0.8127042483660131 0.5343137254901961 0.046977124183006536 0.025735294117647058
0 0.8666258169934641 0.3821997549019608 0.044526143790849675 0.009497549019607842
0 0.9707924836601307 0.42325367647058826 0.054330065359477125 0.02297794117647059
0 0.9730392156862745 0.4453125 0.04820261437908497 0.013786764705882353
0 0.9763071895424836 0.47380514705882354 0.031862745098039214 0.019301470588235295
0 0.8817401960784313 0.4338235294117647 0.051879084967320264 0.014705882352941176
0 0.9162581699346405 0.45067401960784315 0.049019607843137254 0.012254901960784314
0 0.9354575163398693 0.46875 0.049019607843137254 0.009191176470588236
0 0.9421977124183006 0.48131127450980393 0.0428921568627451 0.012867647058823529
0 0.8984885620915033 0.4820772058823529 0.04616013071895425 0.011948529411764705
0 0.8925653594771242 0.49892769607843135 0.05392156862745098 0.01133578431372549
0 0.8288398692810458 0.4810049019607843 0.05310457516339869 0.016544117647058824
0 0.8319035947712419 0.4967830882352941 0.0559640522875817 0.010723039215686275
0 0.7416258169934641 0.4564950980392157 0.0494281045751634 0.08517156862745098
0 0.6868872549019608 0.4600183823529412 0.051879084967320264 0.0818014705882353
0 0.6301062091503268 0.46400122549019607 0.061683006535947715 0.07322303921568628
0 0.5698529411764706 0.4609375 0.04493464052287582 0.07383578431372549
0 0.5187908496732027 0.4572610294117647 0.04656862745098039 0.07873774509803921
0 0.4673202614379085 0.4649203431372549 0.051470588235294115 0.07996323529411764
0 0.4111519607843137 0.46231617647058826 0.05923202614379085 0.07475490196078431
0 0.32373366013071897 0.4649203431372549 0.046977124183006536 0.0701593137254902
0 0.3686683006535948 0.46400122549019607 0.025735294117647058 0.06832107843137254
0 0.27941176470588236 0.4652267156862745 0.029411764705882353 0.06832107843137254
0 0.2332516339869281 0.4580269607843137 0.05392156862745098 0.08762254901960784
0 0.278390522875817 0.6715686274509803 0.046977124183006536 0.052083333333333336
0 0.630718954248366 0.6819852941176471 0.05310457516339869 0.08762254901960784
0 0.2992238562091503 0.33517156862745096 0.039624183006535946 0.08823529411764706
0 0.6685049019607843 0.6654411764705882 0.01838235294117647 0.061887254901960786
0 0.2761437908496732 0.7757352941176471 0.042483660130718956 0.026348039215686275
0 0.3131127450980392 0.772671568627451 0.02246732026143791 0.032475490196078434
0 0.29473039215686275 0.819546568627451 0.037173202614379085 0.03860294117647059
0 0.7340686274509803 0.7683823529411765 0.0457516339869281 0.05330882352941176
0 0.6748366013071896 0.7673100490196079 0.04738562091503268 0.06587009803921569
0 0.6272467320261438 0.7666973039215687 0.0363562091503268 0.053002450980392156
0 0.5810866013071896 0.7737438725490197 0.04779411764705882 0.05912990196078431
0 0.5339052287581699 0.7689950980392157 0.035130718954248366 0.052083333333333336
0 0.49897875816993464 0.7941176470588235 0.0298202614379085 0.06556372549019608
0 0.3931781045751634 0.7659313725490197 0.0494281045751634 0.016544117647058824
0 0.4264705882352941 0.7884497549019608 0.024509803921568627 0.02542892156862745
0 0.4571078431372549 0.8154105392156863 0.028594771241830064 0.0389093137254902
0 0.39869281045751637 0.8203125 0.04738562091503268 0.03400735294117647
0 0.3555964052287582 0.7746629901960784 0.02900326797385621 0.04136029411764706
0 0.34272875816993464 0.8207720588235294 0.0392156862745098 0.028799019607843136
0 0.23529411764705882 0.7915134803921569 0.03431372549019608 0.03400735294117647
0 0.21915849673202614 0.8402267156862745 0.042075163398692814 0.048100490196078434
0 0.7060866013071896 0.6810661764705882 0.05106209150326797 0.08088235294117647
0 0.12928921568627452 0.803921568627451 0.034722222222222224 0.06311274509803921
0 0.8374183006535948 0.9796262254901961 0.17565359477124182 0.04136029411764706
0 0.8688725490196079 0.7901348039215687 0.049019607843137254 0.04044117647058824
0 0.9783496732026143 0.8065257352941176 0.04003267973856209 0.0272671568627451
0 0.16544117647058823 0.6628370098039216 0.04493464052287582 0.06403186274509803
0 0.11437908496732026 0.663296568627451 0.04330065359477124 0.06495098039215687
0 0.056781045751633986 0.6803002450980392 0.0457516339869281 0.0818014705882353
0 0.0196078431372549 0.6773897058823529 0.02287581699346405 0.08333333333333333
0 0.03125 0.5522365196078431 0.05269607843137255 0.10814950980392157
0 0.17320261437908496 0.8501838235294118 0.03758169934640523 0.08272058823529412
0 0.0886437908496732 0.5612745098039216 0.05392156862745098 0.0821078431372549
0 0.14419934640522875 0.5502450980392157 0.04493464052287582 0.10416666666666667
0 0.8251633986928104 0.8910845588235294 0.16830065359477125 0.12837009803921567
0 0.6548202614379085 0.9649203431372549 0.13725490196078433 0.07138480392156862
0 0.0900735294117647 0.8025428921568627 0.03390522875816993 0.0628063725490196
0 0.04513888888888889 0.8056066176470589 0.04779411764705882 0.06403186274509803
0 0.2710375816993464 0.960171568627451 0.20465686274509803 0.08088235294117647
0 0.46119281045751637 0.9431678921568627 0.09722222222222222 0.11060049019607843
