0 0.4282962328767123 0.6320913461538461 0.056934931506849314 0.029086538461538462
0 0.2089041095890411 0.4780048076923077 0.046232876712328765 0.04158653846153846
0 0.2611301369863014 0.4784855769230769 0.04794520547945205 0.04110576923076923
0 0.3118578767123288 0.47920673076923076 0.0389554794520548 0.03918269230769231
0 0.3531678082191781 0.4796875 0.03595890410958904 0.04110576923076923
0 0.3886986301369863 0.47860576923076925 0.021404109589041095 0.04038461538461539
0 0.4075342465753425 0.4520432692307692 0.02910958904109589 0.011778846153846154
0 0.4156678082191781 0.4796875 0.018835616438356163 0.04110576923076923
0 0.4368578767123288 0.4794471153846154 0.014982876712328766 0.040625
0 0.4610445205479452 0.47644230769230766 0.025684931506849314 0.047115384615384615
0 0.5068493150684932 0.4763221153846154 0.05736301369863014 0.053125
0 0.5704195205479452 0.4799278846153846 0.05607876712328767 0.04495192307692308
0 0.6198630136986302 0.47644230769230766 0.026541095890410957 0.05144230769230769
0 0.6455479452054794 0.4810096153846154 0.023116438356164382 0.04278846153846154
0 0.6695205479452054 0.4814903846153846 0.019691780821917807 0.04471153846153846
0 0.7305222602739726 0.48221153846153847 0.034674657534246575 0.04855769230769231
0 0.7711900684931506 0.48485576923076923 0.0389554794520548 0.04471153846153846
0 0.8125 0.48365384615384616 0.031678082191780824 0.04903846153846154
0 0.847388698630137 0.4816105769230769 0.025256849315068493 0.04735576923076923
0 0.8854880136986302 0.47608173076923077 0.041523972602739725 0.057451923076923074
0 0.9293664383561644 0.4875 0.0351027397260274 0.0375
0 0.9751712328767124 0.4879807692307692 0.04965753424657534 0.036057692307692304
0 0.9475599315068494 0.5550480769230769 0.0526541095890411 0.047596153846153844
0 0.846318493150685 0.5503605769230769 0.06678082191780822 0.05264423076923077
0 0.17315924657534246 0.47836538461538464 0.02183219178082192 0.036057692307692304
0 0.1446917808219178 0.4799278846153846 0.02482876712328767 0.03533653846153846
0 0.1033818493150685 0.4859375 0.04409246575342466 0.02235576923076923
0 0.06357020547945205 0.43233173076923076 0.041523972602739725 0.05360576923076923
0 0.8872003424657534 0.7995192307692308 0.05779109589041096 0.075
0 0.8283390410958904 0.8013221153846154 0.05136986301369863 0.07764423076923077
0 0.7720462328767124 0.8030048076923076 0.05351027397260274 0.07524038461538461
0 0.698416095890411 0.8055288461538461 0.05607876712328767 0.08605769230769231
0 0.6074486301369864 0.8014423076923077 0.06592465753424658 0.06875
0 0.5282534246575342 0.7949519230769231 0.06164383561643835 0.07692307692307693
0 0.4736729452054795 0.8103365384615384 0.033818493150684935 0.05576923076923077
0 0.4252996575342466 0.8015625 0.030393835616438356 0.0733173076923077
0 0.385916095890411 0.8033653846153846 0.03296232876712329 0.06971153846153846
0 0.348458904109589 0.8076923076923077 0.030821917808219176 0.05913461538461538
0 0.3069349315068493 0.8092548076923077 0.03767123287671233 0.05793269230769231
0 0.785958904109589 0.5520432692307692 0.04195205479452055 0.05841346153846154
0 0.2651969178082192 0.8102163461538462 0.030393835616438356 0.05216346153846154
0 0.1641695205479452 0.8 0.06806506849315068 0.07019230769230769
0 0.681720890410959 0.39783653846153844 0.03724315068493151 0.058173076923076925
0 0.6115154109589042 0.4034855769230769 0.0663527397260274 0.046875
0 0.547945205479452 0.4032451923076923 0.06164383561643835 0.04735576923076923
0 0.4467037671232877 0.40048076923076925 0.03724315068493151 0.05048076923076923
0 0.3972602739726027 0.3995192307692308 0.03424657534246575 0.05
0 0.3610873287671233 0.3995192307692308 0.033818493150684935 0.05096153846153846
0 0.3240582191780822 0.39891826923076923 0.039383561643835614 0.051201923076923075
0 0.2855308219178082 0.39807692307692305 0.0351027397260274 0.05048076923076923
0 0.04987157534246575 0.3618990384615385 0.056934931506849314 0.04014423076923077
0 0.02183219178082192 0.43016826923076923 0.039383561643835614 0.05456730769230769
0 0.2243150684931507 0.7973557692307692 0.038527397260273974 0.07451923076923077
0 0.7461472602739726 0.5522836538461539 0.036815068493150686 0.05360576923076923
0 0.704195205479452 0.5492788461538461 0.04366438356164384 0.057692307692307696
0 0.6603167808219178 0.5473557692307692 0.041523972602739725 0.061057692307692306
0 0.5042808219178082 0.6276442307692308 0.06078767123287671 0.03990384615384615
0 0.6451198630136986 0.6236778846153846 0.07277397260273973 0.048317307692307694
0 0.7119006849315068 0.6407451923076923 0.04452054794520548 0.01610576923076923
0 0.7110445205479452 0.6219951923076923 0.04708904109589041 0.017548076923076923
0 0.7684075342465754 0.6310096153846154 0.04195205479452055 0.03894230769230769
0 0.8634417808219178 0.6340144230769231 0.0273972602739726 0.03293269230769231
0 0.8959760273972602 0.6350961538461538 0.028253424657534245 0.03173076923076923
0 0.9402825342465754 0.6356971153846154 0.048373287671232876 0.04110576923076923
0 0.8996147260273972 0.7180288461538461 0.09289383561643835 0.04278846153846154
0 0.8035102739726028 0.7111778846153847 0.0410958904109589 0.057451923076923074
0 0.7549229452054794 0.7134615384615385 0.05779109589041096 0.04807692307692308
0 0.6945633561643836 0.7147836538461538 0.054366438356164386 0.05024038461538462
0 0.6327054794520548 0.7123798076923077 0.0625 0.048317307692307694
0 0.572345890410959 0.6945913461538461 0.029965753424657533 0.04975961538461538
0 0.5175513698630136 0.6811298076923077 0.05821917808219178 0.031490384615384615
0 0.4586900684931507 0.6810096153846154 0.06035958904109589 0.03365384615384615
0 0.5160530821917808 0.7164663461538462 0.061215753424657536 0.03485576923076923
0 0.4509845890410959 0.7161057692307692 0.054366438356164386 0.03076923076923077
0 0.3923373287671233 0.7171875 0.061215753424657536 0.036298076923076926
0 0.3319777397260274 0.7110576923076923 0.05779109589041096 0.04567307692307692
0 0.2686215753424658 0.7090144230769231 0.0646404109589041 0.04399038461538462
0 0.2009845890410959 0.7080528846153846 0.06806506849315068 0.046875
0 0.1344178082191781 0.7070913461538462 0.059931506849315065 0.04495192307692308
0 0.10573630136986302 0.8057692307692308 0.04023972602739726 0.057692307692307696
0 0.4244434931506849 0.606610576923077 0.054366438356164386 0.01658653846153846
0 0.3501712328767123 0.6170673076923077 0.07705479452054795 0.010576923076923078
0 0.3574486301369863 0.6301682692307692 0.07534246575342465 0.008413461538461538
0 0.6149400684931506 0.5478365384615385 0.03809931506849315 0.05721153846153846
0 0.5678510273972602 0.5484375 0.047517123287671235 0.056490384615384616
0 0.5081335616438356 0.5473557692307692 0.04280821917808219 0.05625
0 0.4606164383561644 0.5487980769230769 0.039383561643835614 0.05336538461538461
0 0.4130993150684932 0.5484375 0.05393835616438356 0.05360576923076923
0 0.3619434931506849 0.5516826923076923 0.040667808219178085 0.047596153846153844
0 0.3229880136986301 0.549639423076923 0.03724315068493151 0.04399038461538462
0 0.2801797945205479 0.5449519230769231 0.03296232876712329 0.05625
0 0.2461472602739726 0.5448317307692307 0.03339041095890411 0.05600961538461539
0 0.20826198630136986 0.5427884615384615 0.03638698630136986 0.05432692307692308
0 0.16117294520547945 0.5450721153846154 0.040667808219178085 0.05360576923076923
0 0.9501284246575342 0.8009615384615385 0.05950342465753425 0.07932692307692307
0 0.1192208904109589 0.54375 0.0389554794520548 0.05384615384615385
0 0.029965753424657533 0.5655048076923077 0.03424657534246575 0.04927884615384615
0 0.0684931506849315 0.565264423076923 0.03595890410958904 0.050721153846153846
0 0.023330479452054794 0.6496394230769231 0.033818493150684935 0.056971153846153845
0 0.06592465753424658 0.6480769230769231 0.046232876712328765 0.061057692307692306
0 0.1288527397260274 0.625 0.06592465753424658 0.04375
0 0.1797945205479452 0.6067307692307692 0.01797945205479452 0.02403846153846154
0 0.2016267123287671 0.6082932692307692 0.018835616438356163 0.028125
0 0.2647688356164384 0.615625 0.08090753424657535 0.012980769230769231
0 0.2696917808219178 0.6280048076923077 0.07534246575342465 0.011298076923076923
0 0.2701198630136986 0.6415865384615385 0.07448630136986302 0.01201923076923077
0 0.3527397260273973 0.6412259615384616 0.0821917808219178 0.012740384615384615
0 0.03531678082191781 0.505048076923077 0.07063356164383562 0.02451923076923077
0 0.05800513698630137 0.7195913461538461 0.06292808219178082 0.024278846153846154
0 0.049443493150684935 0.8118990384615384 0.05179794520547945 0.029086538461538462
0 0.029537671232876712 0.19290865384615385 0.0547945205479452 0.04783653846153846
0 0.3514554794520548 0.3200721153846154 0.036815068493150686 0.050721153846153846
0 0.3107876712328767 0.31959134615384616 0.0410958904109589 0.051682692307692304
0 0.2666952054794521 0.3177884615384615 0.04195205479452055 0.04807692307692308
0 0.2247431506849315 0.31682692307692306 0.039383561643835614 0.05096153846153846
0 0.14190924657534246 0.31814903846153847 0.0449486301369863 0.04975961538461538
0 0.09931506849315068 0.3174278846153846 0.04023972602739726 0.04975961538461538
0 0.028253424657534245 0.28305288461538464 0.04794520547945205 0.03870192307692308
0 0.819777397260274 0.22391826923076924 0.03424657534246575 0.05456730769230769
0 0.3908390410958904 0.32019230769230766 0.03424657534246575 0.05048076923076923
0 0.7065496575342466 0.21959134615384615 0.033818493150684935 0.05552884615384615
0 0.5126284246575342 0.23725961538461537 0.07748287671232877 0.021153846153846155
0 0.509845890410959 0.21670673076923078 0.0779109589041096 0.01610576923076923
0 0.5089897260273972 0.19771634615384615 0.07876712328767123 0.018990384615384614
0 0.4154537671232877 0.22884615384615384 0.0449486301369863 0.035576923076923075
0 0.3441780821917808 0.22896634615384615 0.052226027397260275 0.03389423076923077
0 0.2863869863013699 0.22680288461538461 0.05136986301369863 0.036298076923076926
0 0.21746575342465754 0.22692307692307692 0.046232876712328765 0.03798076923076923
0 0.1658818493150685 0.22620192307692308 0.05008561643835616 0.0375
0 0.6132277397260274 0.23569711538461538 0.09032534246575342 0.025240384615384616
0 0.4321489726027397 0.32079326923076923 0.04409246575342466 0.04927884615384615
0 0.7808219178082192 0.22427884615384616 0.0410958904109589 0.052403846153846155
0 0.5147688356164384 0.3235576923076923 0.0389554794520548 0.04855769230769231
0 0.4755993150684932 0.3216346153846154 0.03767123287671233 0.05096153846153846
0 0.7238869863013698 0.3972355769230769 0.038527397260273974 0.05841346153846154
0 0.7773972602739726 0.4028846153846154 0.04280821917808219 0.055288461538461536
0 0.8210616438356164 0.4026442307692308 0.04452054794520548 0.05480769230769231
0 0.8660102739726028 0.4032451923076923 0.04023972602739726 0.05216346153846154
0 0.9086044520547946 0.4050480769230769 0.040667808219178085 0.05
0 0.9839469178082192 0.40564903846153844 0.030393835616438356 0.051201923076923075
0 0.9726027397260274 0.3361778846153846 0.053082191780821915 0.031971153846153844
0 0.9053938356164384 0.33545673076923077 0.07705479452054795 0.028125
0 0.9503424657534246 0.40588942307692305 0.038527397260273974 0.051682692307692304
0 0.6149400684931506 0.33365384615384613 0.0723458904109589 0.03076923076923077
0 0.827054794520548 0.3269230769230769 0.04023972602739726 0.04471153846153846
0 0.7866010273972602 0.3268028846153846 0.03981164383561644 0.04447115384615385
0 0.747431506849315 0.32548076923076924 0.0351027397260274 0.04855769230769231
0 0.7061215753424658 0.3231971153846154 0.041523972602739725 0.04927884615384615
0 0.6684503424657534 0.3234375 0.030393835616438356 0.04735576923076923
0 0.617722602739726 0.2997596153846154 0.06678082191780822 0.03365384615384615
0 0.9081763698630136 0.3030048076923077 0.0740582191780822 0.030528846153846153
0 0.557791095890411 0.32235576923076925 0.0351027397260274 0.05
