0 0.514501633986928 0.46200980392156865 0.037173202614379085 0.07352941176470588
0 0.2549019607843137 0.4443933823529412 0.0392156862745098 0.08118872549019608
0 0.42830882352941174 0.45955882352941174 0.0428921568627451 0.06985294117647059
0 0.3786764705882353 0.4508272058823529 0.04084967320261438 0.08425245098039216
0 0.3374183006535948 0.4485294117647059 0.03594771241830065 0.08149509803921569
0 0.2965686274509804 0.44515931372549017 0.03758169934640523 0.0857843137254902
0 0.47467320261437906 0.453125 0.03349673202614379 0.06985294117647059
0 0.05780228758169935 0.43137254901960786 0.030637254901960783 0.08026960784313726
0 0.1693218954248366 0.43734681372549017 0.03308823529411765 0.07996323529411764
0 0.13133169934640523 0.43535539215686275 0.03799019607843137 0.07904411764705882
0 0.09252450980392157 0.43504901960784315 0.0363562091503268 0.08455882352941177
0 0.020833333333333332 0.4303002450980392 0.0392156862745098 0.07751225490196079
0 0.9507761437908496 0.3075980392156863 0.044526143790849675 0.08762254901960784
0 0.5524918300653595 0.4643075980392157 0.0363562091503268 0.07383578431372549
0 0.9037990196078431 0.30621936274509803 0.0428921568627451 0.0860906862745098
0 0.8598856209150327 0.30621936274509803 0.04084967320261438 0.08486519607843138
0 0.2093545751633987 0.4401041666666667 0.03308823529411765 0.08241421568627451
0 0.6017156862745098 0.46829044117647056 0.03839869281045752 0.07506127450980392
0 0.8545751633986928 0.6364889705882353 0.04330065359477124 0.12224264705882353
0 0.6934232026143791 0.4724264705882353 0.0428921568627451 0.07352941176470588
0 0.8184232026143791 0.3049938725490196 0.0428921568627451 0.08241421568627451
0 0.5747549019607843 0.6139705882352942 0.04084967320261438 0.1053921568627451
0 0.6139705882352942 0.6205575980392157 0.04084967320261438 0.109375
0 0.65625 0.6245404411764706 0.04044117647058824 0.11060049019607843
0 0.6970996732026143 0.6279105392156863 0.037173202614379085 0.10814950980392157
0 0.7350898692810458 0.6260723039215687 0.037173202614379085 0.10447303921568628
0 0.7714460784313726 0.6168811274509803 0.034722222222222224 0.0860906862745098
0 0.6413398692810458 0.46920955882352944 0.04084967320261438 0.07689950980392157
0 0.809640522875817 0.6272977941176471 0.04084967320261438 0.10753676470588236
0 0.9795751633986928 0.6521139705882353 0.042483660130718956 0.12775735294117646
0 0.9836601307189542 0.48360906862745096 0.03431372549019608 0.07689950980392157
0 0.9348447712418301 0.4840686274509804 0.042075163398692814 0.0778186274509804
0 0.8876633986928104 0.4808517156862745 0.0457516339869281 0.08118872549019608
0 0.8316993464052288 0.47870710784313725 0.04003267973856209 0.07689950980392157
0 0.7892156862745098 0.47610294117647056 0.04493464052287582 0.07475490196078431
0 0.7363153594771242 0.46721813725490197 0.039624183006535946 0.07291666666666667
0 0.9031862745098039 0.6390931372549019 0.04656862745098039 0.11151960784313726
0 0.7769607843137255 0.30269607843137253 0.04003267973856209 0.0741421568627451
0 0.6399101307189542 0.13817401960784315 0.05106209150326797 0.0974264705882353
0 0.6897467320261438 0.30361519607843135 0.039624183006535946 0.08272058823529412
0 0.7655228758169934 0.13664215686274508 0.05555555555555555 0.09497549019607843
0 0.7050653594771242 0.140625 0.05228758169934641 0.08823529411764706
0 0.5541258169934641 0.14430147058823528 0.03553921568627451 0.08823529411764706
0 0.5136846405228758 0.14276960784313725 0.03553921568627451 0.08823529411764706
0 0.43852124183006536 0.12683823529411764 0.03308823529411765 0.12316176470588236
0 0.4056372549019608 0.12928921568627452 0.03104575163398693 0.11887254901960784
0 0.3694852941176471 0.13051470588235295 0.03553921568627451 0.11764705882352941
0 0.829452614379085 0.12331495098039216 0.06658496732026144 0.11917892156862746
0 0.33374183006535946 0.13082107843137256 0.03594771241830065 0.11213235294117647
0 0.25102124183006536 0.1484375 0.03145424836601307 0.08363970588235294
0 0.21548202614379086 0.13082107843137256 0.0363562091503268 0.11519607843137254
0 0.18035130718954248 0.14690563725490197 0.03390522875816993 0.08057598039215687
0 0.14665032679738563 0.13832720588235295 0.03022875816993464 0.10202205882352941
0 0.11397058823529412 0.15272671568627452 0.032679738562091505 0.07322303921568628
0 0.05004084967320262 0.15226715686274508 0.028186274509803922 0.06924019607843138
0 0.5375816993464052 0.6095281862745098 0.035130718954248366 0.10998774509803921
0 0.2877859477124183 0.12959558823529413 0.037173202614379085 0.11580882352941177
0 0.8933823529411765 0.1173406862745098 0.05310457516339869 0.12806372549019607
0 0.977328431372549 0.1211703431372549 0.04779411764705882 0.11917892156862746
0 0.5964052287581699 0.14552696078431374 0.03104575163398693 0.0778186274509804
0 0.6503267973856209 0.30284926470588236 0.03758169934640523 0.078125
0 0.5443218954248366 0.296875 0.023284313725490197 0.0661764705882353
0 0.6127450980392157 0.3010110294117647 0.0392156862745098 0.07751225490196079
0 0.5755718954248366 0.3017769607843137 0.03594771241830065 0.07230392156862746
0 0.44669117647058826 0.29212622549019607 0.04125816993464052 0.07873774509803921
0 0.40727124183006536 0.2916666666666667 0.03839869281045752 0.08026960784313726
0 0.37173202614379086 0.29871323529411764 0.03104575163398693 0.07291666666666667
0 0.3327205882352941 0.29074754901960786 0.03799019607843137 0.07291666666666667
0 0.2994281045751634 0.29549632352941174 0.026143790849673203 0.0664828431372549
0 0.27185457516339867 0.29549632352941174 0.026552287581699346 0.0664828431372549
0 0.23529411764705882 0.29580269607843135 0.03431372549019608 0.06709558823529412
0 0.1999591503267974 0.2956495098039216 0.03553921568627451 0.06985294117647059
0 0.1650326797385621 0.2935049019607843 0.03349673202614379 0.07169117647058823
0 0.13112745098039216 0.2930453431372549 0.03349673202614379 0.07077205882352941
0 0.09375 0.2931985294117647 0.034722222222222224 0.06801470588235294
0 0.03431372549019608 0.2841605392156863 0.0392156862745098 0.0818014705882353
0 0.48161764705882354 0.14430147058823528 0.03022875816993464 0.0821078431372549
0 0.7342728758169934 0.30315563725490197 0.042075163398692814 0.0818014705882353
0 0.49979575163398693 0.6078431372549019 0.03308823529411765 0.10294117647058823
0 0.08190359477124183 0.14231004901960784 0.03227124183006536 0.0940563725490196
0 0.43586601307189543 0.6009497549019608 0.03676470588235294 0.09834558823529412
0 0.47732843137254904 0.742953431372549 0.026552287581699346 0.08026960784313726
0 0.5077614379084967 0.7581188725490197 0.031862745098039214 0.09160539215686274
0 0.5412581699346405 0.7604166666666666 0.03104575163398693 0.08700980392156862
0 0.5819035947712419 0.7378982843137255 0.027369281045751634 0.08302696078431372
0 0.6172385620915033 0.7682291666666666 0.03431372549019608 0.0897671568627451
0 0.6513480392156863 0.7435661764705882 0.030637254901960783 0.08333333333333333
0 0.6872957516339869 0.7628676470588235 0.034722222222222224 0.08823529411764706
0 0.7248774509803921 0.7878370098039216 0.03390522875816993 0.0940563725490196
0 0.7606209150326797 0.7735906862745098 0.03758169934640523 0.09068627450980392
0 0.8012663398692811 0.8002450980392157 0.03799019607843137 0.09681372549019608
0 0.45036764705882354 0.7274816176470589 0.023284313725490197 0.07506127450980392
0 0.8423202614379085 0.7974877450980392 0.04003267973856209 0.0974264705882353
0 0.923202614379085 0.8079044117647058 0.0457516339869281 0.1017156862745098
0 0.960171568627451 0.7863051470588235 0.0298202614379085 0.10386029411764706
0 0.25857843137254904 0.8596813725490197 0.10620915032679738 0.03799019607843137
0 0.3698937908496732 0.9030330882352942 0.11233660130718955 0.02849264705882353
0 0.5032679738562091 0.921875 0.13316993464052287 0.04105392156862745
0 0.15093954248366012 0.8650428921568627 0.09436274509803921 0.03216911764705882
0 0.04595588235294118 0.8514093137254902 0.09027777777777778 0.03615196078431373
0 0.6531862745098039 0.9474571078431373 0.136437908496732 0.04136029411764706
0 0.01715686274509804 0.12837009803921567 0.03431372549019608 0.12009803921568628
0 0.46834150326797386 0.6136642156862745 0.0298202614379085 0.0857843137254902
0 0.8817401960784313 0.8031556372549019 0.03390522875816993 0.10263480392156862
0 0.4150326797385621 0.7380514705882353 0.032679738562091505 0.08026960784313726
0 0.7992238562091504 0.9704350490196079 0.1482843137254902 0.045649509803921566
0 0.33843954248366015 0.7405024509803921 0.03227124183006536 0.08517156862745098
0 0.40093954248366015 0.5971200980392157 0.030637254901960783 0.09436274509803921
0 0.37050653594771243 0.7440257352941176 0.032679738562091505 0.0860906862745098
0 0.32679738562091504 0.5991115196078431 0.026143790849673203 0.09160539215686274
0 0.2608251633986928 0.5917585784313726 0.03799019607843137 0.09589460784313726
0 0.22732843137254902 0.5914522058823529 0.030637254901960783 0.09528186274509803
0 0.19669117647058823 0.5879289215686274 0.02900326797385621 0.08823529411764706
0 0.16237745098039216 0.5837928921568627 0.03227124183006536 0.0897671568627451
0 0.13051470588235295 0.5805759803921569 0.028186274509803922 0.08946078431372549
0 0.09967320261437909 0.5787377450980392 0.029411764705882353 0.0857843137254902
0 0.068218954248366 0.5752144607843137 0.03022875816993464 0.09466911764705882
0 0.035130718954248366 0.571078431372549 0.029411764705882353 0.08823529411764706
0 0.3602941176470588 0.6000306372549019 0.03839869281045752 0.0934436274509804
0 0.06658496732026144 0.7068014705882353 0.02696078431372549 0.07475490196078431
0 0.09293300653594772 0.7109375 0.02900326797385621 0.07996323529411764
0 0.014297385620915032 0.7011335784313726 0.026143790849673203 0.07935049019607843
0 0.12459150326797386 0.7138480392156863 0.028594771241830064 0.07965686274509803
0 0.15379901960784315 0.7192095588235294 0.028186274509803922 0.07751225490196079
0 0.1823937908496732 0.7227328431372549 0.0298202614379085 0.0784313725490196
0 0.21486928104575165 0.7225796568627451 0.03104575163398693 0.08731617647058823
0 0.24509803921568626 0.7259497549019608 0.027777777777777776 0.08486519607843138
0 0.2749183006535948 0.7317708333333334 0.028594771241830064 0.08670343137254902
0 0.039419934640522875 0.7008272058823529 0.024918300653594773 0.07873774509803921
0 0.3069852941176471 0.7377450980392157 0.02900326797385621 0.0857843137254902
