0 0.9613970588235294 0.4229983660130719 0.032475490196078434 0.03799019607843137
0 0.9808517156862745 0.20016339869281047 0.0389093137254902 0.0457516339869281
0 0.9431678921568627 0.1983251633986928 0.035845588235294115 0.04861111111111111
0 0.08777573529411764 0.3997140522875817 0.07689950980392157 0.061683006535947715
0 0.9059436274509803 0.19750816993464052 0.03860294117647059 0.04616013071895425
0 0.9857536764705882 0.1068218954248366 0.029105392156862746 0.04779411764705882
0 0.9517463235294118 0.10702614379084967 0.03462009803921569 0.04820261437908497
0 0.9139093137254902 0.10477941176470588 0.03982843137254902 0.044526143790849675
0 0.9358149509803921 0.4250408496732026 0.017463235294117647 0.039624183006535946
0 0.9312193627450981 0.46772875816993464 0.01685049019607843 0.04330065359477124
0 0.9768688725490197 0.29534313725490197 0.045649509803921566 0.04003267973856209
0 0.9872855392156863 0.46854575163398693 0.024816176470588234 0.041666666666666664
0 0.9900428921568627 0.4238153594771242 0.019301470588235295 0.044526143790849675
0 0.9597120098039216 0.582312091503268 0.08118872549019608 0.04125816993464052
0 0.9650735294117647 0.5371732026143791 0.06985294117647059 0.05065359477124183
0 0.9731924019607843 0.33782679738562094 0.04381127450980392 0.041666666666666664
0 0.8348651960784313 0.1482843137254902 0.03860294117647059 0.04656862745098039
0 0.9806985294117647 0.24775326797385622 0.03860294117647059 0.04370915032679738
0 0.9416360294117647 0.24509803921568626 0.03462009803921569 0.04656862745098039
0 0.9039522058823529 0.24591503267973855 0.04013480392156863 0.04493464052287582
0 0.8659620098039216 0.2434640522875817 0.03400735294117647 0.04820261437908497
0 0.9379595588235294 0.2916666666666667 0.03400735294117647 0.04411764705882353
0 0.8373161764705882 0.24387254901960784 0.022058823529411766 0.04738562091503268
0 0.9572610294117647 0.46772875816993464 0.033394607843137254 0.04330065359477124
0 0.8380821078431373 0.10130718954248366 0.03952205882352941 0.04411764705882353
0 0.9555759803921569 0.38031045751633985 0.08946078431372549 0.042483660130718956
0 0.3871017156862745 0.5551470588235294 0.03155637254901961 0.04330065359477124
0 0.7241115196078431 0.10559640522875817 0.03829656862745098 0.05024509803921569
0 0.7466299019607843 0.571078431372549 0.03615196078431373 0.03758169934640523
0 0.7833946078431373 0.5723039215686274 0.03799019607843137 0.041666666666666664
0 0.7469362745098039 0.5294117647058824 0.03553921568627451 0.04411764705882353
0 0.7849264705882353 0.5281862745098039 0.04105392156862745 0.041666666666666664
0 0.7483149509803921 0.48427287581699346 0.03829656862745098 0.04616013071895425
0 0.7875306372549019 0.48304738562091504 0.0389093137254902 0.0428921568627451
0 0.7542892156862745 0.43770424836601307 0.0392156862745098 0.0428921568627451
0 0.7939644607843137 0.4375 0.03952205882352941 0.042483660130718956
0 0.7568933823529411 0.39338235294117646 0.040747549019607844 0.04330065359477124
0 0.796875 0.39338235294117646 0.03799019607843137 0.04330065359477124
0 0.7607230392156863 0.3474264705882353 0.04105392156862745 0.04861111111111111
0 0.8005514705882353 0.34681372549019607 0.03860294117647059 0.0457516339869281
0 0.7639399509803921 0.29840686274509803 0.0389093137254902 0.04616013071895425
0 0.8045343137254902 0.29758986928104575 0.04044117647058824 0.04370915032679738
0 0.6844362745098039 0.10437091503267974 0.03982843137254902 0.04534313725490196
0 0.7659313725490197 0.24897875816993464 0.04105392156862745 0.04861111111111111
0 0.6469056372549019 0.10498366013071896 0.03462009803921569 0.04656862745098039
0 0.6816789215686274 0.15318627450980393 0.03799019607843137 0.04493464052287582
0 0.6729473039215687 0.5224673202614379 0.10753676470588236 0.04411764705882353
0 0.672640931372549 0.4699754901960784 0.10631127450980392 0.0428921568627451
0 0.6732536764705882 0.42463235294117646 0.10508578431372549 0.04534313725490196
0 0.6760110294117647 0.3813316993464052 0.109375 0.0428921568627451
0 0.6390931372549019 0.3327205882352941 0.031862745098039214 0.042075163398692814
0 0.6731004901960784 0.33231209150326796 0.034926470588235295 0.04125816993464052
0 0.7103247549019608 0.33374183006535946 0.03768382352941176 0.04003267973856209
0 0.6787683823529411 0.28860294117647056 0.10753676470588236 0.04616013071895425
0 0.7140012254901961 0.2426470588235294 0.03768382352941176 0.04493464052287582
0 0.6766237745098039 0.2434640522875817 0.0352328431372549 0.0457516339869281
0 0.6423100490196079 0.2455065359477124 0.03216911764705882 0.041666666666666664
0 0.6426164215686274 0.20036764705882354 0.0352328431372549 0.04534313725490196
0 0.6786151960784313 0.1983251633986928 0.03553921568627451 0.042075163398692814
0 0.7164522058823529 0.19709967320261437 0.0389093137254902 0.042075163398692814
0 0.6452205882352942 0.15400326797385622 0.034926470588235295 0.04656862745098039
0 0.7204350490196079 0.15298202614379086 0.03829656862745098 0.044526143790849675
0 0.8063725490196079 0.24816176470588236 0.0392156862745098 0.04779411764705882
0 0.7686887254901961 0.1968954248366013 0.0428921568627451 0.05228758169934641
0 0.8088235294117647 0.19669117647058823 0.034926470588235295 0.05024509803921569
0 0.18933823529411764 0.15788398692810457 0.034926470588235295 0.044526143790849675
0 0.22227328431372548 0.15665849673202614 0.030943627450980393 0.04370915032679738
0 0.25597426470588236 0.15645424836601307 0.03155637254901961 0.041666666666666664
0 0.2896752450980392 0.15808823529411764 0.036458333333333336 0.03839869281045752
0 0.15395220588235295 0.11090686274509803 0.02542892156862745 0.046977124183006536
0 0.18658088235294118 0.10988562091503268 0.03676470588235294 0.04493464052287582
0 0.22135416666666666 0.10866013071895425 0.03462009803921569 0.04656862745098039
0 0.08394607843137254 0.17912581699346405 0.10477941176470588 0.068218954248366
0 0.0778186274509804 0.25163398692810457 0.08700980392156862 0.06781045751633986
0 0.01715686274509804 0.24734477124183007 0.03431372549019608 0.07475490196078431
0 0.026501225490196078 0.32107843137254904 0.053002450980392156 0.06699346405228758
0 0.9345894607843137 0.3368055555555556 0.03278186274509804 0.04044117647058824
0 0.8337928921568627 0.2914624183006536 0.01991421568627451 0.04534313725490196
0 0.8625919117647058 0.2916666666666667 0.03278186274509804 0.04820261437908497
0 0.8999693627450981 0.29268790849673204 0.040747549019607844 0.04534313725490196
0 0.15701593137254902 0.15788398692810457 0.027879901960784315 0.04370915032679738
0 0.2942708333333333 0.20098039215686275 0.03278186274509804 0.03758169934640523
0 0.2617953431372549 0.20077614379084968 0.030943627450980393 0.037173202614379085
0 0.22870710784313725 0.19873366013071894 0.03462009803921569 0.04044117647058824
0 0.7725183823529411 0.14522058823529413 0.043198529411764705 0.04779411764705882
0 0.19132965686274508 0.41605392156862747 0.09589460784313726 0.04044117647058824
0 0.2852328431372549 0.4164624183006536 0.08639705882352941 0.03880718954248366
0 0.2939644607843137 0.4695669934640523 0.07689950980392157 0.042075163398692814
0 0.30284926470588236 0.5134803921568627 0.06587009803921569 0.041666666666666664
0 0.3082107843137255 0.5549428104575164 0.058823529411764705 0.03799019607843137
0 0.19178921568627452 0.37397875816993464 0.09191176470588236 0.04125816993464052
0 0.6724877450980392 0.565359477124183 0.1090686274509804 0.0392156862745098
0 0.1875 0.3312908496732026 0.09987745098039216 0.042483660130718956
0 0.18290441176470587 0.24509803921568626 0.09436274509803921 0.049019607843137254
0 0.2774203431372549 0.24530228758169934 0.08915441176470588 0.044526143790849675
0 0.2815563725490196 0.2894199346405229 0.08088235294117647 0.04370915032679738
0 0.28339460784313725 0.3335375816993464 0.08455882352941177 0.04370915032679738
0 0.28599877450980393 0.37459150326797386 0.0860906862745098 0.042483660130718956
0 0.16207107843137256 0.20016339869281047 0.03431372549019608 0.03594771241830065
0 0.1953125 0.19955065359477125 0.030943627450980393 0.039624183006535946
0 0.18382352941176472 0.29105392156862747 0.09620098039215687 0.0363562091503268
0 0.6106004901960784 0.1076388888888889 0.03615196078431373 0.04616013071895425
0 0.5736825980392157 0.10702614379084967 0.03768382352941176 0.04820261437908497
0 0.5378370098039216 0.10702614379084967 0.03400735294117647 0.04738562091503268
0 0.8592218137254902 0.335375816993464 0.0352328431372549 0.042483660130718956
0 0.8972120098039216 0.33619281045751637 0.040747549019607844 0.04003267973856209
0 0.4362745098039216 0.3799019607843137 0.049019607843137254 0.04084967320261438
0 0.4872855392156863 0.38112745098039214 0.05177696078431373 0.042483660130718956
0 0.43933823529411764 0.3349673202614379 0.05330882352941176 0.04003267973856209
0 0.4898897058823529 0.335375816993464 0.04840686274509804 0.04003267973856209
0 0.4375 0.29330065359477125 0.05330882352941176 0.041666666666666664
0 0.4898897058823529 0.29268790849673204 0.051470588235294115 0.04125816993464052
0 0.4345894607843137 0.24611928104575165 0.05422794117647059 0.046977124183006536
0 0.4875919117647059 0.24530228758169934 0.05238970588235294 0.044526143790849675
0 0.43213848039215685 0.5163398692810458 0.047487745098039214 0.0392156862745098
0 0.43121936274509803 0.4736519607843137 0.04932598039215686 0.04534313725490196
0 0.43106617647058826 0.4272875816993464 0.0508578431372549 0.042483660130718956
0 0.4319852941176471 0.5565767973856209 0.04718137254901961 0.03799019607843137
0 0.35294117647058826 0.5118464052287581 0.029411764705882353 0.03839869281045752
0 0.8307291666666666 0.3372140522875817 0.019301470588235295 0.03799019607843137
0 0.8639705882352942 0.37888071895424835 0.09313725490196079 0.04044117647058824
0 0.8697916666666666 0.4338235294117647 0.11029411764705882 0.0457516339869281
0 0.8659620098039216 0.4805964052287582 0.11121323529411764 0.04370915032679738
0 0.4840686274509804 0.5580065359477124 0.05269607843137255 0.04003267973856209
0 0.48483455882352944 0.516952614379085 0.04993872549019608 0.04044117647058824
0 0.4837622549019608 0.4765114379084967 0.04840686274509804 0.042075163398692814
0 0.4840686274509804 0.4305555555555556 0.04963235294117647 0.04738562091503268
0 0.8728553921568627 0.14930555555555555 0.03553921568627451 0.0494281045751634
0 0.9114583333333334 0.15155228758169934 0.03860294117647059 0.042483660130718956
0 0.9476102941176471 0.15155228758169934 0.03370098039215686 0.041666666666666664
0 0.38587622549019607 0.5124591503267973 0.035845588235294115 0.039624183006535946
0 0.983609068627451 0.15298202614379086 0.03216911764705882 0.04616013071895425
0 0.2881433823529412 0.11151960784313726 0.03155637254901961 0.04330065359477124
0 0.32199754901960786 0.10661764705882353 0.03615196078431373 0.03349673202614379
0 0.859375 0.5743464052287581 0.11274509803921569 0.04084967320261438
0 0.8671875 0.5310457516339869 0.1210171568627451 0.03839869281045752
0 0.867953431372549 0.19709967320261437 0.032475490196078434 0.04370915032679738
0 0.0934436274509804 0.3290441176470588 0.07720588235294118 0.07066993464052287
0 0.02221200980392157 0.39419934640522875 0.04442401960784314 0.0661764705882353
0 0.25628063725490197 0.10866013071895425 0.03216911764705882 0.04738562091503268
0 0.3552389705882353 0.5529003267973857 0.03216911764705882 0.03799019607843137
0 0.3524816176470588 0.47120098039215685 0.03216911764705882 0.04044117647058824
0 0.3489583333333333 0.42769607843137253 0.03615196078431373 0.0392156862745098
0 0.49923406862745096 0.11029411764705882 0.030943627450980393 0.0457516339869281
0 0.5647977941176471 0.5629084967320261 0.10447303921568628 0.041666666666666664
0 0.5651041666666666 0.5183823529411765 0.10386029411764706 0.04738562091503268
0 0.5661764705882353 0.4738562091503268 0.1053921568627451 0.04003267973856209
0 0.5638786764705882 0.4319852941176471 0.10998774509803921 0.0428921568627451
0 0.5672487745098039 0.38439542483660133 0.10263480392156862 0.051470588235294115
0 0.569546568627451 0.33782679738562094 0.10661764705882353 0.041666666666666664
0 0.5701593137254902 0.2945261437908497 0.1096813725490196 0.04411764705882353
0 0.5716911764705882 0.24673202614379086 0.10661764705882353 0.05065359477124183
0 0.5367647058823529 0.20016339869281047 0.03553921568627451 0.04330065359477124
0 0.5719975490196079 0.19955065359477125 0.03431372549019608 0.042075163398692814
0 0.6069240196078431 0.19955065359477125 0.03553921568627451 0.042075163398692814
0 0.5358455882352942 0.15379901960784315 0.03370098039215686 0.044526143790849675
0 0.5727634803921569 0.15441176470588236 0.03768382352941176 0.04738562091503268
0 0.6092218137254902 0.15747549019607843 0.0352328431372549 0.044526143790849675
0 0.46568627450980393 0.11151960784313726 0.037377450980392156 0.04330065359477124
0 0.43075980392156865 0.11233660130718955 0.032475490196078434 0.04411764705882353
0 0.5004595588235294 0.15543300653594772 0.0352328431372549 0.04616013071895425
0 0.4647671568627451 0.15584150326797386 0.03370098039215686 0.0428921568627451
0 0.38526348039215685 0.42830882352941174 0.03462009803921569 0.04125816993464052
0 0.3480392156862745 0.3845996732026144 0.03431372549019608 0.04125816993464052
0 0.38388480392156865 0.38500816993464054 0.03553921568627451 0.04125816993464052
0 0.34589460784313725 0.3386437908496732 0.03370098039215686 0.042483660130718956
0 0.38296568627450983 0.3402777777777778 0.037377450980392156 0.042483660130718956
0 0.3446691176470588 0.29411764705882354 0.03308823529411765 0.04493464052287582
0 0.37974877450980393 0.29391339869281047 0.036458333333333336 0.04370915032679738
0 0.3864889705882353 0.47181372549019607 0.03400735294117647 0.041666666666666664
0 0.34221813725490197 0.24734477124183007 0.034926470588235295 0.046977124183006536
0 0.3403799019607843 0.19934640522875818 0.034926470588235295 0.049836601307189546
0 0.37637867647058826 0.1977124183006536 0.03707107843137255 0.04738562091503268
0 0.3475796568627451 0.1503267973856209 0.0389093137254902 0.049019607843137254
0 0.43183210784313725 0.2005718954248366 0.03278186274509804 0.04493464052287582
0 0.46599264705882354 0.2020016339869281 0.03431372549019608 0.039624183006535946
0 0.49954044117647056 0.20077614379084968 0.03155637254901961 0.042075163398692814
0 0.43167892156862747 0.15645424836601307 0.032475490196078434 0.04411764705882353
0 0.37775735294117646 0.24632352941176472 0.03431372549019608 0.04411764705882353
0 0.8394607843137255 0.19791666666666666 0.024509803921568627 0.04534313725490196
