0 0.8004273504273505 0.3125 0.05726495726495726 0.08701923076923077
0 0.8491452991452991 0.3270432692307692 0.03247863247863248 0.05456730769230769
0 0.8927350427350428 0.3278846153846154 0.04786324786324787 0.04903846153846154
0 0.9604700854700855 0.3191105769230769 0.0782051282051282 0.06274038461538461
0 0.9540598290598291 0.16826923076923078 0.09102564102564102 0.04855769230769231
0 0.9583333333333334 0.2247596153846154 0.0876068376068376 0.058653846153846154
0 0.6188034188034188 0.7661057692307692 0.06068376068376068 0.03798076923076923
0 0.7380341880341881 0.8064903846153846 0.05641025641025641 0.06875
0 0.7895299145299145 0.8215144230769231 0.03974358974358974 0.043028846153846154
0 0.851068376068376 0.7980769230769231 0.06965811965811966 0.06634615384615385
0 0.48034188034188036 0.24014423076923078 0.03675213675213675 0.01875
0 0.7450854700854701 0.34915865384615385 0.027777777777777776 0.048317307692307694
0 0.8647435897435898 0.2265625 0.06709401709401709 0.04783653846153846
0 0.7797008547008547 0.20228365384615385 0.09700854700854701 0.10024038461538462
0 0.7132478632478633 0.21646634615384616 0.018803418803418803 0.06370192307692307
0 0.6876068376068376 0.18245192307692307 0.023076923076923078 0.016346153846153847
0 0.685042735042735 0.21983173076923077 0.02735042735042735 0.056971153846153845
0 0.6561965811965812 0.22007211538461538 0.02094017094017094 0.056490384615384616
0 0.6215811965811966 0.2375 0.04401709401709402 0.02403846153846154
0 0.477991452991453 0.2141826923076923 0.031196581196581197 0.03028846153846154
0 0.517948717948718 0.21225961538461538 0.03418803418803419 0.03125
0 0.5638888888888889 0.20805288461538463 0.053418803418803416 0.025240384615384616
0 0.569017094017094 0.23569711538461538 0.04316239316239316 0.027644230769230768
0 0.5241452991452992 0.24014423076923078 0.04316239316239316 0.020673076923076922
0 0.617948717948718 0.20276442307692308 0.04188034188034188 0.04350961538461538
0 0.7025641025641025 0.3544471153846154 0.03162393162393162 0.04879807692307692
0 0.6938034188034188 0.4936298076923077 0.03205128205128205 0.030528846153846153
0 0.7435897435897436 0.39266826923076925 0.03333333333333333 0.037259615384615384
0 0.38055555555555554 0.6848557692307692 0.053418803418803416 0.05096153846153846
0 0.32564102564102565 0.6664663461538461 0.05213675213675214 0.02860576923076923
0 0.33247863247863246 0.6318509615384615 0.08547008547008547 0.03822115384615385
0 0.06132478632478632 0.6108173076923077 0.10982905982905983 0.020192307692307693
0 0.2014957264957265 0.6793269230769231 0.12606837606837606 0.06826923076923076
0 0.06645299145299145 0.6875 0.10726495726495726 0.08461538461538462
0 0.9209401709401709 0.5161057692307692 0.08974358974358974 0.05673076923076923
0 0.8194444444444444 0.5145432692307692 0.08675213675213675 0.05552884615384615
0 0.6145299145299146 0.5242788461538461 0.06495726495726496 0.06778846153846153
0 0.5408119658119658 0.5280048076923077 0.04145299145299145 0.0733173076923077
0 0.4935897435897436 0.5320913461538461 0.04957264957264957 0.059375
0 0.43803418803418803 0.5290865384615384 0.044444444444444446 0.06826923076923076
0 0.13824786324786326 0.43209134615384615 0.05512820512820513 0.08052884615384616
0 0.2032051282051282 0.43028846153846156 0.06538461538461539 0.08365384615384615
0 0.25235042735042734 0.4311298076923077 0.031196581196581197 0.08004807692307692
0 0.37777777777777777 0.42920673076923077 0.06068376068376068 0.08149038461538462
0 0.44166666666666665 0.43173076923076925 0.06025641025641026 0.0764423076923077
0 0.38824786324786326 0.5322115384615385 0.047435897435897434 0.06442307692307692
0 0.2707264957264957 0.5347355769230769 0.03376068376068376 0.06466346153846154
0 0.42905982905982903 0.19831730769230768 0.04786324786324787 0.027884615384615386
0 0.20213675213675214 0.5356971153846154 0.046153846153846156 0.07139423076923077
0 0.15982905982905982 0.53125 0.029914529914529916 0.06442307692307692
0 0.11901709401709401 0.5337740384615385 0.04230769230769231 0.07235576923076924
0 0.07072649572649573 0.526201923076923 0.047435897435897434 0.05961538461538462
0 0.9117521367521367 0.42403846153846153 0.05 0.04471153846153846
0 0.8632478632478633 0.4266826923076923 0.041025641025641026 0.05
0 0.7946581196581196 0.43197115384615387 0.05854700854700855 0.075
0 0.6072649572649572 0.42932692307692305 0.05042735042735043 0.08125
0 0.5521367521367522 0.43930288461538464 0.05128205128205128 0.06322115384615384
0 0.44529914529914527 0.6995192307692307 0.05897435897435897 0.027884615384615386
0 0.70491452991453 0.3953125 0.03717948717948718 0.030528846153846153
0 0.5399572649572649 0.6782451923076923 0.1123931623931624 0.05889423076923077
0 0.6747863247863248 0.6352163461538461 0.03675213675213675 0.025721153846153845
0 0.7408119658119658 0.4284855769230769 0.03205128205128205 0.034375
0 0.7004273504273504 0.4316105769230769 0.03162393162393162 0.031490384615384615
0 0.6950854700854701 0.46334134615384615 0.03034188034188034 0.02716346153846154
0 0.7335470085470085 0.4846153846153846 0.03461538461538462 0.04375
0 0.686965811965812 0.5483173076923077 0.03547008547008547 0.04855769230769231
0 0.7264957264957265 0.6064903846153846 0.039316239316239315 0.05
0 0.12457264957264957 0.30504807692307695 0.08675213675213675 0.08990384615384615
0 0.4888888888888889 0.7652644230769231 0.07863247863247863 0.04014423076923077
0 0.4756410256410256 0.7997596153846154 0.08034188034188035 0.021634615384615384
0 0.5542735042735043 0.7978365384615385 0.07692307692307693 0.013461538461538462
0 0.6207264957264957 0.8307692307692308 0.06880341880341881 0.035576923076923075
0 0.5384615384615384 0.8320913461538462 0.07094017094017094 0.03389423076923077
0 0.46068376068376066 0.8336538461538462 0.06837606837606838 0.03173076923076923
0 0.20897435897435898 0.31033653846153847 0.0641025641025641 0.08653846153846154
0 0.29294871794871796 0.30649038461538464 0.0782051282051282 0.08798076923076924
0 0.3737179487179487 0.3096153846153846 0.07393162393162393 0.08557692307692308
0 0.4465811965811966 0.31622596153846155 0.04871794871794872 0.07379807692307692
0 0.4967948717948718 0.32379807692307694 0.04316239316239316 0.05961538461538462
0 0.5587606837606838 0.31045673076923075 0.06452991452991454 0.08629807692307692
0 0.6222222222222222 0.3265625 0.0547008547008547 0.017548076923076923
0 0.6215811965811966 0.3449519230769231 0.06111111111111111 0.01826923076923077
0 0.08098290598290599 0.43185096153846153 0.04658119658119658 0.07956730769230769
0 0.2997863247863248 0.803125 0.22863247863247863 0.09326923076923077
0 0.9493589743589743 0.6949519230769231 0.08247863247863248 0.07355769230769231
0 0.9331196581196581 0.6070913461538462 0.08846153846153847 0.061778846153846156
0 0.8463675213675214 0.6061298076923077 0.07307692307692308 0.06129807692307692
0 0.782051282051282 0.6091346153846153 0.05042735042735043 0.057692307692307696
0 0.785042735042735 0.6939903846153846 0.12478632478632479 0.07403846153846154
0 0.6818376068376069 0.6799278846153847 0.03461538461538462 0.05793269230769231
0 0.6277777777777778 0.6661057692307693 0.044444444444444446 0.08509615384615385
0 0.43354700854700856 0.23137019230769232 0.052564102564102565 0.03389423076923077
0 0.9777777777777777 0.8046875 0.0452991452991453 0.06274038461538461
0 0.29935897435897435 0.22127403846153845 0.04487179487179487 0.04927884615384615
0 0.08183760683760684 0.03786057692307692 0.06111111111111111 0.06610576923076923
0 0.13547008547008546 0.03641826923076923 0.0452991452991453 0.07091346153846154
0 0.2643162393162393 0.039302884615384615 0.11923076923076924 0.07475961538461538
0 0.3735042735042735 0.0421875 0.0735042735042735 0.07956730769230769
0 0.838034188034188 0.060216346153846155 0.03076923076923077 0.06514423076923077
0 0.9134615384615384 0.8086538461538462 0.0405982905982906 0.05432692307692308
0 0.8803418803418803 0.05637019230769231 0.05128205128205128 0.07427884615384615
0 0.37094017094017095 0.22920673076923076 0.05982905982905983 0.03389423076923077
0 0.18076923076923077 0.038822115384615385 0.04188034188034188 0.07283653846153847
0 0.020512820512820513 0.18966346153846153 0.03247863247863248 0.03173076923076923
0 0.2587606837606838 0.228125 0.03547008547008547 0.03653846153846154
0 0.21025641025641026 0.2094951923076923 0.0452991452991453 0.07283653846153847
0 0.1685897435897436 0.22463942307692308 0.03888888888888889 0.04158653846153846
0 0.0547008547008547 0.21742788461538462 0.023931623931623933 0.04399038461538462
0 0.9604700854700855 0.0578125 0.06623931623931624 0.08197115384615385
0 0.019230769230769232 0.2231971153846154 0.03418803418803419 0.031490384615384615
