0 0.9432291666666667 0.7333984375 0.06041666666666667 0.082421875
0 0.8888020833333333 0.733203125 0.0390625 0.0828125
0 0.8486979166666667 0.7361328125 0.0390625 0.081640625
0 0.8096354166666667 0.7390625 0.03697916666666667 0.07578125
0 0.7666666666666667 0.74140625 0.04583333333333333 0.07578125
0 0.7138020833333333 0.75078125 0.030729166666666665 0.05703125
0 0.6778645833333333 0.7474609375 0.03802083333333333 0.066015625
0 0.6403645833333333 0.7537109375 0.030729166666666665 0.055859375
0 0.6083333333333333 0.7552734375 0.030208333333333334 0.055078125
0 0.5731770833333333 0.7572265625 0.03697916666666667 0.061328125
0 0.5307291666666667 0.7501953125 0.03229166666666667 0.067578125
0 0.4244791666666667 0.75859375 0.03333333333333333 0.05390625
0 0.45677083333333335 0.7560546875 0.026041666666666668 0.055859375
0 0.9901041666666667 0.7287109375 0.022916666666666665 0.092578125
0 0.39088541666666665 0.7537109375 0.03177083333333333 0.069921875
0 0.35260416666666666 0.761328125 0.03958333333333333 0.0609375
0 0.31197916666666664 0.7537109375 0.03125 0.077734375
0 0.27447916666666666 0.7353515625 0.03958333333333333 0.058984375
0 0.23828125 0.7623046875 0.03177083333333333 0.062890625
0 0.20078125 0.762109375 0.04010416666666667 0.0609375
0 0.12942708333333333 0.7607421875 0.0546875 0.066015625
0 0.07005208333333333 0.7607421875 0.0328125 0.063671875
0 0.027604166666666666 0.76875 0.051041666666666666 0.05859375
0 0.49322916666666666 0.7501953125 0.03958333333333333 0.067578125
0 0.425 0.5373046875 0.052083333333333336 0.055078125
0 0.9263020833333333 0.082421875 0.04010416666666667 0.0484375
0 0.2513020833333333 0.6021484375 0.11302083333333333 0.112890625
0 0.33984375 0.646484375 0.043229166666666666 0.0484375
0 0.38619791666666664 0.639453125 0.04635416666666667 0.05859375
0 0.43697916666666664 0.6453125 0.052083333333333336 0.0484375
0 0.48463541666666665 0.6333984375 0.03802083333333333 0.069140625
0 0.52890625 0.63984375 0.028645833333333332 0.05390625
0 0.5609375 0.6375 0.03229166666666667 0.05859375
0 0.6317708333333333 0.6314453125 0.035416666666666666 0.068359375
0 0.6671875 0.634765625 0.030208333333333334 0.05625
0 0.70234375 0.6296875 0.03697916666666667 0.06640625
0 0.753125 0.6353515625 0.06145833333333333 0.055078125
0 0.81640625 0.6359375 0.059895833333333336 0.05703125
0 0.8807291666666667 0.6181640625 0.04791666666666667 0.073046875
0 0.9671875 0.6185546875 0.04791666666666667 0.079296875
0 0.9575520833333333 0.52578125 0.03177083333333333 0.06328125
0 0.9875 0.51484375 0.025 0.0875
0 0.91484375 0.5212890625 0.044270833333333336 0.076953125
0 0.8682291666666667 0.5140625 0.041666666666666664 0.084375
0 0.83359375 0.51171875 0.021354166666666667 0.06328125
0 0.8018229166666667 0.5255859375 0.04010416666666667 0.068359375
0 0.7596354166666667 0.5271484375 0.04114583333333333 0.068359375
0 0.7184895833333333 0.5275390625 0.03697916666666667 0.069921875
0 0.6783854166666666 0.5275390625 0.04010416666666667 0.069921875
0 0.6377604166666667 0.5283203125 0.034895833333333334 0.066015625
0 0.5572916666666666 0.5359375 0.046875 0.05546875
0 0.5997395833333333 0.531640625 0.03802083333333333 0.059375
0 0.32473958333333336 0.4154296875 0.05364583333333333 0.085546875
0 0.55390625 0.4150390625 0.0515625 0.078515625
0 0.26328125 0.178515625 0.05364583333333333 0.0859375
0 0.3802083333333333 0.1802734375 0.06979166666666667 0.077734375
0 0.4484375 0.17890625 0.0625 0.08203125
0 0.51328125 0.180078125 0.0609375 0.08203125
0 0.5768229166666666 0.179296875 0.059895833333333336 0.0828125
0 0.640625 0.1791015625 0.06354166666666666 0.082421875
0 0.70625 0.177734375 0.06354166666666666 0.08203125
0 0.7697916666666667 0.17890625 0.059375 0.0796875
0 0.8325520833333333 0.1763671875 0.06302083333333333 0.081640625
0 0.89609375 0.1767578125 0.058854166666666666 0.075390625
0 0.9638020833333333 0.190234375 0.0734375 0.04921875
0 0.96640625 0.080859375 0.033854166666666664 0.0484375
0 0.8671875 0.065234375 0.071875 0.08046875
0 0.7934895833333333 0.067578125 0.06614583333333333 0.07578125
0 0.7283854166666667 0.0673828125 0.0609375 0.076171875
0 0.6111979166666667 0.024609375 0.027604166666666666 0.040625
0 0.64609375 0.0767578125 0.0984375 0.059765625
0 0.5651041666666666 0.066796875 0.06145833333333333 0.08203125
0 0.5 0.06640625 0.06145833333333333 0.08203125
0 0.43072916666666666 0.0677734375 0.071875 0.082421875
0 0.2984375 0.0634765625 0.06770833333333333 0.077734375
0 0.22708333333333333 0.0720703125 0.06979166666666667 0.055859375
0 0.15026041666666667 0.0890625 0.07239583333333334 0.0265625
0 0.075 0.0896484375 0.07291666666666667 0.028515625
0 0.15234375 0.04765625 0.07447916666666667 0.053125
0 0.20625 0.1783203125 0.05416666666666667 0.080859375
0 0.41822916666666665 0.416796875 0.058333333333333334 0.07734375
0 0.15989583333333332 0.187109375 0.03229166666666667 0.06015625
0 0.01015625 0.1875 0.0203125 0.05703125
0 0.6010416666666667 0.4076171875 0.041666666666666664 0.091796875
0 0.6463541666666667 0.4080078125 0.040625 0.089453125
0 0.6901041666666666 0.4080078125 0.040625 0.084765625
0 0.734375 0.40546875 0.03958333333333333 0.0890625
0 0.7778645833333333 0.404296875 0.043229166666666666 0.09375
0 0.8239583333333333 0.40546875 0.03958333333333333 0.0890625
0 0.8630208333333333 0.404296875 0.035416666666666666 0.08359375
0 0.9075520833333334 0.402734375 0.043229166666666666 0.0953125
0 0.9596354166666666 0.401953125 0.050520833333333334 0.0921875
0 0.9408854166666667 0.3072265625 0.06822916666666666 0.051171875
0 0.8729166666666667 0.305859375 0.059375 0.059375
0 0.8130208333333333 0.3048828125 0.05625 0.059765625
0 0.7510416666666667 0.3056640625 0.057291666666666664 0.060546875
0 0.69296875 0.3060546875 0.05572916666666667 0.059765625
0 0.6341145833333334 0.30703125 0.059895833333333336 0.059375
0 0.57265625 0.3083984375 0.059895833333333336 0.057421875
0 0.51015625 0.3091796875 0.0578125 0.058984375
0 0.44869791666666664 0.3087890625 0.0578125 0.058984375
0 0.38645833333333335 0.3095703125 0.06145833333333333 0.062109375
0 0.3255208333333333 0.3078125 0.05520833333333333 0.06328125
0 0.08984375 0.44921875 0.11302083333333333 0.10625
0 0.23828125 0.330078125 0.1078125 0.1140625
0 0.1328125 0.332421875 0.096875 0.1140625
0 0.04140625 0.333203125 0.08072916666666667 0.12265625
0 0.0484375 0.1890625 0.052083333333333336 0.05546875
0 0.10260416666666666 0.1810546875 0.052083333333333336 0.069921875
0 0.07421875 0.0453125 0.07552083333333333 0.0578125
0 0.017708333333333333 0.0673828125 0.035416666666666666 0.073046875
