0 0.7774203431372549 0.9248366013071896 0.05667892156862745 0.058823529411764705
0 0.5992647058823529 0.9479166666666666 0.0508578431372549 0.05759803921568627
0 0.8460477941176471 0.9379084967320261 0.06954656862745098 0.06699346405228758
0 0.8386948529411765 0.9875408496732027 0.06341911764705882 0.020016339869281044
0 0.7737438725490197 0.9808006535947712 0.06219362745098039 0.03349673202614379
0 0.7110906862745098 0.9740604575163399 0.05943627450980392 0.0494281045751634
0 0.6548713235294118 0.9667075163398693 0.05238970588235294 0.054330065359477125
0 0.5042892156862745 0.346609477124183 0.02022058823529412 0.127859477124183
0 0.5980392156862745 0.8821486928104575 0.04779411764705882 0.06740196078431372
0 0.5986519607843137 0.8090277777777778 0.04840686274509804 0.07312091503267974
0 0.6522671568627451 0.8216911764705882 0.0508578431372549 0.07230392156862746
0 0.9149816176470589 0.9579248366013072 0.05545343137254902 0.0718954248366013
0 0.9744178921568627 0.9648692810457516 0.05177696078431373 0.06045751633986928
0 0.9734987745098039 0.8658088235294118 0.05361519607843137 0.10498366013071896
0 0.7140012254901961 0.9115604575163399 0.057904411764705885 0.060866013071895424
0 0.6539522058823529 0.8972630718954249 0.05116421568627451 0.06985294117647059
0 0.7140012254901961 0.8349673202614379 0.06158088235294118 0.06535947712418301
0 0.7769607843137255 0.7673611111111112 0.05943627450980392 0.06985294117647059
0 0.8446691176470589 0.8590686274509803 0.06495098039215687 0.07434640522875817
0 0.6786151960784313 0.48161764705882354 0.052083333333333336 0.07761437908496732
0 0.6178002450980392 0.4824346405228758 0.043198529411764705 0.07107843137254902
0 0.5698529411764706 0.4783496732026144 0.04595588235294118 0.06944444444444445
0 0.5143995098039216 0.47344771241830064 0.04411764705882353 0.05718954248366013
0 0.5147058823529411 0.5467728758169934 0.04411764705882353 0.05841503267973856
0 0.514859068627451 0.6151960784313726 0.043198529411764705 0.06045751633986928
0 0.7363664215686274 0.4854983660130719 0.05238970588235294 0.06495098039215687
0 0.3799019607843137 0.5970179738562091 0.03676470588235294 0.051879084967320264
0 0.42340686274509803 0.6072303921568627 0.0392156862745098 0.05759803921568627
0 0.4678308823529412 0.5473856209150327 0.0392156862745098 0.05718954248366013
0 0.4231004901960784 0.5437091503267973 0.0392156862745098 0.05718954248366013
0 0.46568627450980393 0.47671568627450983 0.0392156862745098 0.05718954248366013
0 0.42340686274509803 0.4756944444444444 0.04044117647058824 0.05269607843137255
0 0.3783700980392157 0.4750816993464052 0.037377450980392156 0.05392156862745098
0 0.46691176470588236 0.6113153594771242 0.0392156862745098 0.05759803921568627
0 0.7988664215686274 0.48999183006535946 0.06464460784313726 0.07312091503267974
0 0.8647365196078431 0.49080882352941174 0.06096813725490196 0.0763888888888889
0 0.9407169117647058 0.4977532679738562 0.0664828431372549 0.08946078431372549
0 0.7965686274509803 0.6464460784313726 0.05392156862745098 0.06413398692810457
0 0.7320772058823529 0.6380718954248366 0.0548406862745098 0.0661764705882353
0 0.6749387254901961 0.6329656862745098 0.05575980392156863 0.06658496732026144
0 0.6187193627450981 0.6241830065359477 0.050551470588235295 0.06209150326797386
0 0.5635723039215687 0.6172385620915033 0.04993872549019608 0.061274509803921566
0 0.9852941176470589 0.6672794117647058 0.027573529411764705 0.07965686274509803
0 0.9882046568627451 0.49673202614379086 0.022365196078431373 0.0915032679738562
0 0.9863664215686274 0.5837418300653595 0.026041666666666668 0.07598039215686274
0 0.9371936274509803 0.579248366013072 0.06311274509803921 0.07026143790849673
0 0.8667279411764706 0.5757761437908496 0.0661764705882353 0.07720588235294118
0 0.7982536764705882 0.5712826797385621 0.06770833333333333 0.07475490196078431
0 0.7352941176470589 0.5618872549019608 0.05269607843137255 0.06740196078431372
0 0.6749387254901961 0.5584150326797386 0.05269607843137255 0.06699346405228758
0 0.6170343137254902 0.5529003267973857 0.05269607843137255 0.06740196078431372
0 0.5664828431372549 0.5490196078431373 0.04656862745098039 0.05392156862745098
0 0.38296568627450983 0.5416666666666666 0.03553921568627451 0.04656862745098039
0 0.3394607843137255 0.5322712418300654 0.03308823529411765 0.04820261437908497
0 0.33838848039215685 0.5970179738562091 0.03707107843137255 0.05923202614379085
0 0.30300245098039214 0.5876225490196079 0.027573529411764705 0.053513071895424834
0 0.06694240196078431 0.5696486928104575 0.02420343137254902 0.05514705882352941
0 0.0389093137254902 0.5643382352941176 0.02022058823529412 0.0428921568627451
0 0.012867647058823529 0.5651552287581699 0.025735294117647058 0.04125816993464052
0 0.09329044117647059 0.5126633986928104 0.030943627450980393 0.05228758169934641
0 0.06541053921568628 0.5165441176470589 0.0272671568627451 0.042075163398692814
0 0.03676470588235294 0.5122549019607843 0.017769607843137254 0.03839869281045752
0 0.011182598039215686 0.5128676470588235 0.022365196078431373 0.042075163398692814
0 0.06449142156862746 0.45955882352941174 0.030943627450980393 0.059640522875817
0 0.03799019607843137 0.45608660130718953 0.016544117647058824 0.05923202614379085
0 0.011488970588235295 0.4526143790849673 0.02297794117647059 0.05392156862745098
0 0.41207107843137253 0.34824346405228757 0.017769607843137254 0.12459150326797386
0 0.3893995098039216 0.3508986928104575 0.01838235294117647 0.12663398692810457
0 0.37193627450980393 0.3488562091503268 0.01715686274509804 0.12581699346405228
0 0.34880514705882354 0.3502859477124183 0.021139705882352942 0.12050653594771242
0 0.32950367647058826 0.3508986928104575 0.011948529411764705 0.119281045751634
0 0.09283088235294118 0.5665849673202614 0.026348039215686275 0.04820261437908497
0 0.8615196078431373 0.6515522875816994 0.06924019607843138 0.0661764705882353
0 0.1254595588235294 0.571078431372549 0.035845588235294115 0.05473856209150327
0 0.16007965686274508 0.519812091503268 0.03216911764705882 0.04044117647058824
0 0.296875 0.5300245098039216 0.03002450980392157 0.05269607843137255
0 0.26256127450980393 0.5271650326797386 0.034926470588235295 0.04616013071895425
0 0.2633272058823529 0.5884395424836601 0.03707107843137255 0.042075163398692814
0 0.22472426470588236 0.5827205882352942 0.02849264705882353 0.05106209150326797
0 0.19424019607843138 0.5778186274509803 0.028799019607843136 0.053513071895424834
0 0.22533700980392157 0.5247140522875817 0.0352328431372549 0.04534313725490196
0 0.19087009803921567 0.5243055555555556 0.025735294117647058 0.04370915032679738
0 0.33777573529411764 0.477124183006536 0.030330882352941176 0.05718954248366013
0 0.2971813725490196 0.46405228758169936 0.03799019607843137 0.05310457516339869
0 0.25965073529411764 0.4667075163398693 0.027879901960784315 0.06004901960784314
0 0.22043504901960784 0.4644607843137255 0.036458333333333336 0.05228758169934641
0 0.1873468137254902 0.45955882352941174 0.026041666666666668 0.05228758169934641
0 0.15533088235294118 0.46282679738562094 0.028799019607843136 0.05310457516339869
0 0.12055759803921569 0.4562908496732026 0.026041666666666668 0.049019607843137254
0 0.12392769607843138 0.5159313725490197 0.02665441176470588 0.0457516339869281
0 0.16237745098039216 0.577001633986928 0.028186274509803922 0.05024509803921569
0 0.9335171568627451 0.6609477124183006 0.06678921568627451 0.06781045751633986
0 0.006740196078431373 0.6830065359477124 0.012254901960784314 0.04820261437908497
0 0.008272058823529412 0.733251633986928 0.016544117647058824 0.051470588235294115
0 0.40625 0.9556781045751634 0.04105392156862745 0.046977124183006536
0 0.3635110294117647 0.9407679738562091 0.0389093137254902 0.051470588235294115
0 0.32337622549019607 0.9299428104575164 0.036458333333333336 0.05106209150326797
0 0.2847732843137255 0.9197303921568627 0.033394607843137254 0.0494281045751634
0 0.24739583333333334 0.9068627450980392 0.0352328431372549 0.0457516339869281
0 0.21492034313725492 0.8944035947712419 0.030943627450980393 0.04044117647058824
0 0.3628982843137255 0.8843954248366013 0.03952205882352941 0.05310457516339869
0 0.32230392156862747 0.8723447712418301 0.03615196078431373 0.04779411764705882
0 0.28339460784313725 0.8654003267973857 0.03308823529411765 0.044526143790849675
0 0.24800857843137256 0.8496732026143791 0.030330882352941176 0.0457516339869281
0 0.21537990196078433 0.8396650326797386 0.03002450980392157 0.04861111111111111
0 0.3635110294117647 0.8171977124183006 0.0389093137254902 0.05923202614379085
0 0.32276348039215685 0.8137254901960784 0.03707107843137255 0.056372549019607844
0 0.2850796568627451 0.8016748366013072 0.03400735294117647 0.05024509803921569
0 0.24785539215686275 0.7924836601307189 0.03799019607843137 0.04411764705882353
0 0.40487132352941174 0.891952614379085 0.04136029411764706 0.05759803921568627
0 0.21277573529411764 0.7845179738562091 0.030330882352941176 0.0428921568627451
0 0.4027267156862745 0.8284313725490197 0.036458333333333336 0.06372549019607843
0 0.3987438725490196 0.6991421568627451 0.0389093137254902 0.06740196078431372
0 0.3125 0.3500816993464052 0.016544117647058824 0.12581699346405228
0 0.7141544117647058 0.7591911764705882 0.06004901960784314 0.06658496732026144
0 0.6544117647058824 0.7448937908496732 0.04963235294117647 0.06740196078431372
0 0.5997242647058824 0.7373366013071896 0.048100490196078434 0.06535947712418301
0 0.5445772058823529 0.7234477124183006 0.04871323529411765 0.06372549019607843
0 0.547640931372549 0.7963643790849673 0.04381127450980392 0.060866013071895424
0 0.546875 0.8680555555555556 0.04656862745098039 0.0661764705882353
0 0.5481004901960784 0.9315767973856209 0.0428921568627451 0.05514705882352941
0 0.5485600490196079 0.9848856209150327 0.045649509803921566 0.03022875816993464
0 0.49862132352941174 0.9738562091503268 0.048100490196078434 0.05392156862745098
0 0.4496017156862745 0.9669117647058824 0.040747549019607844 0.06699346405228758
0 0.49785539215686275 0.9160539215686274 0.0428921568627451 0.054330065359477125
0 0.4508272058823529 0.9021650326797386 0.04136029411764706 0.051879084967320264
0 0.49846813725490197 0.8535539215686274 0.04411764705882353 0.060866013071895424
0 0.44806985294117646 0.838031045751634 0.04503676470588235 0.054330065359477125
0 0.4027267156862745 0.766952614379085 0.03829656862745098 0.05841503267973856
0 0.7791053921568627 0.8484477124183006 0.061887254901960786 0.07107843137254902
0 0.36075367647058826 0.755718954248366 0.03707107843137255 0.061274509803921566
0 0.28339460784313725 0.7426470588235294 0.03308823529411765 0.05228758169934641
0 0.0857843137254902 0.7475490196078431 0.025122549019607844 0.04738562091503268
0 0.05560661764705882 0.7436683006535948 0.02420343137254902 0.0428921568627451
0 0.08287377450980392 0.6993464052287581 0.02665441176470588 0.042483660130718956
0 0.05438112745098039 0.693218954248366 0.021752450980392156 0.042483660130718956
0 0.14322916666666666 0.7105800653594772 0.02849264705882353 0.046977124183006536
0 0.11075367647058823 0.701797385620915 0.02665441176470588 0.042483660130718956
0 0.07674632352941177 0.6456290849673203 0.01991421568627451 0.04861111111111111
0 0.050551470588235295 0.6407271241830066 0.023284313725490197 0.04861111111111111
0 0.025582107843137254 0.6358251633986928 0.01991421568627451 0.05106209150326797
0 0.028645833333333332 0.6893382352941176 0.01991421568627451 0.04044117647058824
0 0.03155637254901961 0.7377450980392157 0.01838235294117647 0.04003267973856209
0 0.03278186274509804 0.7861519607843137 0.020833333333333332 0.039624183006535946
0 0.03170955882352941 0.8359885620915033 0.026041666666666668 0.03880718954248366
0 0.008118872549019608 0.8261846405228758 0.016237745098039217 0.04370915032679738
0 0.00980392156862745 0.7785947712418301 0.0196078431372549 0.03758169934640523
0 0.14690563725490197 0.7634803921568627 0.02665441176470588 0.0457516339869281
0 0.3212316176470588 0.7481617647058824 0.03829656862745098 0.05106209150326797
0 0.08425245098039216 0.8014705882352942 0.027573529411764705 0.04084967320261438
0 0.0586703431372549 0.8435457516339869 0.02665441176470588 0.04330065359477124
0 0.21170343137254902 0.7265114379084967 0.03431372549019608 0.05024509803921569
0 0.24632352941176472 0.735702614379085 0.03308823529411765 0.049019607843137254
0 0.32981004901960786 0.6823937908496732 0.03829656862745098 0.056781045751633986
0 0.28691789215686275 0.6768790849673203 0.04013480392156863 0.05555555555555555
0 0.24647671568627452 0.6727941176470589 0.03707107843137255 0.058823529411764705
0 0.20741421568627452 0.6668709150326797 0.03125 0.0559640522875817
0 0.17601102941176472 0.7126225490196079 0.0272671568627451 0.053513071895424834
0 0.17754289215686275 0.7691993464052288 0.02849264705882353 0.049019607843137254
0 0.1801470588235294 0.8253676470588235 0.028799019607843136 0.04779411764705882
0 0.18259803921568626 0.8815359477124183 0.03125 0.049019607843137254
0 0.1478247549019608 0.869281045751634 0.02665441176470588 0.049019607843137254
0 0.11596200980392157 0.8564133986928104 0.02420343137254902 0.046977124183006536
0 0.14721200980392157 0.8149509803921569 0.029105392156862746 0.041666666666666664
0 0.11611519607843138 0.8069852941176471 0.024509803921568627 0.044526143790849675
0 0.08655024509803921 0.8502859477124183 0.02665441176470588 0.039624183006535946
0 0.05713848039215686 0.7910539215686274 0.021752450980392156 0.044526143790849675
0 0.11565563725490197 0.7559232026143791 0.0272671568627451 0.04044117647058824
0 0.47931985294117646 0.3478349673202614 0.026041666666666668 0.13276143790849673
0 0.8244485294117647 0.33374183006535946 0.03002450980392157 0.15359477124183007
0 0.5277267156862745 0.3474264705882353 0.021139705882352942 0.13602941176470587
0 0.5556066176470589 0.34272875816993464 0.024816176470588234 0.14052287581699346
0 0.09589460784313726 0.18566176470588236 0.02144607843137255 0.16299019607843138
0 0.7896752450980392 0.33905228758169936 0.0272671568627451 0.1527777777777778
0 0.7593443627450981 0.34334150326797386 0.02971813725490196 0.14665032679738563
0 0.7277879901960784 0.3464052287581699 0.02971813725490196 0.14052287581699346
0 0.6986825980392157 0.34191176470588236 0.02542892156862745 0.14460784313725492
0 0.6678921568627451 0.34272875816993464 0.030637254901960783 0.1454248366013072
0 0.930453431372549 0.34844771241830064 0.025122549019607844 0.13398692810457516
0 0.8941482843137255 0.33905228758169936 0.030330882352941176 0.1454248366013072
0 0.8595281862745098 0.3374183006535948 0.03155637254901961 0.15604575163398693
0 0.5816482843137255 0.35375816993464054 0.021139705882352942 0.13316993464052287
0 0.6084558823529411 0.34477124183006536 0.026348039215686275 0.14133986928104575
0 0.6351102941176471 0.3449754901960784 0.02267156862745098 0.13357843137254902
0 0.04840686274509804 0.19587418300653595 0.02267156862745098 0.15236928104575165
0 0.12791053921568626 0.18178104575163398 0.03155637254901961 0.1576797385620915
0 0.018688725490196078 0.20220588235294118 0.01715686274509804 0.14705882352941177
0 0.17846200980392157 0.17626633986928106 0.030330882352941176 0.15155228758169934
0 0.24402573529411764 0.17320261437908496 0.02849264705882353 0.1576797385620915
0 0.47150735294117646 0.13868464052287582 0.03799019607843137 0.18504901960784315
0 0.5160845588235294 0.12765522875816993 0.03829656862745098 0.1875
0 0.5592830882352942 0.12479575163398693 0.03768382352941176 0.19076797385620914
0 0.6076899509803921 0.12050653594771242 0.04197303921568627 0.19934640522875818
0 0.6613051470588235 0.11376633986928104 0.04136029411764706 0.18995098039215685
0 0.7112438725490197 0.10559640522875817 0.04871323529411765 0.20874183006535948
0 0.7639399509803921 0.10110294117647059 0.046262254901960786 0.2005718954248366
0 0.8285845588235294 0.09620098039215687 0.057291666666666664 0.19076797385620914
0 0.8900122549019608 0.09906045751633986 0.05575980392156863 0.19730392156862744
0 0.9549632352941176 0.09436274509803921 0.061274509803921566 0.18709150326797386
0 0.992953431372549 0.3359885620915033 0.014705882352941176 0.15400326797385622
0 0.9640012254901961 0.3388480392156863 0.03462009803921569 0.15318627450980393
0 0.3553921568627451 0.15298202614379086 0.03615196078431373 0.17851307189542484
0 0.31525735294117646 0.15706699346405228 0.03370098039215686 0.16789215686274508
0 0.28017769607843135 0.16830065359477125 0.02665441176470588 0.16013071895424835
0 0.2109375 0.17463235294117646 0.02849264705882353 0.16952614379084968
0 0.42769607843137253 0.144812091503268 0.03431372549019608 0.17279411764705882
0 0.3978247549019608 0.15236928104575165 0.01685049019607843 0.16748366013071894
0 0.23223039215686275 0.35294117647058826 0.017769607843137254 0.12009803921568628
0 0.25183823529411764 0.35232843137254904 0.015931372549019607 0.11151960784313726
0 0.2699142156862745 0.35355392156862747 0.01715686274509804 0.12377450980392157
0 0.2913602941176471 0.349468954248366 0.018995098039215685 0.12214052287581699
0 0.18060661764705882 0.3596813725490196 0.014399509803921568 0.11642156862745098
0 0.16636029411764705 0.35232843137254904 0.014093137254901961 0.11642156862745098
0 0.1488970588235294 0.35580065359477125 0.015931372549019607 0.10947712418300654
0 0.1329656862745098 0.3568218954248366 0.011642156862745098 0.11968954248366014
0 0.11825980392156862 0.35355392156862747 0.014093137254901961 0.11887254901960784
0 0.19929534313725492 0.3560049019607843 0.01685049019607843 0.11397058823529412
0 0.10477941176470588 0.3553921568627451 0.012867647058823529 0.11274509803921569
0 0.07506127450980392 0.3560049019607843 0.011029411764705883 0.10661764705882353
0 0.06050857843137255 0.3555964052287582 0.013174019607843137 0.10008169934640523
0 0.04840686274509804 0.3588643790849673 0.011642156862745098 0.10089869281045752
0 0.03262867647058824 0.36008986928104575 0.01133578431372549 0.10089869281045752
0 0.0196078431372549 0.3576388888888889 0.013480392156862746 0.10089869281045752
0 0.005361519607843137 0.3541666666666667 0.010723039215686275 0.09967320261437909
0 0.43596813725490197 0.3488562091503268 0.02267156862745098 0.13316993464052287
0 0.4586397058823529 0.34763071895424835 0.015931372549019607 0.12826797385620914
0 0.08777573529411764 0.35723039215686275 0.012561274509803922 0.10661764705882353
0 0.21583946078431374 0.3533496732026144 0.012561274509803922 0.12418300653594772
