0 0.752859477124183 0.1875 0.028594771241830064 0.09375
0 0.7075163398692811 0.1881127450980392 0.041666666666666664 0.09252450980392157
0 0.6670751633986928 0.18979779411764705 0.022058823529411766 0.09589460784313726
0 0.6252042483660131 0.5553002450980392 0.037173202614379085 0.07628676470588236
0 0.8314950980392157 0.18627450980392157 0.0298202614379085 0.10049019607843138
0 0.8666258169934641 0.1875 0.03390522875816993 0.09375
0 0.6372549019607843 0.18382352941176472 0.03431372549019608 0.09803921568627451
0 0.5959967320261438 0.18627450980392157 0.03431372549019608 0.09558823529411764
0 0.6672794117647058 0.5522365196078431 0.03390522875816993 0.07506127450980392
0 0.5582107843137255 0.18841911764705882 0.03227124183006536 0.0974264705882353
0 0.7910539215686274 0.18642769607843138 0.039624183006535946 0.09834558823529412
0 0.5876225490196079 0.5540747549019608 0.03308823529411765 0.07383578431372549
0 0.4089052287581699 0.5597426470588235 0.027777777777777776 0.09191176470588236
0 0.5079656862745098 0.5589767156862745 0.03553921568627451 0.08363970588235294
0 0.47344771241830064 0.5542279411764706 0.027777777777777776 0.08394607843137254
0 0.4415849673202614 0.5571384803921569 0.024509803921568627 0.08057598039215687
0 0.8999183006535948 0.18596813725490197 0.028594771241830064 0.09252450980392157
0 0.3729575163398693 0.5582107843137255 0.03104575163398693 0.08517156862745098
0 0.33619281045751637 0.5572916666666666 0.025326797385620915 0.08700980392156862
0 0.29963235294117646 0.5658700980392157 0.03308823529411765 0.07720588235294118
0 0.2651143790849673 0.5647977941176471 0.031862745098039214 0.0818014705882353
0 0.2312091503267974 0.5629595588235294 0.028594771241830064 0.08792892156862746
0 0.19587418300653595 0.5586703431372549 0.03553921568627451 0.1056985294117647
0 0.15665849673202614 0.5618872549019608 0.03145424836601307 0.09681372549019608
0 0.11948529411764706 0.5652573529411765 0.03145424836601307 0.09252450980392157
0 0.5492238562091504 0.5548406862745098 0.030637254901960783 0.07720588235294118
0 0.9372957516339869 0.1878063725490196 0.034722222222222224 0.09191176470588236
0 0.8539624183006536 0.5424325980392157 0.03799019607843137 0.07996323529411764
0 0.7046568627450981 0.5487132352941176 0.03431372549019608 0.07230392156862746
0 0.09865196078431372 0.7069546568627451 0.04534313725490196 0.10814950980392157
0 0.1403186274509804 0.7063419117647058 0.0363562091503268 0.10692401960784313
0 0.18566176470588236 0.7080269607843137 0.039624183006535946 0.09558823529411764
0 0.2346813725490196 0.7048100490196079 0.03553921568627451 0.10386029411764706
0 0.2943218954248366 0.6905637254901961 0.03880718954248366 0.11764705882352941
0 0.3598856209150327 0.6897977941176471 0.04084967320261438 0.11243872549019608
0 0.4007352941176471 0.6897977941176471 0.02696078431372549 0.11243872549019608
0 0.471609477124183 0.6908700980392157 0.03880718954248366 0.10723039215686274
0 0.43566176470588236 0.6951593137254902 0.0363562091503268 0.11458333333333333
0 0.5053104575163399 0.6836703431372549 0.028594771241830064 0.12714460784313725
0 0.5437091503267973 0.6761642156862745 0.0392156862745098 0.11458333333333333
0 0.5806781045751634 0.6686580882352942 0.0298202614379085 0.11427696078431372
0 0.625 0.6973039215686274 0.035130718954248366 0.08149509803921569
0 0.6697303921568627 0.6827512254901961 0.03880718954248366 0.1056985294117647
0 0.7167075163398693 0.6919424019607843 0.03880718954248366 0.08792892156862746
0 0.764297385620915 0.6904105392156863 0.03349673202614379 0.08547794117647059
0 0.8118872549019608 0.6790747549019608 0.03799019607843137 0.0860906862745098
0 0.8570261437908496 0.6806066176470589 0.03104575163398693 0.08057598039215687
0 0.922998366013072 0.7000612745098039 0.04370915032679738 0.051470588235294115
0 0.9777369281045751 0.6936274509803921 0.0428921568627451 0.04963235294117647
0 0.9793709150326797 0.5347732843137255 0.023284313725490197 0.0860906862745098
0 0.948937908496732 0.5350796568627451 0.02696078431372549 0.08731617647058823
0 0.920751633986928 0.5364583333333334 0.02287581699346405 0.08272058823529412
0 0.8925653594771242 0.5356924019607843 0.024509803921568627 0.0818014705882353
0 0.07516339869281045 0.5666360294117647 0.03349673202614379 0.09712009803921569
0 0.8149509803921569 0.5456495098039216 0.03104575163398693 0.07352941176470588
0 0.7446895424836601 0.5479473039215687 0.032679738562091505 0.07628676470588236
0 0.974468954248366 0.18550857843137256 0.03308823529411765 0.08792892156862746
0 0.032066993464052285 0.5657169117647058 0.03799019607843137 0.09650735294117647
0 0.0181781045751634 0.4443933823529412 0.034722222222222224 0.10753676470588236
0 0.14787581699346405 0.43642769607843135 0.03676470588235294 0.10753676470588236
0 0.15012254901960784 0.3089767156862745 0.039624183006535946 0.04013480392156863
0 0.16441993464052287 0.34420955882352944 0.028186274509803922 0.02849264705882353
0 0.21609477124183007 0.3625919117647059 0.03349673202614379 0.050551470588235295
0 0.21875 0.3056066176470588 0.034722222222222224 0.05545343137254902
0 0.11825980392156862 0.18550857843137256 0.03227124183006536 0.0940563725490196
0 0.07945261437908496 0.1870404411764706 0.042075163398692814 0.08547794117647059
0 0.028799019607843136 0.19117647058823528 0.0494281045751634 0.09129901960784313
0 0.022263071895424837 0.31234681372549017 0.039624183006535946 0.10753676470588236
0 0.06025326797385621 0.31265318627450983 0.03553921568627451 0.10998774509803921
0 0.1002859477124183 0.31035539215686275 0.03553921568627451 0.10477941176470588
0 0.977328431372549 0.3088235294117647 0.02900326797385621 0.08639705882352941
0 0.9438316993464052 0.3092830882352941 0.026552287581699346 0.09037990196078431
0 0.1437908496732026 0.25965073529411764 0.0457516339869281 0.046262254901960786
0 0.9025735294117647 0.3088235294117647 0.03799019607843137 0.09129901960784313
0 0.7949346405228758 0.31847426470588236 0.049019607843137254 0.0818014705882353
0 0.6877042483660131 0.31847426470588236 0.03880718954248366 0.0818014705882353
0 0.6509395424836601 0.31862745098039214 0.03308823529411765 0.08333333333333333
0 0.6090686274509803 0.31832107843137253 0.03349673202614379 0.0821078431372549
0 0.5706699346405228 0.3203125 0.03758169934640523 0.08241421568627451
0 0.5285947712418301 0.32230392156862747 0.03758169934640523 0.0857843137254902
0 0.48713235294117646 0.3212316176470588 0.03553921568627451 0.08302696078431372
0 0.44505718954248363 0.3212316176470588 0.042075163398692814 0.08057598039215687
0 0.40236928104575165 0.3215379901960784 0.03758169934640523 0.08241421568627451
0 0.35723039215686275 0.3244485294117647 0.03799019607843137 0.08394607843137254
0 0.31495098039215685 0.3232230392156863 0.04084967320261438 0.08394607843137254
0 0.2747140522875817 0.3242953431372549 0.034722222222222224 0.08425245098039216
0 0.8451797385620915 0.3083639705882353 0.03676470588235294 0.0897671568627451
0 0.20526960784313725 0.24662990196078433 0.03308823529411765 0.029411764705882353
0 0.2152777777777778 0.1959252450980392 0.026143790849673203 0.05177696078431373
0 0.16196895424836602 0.19209558823529413 0.03553921568627451 0.04411764705882353
0 0.10477941176470588 0.4336703431372549 0.034722222222222224 0.11060049019607843
0 0.058619281045751634 0.4410232843137255 0.039624183006535946 0.10814950980392157
0 0.24019607843137256 0.4489889705882353 0.03758169934640523 0.07996323529411764
0 0.2861519607843137 0.4492953431372549 0.0363562091503268 0.08547794117647059
0 0.3286356209150327 0.4482230392156863 0.03553921568627451 0.08088235294117647
0 0.3713235294117647 0.44607843137254904 0.03431372549019608 0.08394607843137254
0 0.4111519607843137 0.44699754901960786 0.02900326797385621 0.08333333333333333
0 0.45098039215686275 0.44607843137254904 0.03676470588235294 0.07904411764705882
0 0.4928513071895425 0.44424019607843135 0.037173202614379085 0.08026960784313726
0 0.5300245098039216 0.4416360294117647 0.030637254901960783 0.07996323529411764
0 0.5665849673202614 0.4430147058823529 0.031862745098039214 0.0778186274509804
0 0.6478758169934641 0.4410232843137255 0.03758169934640523 0.08118872549019608
0 0.6866830065359477 0.43964460784313725 0.03104575163398693 0.07598039215686274
0 0.724468954248366 0.4384191176470588 0.0363562091503268 0.07598039215686274
0 0.8462009803921569 0.42922794117647056 0.02900326797385621 0.08394607843137254
0 0.8811274509803921 0.4306066176470588 0.021241830065359478 0.08670343137254902
0 0.9048202614379085 0.4306066176470588 0.022058823529411766 0.08915441176470588
0 0.9348447712418301 0.43014705882352944 0.020016339869281044 0.08823529411764706
0 0.963031045751634 0.4290747549019608 0.02246732026143791 0.0860906862745098
0 0.5140931372549019 0.19286151960784315 0.03308823529411765 0.08731617647058823
0 0.4824346405228758 0.1878063725490196 0.028594771241830064 0.09191176470588236
0 0.4462826797385621 0.18183210784313725 0.0298202614379085 0.10386029411764706
0 0.40808823529411764 0.18183210784313725 0.035130718954248366 0.10631127450980392
0 0.3660130718954248 0.18091299019607843 0.035130718954248366 0.10692401960784313
0 0.31229575163398693 0.18382352941176472 0.04534313725490196 0.10294117647058823
0 0.9865196078431373 0.42034313725490197 0.021241830065359478 0.06924019607843138
0 0.26633986928104575 0.18275122549019607 0.03676470588235294 0.0934436274509804
0 0.18770424836601307 0.4378063725490196 0.03227124183006536 0.10477941176470588
0 0.04003267973856209 0.7329963235294118 0.0457516339869281 0.06770833333333333
0 0.6115196078431373 0.4414828431372549 0.032679738562091505 0.0821078431372549
