0 0.0640625 0.360546875 0.075 0.03203125
0 0.06145833333333333 0.4162109375 0.078125 0.041796875
0 0.0359375 0.50546875 0.06770833333333333 0.05625
0 0.026822916666666665 0.56484375 0.050520833333333334 0.046875
0 0.51484375 0.105078125 0.13697916666666668 0.04375
0 0.1546875 0.5640625 0.046875 0.04765625
0 0.3658854166666667 0.5224609375 0.1140625 0.028515625
0 0.4661458333333333 0.5572265625 0.128125 0.054296875
0 0.5846354166666666 0.51484375 0.0734375 0.0390625
0 0.5796875 0.4751953125 0.07604166666666666 0.023828125
0 0.6677083333333333 0.4796875 0.08125 0.03125
0 0.6890625 0.563671875 0.08229166666666667 0.0484375
0 0.6731770833333334 0.51796875 0.0796875 0.04453125
0 0.7130208333333333 0.6982421875 0.07083333333333333 0.042578125
0 0.7002604166666667 0.6453125 0.0671875 0.03515625
0 0.61796875 0.6541015625 0.0796875 0.036328125
0 0.6088541666666667 0.6099609375 0.052083333333333336 0.038671875
0 0.6471354166666666 0.6994140625 0.05572916666666667 0.050390625
0 0.6747395833333333 0.1408203125 0.14947916666666666 0.086328125
0 0.5166666666666667 0.157421875 0.13020833333333334 0.04375
0 0.23255208333333333 0.4166015625 0.0546875 0.054296875
0 0.36875 0.153515625 0.14791666666666667 0.04453125
0 0.3697916666666667 0.095703125 0.140625 0.053125
0 0.25546875 0.1025390625 0.0734375 0.046484375
0 0.25859375 0.1501953125 0.0671875 0.041796875
0 0.09036458333333333 0.1515625 0.0734375 0.0484375
0 0.09036458333333333 0.1033203125 0.0734375 0.037890625
0 0.02578125 0.1064453125 0.049479166666666664 0.037109375
0 0.024739583333333332 0.153515625 0.0484375 0.0484375
0 0.5598958333333334 0.7005859375 0.08125 0.050390625
0 0.25703125 0.51484375 0.10260416666666666 0.0390625
0 0.23697916666666666 0.56484375 0.10625 0.04375
0 0.13515625 0.5146484375 0.08385416666666666 0.051171875
0 0.08697916666666666 0.562109375 0.053125 0.04453125
0 0.3528645833333333 0.393359375 0.1484375 0.0921875
0 0.34479166666666666 0.5658203125 0.10416666666666667 0.041796875
0 0.5346354166666667 0.3943359375 0.14427083333333332 0.085546875
0 0.048177083333333336 0.843359375 0.06197916666666667 0.06953125
0 0.23203125 0.78125 0.10260416666666666 0.05859375
0 0.21354166666666666 0.8484375 0.11770833333333333 0.0578125
0 0.325 0.850390625 0.09270833333333334 0.05703125
0 0.3333333333333333 0.7857421875 0.08125 0.048828125
0 0.6916666666666667 0.3986328125 0.065625 0.076953125
0 0.43203125 0.7513671875 0.07864583333333333 0.029296875
0 0.5158854166666667 0.75859375 0.07239583333333334 0.040625
0 0.5177083333333333 0.801953125 0.08229166666666667 0.040625
0 0.51484375 0.8498046875 0.07239583333333334 0.037109375
0 0.43333333333333335 0.8498046875 0.08333333333333333 0.041796875
0 0.428125 0.7935546875 0.0875 0.045703125
0 0.5984375 0.7908203125 0.06354166666666666 0.045703125
0 0.6057291666666667 0.7482421875 0.06458333333333334 0.028515625
0 0.6794270833333333 0.786328125 0.0671875 0.06171875
0 0.11041666666666666 0.8431640625 0.058333333333333334 0.063671875
0 0.14270833333333333 0.786328125 0.059375 0.03125
0 0.06015625 0.78125 0.0953125 0.03046875
0 0.1515625 0.6138671875 0.06458333333333334 0.020703125
0 0.24973958333333332 0.285546875 0.0546875 0.0390625
0 0.01640625 0.285546875 0.0265625 0.05234375
0 0.019791666666666666 0.2375 0.036458333333333336 0.03828125
0 0.07786458333333333 0.23671875 0.0734375 0.03984375
0 0.07317708333333334 0.2828125 0.0796875 0.03515625
0 0.5197916666666667 0.65 0.09895833333333333 0.04453125
0 0.5322916666666667 0.608984375 0.08229166666666667 0.0265625
0 0.6984375 0.8431640625 0.06979166666666667 0.050390625
0 0.4244791666666667 0.6091796875 0.06979166666666667 0.028515625
0 0.4666666666666667 0.6994140625 0.09375 0.046484375
0 0.14401041666666667 0.7037109375 0.0671875 0.046484375
0 0.06588541666666667 0.7064453125 0.0578125 0.049609375
0 0.01875 0.698046875 0.035416666666666666 0.03984375
0 0.13463541666666667 0.6587890625 0.1140625 0.032421875
0 0.21640625 0.641796875 0.0453125 0.0578125
0 0.07708333333333334 0.616015625 0.07083333333333333 0.02265625
0 0.4278645833333333 0.6494140625 0.0546875 0.045703125
0 0.6088541666666667 0.845703125 0.07708333333333334 0.05234375
0 0.3359375 0.7451171875 0.09270833333333334 0.018359375
0 0.6078125 0.9748046875 0.06041666666666667 0.051953125
0 0.06744791666666666 0.936328125 0.0515625 0.0671875
0 0.12942708333333333 0.9330078125 0.05572916666666667 0.058203125
0 0.6986979166666667 0.97578125 0.06614583333333333 0.04921875
0 0.32760416666666664 0.9232421875 0.09791666666666667 0.043359375
0 0.5190104166666667 0.9171875 0.07239583333333334 0.04453125
0 0.61171875 0.921875 0.0671875 0.04921875
0 0.68984375 0.9216796875 0.06822916666666666 0.047265625
0 0.67421875 0.8775390625 0.0671875 0.013671875
0 0.5989583333333334 0.8828125 0.06875 0.0125
0 0.3302083333333333 0.890234375 0.103125 0.01796875
0 0.25026041666666665 0.240625 0.044270833333333336 0.03671875
0 0.3138020833333333 0.2390625 0.0671875 0.04453125
0 0.3265625 0.2900390625 0.065625 0.050390625
0 0.44869791666666664 0.2673828125 0.15989583333333332 0.090234375
0 0.6424479166666667 0.267578125 0.1671875 0.0796875
0 0.02421875 0.9095703125 0.04635416666666667 0.033203125
0 0.08072916666666667 0.984765625 0.06354166666666666 0.0265625
0 0.22057291666666667 0.915234375 0.0859375 0.053125
0 0.30625 0.98203125 0.1 0.0375
0 0.51015625 0.9802734375 0.09114583333333333 0.041015625
0 0.1859375 0.97890625 0.1125 0.04296875
0 0.40598958333333335 0.977734375 0.08697916666666666 0.04609375
