0 0.5151143790849673 0.2679227941176471 0.0392156862745098 0.08792892156862746
0 0.5900735294117647 0.2679227941176471 0.042075163398692814 0.09283088235294118
0 0.6301062091503268 0.26731004901960786 0.03799019607843137 0.09160539215686274
0 0.6646241830065359 0.26776960784313725 0.03349673202614379 0.08333333333333333
0 0.7412173202614379 0.2624080882352941 0.037173202614379085 0.09895833333333333
0 0.7798202614379085 0.265625 0.03758169934640523 0.09252450980392157
0 0.48366013071895425 0.47043504901960786 0.0392156862745098 0.08363970588235294
0 0.5210375816993464 0.4699754901960784 0.03308823529411765 0.08455882352941177
0 0.6223447712418301 0.5782781862745098 0.028186274509803922 0.08486519607843138
0 0.5578022875816994 0.4716605392156863 0.034722222222222224 0.08363970588235294
0 0.5910947712418301 0.4719669117647059 0.03431372549019608 0.08302696078431372
0 0.735498366013072 0.46338848039215685 0.042075163398692814 0.0934436274509804
0 0.7753267973856209 0.4650735294117647 0.03758169934640523 0.09191176470588236
0 0.8135212418300654 0.46798406862745096 0.039624183006535946 0.09589460784313726
0 0.8488562091503268 0.4681372549019608 0.03104575163398693 0.09313725490196079
0 0.8933823529411765 0.4571078431372549 0.03594771241830065 0.056372549019607844
0 0.47855392156862747 0.26838235294117646 0.03390522875816993 0.08946078431372549
0 0.4415849673202614 0.2691482843137255 0.03594771241830065 0.08547794117647059
0 0.3672385620915033 0.27129289215686275 0.04084967320261438 0.08118872549019608
0 0.9305555555555556 0.4543504901960784 0.03676470588235294 0.06433823529411764
0 0.08251633986928104 0.46737132352941174 0.031862745098039214 0.07322303921568628
0 0.11662581699346405 0.46875 0.03227124183006536 0.0778186274509804
0 0.14910130718954248 0.4681372549019608 0.03022875816993464 0.08149509803921569
0 0.1823937908496732 0.4693627450980392 0.03227124183006536 0.08149509803921569
0 0.21650326797385622 0.47043504901960786 0.032679738562091505 0.07935049019607843
0 0.2508169934640523 0.4719669117647059 0.03022875816993464 0.07628676470588236
0 0.2839052287581699 0.47487745098039214 0.03594771241830065 0.0821078431372549
0 0.4042075163398693 0.2679227941176471 0.03553921568627451 0.08547794117647059
0 0.3772467320261438 0.47349877450980393 0.03308823529411765 0.07751225490196079
0 0.4483251633986928 0.4727328431372549 0.034722222222222224 0.08149509803921569
0 0.5841503267973857 0.5741421568627451 0.04003267973856209 0.0778186274509804
0 0.1482843137254902 0.2824754901960784 0.031862745098039214 0.06372549019607843
0 0.1801470588235294 0.28048406862745096 0.03349673202614379 0.06770833333333333
0 0.21323529411764705 0.2849264705882353 0.032679738562091505 0.06311274509803921
0 0.24428104575163398 0.2841605392156863 0.028594771241830064 0.06464460784313726
0 0.2777777777777778 0.28140318627450983 0.035130718954248366 0.0818014705882353
0 0.41237745098039214 0.4731924019607843 0.034722222222222224 0.078125
0 0.9714052287581699 0.45128676470588236 0.041666666666666664 0.06372549019607843
0 0.9709967320261438 0.36243872549019607 0.035130718954248366 0.08700980392156862
0 0.9503676470588235 0.5071997549019608 0.07802287581699346 0.040747549019607844
0 0.36744281045751637 0.1717218137254902 0.03799019607843137 0.09283088235294118
0 0.23366013071895425 0.18581495098039216 0.029411764705882353 0.07628676470588236
0 0.20261437908496732 0.18458946078431374 0.03349673202614379 0.07383578431372549
0 0.17095588235294118 0.19178921568627452 0.02900326797385621 0.06004901960784314
0 0.1388888888888889 0.19347426470588236 0.03431372549019608 0.06341911764705882
0 0.088031045751634 0.20006127450980393 0.039624183006535946 0.05514705882352941
0 0.05310457516339869 0.19929534313725492 0.03104575163398693 0.05422794117647059
0 0.40236928104575165 0.1720281862745098 0.032679738562091505 0.0934436274509804
0 0.023080065359477125 0.19883578431372548 0.027369281045751634 0.05698529411764706
0 0.0886437908496732 0.2844669117647059 0.035130718954248366 0.06158088235294118
0 0.05718954248366013 0.2852328431372549 0.026143790849673203 0.06495098039215687
0 0.027777777777777776 0.28691789215686275 0.027777777777777776 0.06403186274509803
0 0.20812908496732027 0.36933210784313725 0.03145424836601307 0.08425245098039216
0 0.17483660130718953 0.3711703431372549 0.03431372549019608 0.09221813725490197
0 0.1409313725490196 0.3707107843137255 0.031862745098039214 0.09436274509803921
0 0.10804738562091504 0.3681066176470588 0.034722222222222224 0.08915441176470588
0 0.119281045751634 0.28324142156862747 0.02696078431372549 0.06219362745098039
0 0.8858251633986928 0.5139399509803921 0.027369281045751634 0.048100490196078434
0 0.43770424836601307 0.16988357843137256 0.037173202614379085 0.09650735294117647
0 0.5106209150326797 0.16865808823529413 0.03676470588235294 0.0940563725490196
0 0.0508578431372549 0.46859681372549017 0.0298202614379085 0.07567401960784313
0 0.818218954248366 0.2650122549019608 0.0392156862745098 0.09375
0 0.8594771241830066 0.2619485294117647 0.04411764705882353 0.09497549019607843
0 0.8978758169934641 0.2610294117647059 0.032679738562091505 0.0974264705882353
0 0.9389297385620915 0.2630208333333333 0.04779411764705882 0.10018382352941177
0 0.9810049019607843 0.26363357843137253 0.0363562091503268 0.1014093137254902
0 0.9803921568627451 0.15318627450980393 0.03839869281045752 0.10416666666666667
0 0.4736519607843137 0.16896446078431374 0.034722222222222224 0.0940563725490196
0 0.9415849673202614 0.15517769607843138 0.03594771241830065 0.10386029411764706
0 0.860498366013072 0.1568627450980392 0.0363562091503268 0.10294117647058823
0 0.8194444444444444 0.15425857843137256 0.04411764705882353 0.10202205882352941
0 0.7818627450980392 0.1564031862745098 0.031862745098039214 0.09957107843137254
0 0.7489787581699346 0.1556372549019608 0.034722222222222224 0.09926470588235294
0 0.6348039215686274 0.1636029411764706 0.03758169934640523 0.10416666666666667
0 0.5925245098039216 0.16620710784313725 0.04370915032679738 0.1014093137254902
0 0.5492238562091504 0.16942401960784315 0.042075163398692814 0.09497549019607843
0 0.9009395424836601 0.1556372549019608 0.04534313725490196 0.10600490196078431
0 0.05943627450980392 0.5658700980392157 0.03145424836601307 0.07352941176470588
0 0.0457516339869281 0.3678002450980392 0.026143790849673203 0.08057598039215687
0 0.12336601307189543 0.5658700980392157 0.03758169934640523 0.0778186274509804
0 0.37745098039215685 0.6645220588235294 0.029411764705882353 0.08639705882352941
0 0.29105392156862747 0.657015931372549 0.037173202614379085 0.07873774509803921
0 0.2534722222222222 0.6567095588235294 0.037173202614379085 0.07751225490196079
0 0.21895424836601307 0.6516544117647058 0.03104575163398693 0.08700980392156862
0 0.18790849673202614 0.649203431372549 0.03022875816993464 0.08149509803921569
0 0.15604575163398693 0.6487438725490197 0.031862745098039214 0.07996323529411764
0 0.12459150326797386 0.6473651960784313 0.029411764705882353 0.07659313725490197
0 0.09477124183006536 0.6355698529411765 0.02696078431372549 0.0628063725490196
0 0.060866013071895424 0.639859068627451 0.03104575163398693 0.05422794117647059
0 0.4172794117647059 0.6626838235294118 0.04370915032679738 0.08394607843137254
0 0.13868464052287582 0.7342218137254902 0.03553921568627451 0.07199754901960784
0 0.19607843137254902 0.7397365196078431 0.029411764705882353 0.0701593137254902
0 0.22794117647058823 0.7405024509803921 0.03349673202614379 0.06862745098039216
0 0.2581699346405229 0.7394301470588235 0.028594771241830064 0.06525735294117647
0 0.29391339869281047 0.7444852941176471 0.034722222222222224 0.0704656862745098
0 0.38623366013071897 0.7458639705882353 0.046977124183006536 0.07689950980392157
0 0.9293300653594772 0.3625919117647059 0.04820261437908497 0.08854166666666667
0 0.08946078431372549 0.5664828431372549 0.028594771241830064 0.07536764705882353
0 0.8474264705882353 0.36672794117647056 0.034722222222222224 0.09558823529411764
0 0.8073937908496732 0.3639705882352941 0.04534313725490196 0.0900735294117647
0 0.16605392156862744 0.7365196078431373 0.025735294117647058 0.0741421568627451
0 0.7675653594771242 0.36580882352941174 0.03104575163398693 0.08700980392156862
0 0.45159313725490197 0.6651348039215687 0.024918300653594773 0.08026960784313726
0 0.5171568627450981 0.6721813725490197 0.022058823529411766 0.08272058823529412
0 0.65625 0.5799632352941176 0.04044117647058824 0.08272058823529412
0 0.7238562091503268 0.5560661764705882 0.031862745098039214 0.0857843137254902
0 0.7565359477124183 0.5560661764705882 0.029411764705882353 0.08517156862745098
0 0.7916666666666666 0.5572916666666666 0.0392156862745098 0.08333333333333333
0 0.8296568627450981 0.561734068627451 0.03676470588235294 0.0897671568627451
0 0.8654003267973857 0.5749080882352942 0.03308823529411765 0.06219362745098039
0 0.9087009803921569 0.5723039215686274 0.042075163398692814 0.05821078431372549
0 0.9470996732026143 0.5735294117647058 0.037173202614379085 0.061274509803921566
0 0.9828431372549019 0.5654105392156863 0.03349673202614379 0.07689950980392157
0 0.4854983660130719 0.6688112745098039 0.042075163398692814 0.0900735294117647
0 0.9828431372549019 0.6729473039215687 0.03349673202614379 0.10079656862745098
0 0.8972630718954249 0.6677389705882353 0.05024509803921569 0.109375
0 0.8517156862745098 0.6665134803921569 0.04084967320261438 0.11121323529411764
0 0.8116830065359477 0.6652879901960784 0.03349673202614379 0.10631127450980392
0 0.7702205882352942 0.6626838235294118 0.04779411764705882 0.10723039215686274
0 0.7258986928104575 0.6655943627450981 0.03594771241830065 0.10508578431372549
0 0.6550245098039216 0.6668198529411765 0.024918300653594773 0.07996323529411764
0 0.6245915032679739 0.6677389705882353 0.032679738562091505 0.08057598039215687
0 0.5900735294117647 0.6669730392156863 0.0363562091503268 0.07965686274509803
0 0.5508578431372549 0.6672794117647058 0.042075163398692814 0.07904411764705882
0 0.9436274509803921 0.6681985294117647 0.041666666666666664 0.11029411764705882
0 0.735498366013072 0.3645833333333333 0.03308823529411765 0.08455882352941177
0 0.8841911764705882 0.3671875 0.03880718954248366 0.0897671568627451
0 0.8617238562091504 0.7789522058823529 0.06004901960784314 0.10447303921568628
0 0.9234068627450981 0.7876838235294118 0.06495098039215687 0.08700980392156862
0 0.9810049019607843 0.7800245098039216 0.0363562091503268 0.10232843137254902
0 0.5490196078431373 0.5741421568627451 0.028594771241830064 0.07904411764705882
0 0.7959558823529411 0.7643995098039216 0.06658496732026144 0.08639705882352941
0 0.7318218954248366 0.7670036764705882 0.06004901960784314 0.0860906862745098
0 0.6439950980392157 0.7604166666666666 0.028186274509803922 0.09497549019607843
0 0.6096813725490197 0.7547487745098039 0.04044117647058824 0.08486519607843138
0 0.5714869281045751 0.7550551470588235 0.03594771241830065 0.08425245098039216
0 0.5345179738562091 0.7544424019607843 0.037173202614379085 0.08302696078431372
0 0.4957107843137255 0.7571997549019608 0.04125816993464052 0.07935049019607843
0 0.4571078431372549 0.7506127450980392 0.03594771241830065 0.0741421568627451
0 0.5159313725490197 0.5726102941176471 0.03758169934640523 0.07659313725490197
0 0.23897058823529413 0.3648897058823529 0.03349673202614379 0.08455882352941177
0 0.2769607843137255 0.36795343137254904 0.03676470588235294 0.08333333333333333
0 0.372140522875817 0.3776041666666667 0.03758169934640523 0.08425245098039216
0 0.4244281045751634 0.7470894607843137 0.029411764705882353 0.08057598039215687
0 0.43933823529411764 0.37974877450980393 0.03145424836601307 0.08915441176470588
0 0.19138071895424835 0.5421262254901961 0.03553921568627451 0.053002450980392156
0 0.2448937908496732 0.5471813725490197 0.03308823529411765 0.06372549019607843
0 0.2861519607843137 0.5693933823529411 0.034722222222222224 0.078125
0 0.377859477124183 0.5704656862745098 0.03349673202614379 0.0784313725490196
0 0.4074754901960784 0.37974877450980393 0.03308823529411765 0.08915441176470588
0 0.44607843137254904 0.5718443627450981 0.03594771241830065 0.07567401960784313
0 0.6597222222222222 0.38036151960784315 0.04411764705882353 0.08792892156862746
0 0.4117647058823529 0.5712316176470589 0.032679738562091505 0.078125
0 0.4805964052287582 0.5727634803921569 0.03308823529411765 0.07628676470588236
0 0.6186683006535948 0.37683823529411764 0.037173202614379085 0.09497549019607843
0 0.5825163398692811 0.37515318627450983 0.03349673202614379 0.09160539215686274
0 0.5449346405228758 0.37515318627450983 0.0392156862745098 0.08425245098039216
0 0.508578431372549 0.37714460784313725 0.032679738562091505 0.08762254901960784
0 0.47324346405228757 0.3776041666666667 0.0363562091503268 0.08486519607843138
0 0.07393790849673203 0.37025122549019607 0.029411764705882353 0.0860906862745098
