0 0.36328125 0.631640625 0.0953125 0.10703125
0 0.81640625 0.378515625 0.08489583333333334 0.11796875
0 0.9028645833333333 0.377734375 0.08802083333333334 0.11875
0 0.026302083333333334 0.5078125 0.05260416666666667 0.0609375
0 0.7619791666666667 0.64140625 0.09583333333333334 0.121875
0 0.8700520833333333 0.6041015625 0.10989583333333333 0.045703125
0 0.8700520833333333 0.6431640625 0.1078125 0.033203125
0 0.865625 0.6833984375 0.103125 0.049609375
0 0.05546875 0.74453125 0.05677083333333333 0.0890625
0 0.11067708333333333 0.74609375 0.05364583333333333 0.0859375
0 0.16640625 0.7501953125 0.05677083333333333 0.092578125
0 0.22369791666666666 0.751171875 0.05572916666666667 0.0890625
0 0.28567708333333336 0.75390625 0.0671875 0.11171875
0 0.3580729166666667 0.7533203125 0.07552083333333333 0.094921875
0 0.44296875 0.7658203125 0.08489583333333334 0.076171875
0 0.5364583333333334 0.7552734375 0.08645833333333333 0.103515625
0 0.6244791666666667 0.7669921875 0.08645833333333333 0.116796875
0 0.7315104166666667 0.378125 0.08489583333333334 0.11796875
0 0.646875 0.378125 0.08229166666666667 0.11328125
0 0.8434895833333333 0.5087890625 0.10572916666666667 0.126953125
0 0.48203125 0.3734375 0.08385416666666666 0.109375
0 0.26458333333333334 0.6396484375 0.06875 0.081640625
0 0.19713541666666667 0.6369140625 0.06614583333333333 0.070703125
0 0.1328125 0.6337890625 0.06666666666666667 0.066796875
0 0.07994791666666666 0.623046875 0.04114583333333333 0.090625
0 0.03828125 0.6228515625 0.044270833333333336 0.091015625
0 0.94921875 0.4673828125 0.1015625 0.030078125
0 0.7385416666666667 0.5048828125 0.10104166666666667 0.120703125
0 0.5653645833333333 0.3755859375 0.08177083333333333 0.111328125
0 0.6380208333333334 0.5001953125 0.09479166666666666 0.118359375
0 0.5424479166666667 0.4962890625 0.09427083333333333 0.117578125
0 0.7171875 0.7734375 0.08645833333333333 0.11640625
0 0.4765625 0.6302734375 0.09166666666666666 0.116796875
0 0.5721354166666667 0.6318359375 0.09114583333333333 0.116796875
0 0.66640625 0.6373046875 0.0859375 0.058203125
0 0.32864583333333336 0.3724609375 0.06666666666666667 0.101171875
0 0.4010416666666667 0.37421875 0.08020833333333334 0.10625
0 0.1109375 0.3904296875 0.03854166666666667 0.069140625
0 0.8088541666666667 0.776171875 0.08645833333333333 0.11640625
0 0.071875 0.38984375 0.03854166666666667 0.06640625
0 0.11223958333333334 0.8865234375 0.0578125 0.087109375
0 0.19557291666666668 0.5162109375 0.07447916666666667 0.069921875
0 0.03984375 0.2587890625 0.05364583333333333 0.085546875
0 0.9794270833333333 0.14296875 0.0390625 0.046875
0 0.9809895833333333 0.0927734375 0.03802083333333333 0.054296875
0 0.9283854166666666 0.1353515625 0.059895833333333336 0.065234375
0 0.8669270833333333 0.10625 0.06197916666666667 0.12578125
0 0.2296875 0.4548828125 0.06979166666666667 0.051953125
0 0.7986979166666667 0.107421875 0.0671875 0.11875
0 0.64375 0.115234375 0.06875 0.11484375
0 0.49296875 0.11640625 0.06822916666666666 0.11484375
0 0.41458333333333336 0.110546875 0.06041666666666667 0.11875
0 0.35390625 0.1095703125 0.05572916666666667 0.119140625
0 0.2994791666666667 0.1142578125 0.052083333333333336 0.119921875
0 0.24505208333333334 0.1125 0.044270833333333336 0.12890625
0 0.7098958333333333 0.1201171875 0.06354166666666666 0.095703125
0 0.24453125 0.3921875 0.06614583333333333 0.0515625
0 0.2591145833333333 0.3275390625 0.06510416666666667 0.048046875
0 0.07838541666666667 0.5072265625 0.050520833333333334 0.066796875
0 0.031510416666666666 0.3818359375 0.044270833333333336 0.080078125
0 0.9546875 0.251953125 0.090625 0.10546875
0 0.7885416666666667 0.244921875 0.13645833333333332 0.11484375
0 0.653125 0.248046875 0.125 0.10546875
0 0.52421875 0.24609375 0.12447916666666667 0.10546875
0 0.3932291666666667 0.24921875 0.125 0.10546875
0 0.20833333333333334 0.26015625 0.05625 0.08671875
0 0.15260416666666668 0.260546875 0.05625 0.0859375
0 0.0953125 0.26171875 0.05625 0.0859375
0 0.14661458333333333 0.3875 0.034895833333333334 0.07109375
0 0.18229166666666666 0.3865234375 0.0375 0.071484375
0 0.94921875 0.4982421875 0.1015625 0.019921875
0 0.9486979166666667 0.5177734375 0.09739583333333333 0.019140625
0 0.9489583333333333 0.5482421875 0.10208333333333333 0.037109375
0 0.13072916666666667 0.5107421875 0.052083333333333336 0.068359375
0 0.19947916666666668 0.1140625 0.04479166666666667 0.128125
0 0.9153645833333334 0.78359375 0.1015625 0.12109375
0 0.44947916666666665 0.4935546875 0.09270833333333334 0.117578125
0 0.06510416666666667 0.115625 0.041666666666666664 0.12578125
0 0.15182291666666667 0.113671875 0.05260416666666667 0.1296875
0 0.10546875 0.1146484375 0.0390625 0.128515625
0 0.021875 0.1177734375 0.04375 0.125390625
0 0.2708333333333333 0.5166015625 0.075 0.069921875
0 0.35520833333333335 0.491796875 0.09270833333333334 0.115625
0 0.9049479166666666 0.973046875 0.1078125 0.05390625
0 0.7940104166666667 0.915625 0.08802083333333334 0.1265625
0 0.70390625 0.915625 0.08385416666666666 0.13125
0 0.9145833333333333 0.903125 0.109375 0.08515625
0 0.5192708333333333 0.8998046875 0.08020833333333334 0.134765625
0 0.43046875 0.9291015625 0.08177083333333333 0.069140625
0 0.3416666666666667 0.925 0.090625 0.0640625
0 0.35234375 0.86953125 0.09947916666666666 0.046875
0 0.2713541666666667 0.898828125 0.04791666666666667 0.08984375
0 0.22291666666666668 0.89375 0.04791666666666667 0.08984375
0 0.1703125 0.88828125 0.058333333333333334 0.0875
0 0.6098958333333333 0.932421875 0.09270833333333334 0.10078125
