0 0.12377450980392157 0.7691482843137255 0.0457516339869281 0.04442401960784314
0 0.18218954248366012 0.7378982843137255 0.02696078431372549 0.08363970588235294
0 0.21098856209150327 0.7265625 0.02165032679738562 0.0628063725490196
0 0.24162581699346405 0.7408088235294118 0.030637254901960783 0.08026960784313726
0 0.27062908496732024 0.7320772058823529 0.01511437908496732 0.07199754901960784
0 0.2875816993464052 0.7331495098039216 0.0196078431372549 0.0784313725490196
0 0.4319852941176471 0.7363664215686274 0.03799019607843137 0.07751225490196079
0 0.33782679738562094 0.7348345588235294 0.021241830065359478 0.07628676470588236
0 0.36580882352941174 0.7549019607843137 0.0298202614379085 0.05330882352941176
0 0.3939950980392157 0.7541360294117647 0.02246732026143791 0.05606617647058824
0 0.4699754901960784 0.7337622549019608 0.03553921568627451 0.07291666666666667
0 0.1474673202614379 0.7192095588235294 0.031862745098039214 0.024816176470588234
0 0.5075571895424836 0.7320772058823529 0.027369281045751634 0.0701593137254902
0 0.31086601307189543 0.7385110294117647 0.029411764705882353 0.08486519607843138
0 0.07822712418300654 0.7553615196078431 0.042075163398692814 0.02420343137254902
0 0.017769607843137254 0.48268995098039214 0.026552287581699346 0.048100490196078434
0 0.039419934640522875 0.7803308823529411 0.04044117647058824 0.022058823529411766
0 0.043913398692810454 0.7428002450980392 0.023284313725490197 0.018688725490196078
0 0.0676062091503268 0.7231924019607843 0.04616013071895425 0.01685049019607843
0 0.015522875816993464 0.8368566176470589 0.03022875816993464 0.03707107843137255
0 0.06699346405228758 0.8348651960784313 0.06699346405228758 0.03676470588235294
0 0.14195261437908496 0.8498774509803921 0.06331699346405228 0.03431372549019608
0 0.15196078431372548 0.813265931372549 0.056372549019607844 0.024816176470588234
0 0.20098039215686275 0.8555453431372549 0.035130718954248366 0.05974264705882353
0 0.23897058823529413 0.850796568627451 0.022058823529411766 0.06004901960784314
0 0.2710375816993464 0.8638174019607843 0.037173202614379085 0.03400735294117647
0 0.6272467320261438 0.3359375 0.03308823529411765 0.02297794117647059
0 0.5927287581699346 0.3365502450980392 0.031862745098039214 0.02849264705882353
0 0.5588235294117647 0.3333333333333333 0.029411764705882353 0.02144607843137255
0 0.5743464052287581 0.7329963235294118 0.013888888888888888 0.024816176470588234
0 0.07945261437908496 0.7807904411764706 0.039624183006535946 0.022365196078431373
0 0.545751633986928 0.7512254901960784 0.03676470588235294 0.025122549019607844
0 0.119281045751634 0.5537683823529411 0.049019607843137254 0.046262254901960786
0 0.5974264705882353 0.7136948529411765 0.028186274509803922 0.02665441176470588
0 0.5065359477124183 0.8340992647058824 0.03104575163398693 0.06096813725490196
0 0.47263071895424835 0.8477328431372549 0.022058823529411766 0.04656862745098039
0 0.4446486928104575 0.8146446078431373 0.0298202614379085 0.024509803921568627
0 0.4297385620915033 0.8678002450980392 0.03676470588235294 0.03952205882352941
0 0.375 0.8495710784313726 0.025326797385620915 0.0545343137254902
0 0.3425245098039216 0.8443627450980392 0.030637254901960783 0.07291666666666667
0 0.5498366013071896 0.8428308823529411 0.05228758169934641 0.08272058823529412
0 0.3084150326797386 0.8572303921568627 0.029411764705882353 0.049019607843137254
0 0.10089869281045752 0.48299632352941174 0.049019607843137254 0.045649509803921566
0 0.6147875816993464 0.31387867647058826 0.024509803921568627 0.011948529411764705
0 0.5812908496732027 0.31173406862745096 0.0392156862745098 0.014399509803921568
0 0.46425653594771243 0.3238357843137255 0.03553921568627451 0.04963235294117647
0 0.4113562091503268 0.32046568627450983 0.04003267973856209 0.056372549019607844
0 0.36703431372549017 0.32245710784313725 0.0428921568627451 0.05116421568627451
0 0.2769607843137255 0.8239889705882353 0.03104575163398693 0.0352328431372549
0 0.3174019607843137 0.32138480392156865 0.03758169934640523 0.0545343137254902
0 0.59375 0.8446691176470589 0.034722222222222224 0.07659313725490197
0 0.6758578431372549 0.8452818627450981 0.027369281045751634 0.08026960784313726
0 0.4426062091503268 0.5340073529411765 0.044526143790849675 0.09558823529411764
0 0.48999183006535946 0.5317095588235294 0.044526143790849675 0.09712009803921569
0 0.5386029411764706 0.5396752450980392 0.0298202614379085 0.0818014705882353
0 0.5684232026143791 0.5376838235294118 0.024918300653594773 0.07598039215686274
0 0.5972222222222222 0.5387561274509803 0.031862745098039214 0.07751225490196079
0 0.09844771241830065 0.30392156862745096 0.03758169934640523 0.0392156862745098
0 0.6356209150326797 0.8285845588235294 0.041666666666666664 0.05177696078431373
0 0.014705882352941176 0.31035539215686275 0.028594771241830064 0.044730392156862746
0 0.9213643790849673 0.8518688725490197 0.13357843137254902 0.08547794117647059
0 0.8220996732026143 0.8521752450980392 0.03799019607843137 0.02297794117647059
0 0.8231209150326797 0.8247549019607843 0.04084967320261438 0.03002450980392157
0 0.7759395424836601 0.8460477941176471 0.046977124183006536 0.07996323529411764
0 0.7318218954248366 0.8311887254901961 0.02900326797385621 0.05759803921568627
0 0.7028186274509803 0.8345588235294118 0.026552287581699346 0.06372549019607843
0 0.053513071895424834 0.2916666666666667 0.0457516339869281 0.06801470588235294
0 0.2747140522875817 0.32077205882352944 0.03799019607843137 0.0545343137254902
0 0.23202614379084968 0.31878063725490197 0.0196078431372549 0.06403186274509803
0 0.20302287581699346 0.3177083333333333 0.03104575163398693 0.06433823529411764
0 0.7173202614379085 0.5574448529411765 0.05555555555555555 0.048100490196078434
0 0.7651143790849673 0.5350796568627451 0.03839869281045752 0.09037990196078431
0 0.8051470588235294 0.5356924019607843 0.04084967320261438 0.09221813725490197
0 0.8515114379084967 0.5375306372549019 0.04534313725490196 0.09037990196078431
0 0.9654820261437909 0.530484068627451 0.04125816993464052 0.07935049019607843
0 0.9127859477124183 0.5291053921568627 0.0428921568627451 0.07475490196078431
0 0.6727941176470589 0.5222120098039216 0.021241830065359478 0.08854166666666667
0 0.9444444444444444 0.4253982843137255 0.1119281045751634 0.078125
0 0.5784313725490197 0.42386642156862747 0.03431372549019608 0.08118872549019608
0 0.6180555555555556 0.4253982843137255 0.04330065359477124 0.08486519607843138
0 0.6860702614379085 0.42034313725490197 0.044526143790849675 0.09252450980392157
0 0.5467728758169934 0.7227328431372549 0.03799019607843137 0.03002450980392157
0 0.7365196078431373 0.4215686274509804 0.049019607843137254 0.09558823529411764
0 0.8026960784313726 0.42356004901960786 0.0457516339869281 0.0860906862745098
0 0.8570261437908496 0.42325367647058826 0.05310457516339869 0.09221813725490197
0 0.6446078431372549 0.5419730392156863 0.035130718954248366 0.08149509803921569
0 0.6200980392156863 0.5355392156862745 0.010620915032679739 0.0778186274509804
0 0.4522058823529412 0.45496323529411764 0.03594771241830065 0.014093137254901961
0 0.1787173202614379 0.31418504901960786 0.01838235294117647 0.05974264705882353
0 0.14705882352941177 0.3147977941176471 0.042483660130718956 0.0628063725490196
0 0.09722222222222222 0.37775735294117646 0.04738562091503268 0.0428921568627451
0 0.05106209150326797 0.37668504901960786 0.041666666666666664 0.046875
0 0.013888888888888888 0.3772977941176471 0.02696078431372549 0.048100490196078434
0 0.15808823529411764 0.4560355392156863 0.035130718954248366 0.019301470588235295
0 0.17034313725490197 0.43596813725490197 0.013071895424836602 0.017769607843137254
0 0.19873366013071894 0.42953431372549017 0.0428921568627451 0.02389705882352941
0 0.2013888888888889 0.4525122549019608 0.03431372549019608 0.0196078431372549
0 0.23529411764705882 0.43106617647058826 0.024509803921568627 0.061887254901960786
0 0.26123366013071897 0.4330575980392157 0.024101307189542485 0.06096813725490196
0 0.2951388888888889 0.45036764705882354 0.039624183006535946 0.025735294117647058
0 0.34477124183006536 0.45159313725490197 0.05310457516339869 0.029411764705882353
0 0.4105392156862745 0.42340686274509803 0.04411764705882353 0.08455882352941177
0 0.4957107843137255 0.4260110294117647 0.04370915032679738 0.07935049019607843
0 0.39644607843137253 0.5407475490196079 0.044526143790849675 0.08088235294117647
0 0.35294117647058826 0.5396752450980392 0.042483660130718956 0.021752450980392156
0 0.8243464052287581 0.8743872549019608 0.04330065359477124 0.022058823529411766
0 0.2994281045751634 0.5323223039215687 0.04330065359477124 0.09589460784313726
0 0.4993872549019608 0.23575367647058823 0.03880718954248366 0.05177696078431373
0 0.45669934640522875 0.23927696078431374 0.03839869281045752 0.051470588235294115
0 0.3492647058823529 0.5663296568627451 0.04738562091503268 0.0272671568627451
0 0.35784313725490197 0.2426470588235294 0.04003267973856209 0.05392156862745098
0 0.3118872549019608 0.24632352941176472 0.027369281045751634 0.05943627450980392
0 0.27736928104575165 0.25137867647058826 0.0196078431372549 0.05667892156862745
0 0.24836601307189543 0.25919117647058826 0.028594771241830064 0.04840686274509804
0 0.1815767973856209 0.234375 0.042075163398692814 0.058823529411764705
0 0.7802287581699346 0.7333026960784313 0.02369281045751634 0.060355392156862746
0 0.8214869281045751 0.7369791666666666 0.04820261437908497 0.07199754901960784
0 0.8954248366013072 0.7334558823529411 0.08415032679738563 0.09313725490196079
0 0.9707924836601307 0.734375 0.060866013071895424 0.09558823529411764
0 0.9842728758169934 0.6596200980392157 0.03308823529411765 0.024509803921568627
0 0.8993055555555556 0.6061580882352942 0.037173202614379085 0.021752450980392156
0 0.9354575163398693 0.6355698529411765 0.017973856209150325 0.03400735294117647
0 0.9142156862745098 0.6485906862745098 0.024509803921568627 0.037377450980392156
0 0.8845996732026143 0.6515012254901961 0.03227124183006536 0.03707107843137255
0 0.5441176470588235 0.2418811274509804 0.0392156862745098 0.048100490196078434
0 0.5986519607843137 0.2346813725490196 0.044526143790849675 0.056372549019607844
0 0.7747140522875817 0.24356617647058823 0.04779411764705882 0.052083333333333336
0 0.9564950980392157 0.3170955882352941 0.056781045751633986 0.07659313725490197
0 0.6280637254901961 0.7431066176470589 0.03145424836601307 0.078125
0 0.6542075163398693 0.7573529411764706 0.015931372549019607 0.03125
0 0.7032271241830066 0.7454044117647058 0.0428921568627451 0.08272058823529412
0 0.7479575163398693 0.7426470588235294 0.03022875816993464 0.0857843137254902
0 0.6599264705882353 0.33379289215686275 0.02900326797385621 0.020526960784313725
0 0.6758578431372549 0.31449142156862747 0.024101307189542485 0.015625
0 0.6924019607843137 0.33517156862745096 0.03104575163398693 0.023284313725490197
0 0.7242647058823529 0.3353247549019608 0.028594771241830064 0.02420343137254902
0 0.849468954248366 0.6426164215686274 0.03227124183006536 0.07935049019607843
0 0.7595996732026143 0.33762254901960786 0.03308823529411765 0.022058823529411766
0 0.7886029411764706 0.33731617647058826 0.028186274509803922 0.02022058823529412
0 0.8204656862745098 0.33609068627450983 0.03145424836601307 0.025122549019607844
0 0.8596813725490197 0.32996323529411764 0.03145424836601307 0.016544117647058824
0 0.9611928104575164 0.2725183823529412 0.049836601307189546 0.010723039215686275
0 0.9587418300653595 0.2536764705882353 0.061274509803921566 0.023284313725490197
0 0.9040032679738562 0.2532169117647059 0.04820261437908497 0.023590686274509803
0 0.903390522875817 0.2757352941176471 0.054330065359477125 0.0196078431372549
0 0.9037990196078431 0.32659313725490197 0.0428921568627451 0.06678921568627451
0 0.7724673202614379 0.31862745098039214 0.02287581699346405 0.013480392156862746
0 0.8171977124183006 0.6424632352941176 0.02900326797385621 0.08762254901960784
0 0.4117647058823529 0.23897058823529413 0.04411764705882353 0.051470588235294115
0 0.7491830065359477 0.6433823529411765 0.03349673202614379 0.08272058823529412
0 0.25183823529411764 0.5307904411764706 0.05024509803921569 0.09589460784313726
0 0.2005718954248366 0.5324754901960784 0.051470588235294115 0.09313725490196079
0 0.7828839869281046 0.6415441176470589 0.03390522875816993 0.08394607843137254
0 0.05290032679738562 0.48192401960784315 0.044526143790849675 0.04656862745098039
0 0.042279411764705885 0.5540747549019608 0.05923202614379085 0.03952205882352941
0 0.04513888888888889 0.5983455882352942 0.06004901960784314 0.04779411764705882
0 0.10334967320261437 0.6009497549019608 0.05392156862745098 0.04381127450980392
0 0.049223856209150325 0.6485906862745098 0.024918300653594773 0.030637254901960783
0 0.08374183006535947 0.680453431372549 0.042483660130718956 0.049019607843137254
0 0.1284722222222222 0.680453431372549 0.039624183006535946 0.04963235294117647
0 0.1729983660130719 0.6210171568627451 0.037173202614379085 0.030637254901960783
0 0.17708333333333334 0.6611519607843137 0.042075163398692814 0.028799019607843136
0 0.23284313725490197 0.6467524509803921 0.04330065359477124 0.04534313725490196
0 0.16605392156862744 0.5295649509803921 0.01511437908496732 0.07996323529411764
0 0.2785947712418301 0.6400122549019608 0.03758169934640523 0.07291666666666667
0 0.5351307189542484 0.6390931372549019 0.042483660130718956 0.0821078431372549
0 0.5835375816993464 0.6524203431372549 0.044526143790849675 0.03216911764705882
0 0.5829248366013072 0.6153492647058824 0.042483660130718956 0.03768382352941176
0 0.6343954248366013 0.6325061274509803 0.0392156862745098 0.07199754901960784
0 0.676062091503268 0.6401654411764706 0.03104575163398693 0.08547794117647059
0 0.7087418300653595 0.640625 0.029411764705882353 0.08333333333333333
0 0.4438316993464052 0.6415441176470589 0.037173202614379085 0.07475490196078431
0 0.4869281045751634 0.6371017156862745 0.04084967320261438 0.0860906862745098
0 0.0428921568627451 0.6858149509803921 0.03676470588235294 0.0389093137254902
0 0.4035947712418301 0.6424632352941176 0.03349673202614379 0.07169117647058823
0 0.3625408496732026 0.6403186274509803 0.0428921568627451 0.07230392156862746
0 0.3190359477124183 0.6418504901960784 0.03839869281045752 0.07291666666666667
