0 0.08098958333333334 0.78828125 0.05572916666666667 0.08046875
0 0.5510416666666667 0.2986328125 0.020833333333333332 0.065234375
0 0.3221354166666667 0.2748046875 0.016145833333333335 0.008984375
0 0.32265625 0.2873046875 0.016145833333333335 0.008984375
0 0.32317708333333334 0.2669921875 0.016145833333333335 0.008984375
0 0.30494791666666665 0.3140625 0.016145833333333335 0.00859375
0 0.30494791666666665 0.3041015625 0.016145833333333335 0.008984375
0 0.3046875 0.295703125 0.015625 0.00859375
0 0.2643229166666667 0.266015625 0.0171875 0.01171875
0 0.18307291666666667 0.289453125 0.0203125 0.0140625
0 0.1828125 0.303125 0.020833333333333332 0.0140625
0 0.20442708333333334 0.28984375 0.0203125 0.0140625
0 0.20338541666666668 0.305078125 0.0203125 0.0140625
0 0.22317708333333333 0.28984375 0.018229166666666668 0.01484375
0 0.22369791666666666 0.30546875 0.018229166666666668 0.01484375
0 0.3221354166666667 0.2962890625 0.016145833333333335 0.008984375
0 0.24140625 0.290234375 0.018229166666666668 0.01484375
0 0.2625 0.2904296875 0.021875 0.015234375
0 0.2635416666666667 0.3046875 0.01875 0.015625
0 0.28828125 0.2865234375 0.016145833333333335 0.008984375
0 0.28802083333333334 0.294921875 0.015625 0.00859375
0 0.2872395833333333 0.3037109375 0.016145833333333335 0.008984375
0 0.28828125 0.3138671875 0.016145833333333335 0.008984375
0 0.30442708333333335 0.2865234375 0.016145833333333335 0.008984375
0 0.24427083333333333 0.304296875 0.01875 0.01484375
0 0.32265625 0.3052734375 0.016145833333333335 0.008984375
0 0.32317708333333334 0.3142578125 0.016145833333333335 0.008984375
0 0.34036458333333336 0.31328125 0.016145833333333335 0.00859375
0 0.421875 0.5283203125 0.103125 0.098046875
0 0.53046875 0.522265625 0.1109375 0.1046875
0 0.6544270833333333 0.5123046875 0.12135416666666667 0.117578125
0 0.7645833333333333 0.5169921875 0.09375 0.096484375
0 0.8651041666666667 0.5146484375 0.09479166666666666 0.096484375
0 0.7450520833333333 0.7779296875 0.0671875 0.040234375
0 0.7375 0.7341796875 0.06458333333333334 0.040234375
0 0.6494791666666667 0.766796875 0.08958333333333333 0.06015625
0 0.5802083333333333 0.7322265625 0.04791666666666667 0.149609375
0 0.5302083333333333 0.743359375 0.051041666666666666 0.128125
0 0.46145833333333336 0.7916015625 0.08229166666666667 0.037890625
0 0.38645833333333335 0.7990234375 0.057291666666666664 0.026953125
0 0.2625 0.7345703125 0.05625 0.085546875
0 0.1984375 0.7201171875 0.05 0.108203125
0 0.140625 0.734375 0.059375 0.08046875
0 0.3296875 0.559375 0.078125 0.04921875
0 0.025520833333333333 0.7775390625 0.051041666666666666 0.089453125
0 0.26119791666666664 0.541015625 0.043229166666666666 0.0890625
0 0.18854166666666666 0.529296875 0.07708333333333334 0.040625
0 0.36015625 0.3142578125 0.016145833333333335 0.008984375
0 0.375 0.313671875 0.015625 0.00859375
0 0.39348958333333334 0.31875 0.016145833333333335 0.00859375
0 0.34036458333333336 0.304296875 0.016145833333333335 0.00859375
0 0.34088541666666666 0.295703125 0.016145833333333335 0.00859375
0 0.5901041666666667 0.2974609375 0.017708333333333333 0.063671875
0 0.6104166666666667 0.2970703125 0.017708333333333333 0.062109375
0 0.6291666666666667 0.296484375 0.01875 0.06328125
0 0.6520833333333333 0.2970703125 0.01875 0.062890625
0 0.73203125 0.28984375 0.1203125 0.0734375
0 0.84296875 0.2869140625 0.09010416666666667 0.075390625
0 0.02265625 0.5138671875 0.0453125 0.154296875
0 0.07369791666666667 0.5162109375 0.05677083333333333 0.148828125
0 0.26276041666666666 0.25390625 0.0171875 0.01171875
0 0.12760416666666666 0.53359375 0.046875 0.1125
0 0.19505208333333332 0.5681640625 0.07447916666666667 0.033984375
0 0.24348958333333334 0.255078125 0.0171875 0.01171875
0 0.30234375 0.2771484375 0.016145833333333335 0.008984375
0 0.24505208333333334 0.26640625 0.0171875 0.01171875
0 0.43255208333333334 0.300390625 0.019270833333333334 0.06328125
0 0.4510416666666667 0.30078125 0.01875 0.06328125
0 0.47291666666666665 0.30078125 0.017708333333333333 0.0640625
0 0.49140625 0.3001953125 0.0171875 0.062109375
0 0.6973958333333333 0.1765625 0.046875 0.065625
0 0.6596354166666667 0.17109375 0.021354166666666667 0.0140625
0 0.6640625 0.1849609375 0.019791666666666666 0.014453125
0 0.6424479166666667 0.1849609375 0.022395833333333334 0.014453125
0 0.7989583333333333 0.1712890625 0.019791666666666666 0.077734375
0 0.59375 0.1865234375 0.022916666666666665 0.014453125
0 0.5526041666666667 0.171484375 0.019791666666666666 0.01328125
0 0.32135416666666666 0.1650390625 0.019791666666666666 0.012890625
0 0.3533854166666667 0.1607421875 0.0203125 0.012890625
0 0.35 0.1734375 0.019791666666666666 0.01328125
0 0.37447916666666664 0.173046875 0.019791666666666666 0.01328125
0 0.46328125 0.1595703125 0.0203125 0.011328125
0 0.5057291666666667 0.158203125 0.019791666666666666 0.01328125
0 0.9729166666666667 0.6513671875 0.057291666666666664 0.086328125
0 0.5544270833333333 0.1873046875 0.022395833333333334 0.014453125
0 0.8197916666666667 0.1708984375 0.019791666666666666 0.077734375
0 0.8442708333333333 0.16875 0.019791666666666666 0.078125
0 0.8690104166666667 0.16796875 0.019270833333333334 0.078125
0 0.2859375 0.14921875 0.022916666666666665 0.01328125
0 0.30911458333333336 0.148828125 0.022395833333333334 0.01328125
0 0.33125 0.1484375 0.022916666666666665 0.01328125
0 0.3528645833333333 0.147265625 0.0203125 0.0125
0 0.37421875 0.1478515625 0.0203125 0.012109375
0 0.39427083333333335 0.148828125 0.020833333333333332 0.0125
0 0.4153645833333333 0.148828125 0.021354166666666667 0.0125
0 0.4375 0.14765625 0.021875 0.01328125
0 0.45989583333333334 0.1470703125 0.020833333333333332 0.013671875
0 0.4822916666666667 0.147265625 0.020833333333333332 0.01328125
0 0.48333333333333334 0.1595703125 0.019791666666666666 0.011328125
0 0.5028645833333333 0.146484375 0.021354166666666667 0.01328125
0 0.5234375 0.1466796875 0.020833333333333332 0.013671875
0 0.5473958333333333 0.1478515625 0.028125 0.013671875
0 0.5786458333333333 0.1474609375 0.026041666666666668 0.014453125
0 0.6044270833333333 0.1478515625 0.025520833333333333 0.014453125
0 0.62734375 0.1486328125 0.021354166666666667 0.014453125
0 0.6486979166666667 0.148046875 0.022395833333333334 0.0140625
0 0.7518229166666667 0.17109375 0.019270833333333334 0.078125
0 0.97265625 0.7919921875 0.0546875 0.129296875
0 0.28098958333333335 0.2544921875 0.019270833333333334 0.012890625
0 0.9786458333333333 0.9611328125 0.042708333333333334 0.077734375
0 0.8825520833333333 0.9853515625 0.1078125 0.029296875
0 0.19296875 0.149609375 0.04010416666666667 0.0140625
0 0.21875 0.1333984375 0.04479166666666667 0.016796875
0 0.28567708333333336 0.25078125 0.018229166666666668 0.009375
0 0.30390625 0.2501953125 0.016145833333333335 0.008984375
0 0.28671875 0.25859375 0.016145833333333335 0.00859375
0 0.3028645833333333 0.2587890625 0.016145833333333335 0.008984375
0 0.3033854166666667 0.2677734375 0.016145833333333335 0.008984375
0 0.2864583333333333 0.2677734375 0.015625 0.008984375
0 0.1046875 0.323046875 0.090625 0.05234375
0 0.2872395833333333 0.2763671875 0.016145833333333335 0.008984375
0 0.16666666666666666 0.25390625 0.016666666666666666 0.0140625
0 0.16666666666666666 0.26796875 0.016666666666666666 0.0140625
0 0.18489583333333334 0.25390625 0.016666666666666666 0.0140625
0 0.18671875 0.268359375 0.019270833333333334 0.0140625
0 0.20546875 0.2537109375 0.019270833333333334 0.012890625
0 0.20651041666666667 0.2677734375 0.019270833333333334 0.012890625
0 0.225 0.2548828125 0.01875 0.012890625
0 0.22630208333333332 0.267578125 0.019270833333333334 0.01328125
0 0.5325520833333334 0.299609375 0.019270833333333334 0.06328125
0 0.10859375 0.2671875 0.07864583333333333 0.0421875
0 0.11302083333333333 0.2078125 0.08020833333333334 0.04765625
0 0.11015625 0.1220703125 0.08385416666666666 0.052734375
0 0.40078125 0.913671875 0.10364583333333334 0.0328125
0 0.5018229166666667 0.97421875 0.07135416666666666 0.0421875
0 0.024479166666666666 0.94453125 0.04895833333333333 0.1109375
0 0.09765625 0.9412109375 0.08802083333333334 0.117578125
0 0.19192708333333333 0.93359375 0.09635416666666667 0.134375
0 0.26197916666666665 0.148046875 0.027083333333333334 0.01484375
0 0.29401041666666666 0.93359375 0.10260416666666666 0.12734375
0 0.40598958333333335 0.965625 0.09114583333333333 0.0640625
0 0.5716145833333334 0.9115234375 0.06197916666666667 0.132421875
0 0.6361979166666667 0.949609375 0.06614583333333333 0.05625
0 0.7104166666666667 0.926953125 0.075 0.0890625
0 0.784375 0.900390625 0.052083333333333336 0.13359375
0 0.8828125 0.728515625 0.04895833333333333 0.12734375
0 0.8177083333333334 0.763671875 0.071875 0.059375
0 0.8119791666666667 0.69921875 0.07916666666666666 0.0640625
0 0.03359375 0.15625 0.06614583333333333 0.053125
0 0.034895833333333334 0.2244140625 0.06666666666666667 0.038671875
0 0.028645833333333332 0.337109375 0.057291666666666664 0.06328125
0 0.03411458333333333 0.2666015625 0.06822916666666666 0.048046875
0 0.8932291666666666 0.9431640625 0.09479166666666666 0.050390625
0 0.50625 0.1716796875 0.019791666666666666 0.012890625
0 0.5708333333333333 0.2994140625 0.019791666666666666 0.066015625
0 0.4635416666666667 0.1724609375 0.019791666666666666 0.012890625
0 0.26015625 0.1619140625 0.021354166666666667 0.012890625
0 0.37734375 0.2767578125 0.016145833333333335 0.008984375
0 0.37526041666666665 0.266796875 0.016145833333333335 0.00859375
0 0.3729166666666667 0.2599609375 0.015625 0.008984375
0 0.3736979166666667 0.2509765625 0.016145833333333335 0.008984375
0 0.3927083333333333 0.249609375 0.015625 0.00859375
0 0.3919270833333333 0.2576171875 0.016145833333333335 0.008984375
0 0.39140625 0.26640625 0.016145833333333335 0.00859375
0 0.39036458333333335 0.2759765625 0.016145833333333335 0.008984375
0 0.39296875 0.286328125 0.016145833333333335 0.00859375
0 0.3924479166666667 0.2958984375 0.016145833333333335 0.008984375
0 0.26145833333333335 0.188671875 0.021875 0.01640625
0 0.484375 0.172265625 0.019791666666666666 0.01328125
0 0.3580729166666667 0.2966796875 0.016145833333333335 0.008984375
0 0.3580729166666667 0.2869140625 0.016145833333333335 0.008984375
0 0.35703125 0.276953125 0.016145833333333335 0.00859375
0 0.35963541666666665 0.2673828125 0.016145833333333335 0.008984375
0 0.3575520833333333 0.258984375 0.016145833333333335 0.00859375
0 0.35494791666666664 0.2521484375 0.016145833333333335 0.008984375
0 0.33880208333333334 0.2578125 0.016145833333333335 0.00859375
0 0.33880208333333334 0.2666015625 0.016145833333333335 0.008984375
0 0.3390625 0.27734375 0.015625 0.00859375
0 0.34140625 0.287109375 0.016145833333333335 0.00859375
0 0.5122395833333333 0.3015625 0.019270833333333334 0.06328125
0 0.3765625 0.303125 0.015625 0.00859375
0 0.28229166666666666 0.18828125 0.021875 0.01640625
0 0.3768229166666667 0.2939453125 0.016145833333333335 0.008984375
0 0.52890625 0.175 0.0203125 0.01328125
0 0.30572916666666666 0.1888671875 0.019791666666666666 0.016015625
0 0.32421875 0.18984375 0.0203125 0.01328125
0 0.3489583333333333 0.189453125 0.019791666666666666 0.01328125
0 0.371875 0.1890625 0.019791666666666666 0.01328125
0 0.41875 0.189453125 0.019791666666666666 0.01328125
0 0.4401041666666667 0.187890625 0.019791666666666666 0.01328125
0 0.4661458333333333 0.1865234375 0.019791666666666666 0.012890625
0 0.48776041666666664 0.18671875 0.0203125 0.01328125
0 0.5072916666666667 0.187109375 0.019791666666666666 0.01328125
0 0.3958333333333333 0.188671875 0.019791666666666666 0.01328125
