0 0.12457264957264957 0.4969951923076923 0.06025641025641026 0.026682692307692307
0 0.0561965811965812 0.5110576923076923 0.03205128205128205 0.04567307692307692
0 0.02841880341880342 0.5092548076923077 0.016666666666666666 0.046875
0 0.010256410256410256 0.5102163461538461 0.01623931623931624 0.04399038461538462
0 0.1918803418803419 0.49903846153846154 0.062393162393162394 0.027884615384615386
0 0.1938034188034188 0.46814903846153844 0.05854700854700855 0.025721153846153845
0 0.21752136752136753 0.5572115384615385 0.03333333333333333 0.052403846153846155
0 0.31645299145299144 0.49735576923076924 0.05 0.028846153846153848
0 0.9882478632478633 0.4075721153846154 0.02435897435897436 0.09447115384615384
0 0.54508547008547 0.5721153846153846 0.045726495726495724 0.05961538461538462
0 0.5959401709401709 0.567548076923077 0.04658119658119658 0.05961538461538462
0 0.49401709401709404 0.5741586538461538 0.040170940170940174 0.05216346153846154
0 0.45747863247863246 0.5786057692307692 0.03547008547008547 0.051923076923076926
0 0.41431623931623934 0.5735576923076923 0.04145299145299145 0.05961538461538462
0 0.3655982905982906 0.5739182692307693 0.04401709401709402 0.05841346153846154
0 0.31965811965811963 0.5734375 0.03675213675213675 0.053125
0 0.25833333333333336 0.5763221153846154 0.050854700854700854 0.06322115384615384
0 0.14145299145299145 0.5360576923076923 0.037606837606837605 0.01201923076923077
0 0.16196581196581197 0.5759615384615384 0.03076923076923077 0.04807692307692308
0 0.12136752136752137 0.5801682692307693 0.04188034188034188 0.05504807692307692
0 0.08247863247863248 0.5961538461538461 0.028205128205128206 0.04375
0 0.25598290598290596 0.49615384615384617 0.05384615384615385 0.027403846153846154
0 0.046153846153846156 0.6022836538461539 0.03162393162393162 0.040625
0 0.9910256410256411 0.5228365384615384 0.021367521367521368 0.09182692307692308
0 0.9658119658119658 0.5239182692307692 0.019658119658119658 0.0920673076923077
0 0.9435897435897436 0.5239182692307692 0.018803418803418803 0.08966346153846154
0 0.9021367521367522 0.49158653846153844 0.05299145299145299 0.03365384615384615
0 0.8480769230769231 0.4924278846153846 0.052564102564102565 0.03581730769230769
0 0.7903846153846154 0.4911057692307692 0.054273504273504275 0.035096153846153846
0 0.7365384615384616 0.49158653846153844 0.04658119658119658 0.036057692307692304
0 0.6829059829059829 0.4911057692307692 0.05213675213675214 0.03701923076923077
0 0.6275641025641026 0.4924278846153846 0.045726495726495724 0.03774038461538461
0 0.5724358974358974 0.49170673076923077 0.04829059829059829 0.03581730769230769
0 0.517948717948718 0.4913461538461538 0.05128205128205128 0.03798076923076923
0 0.430982905982906 0.4936298076923077 0.05 0.036298076923076926
0 0.37564102564102564 0.4950721153846154 0.04786324786324787 0.036298076923076926
0 0.01987179487179487 0.6008413461538461 0.019230769230769232 0.046875
0 0.9611111111111111 0.4075721153846154 0.02564102564102564 0.0920673076923077
0 0.2905982905982906 0.22872596153846153 0.06324786324786325 0.030528846153846153
0 0.830982905982906 0.4076923076923077 0.03888888888888889 0.058173076923076925
0 0.1673076923076923 0.3378605769230769 0.053418803418803416 0.03822115384615385
0 0.10790598290598291 0.33798076923076925 0.05512820512820513 0.040865384615384616
0 0.9224358974358975 0.2614182692307692 0.06880341880341881 0.01658653846153846
0 0.9194444444444444 0.24338942307692307 0.06709401709401709 0.01658653846153846
0 0.8463675213675214 0.2614182692307692 0.07735042735042735 0.018990384615384614
0 0.8457264957264957 0.24098557692307693 0.07606837606837606 0.018509615384615385
0 0.7645299145299145 0.2622596153846154 0.07435897435897436 0.01826923076923077
0 0.7662393162393163 0.24302884615384615 0.07777777777777778 0.01826923076923077
0 0.6914529914529914 0.25817307692307695 0.06153846153846154 0.028365384615384615
0 0.6267094017094017 0.2588942307692308 0.06452991452991454 0.027403846153846154
0 0.5576923076923077 0.2597355769230769 0.05897435897435897 0.026682692307692307
0 0.49444444444444446 0.26009615384615387 0.06068376068376068 0.027403846153846154
0 0.6891025641025641 0.2282451923076923 0.06452991452991454 0.02956730769230769
0 0.23076923076923078 0.3372596153846154 0.05982905982905983 0.03942307692307692
0 0.6207264957264957 0.22776442307692307 0.06025641025641026 0.02860576923076923
0 0.48995726495726494 0.2296875 0.055982905982905985 0.027644230769230768
0 0.42585470085470084 0.2594951923076923 0.06452991452991454 0.02860576923076923
0 0.42115384615384616 0.22740384615384615 0.06709401709401709 0.02980769230769231
0 0.3606837606837607 0.259375 0.062393162393162394 0.028365384615384615
0 0.2923076923076923 0.259375 0.05811965811965812 0.028365384615384615
0 0.5713675213675213 0.5310096153846153 0.09829059829059829 0.006730769230769231
0 0.222008547008547 0.25709134615384616 0.06196581196581197 0.030528846153846153
0 0.1519230769230769 0.2567307692307692 0.05854700854700855 0.02980769230769231
0 0.08632478632478632 0.25853365384615384 0.0641025641025641 0.029086538461538462
0 0.15705128205128205 0.22716346153846154 0.06880341880341881 0.025
0 0.08247863247863248 0.22776442307692307 0.0641025641025641 0.030528846153846153
0 0.9903846153846154 0.8441105769230769 0.020085470085470087 0.05889423076923077
0 0.9596153846153846 0.8447115384615385 0.031196581196581197 0.05336538461538461
0 0.5523504273504274 0.2282451923076923 0.06452991452991454 0.02956730769230769
0 0.289957264957265 0.33774038461538464 0.057692307692307696 0.03798076923076923
0 0.3506410256410256 0.3371394230769231 0.054273504273504275 0.039663461538461536
0 0.4094017094017094 0.3372596153846154 0.05982905982905983 0.03701923076923077
0 0.7884615384615384 0.4074519230769231 0.038461538461538464 0.05721153846153846
0 0.742948717948718 0.4073317307692308 0.04316239316239316 0.057451923076923074
0 0.6829059829059829 0.3870192307692308 0.05213675213675214 0.016826923076923076
0 0.6282051282051282 0.3859375 0.05128205128205128 0.014663461538461538
0 0.6901709401709402 0.41646634615384615 0.0547008547008547 0.037259615384615384
0 0.6337606837606837 0.4153846153846154 0.04188034188034188 0.035096153846153846
0 0.5852564102564103 0.41622596153846153 0.045726495726495724 0.03774038461538461
0 0.5354700854700855 0.41610576923076925 0.046153846153846156 0.041346153846153845
0 0.4741452991452991 0.42283653846153846 0.055982905982905985 0.026442307692307692
0 0.419017094017094 0.42139423076923077 0.050854700854700854 0.03125
0 0.35363247863247865 0.42247596153846156 0.05683760683760684 0.025240384615384616
0 0.2920940170940171 0.4231971153846154 0.057692307692307696 0.030528846153846153
0 0.2264957264957265 0.4299278846153846 0.05897435897435897 0.014663461538461538
0 0.2326923076923077 0.41478365384615384 0.051709401709401706 0.013701923076923077
0 0.18183760683760683 0.4169471153846154 0.02606837606837607 0.040625
0 0.15405982905982907 0.41442307692307695 0.02264957264957265 0.03798076923076923
0 0.12628205128205128 0.4152644230769231 0.023504273504273504 0.037259615384615384
0 0.10128205128205128 0.4152644230769231 0.02564102564102564 0.037259615384615384
0 0.03311965811965812 0.4308894230769231 0.06196581196581197 0.04591346153846154
0 0.8910256410256411 0.30673076923076925 0.062393162393162394 0.014423076923076924
0 0.7722222222222223 0.3080528846153846 0.08974358974358974 0.012740384615384615
0 0.9175213675213675 0.334375 0.05555555555555555 0.038461538461538464
0 0.8547008547008547 0.33557692307692305 0.062393162393162394 0.038461538461538464
0 0.7914529914529914 0.3356971153846154 0.05641025641025641 0.03870192307692308
0 0.7269230769230769 0.33665865384615384 0.05982905982905983 0.040625
0 0.6598290598290598 0.3372596153846154 0.05811965811965812 0.03942307692307692
0 0.5955128205128205 0.33545673076923077 0.05 0.043028846153846154
0 0.5365384615384615 0.33822115384615387 0.05683760683760684 0.03894230769230769
0 0.47307692307692306 0.33822115384615387 0.05811965811965812 0.0375
0 0.8737179487179487 0.40528846153846154 0.04401709401709402 0.05961538461538462
0 0.6474358974358975 0.5705528846153847 0.041025641025641026 0.06322115384615384
0 0.9743589743589743 0.28689903846153847 0.028205128205128206 0.096875
0 0.7435897435897436 0.5695913461538461 0.044444444444444446 0.06370192307692307
0 0.25726495726495724 0.7667067307692308 0.09230769230769231 0.028125
0 0.25405982905982905 0.7362980769230769 0.09871794871794871 0.026442307692307692
0 0.15491452991452992 0.7651442307692308 0.0876068376068376 0.025
0 0.15555555555555556 0.7370192307692308 0.08632478632478632 0.027884615384615386
0 0.08739316239316239 0.7484375 0.03376068376068376 0.03245192307692308
0 0.050213675213675216 0.7473557692307692 0.020085470085470087 0.027884615384615386
0 0.018162393162393164 0.7454326923076923 0.03205128205128205 0.035576923076923075
0 0.9564102564102565 0.64375 0.041025641025641026 0.06057692307692308
0 0.8867521367521367 0.6844951923076923 0.07435897435897436 0.021875
0 0.8927350427350428 0.6578125 0.07435897435897436 0.02283653846153846
0 0.8079059829059829 0.6842548076923077 0.07735042735042735 0.02139423076923077
0 0.8113247863247863 0.6603365384615385 0.08076923076923077 0.021153846153846155
0 0.8132478632478632 0.6365384615384615 0.07606837606837606 0.023557692307692307
0 0.7314102564102564 0.6711538461538461 0.03632478632478633 0.029326923076923077
0 0.6803418803418804 0.6740384615384616 0.05128205128205128 0.041826923076923074
0 0.676923076923077 0.6435096153846154 0.05213675213675214 0.014903846153846155
0 0.680982905982906 0.6271634615384616 0.06452991452991454 0.013461538461538462
0 0.6237179487179487 0.6723557692307692 0.054273504273504275 0.04519230769230769
0 0.5743589743589743 0.6634615384615384 0.040170940170940174 0.05673076923076923
0 0.5318376068376068 0.6639423076923077 0.03888888888888889 0.05336538461538461
0 0.4912393162393162 0.6671875 0.03803418803418803 0.05504807692307692
0 0.3403846153846154 0.7400240384615384 0.07051282051282051 0.03581730769230769
0 0.3416666666666667 0.7701923076923077 0.06025641025641026 0.021634615384615384
0 0.40235042735042736 0.7546875 0.049145299145299144 0.04495192307692308
0 0.45897435897435895 0.7451923076923077 0.046153846153846156 0.06201923076923077
0 0.6938034188034188 0.5698317307692308 0.045726495726495724 0.059375
0 0.8568376068376068 0.8370192307692308 0.0829059829059829 0.05384615384615385
0 0.6282051282051282 0.8344951923076923 0.07948717948717948 0.05552884615384615
0 0.5373931623931624 0.8408653846153846 0.08247863247863248 0.03221153846153846
0 0.45064102564102565 0.8457932692307693 0.08162393162393163 0.039663461538461536
0 0.37393162393162394 0.8481971153846154 0.06068376068376068 0.03533653846153846
0 0.2987179487179487 0.8495192307692307 0.0829059829059829 0.028846153846153848
0 0.21217948717948718 0.8456730769230769 0.06282051282051282 0.03461538461538462
0 0.13653846153846153 0.8480769230769231 0.06452991452991454 0.032692307692307694
0 0.017094017094017096 0.8318509615384615 0.029914529914529916 0.06129807692307692
0 0.44722222222222224 0.669110576923077 0.03888888888888889 0.05456730769230769
0 0.9756410256410256 0.7299278846153846 0.03076923076923077 0.06995192307692308
0 0.8773504273504273 0.7671875 0.06752136752136752 0.02716346153846154
0 0.8008547008547009 0.7665865384615385 0.07094017094017094 0.03028846153846154
0 0.8799145299145299 0.7310096153846154 0.06837606837606838 0.038461538461538464
0 0.8049145299145299 0.7301682692307693 0.06709401709401709 0.036778846153846155
0 0.7243589743589743 0.7664663461538461 0.07435897435897436 0.027644230769230768
0 0.7282051282051282 0.7310096153846154 0.07863247863247863 0.029326923076923077
0 0.6506410256410257 0.7610576923076923 0.06794871794871794 0.035096153846153846
0 0.5745726495726495 0.7597355769230769 0.06880341880341881 0.03245192307692308
0 0.5739316239316239 0.7268028846153847 0.06752136752136752 0.027644230769230768
0 0.5134615384615384 0.7491586538461539 0.04658119658119658 0.06081730769230769
0 0.9408119658119658 0.7425480769230769 0.03376068376068376 0.08173076923076923
0 0.3844017094017094 0.6598557692307693 0.05 0.06778846153846153
0 0.9256410256410257 0.8455528846153846 0.03504273504273504 0.056971153846153845
0 0.20042735042735044 0.6643028846153847 0.039316239316239315 0.056490384615384616
0 0.7899572649572649 0.5711538461538461 0.03717948717948718 0.06442307692307692
0 0.8241452991452991 0.5564903846153846 0.02094017094017094 0.055288461538461536
0 0.014102564102564103 0.6736778846153846 0.023931623931623933 0.045432692307692306
0 0.244017094017094 0.6638221153846153 0.038461538461538464 0.05552884615384615
0 0.9044871794871795 0.5733173076923077 0.049145299145299144 0.06394230769230769
0 0.05149572649572649 0.6737980769230769 0.026923076923076925 0.04375
0 0.08012820512820513 0.6731971153846154 0.027777777777777776 0.04447115384615385
0 0.12542735042735043 0.6663461538461538 0.03376068376068376 0.05336538461538461
0 0.16367521367521368 0.6661057692307693 0.029914529914529916 0.055288461538461536
