0 0.01363357843137255 0.8429330065359477 0.013174019607843137 0.068218954248366
0 0.08072916666666667 0.8715277777777778 0.013174019607843137 0.06985294117647059
0 0.0272671568627451 0.8490604575163399 0.011642156862745098 0.06331699346405228
0 0.04105392156862745 0.8529411764705882 0.011029411764705883 0.06290849673202614
0 0.05238970588235294 0.8576388888888888 0.011029411764705883 0.061683006535947715
0 0.06602328431372549 0.8639705882352942 0.012561274509803922 0.058823529411764705
0 0.09620098039215687 0.8764297385620915 0.015931372549019607 0.06740196078431372
0 0.19439338235294118 0.9199346405228758 0.016237745098039217 0.07516339869281045
0 0.14445465686274508 0.8974673202614379 0.015012254901960785 0.0727124183006536
0 0.16023284313725492 0.9042075163398693 0.014705882352941176 0.0755718954248366
0 0.17647058823529413 0.9125816993464052 0.015318627450980392 0.07598039215686274
0 0.2113970588235294 0.926062091503268 0.015318627450980392 0.07924836601307189
0 0.2821691176470588 0.9458741830065359 0.11397058823529412 0.10825163398692811
0 0.003216911764705882 0.8398692810457516 0.006433823529411764 0.06372549019607843
0 0.12852328431372548 0.891952614379085 0.015012254901960785 0.07066993464052287
0 0.8851102941176471 0.9511846405228758 0.03982843137254902 0.09763071895424837
0 0.11228553921568628 0.8852124183006536 0.014399509803921568 0.06781045751633986
0 0.8007046568627451 0.9391339869281046 0.035845588235294115 0.12254901960784313
0 0.9057904411764706 0.4238153594771242 0.045649509803921566 0.15318627450980393
0 0.8494178921568627 0.4244281045751634 0.05422794117647059 0.15441176470588236
0 0.7916666666666666 0.42626633986928103 0.04656862745098039 0.15155228758169934
0 0.7411151960784313 0.42687908496732024 0.04595588235294118 0.14705882352941177
0 0.6942401960784313 0.42401960784313725 0.0428921568627451 0.14133986928104575
0 0.6499693627450981 0.42401960784313725 0.04197303921568627 0.1388888888888889
0 0.5920649509803921 0.4215686274509804 0.035845588235294115 0.1315359477124183
0 0.5528492647058824 0.4213643790849673 0.0389093137254902 0.1294934640522876
0 0.515625 0.4201388888888889 0.03431372549019608 0.1270424836601307
0 0.4348958333333333 0.42034313725490197 0.04013480392156863 0.1184640522875817
0 0.39568014705882354 0.41973039215686275 0.0352328431372549 0.11723856209150327
0 0.36151960784313725 0.41768790849673204 0.031862745098039214 0.1156045751633987
0 0.32996323529411764 0.4170751633986928 0.025735294117647058 0.1119281045751634
0 0.30392156862745096 0.4170751633986928 0.023284313725490197 0.11029411764705882
0 0.2760416666666667 0.4152369281045752 0.028186274509803922 0.10661764705882353
0 0.171875 0.4099264705882353 0.025122549019607844 0.0959967320261438
0 0.14935661764705882 0.4084967320261438 0.015012254901960785 0.09477124183006536
0 0.12806372549019607 0.40808823529411764 0.02267156862745098 0.09395424836601307
0 0.10278799019607843 0.4076797385620915 0.02542892156862745 0.09313725490196079
0 0.07674632352941177 0.40870098039215685 0.02297794117647059 0.09109477124183006
0 0.05514705882352941 0.4056372549019608 0.016544117647058824 0.08905228758169935
0 0.03860294117647059 0.4048202614379085 0.015318627450980392 0.08741830065359477
0 0.020067401960784315 0.4068627450980392 0.018075980392156864 0.0857843137254902
0 0.004901960784313725 0.4076797385620915 0.00980392156862745 0.08496732026143791
0 0.9024203431372549 0.23141339869281047 0.057904411764705885 0.15727124183006536
0 0.975796568627451 0.44689542483660133 0.049019607843137254 0.1977124183006536
0 0.8439031862745098 0.23529411764705882 0.057291666666666664 0.15604575163398693
0 0.96875 0.7007761437908496 0.06311274509803921 0.17197712418300654
0 0.0314031862745098 0.5177696078431373 0.02297794117647059 0.08619281045751634
0 0.8026960784313726 0.6074346405228758 0.04779411764705882 0.14460784313725492
0 0.7562806372549019 0.5990604575163399 0.03462009803921569 0.13848039215686275
0 0.7199754901960784 0.5939542483660131 0.03553921568627451 0.1388888888888889
0 0.6830575980392157 0.5917075163398693 0.03462009803921569 0.1343954248366013
0 0.6475183823529411 0.5868055555555556 0.03216911764705882 0.12867647058823528
0 0.6159620098039216 0.5849673202614379 0.027879901960784315 0.125
0 0.5839460784313726 0.5806781045751634 0.032475490196078434 0.12540849673202614
0 0.5507046568627451 0.5757761437908496 0.02971813725490196 0.12214052287581699
0 0.5203737745098039 0.5727124183006536 0.027879901960784315 0.12009803921568628
0 0.48682598039215685 0.5678104575163399 0.03431372549019608 0.11683006535947713
0 0.45113357843137253 0.5637254901960784 0.035845588235294115 0.11437908496732026
0 0.41329656862745096 0.559640522875817 0.03676470588235294 0.11519607843137254
0 0.3783700980392157 0.5571895424836601 0.030637254901960783 0.11683006535947713
0 0.3471200980392157 0.553921568627451 0.028799019607843136 0.1119281045751634
0 0.3164828431372549 0.5504493464052288 0.029411764705882353 0.1090686274509804
0 0.2856924019607843 0.5465686274509803 0.02849264705882353 0.10784313725490197
0 0.25582107843137253 0.5424836601307189 0.027573529411764705 0.10375816993464053
0 0.22732843137254902 0.5383986928104575 0.026348039215686275 0.10866013071895425
0 0.19914215686274508 0.5357434640522876 0.025735294117647058 0.10334967320261437
0 0.17340686274509803 0.5326797385620915 0.023284313725490197 0.09967320261437909
0 0.1490502450980392 0.5300245098039216 0.02420343137254902 0.09844771241830065
0 0.1246936274509804 0.5287990196078431 0.023284313725490197 0.09763071895424837
0 0.1018688725490196 0.5243055555555556 0.019301470588235295 0.09354575163398693
0 0.07873774509803921 0.5224673202614379 0.02389705882352941 0.09395424836601307
0 0.05499387254901961 0.5208333333333334 0.020526960784313725 0.08823529411764706
0 0.011795343137254902 0.5161356209150327 0.015625 0.08782679738562091
0 0.8527879901960784 0.6109068627450981 0.048100490196078434 0.15155228758169934
0 0.7861519607843137 0.23774509803921567 0.0545343137254902 0.1568627450980392
0 0.6868872549019608 0.2485702614379085 0.04411764705882353 0.14501633986928106
0 0.6070772058823529 0.0741421568627451 0.046875 0.14665032679738563
0 0.5663296568627451 0.08129084967320262 0.03400735294117647 0.1437908496732026
0 0.5284926470588235 0.08762254901960784 0.03799019607843137 0.13929738562091504
0 0.4875919117647059 0.09538398692810457 0.0389093137254902 0.13766339869281047
0 0.4485294117647059 0.1017156862745098 0.03553921568627451 0.13970588235294118
0 0.4169730392156863 0.1090686274509804 0.025122549019607844 0.13071895424836602
0 0.38893995098039214 0.12050653594771242 0.02971813725490196 0.11356209150326797
0 0.36090686274509803 0.12663398692810457 0.02267156862745098 0.1111111111111111
0 0.33700980392156865 0.13133169934640523 0.02267156862745098 0.10743464052287582
0 0.31295955882352944 0.13500816993464052 0.022365196078431373 0.10825163398692811
0 0.2924325980392157 0.14072712418300654 0.016237745098039217 0.10743464052287582
0 0.27098651960784315 0.1437908496732026 0.02297794117647059 0.10702614379084967
0 0.24662990196078433 0.14562908496732027 0.023284313725490197 0.10661764705882353
0 0.22503063725490197 0.14910130718954248 0.018688725490196078 0.1053921568627451
0 0.20526960784313725 0.15400326797385622 0.01715686274509804 0.10212418300653595
0 0.18581495098039216 0.15747549019607843 0.018075980392156864 0.09844771241830065
0 0.16712622549019607 0.15951797385620914 0.017463235294117647 0.10008169934640523
0 0.1488970588235294 0.16482843137254902 0.017769607843137254 0.09844771241830065
0 0.13066789215686275 0.1664624183006536 0.017463235294117647 0.0951797385620915
0 0.11213235294117647 0.16830065359477125 0.01715686274509804 0.0923202614379085
0 0.09114583333333333 0.15298202614379086 0.021752450980392156 0.13194444444444445
0 0.06602328431372549 0.15625 0.02542892156862745 0.12540849673202614
0 0.03952205882352941 0.1607434640522876 0.023284313725490197 0.12377450980392157
0 0.015625 0.167687908496732 0.02022058823529412 0.1213235294117647
0 0.8425245098039216 0.9436274509803921 0.03860294117647059 0.11029411764705882
0 0.657015931372549 0.07332516339869281 0.046875 0.14665032679738563
0 0.7334558823529411 0.24591503267973855 0.041666666666666664 0.15196078431372548
0 0.7051164215686274 0.07209967320261437 0.04503676470588235 0.14419934640522875
0 0.8062193627450981 0.06372549019607843 0.04871323529411765 0.12745098039215685
0 0.6426164215686274 0.2522467320261438 0.04013480392156863 0.1417483660130719
0 0.5983455882352942 0.2555147058823529 0.04411764705882353 0.1352124183006536
0 0.5571384803921569 0.2577614379084967 0.036458333333333336 0.1315359477124183
0 0.5170036764705882 0.2630718954248366 0.04013480392156863 0.12908496732026145
0 0.47640931372549017 0.26409313725490197 0.03431372549019608 0.1270424836601307
0 0.4417892156862745 0.26695261437908496 0.031862745098039214 0.12377450980392157
0 0.4065563725490196 0.27001633986928103 0.03431372549019608 0.12173202614379085
0 0.3762254901960784 0.27205882352941174 0.024509803921568627 0.11764705882352941
0 0.34620098039215685 0.27328431372549017 0.031862745098039214 0.11519607843137254
0 0.31495098039215685 0.275531045751634 0.028186274509803922 0.11151960784313726
0 0.28599877450980393 0.27879901960784315 0.0272671568627451 0.11151960784313726
0 0.25704656862745096 0.2806372549019608 0.02696078431372549 0.11356209150326797
0 0.22487745098039216 0.2834967320261438 0.03125 0.11437908496732026
0 0.18259803921568626 0.28717320261437906 0.027573529411764705 0.10702614379084967
0 0.15287990196078433 0.28717320261437906 0.025735294117647058 0.1053921568627451
0 0.12607230392156862 0.28982843137254904 0.02420343137254902 0.10580065359477124
0 0.10263480392156862 0.2908496732026144 0.022058823529411766 0.10375816993464053
0 0.07950367647058823 0.2920751633986928 0.022365196078431373 0.09967320261437909
0 0.05713848039215686 0.29248366013071897 0.020526960784313725 0.09640522875816994
0 0.0352328431372549 0.2949346405228758 0.020833333333333332 0.09313725490196079
0 0.01639093137254902 0.2963643790849673 0.013786764705882353 0.09354575163398693
0 0.0044424019607843136 0.2963643790849673 0.008884803921568627 0.08537581699346405
0 0.9814644607843137 0.027369281045751634 0.03707107843137255 0.05473856209150327
0 0.9238664215686274 0.05473856209150327 0.0585171568627451 0.10947712418300654
0 0.8625919117647058 0.05473856209150327 0.0585171568627451 0.10947712418300654
0 0.7544424019607843 0.06801470588235294 0.05177696078431373 0.13602941176470587
0 0.9065563725490197 0.6182598039215687 0.05330882352941176 0.1597222222222222
0 0.4768688725490196 0.41973039215686275 0.03829656862745098 0.12377450980392157
0 0.011488970588235295 0.6166258169934641 0.0070465686274509805 0.07802287581699346
0 0.20710784313725492 0.7720588235294118 0.017769607843137254 0.0915032679738562
0 0.2261029411764706 0.7767565359477124 0.018995098039215685 0.09272875816993464
0 0.24739583333333334 0.7810457516339869 0.020526960784313725 0.09313725490196079
0 0.2722120098039216 0.7865604575163399 0.02542892156862745 0.09109477124183006
0 0.3831188725490196 0.821078431372549 0.02297794117647059 0.0988562091503268
0 0.4091605392156863 0.8274101307189542 0.02542892156862745 0.10498366013071896
0 0.43612132352941174 0.8359885620915033 0.024816176470588234 0.10498366013071896
0 0.4643075980392157 0.8445669934640523 0.030330882352941176 0.11151960784313726
0 0.49433210784313725 0.8498774509803921 0.02542892156862745 0.10988562091503268
0 0.5203737745098039 0.8596813725490197 0.024816176470588234 0.11315359477124183
0 0.5485600490196079 0.8684640522875817 0.0272671568627451 0.11519607843137254
0 0.5801164215686274 0.8794934640522876 0.03155637254901961 0.12173202614379085
0 0.6211703431372549 0.8921568627450981 0.03400735294117647 0.11519607843137254
0 0.6550245098039216 0.9021650326797386 0.03125 0.12050653594771242
0 0.6905637254901961 0.9115604575163399 0.03370098039215686 0.12459150326797386
0 0.7256433823529411 0.9215686274509803 0.03400735294117647 0.12745098039215685
0 0.7637867647058824 0.9338235294117647 0.03370098039215686 0.12908496732026145
0 0.1879595588235294 0.7665441176470589 0.019301470588235295 0.08946078431372549
0 0.16988357843137256 0.7608251633986928 0.015012254901960785 0.08455882352941177
0 0.15333946078431374 0.7540849673202614 0.01685049019607843 0.08169934640522876
0 0.13648897058823528 0.7483660130718954 0.015012254901960785 0.0784313725490196
0 0.5746017156862745 0.7277369281045751 0.02971813725490196 0.11805555555555555
0 0.6084558823529411 0.7369281045751634 0.030637254901960783 0.119281045751634
0 0.6401654411764706 0.7422385620915033 0.030330882352941176 0.12581699346405228
0 0.6746323529411765 0.752859477124183 0.03553921568627451 0.12990196078431374
0 0.7121629901960784 0.7598039215686274 0.03707107843137255 0.13071895424836602
0 0.7509191176470589 0.7675653594771242 0.03860294117647059 0.1315359477124183
0 0.7930453431372549 0.7771650326797386 0.04013480392156863 0.13848039215686275
0 0.8330269607843137 0.7855392156862745 0.03860294117647059 0.14460784313725492
0 0.5444240196078431 0.7236519607843137 0.03125 0.12050653594771242
0 0.8776041666666666 0.7896241830065359 0.04197303921568627 0.13725490196078433
0 0.013480392156862746 0.7138480392156863 0.012867647058823529 0.0755718954248366
0 0.026501225490196078 0.71875 0.01133578431372549 0.07230392156862746
0 0.03875612745098039 0.7214052287581699 0.011948529411764705 0.07761437908496732
0 0.05223651960784314 0.7263071895424836 0.011948529411764705 0.08088235294117647
0 0.06724877450980392 0.7320261437908496 0.015012254901960785 0.08415032679738563
0 0.08318014705882353 0.7352941176470589 0.013786764705882353 0.08169934640522876
0 0.09941789215686274 0.7395833333333334 0.017463235294117647 0.0821078431372549
0 0.1174938725490196 0.7455065359477124 0.01685049019607843 0.0857843137254902
0 0.9624693627450981 0.9095179738562091 0.0744485294117647 0.18178104575163398
0 0.003216911764705882 0.6156045751633987 0.006433823529411764 0.07598039215686274
0 0.5142463235294118 0.7171160130718954 0.02542892156862745 0.11805555555555555
0 0.45909926470588236 0.7083333333333334 0.02665441176470588 0.11274509803921569
0 0.48651960784313725 0.7109885620915033 0.025735294117647058 0.11233660130718955
0 0.4299938725490196 0.7022058823529411 0.0272671568627451 0.11601307189542484
0 0.4027267156862745 0.6958741830065359 0.02665441176470588 0.1090686274509804
0 0.37607230392156865 0.6911764705882353 0.02420343137254902 0.10457516339869281
0 0.3506433823529412 0.6875 0.02297794117647059 0.10130718954248366
0 0.3272058823529412 0.6815767973856209 0.022058823529411766 0.10008169934640523
0 0.28140318627450983 0.6701388888888888 0.01991421568627451 0.09844771241830065
0 0.2571997549019608 0.6662581699346405 0.022365196078431373 0.09722222222222222
0 0.23575367647058823 0.6625816993464052 0.017463235294117647 0.09395424836601307
0 0.21537990196078433 0.6580882352941176 0.01838235294117647 0.09313725490196079
0 0.1946997549019608 0.6550245098039216 0.01991421568627451 0.09354575163398693
0 0.30361519607843135 0.6768790849673203 0.0196078431372549 0.10130718954248366
0 0.15517769607843138 0.6484885620915033 0.017463235294117647 0.0886437908496732
0 0.13817401960784315 0.644812091503268 0.016544117647058824 0.08619281045751634
0 0.12040441176470588 0.6427696078431373 0.016544117647058824 0.08374183006535947
0 0.10386029411764706 0.6374591503267973 0.015318627450980392 0.09027777777777778
0 0.08777573529411764 0.6348039215686274 0.015012254901960785 0.08905228758169935
0 0.0706188725490196 0.6303104575163399 0.016237745098039217 0.08660130718954248
0 0.05330882352941176 0.6260212418300654 0.014093137254901961 0.08619281045751634
0 0.0392156862745098 0.6223447712418301 0.00857843137254902 0.08292483660130719
0 0.029564950980392156 0.6194852941176471 0.009497549019607842 0.07965686274509803
0 0.17432598039215685 0.6519607843137255 0.018995098039215685 0.09395424836601307
0 0.020526960784313725 0.6184640522875817 0.007352941176470588 0.07761437908496732
