0 0.7079248366013072 0.3362438725490196 0.08660130718954248 0.04932598039215686
0 0.26633986928104575 0.5692401960784313 0.08823529411764706 0.04595588235294118
0 0.26123366013071897 0.5087316176470589 0.09354575163398693 0.06954656862745098
0 0.3639705882352941 0.4866727941176471 0.08251633986928104 0.045649509803921566
0 0.4319852941176471 0.2846200980392157 0.07965686274509803 0.05024509803921569
0 0.5228758169934641 0.3327205882352941 0.0915032679738562 0.05698529411764706
0 0.5224673202614379 0.26776960784313725 0.09803921568627451 0.0661764705882353
0 0.6160130718954249 0.32981004901960786 0.08823529411764706 0.05974264705882353
0 0.6168300653594772 0.26608455882352944 0.08986928104575163 0.06525735294117647
0 0.16625816993464052 0.5626531862745098 0.08905228758169935 0.05545343137254902
0 0.7099673202614379 0.2803308823529412 0.09395424836601307 0.061887254901960786
0 0.1940359477124183 0.9476102941176471 0.07516339869281045 0.03431372549019608
0 0.8045343137254902 0.28722426470588236 0.09027777777777778 0.04993872549019608
0 0.3488562091503268 0.7735906862745098 0.08333333333333333 0.0428921568627451
0 0.34620098039215685 0.7115502450980392 0.07802287581699346 0.07261029411764706
0 0.43709150326797386 0.7754289215686274 0.08986928104575163 0.04044117647058824
0 0.4360702614379085 0.7181372549019608 0.0951797385620915 0.06556372549019608
0 0.5253267973856209 0.7748161764705882 0.08823529411764706 0.0392156862745098
0 0.5247140522875817 0.7212009803921569 0.07965686274509803 0.06556372549019608
0 0.6151960784313726 0.7765012254901961 0.08251633986928104 0.045649509803921566
0 0.6121323529411765 0.7212009803921569 0.09191176470588236 0.06556372549019608
0 0.6987336601307189 0.782015931372549 0.07965686274509803 0.04258578431372549
0 0.704248366013072 0.7261029411764706 0.08660130718954248 0.06678921568627451
0 0.7965686274509803 0.3385416666666667 0.08986928104575163 0.04534313725490196
0 0.7510212418300654 0.15012254901960784 0.11070261437908496 0.0392156862745098
0 0.8680555555555556 0.11213235294117647 0.11274509803921569 0.03615196078431373
0 0.8602941176470589 0.1487438725490196 0.10866013071895425 0.036458333333333336
0 0.15951797385620914 0.5009191176470589 0.09109477124183006 0.0625
0 0.9644607843137255 0.0661764705882353 0.07352941176470588 0.042279411764705885
0 0.9640522875816994 0.1096813725490196 0.0727124183006536 0.042279411764705885
0 0.9595588235294118 0.1478247549019608 0.08333333333333333 0.029105392156862746
0 0.9771241830065359 0.27159926470588236 0.049019607843137254 0.06464460784313726
0 0.9732434640522876 0.33088235294117646 0.056781045751633986 0.05330882352941176
0 0.900531045751634 0.28201593137254904 0.0886437908496732 0.05667892156862745
0 0.8082107843137255 0.2417279411764706 0.07802287581699346 0.03431372549019608
0 0.8696895424836601 0.06326593137254902 0.1119281045751634 0.048100490196078434
0 0.04779411764705882 0.5318627450980392 0.08415032679738563 0.14215686274509803
0 0.3553921568627451 0.3362438725490196 0.08496732026143791 0.04932598039215686
0 0.16687091503267973 0.32337622549019607 0.09436274509803921 0.0585171568627451
0 0.792687908496732 0.5271139705882353 0.0821078431372549 0.04871323529411765
0 0.8819444444444444 0.4739583333333333 0.09395424836601307 0.06372549019607843
0 0.7922794117647058 0.4733455882352941 0.0886437908496732 0.05698529411764706
0 0.701797385620915 0.5713848039215687 0.0857843137254902 0.04105392156862745
0 0.7046568627450981 0.5283394607843137 0.08741830065359477 0.03952205882352941
0 0.7022058823529411 0.4759497549019608 0.07107843137254902 0.05361519607843137
0 0.6111111111111112 0.5742953431372549 0.09722222222222222 0.04993872549019608
0 0.5128676470588235 0.5678615196078431 0.09844771241830065 0.05177696078431373
0 0.6117238562091504 0.5185355392156863 0.0951797385620915 0.05422794117647059
0 0.514297385620915 0.5171568627450981 0.09722222222222222 0.051470588235294115
0 0.5124591503267973 0.46078431372549017 0.1090686274509804 0.052083333333333336
0 0.43075980392156865 0.5704656862745098 0.06576797385620915 0.042279411764705885
0 0.3500816993464052 0.5738357843137255 0.07026143790849673 0.04350490196078431
0 0.43014705882352944 0.5289522058823529 0.0718954248366013 0.03768382352941176
0 0.346609477124183 0.5292585784313726 0.07883986928104575 0.04136029411764706
0 0.8776552287581699 0.5292585784313726 0.08946078431372549 0.046875
0 0.040236928104575166 0.2768075980392157 0.07802287581699346 0.15962009803921567
0 0.784109477124183 0.5732230392156863 0.08047385620915033 0.042279411764705885
0 0.9697712418300654 0.46982230392156865 0.061274509803921566 0.0585171568627451
0 0.16115196078431374 0.25735294117647056 0.1017156862745098 0.06556372549019608
0 0.2647058823529412 0.32613357843137253 0.09640522875816994 0.06096813725490196
0 0.2622549019607843 0.2622549019607843 0.09967320261437909 0.06372549019607843
0 0.2577614379084967 0.7100183823529411 0.09803921568627451 0.06954656862745098
0 0.35314542483660133 0.2821691176470588 0.0763888888888889 0.05392156862745098
0 0.43586601307189543 0.33379289215686275 0.07598039215686274 0.047487745098039214
0 0.7832924836601307 0.7869178921568627 0.07883986928104575 0.046262254901960786
0 0.8092320261437909 0.7389705882352942 0.08006535947712418 0.0428921568627451
0 0.8141339869281046 0.6977634803921569 0.07107843137254902 0.0389093137254902
0 0.8741830065359477 0.7846200980392157 0.07516339869281045 0.041666666666666664
0 0.9569035947712419 0.7823223039215687 0.08619281045751634 0.03707107843137255
0 0.9587418300653595 0.7428002450980392 0.0857843137254902 0.03952205882352941
0 0.9636437908496732 0.6878063725490197 0.07598039215686274 0.0625
0 0.9654820261437909 0.5703125 0.07230392156862746 0.048100490196078434
0 0.9683415032679739 0.5211397058823529 0.06576797385620915 0.042279411764705885
0 0.8694852941176471 0.5759803921568627 0.0886437908496732 0.041666666666666664
0 0.26205065359477125 0.7706801470588235 0.08700980392156862 0.04871323529411765
0 0.889297385620915 0.3371629901960784 0.0857843137254902 0.05116421568627451
0 0.17197712418300654 0.7700674019607843 0.09313725490196079 0.047487745098039214
0 0.922998366013072 0.9336703431372549 0.0755718954248366 0.07873774509803921
0 0.8425245098039216 0.9581801470588235 0.06985294117647059 0.0352328431372549
0 0.8417075163398693 0.9227941176470589 0.0755718954248366 0.03125
0 0.8433415032679739 0.8762254901960784 0.07475490196078431 0.0508578431372549
0 0.7661356209150327 0.9486825980392157 0.07883986928104575 0.033394607843137254
0 0.7659313725490197 0.9122242647058824 0.06045751633986928 0.03952205882352941
0 0.769812091503268 0.8716299019607843 0.06740196078431372 0.03615196078431373
0 0.6862745098039216 0.9586397058823529 0.07026143790849673 0.03308823529411765
0 0.6887254901960784 0.9243259803921569 0.07516339869281045 0.03431372549019608
0 0.6962826797385621 0.8762254901960784 0.07883986928104575 0.05392156862745098
0 0.6117238562091504 0.9511335784313726 0.0755718954248366 0.03829656862745098
0 0.6090686274509803 0.9090073529411765 0.08169934640522876 0.032475490196078434
0 0.980187908496732 0.9301470588235294 0.039624183006535946 0.08639705882352941
0 0.6125408496732027 0.8696384803921569 0.08129084967320262 0.03768382352941176
0 0.5263480392156863 0.9134497549019608 0.08292483660130719 0.03829656862745098
0 0.5267565359477124 0.8704044117647058 0.08374183006535947 0.042279411764705885
0 0.4411764705882353 0.9480698529411765 0.07107843137254902 0.03829656862745098
0 0.3539624183006536 0.9541973039215687 0.06658496732026144 0.0389093137254902
0 0.26981209150326796 0.9486825980392157 0.06413398692810457 0.03952205882352941
0 0.44219771241830064 0.9136029411764706 0.0763888888888889 0.03308823529411765
0 0.35866013071895425 0.9155943627450981 0.08741830065359477 0.03707107843137255
0 0.2667483660130719 0.9114583333333334 0.07352941176470588 0.031862745098039214
0 0.4411764705882353 0.8720894607843137 0.08660130718954248 0.04871323529411765
0 0.35130718954248363 0.8722426470588235 0.0923202614379085 0.0428921568627451
0 0.18218954248366012 0.8687193627450981 0.0857843137254902 0.04197303921568627
0 0.19056372549019607 0.9108455882352942 0.07965686274509803 0.03308823529411765
0 0.5253267973856209 0.9529718137254902 0.08823529411764706 0.036458333333333336
0 0.16544117647058823 0.7121629901960784 0.08741830065359477 0.06770833333333333
0 0.2681781045751634 0.8710171568627451 0.0763888888888889 0.04656862745098039
0 0.2465277777777778 0.12745098039215685 0.11070261437908496 0.06372549019607843
0 0.24223856209150327 0.05499387254901961 0.11356209150326797 0.078125
0 0.13848039215686275 0.12653186274509803 0.10294117647058823 0.06495098039215687
0 0.3464052287581699 0.031862745098039214 0.08415032679738563 0.05514705882352941
0 0.4381127450980392 0.03155637254901961 0.09354575163398693 0.061274509803921566
0 0.34681372549019607 0.0857843137254902 0.08660130718954248 0.05269607843137255
0 0.43995098039215685 0.08762254901960784 0.08741830065359477 0.05330882352941176
0 0.34967320261437906 0.13832720588235295 0.08496732026143791 0.047487745098039214
0 0.4362745098039216 0.1403186274509804 0.08823529411764706 0.04595588235294118
0 0.5345179738562091 0.13618259803921567 0.09926470588235294 0.06096813725490196
0 0.639501633986928 0.13511029411764705 0.10416666666666667 0.061274509803921566
0 0.5355392156862745 0.06893382352941177 0.09722222222222222 0.06556372549019608
0 0.6464460784313726 0.06862745098039216 0.10661764705882353 0.06495098039215687
0 0.5383986928104575 0.019301470588235295 0.10212418300653595 0.03615196078431373
0 0.12928921568627452 0.05392156862745098 0.10825163398692811 0.07904411764705882
0 0.7551062091503268 0.1092218137254902 0.11151960784313726 0.0389093137254902
0 0.06372549019607843 0.7388174019607843 0.1119281045751634 0.12959558823529413
0 0.0951797385620915 0.9275428921568627 0.09722222222222222 0.10753676470588236
0 0.023080065359477125 0.9077818627450981 0.0428921568627451 0.10600490196078431
0 0.6444035947712419 0.01715686274509804 0.10661764705882353 0.03431372549019608
