0 0.961698717948718 0.12692307692307692 0.05929487179487179 0.08365384615384615
0 0.007371794871794872 0.2110576923076923 0.014743589743589743 0.036057692307692304
0 0.033012820512820513 0.2388221153846154 0.027564102564102563 0.051201923076923075
0 0.06586538461538462 0.2390625 0.035576923076923075 0.051201923076923075
0 0.008012820512820512 0.24747596153846155 0.016025641025641024 0.034375
0 0.2299679487179487 0.1579326923076923 0.038141025641025644 0.027884615384615386
0 0.18942307692307692 0.15697115384615384 0.03974358974358974 0.028365384615384615
0 0.8350961538461539 0.09519230769230769 0.04903846153846154 0.03942307692307692
0 0.78125 0.09723557692307692 0.05032051282051282 0.04110576923076923
0 0.7266025641025641 0.09723557692307692 0.04935897435897436 0.04110576923076923
0 0.6740384615384616 0.09663461538461539 0.046794871794871795 0.03990384615384615
0 0.8456730769230769 0.14266826923076922 0.04775641025641025 0.05024038461538462
0 0.09599358974358975 0.23665865384615384 0.022756410256410255 0.05841346153846154
0 0.9006410256410257 0.12632211538461538 0.05576923076923077 0.08245192307692308
0 0.12131410256410256 0.23545673076923077 0.02532051282051282 0.05841346153846154
0 0.6314102564102564 0.13353365384615384 0.035256410256410256 0.07283653846153847
0 0.2125 0.2502403846153846 0.05384615384615385 0.027884615384615386
0 0.2764423076923077 0.09939903846153846 0.041346153846153845 0.02860576923076923
0 0.31666666666666665 0.10649038461538461 0.03397435897435897 0.014903846153846155
0 0.3546474358974359 0.09879807692307692 0.038141025641025644 0.02980769230769231
0 0.39342948717948717 0.10300480769230769 0.035576923076923075 0.026201923076923078
0 0.4378205128205128 0.12908653846153847 0.041025641025641026 0.08557692307692308
0 0.48125 0.1268028846153846 0.04326923076923077 0.08774038461538461
0 0.5258012820512821 0.1284855769230769 0.041346153846153845 0.08918269230769231
0 0.15144230769230768 0.23533653846153846 0.03108974358974359 0.05576923076923077
0 0.5636217948717949 0.13353365384615384 0.030448717948717948 0.07283653846153847
0 0.19615384615384615 0.2233173076923077 0.05448717948717949 0.022115384615384617
0 0.6814102564102564 0.1450721153846154 0.04871794871794872 0.04783653846153846
0 0.48012820512820514 0.23858173076923078 0.04871794871794872 0.04783653846153846
0 0.42900641025641023 0.2388221153846154 0.04583333333333333 0.050721153846153846
0 0.3751602564102564 0.25264423076923076 0.05032051282051282 0.02548076923076923
0 0.32259615384615387 0.25180288461538464 0.05032051282051282 0.023798076923076922
0 0.2671474358974359 0.25060096153846156 0.0516025641025641 0.026201923076923078
0 0.5974358974358974 0.13545673076923076 0.03076923076923077 0.07427884615384615
0 0.27291666666666664 0.1580528846153846 0.040705128205128206 0.030528846153846153
0 0.8607371794871795 0.321875 0.02980769230769231 0.07307692307692308
0 0.3105769230769231 0.509375 0.023076923076923078 0.06682692307692308
0 0.9868589743589744 0.23365384615384616 0.026282051282051282 0.05
0 0.9560897435897436 0.23245192307692308 0.02564102564102564 0.05
0 0.9272435897435898 0.2329326923076923 0.022435897435897436 0.05336538461538461
0 0.8983974358974359 0.2329326923076923 0.02564102564102564 0.05336538461538461
0 0.8701923076923077 0.23317307692307693 0.026282051282051282 0.05384615384615385
0 0.8290064102564103 0.20709134615384617 0.03685897435897436 0.03293269230769231
0 0.7866987179487179 0.20853365384615385 0.03878205128205128 0.031009615384615385
0 0.7458333333333333 0.20865384615384616 0.03974358974358974 0.03125
0 0.6991987179487179 0.20612980769230768 0.03942307692307692 0.03581730769230769
0 0.6552884615384615 0.20625 0.04455128205128205 0.038461538461538464
0 0.8262820512820512 0.24266826923076923 0.03782051282051282 0.034375
0 0.7865384615384615 0.24326923076923077 0.038461538461538464 0.03317307692307692
0 0.7432692307692308 0.24627403846153847 0.041025641025641026 0.03918269230769231
0 0.6996794871794871 0.24459134615384615 0.04358974358974359 0.03581730769230769
0 0.655448717948718 0.2454326923076923 0.041666666666666664 0.0375
0 0.5969551282051282 0.20024038461538463 0.052243589743589745 0.026442307692307692
0 0.5394230769230769 0.20204326923076923 0.052564102564102565 0.027644230769230768
0 0.5961538461538461 0.2389423076923077 0.047435897435897434 0.04375
0 0.5415064102564102 0.24194711538461539 0.047115384615384615 0.04495192307692308
0 0.015224358974358974 0.33966346153846155 0.030448717948717948 0.04855769230769231
0 0.3799679487179487 0.23389423076923077 0.04391025641025641 0.009615384615384616
0 0.053044871794871794 0.3384615384615385 0.035576923076923075 0.046153846153846156
0 0.11426282051282051 0.3323317307692308 0.02403846153846154 0.05793269230769231
0 0.8926282051282052 0.32271634615384615 0.03012820512820513 0.06754807692307692
0 0.9251602564102565 0.3222355769230769 0.03108974358974359 0.07139423076923077
0 0.9564102564102565 0.321875 0.026282051282051282 0.07307692307692308
0 0.986698717948718 0.3217548076923077 0.025961538461538463 0.07524038461538461
0 0.8229166666666666 0.33076923076923076 0.0342948717948718 0.05480769230769231
0 0.7783653846153846 0.33016826923076925 0.04455128205128205 0.05360576923076923
0 0.7338141025641025 0.3308894230769231 0.03942307692307692 0.057451923076923074
0 0.6934294871794872 0.3088942307692308 0.0342948717948718 0.032692307692307694
0 0.6544871794871795 0.3092548076923077 0.03653846153846154 0.031009615384615385
0 0.6916666666666667 0.3421875 0.03717948717948718 0.02956730769230769
0 0.6516025641025641 0.34411057692307695 0.03717948717948718 0.031009615384615385
0 0.59375 0.33329326923076924 0.07467948717948718 0.05504807692307692
0 0.5139423076923076 0.3300480769230769 0.06891025641025642 0.058173076923076925
0 0.44342948717948716 0.33016826923076925 0.06826923076923076 0.05841346153846154
0 0.3891025641025641 0.3234375 0.03653846153846154 0.07620192307692308
0 0.34951923076923075 0.3236778846153846 0.03365384615384615 0.07475961538461538
0 0.26474358974358975 0.3231971153846154 0.12692307692307692 0.0733173076923077
0 0.17548076923076922 0.3317307692307692 0.03108974358974359 0.05673076923076923
0 0.1423076923076923 0.3330528846153846 0.028846153846153848 0.05889423076923077
0 0.0858974358974359 0.33365384615384613 0.028205128205128206 0.06057692307692308
0 0.3243589743589744 0.22548076923076923 0.05064102564102564 0.02403846153846154
0 0.26634615384615384 0.2264423076923077 0.05641025641025641 0.021153846153846155
0 0.3939102564102564 0.15853365384615384 0.03653846153846154 0.026682692307692307
0 0.8482371794871795 0.4277644230769231 0.03365384615384615 0.042548076923076925
0 0.8426282051282051 0.39278846153846153 0.028846153846153848 0.02548076923076923
0 0.9240384615384616 0.43653846153846154 0.03205128205128205 0.02403846153846154
0 0.3544871794871795 0.15745192307692307 0.03461538461538462 0.02451923076923077
0 0.9924679487179487 0.43737980769230766 0.015064102564102564 0.023317307692307693
0 0.9251602564102565 0.41201923076923075 0.0342948717948718 0.023076923076923078
0 0.9661858974358974 0.4087740384615385 0.033012820512820513 0.026201923076923078
0 0.8887820512820512 0.38966346153846154 0.035256410256410256 0.016826923076923076
0 0.948076923076923 0.38677884615384617 0.035256410256410256 0.015865384615384615
0 0.9766025641025641 0.3872596153846154 0.01858974358974359 0.014423076923076924
0 0.028205128205128206 0.5200721153846154 0.05641025641025641 0.06658653846153846
0 0.06955128205128205 0.5115384615384615 0.020512820512820513 0.07115384615384615
0 0.09246794871794872 0.5123798076923077 0.022115384615384617 0.07139423076923077
0 0.11810897435897436 0.5104567307692308 0.022115384615384617 0.07620192307692308
0 0.1421474358974359 0.5123798076923077 0.022115384615384617 0.07524038461538461
0 0.16538461538461538 0.5133413461538462 0.01987179487179487 0.07475961538461538
0 0.1918269230769231 0.5120192307692307 0.02532051282051282 0.0673076923076923
0 0.2189102564102564 0.5120192307692307 0.022435897435897436 0.07211538461538461
0 0.2639423076923077 0.5122596153846154 0.061217948717948716 0.07259615384615385
0 0.777724358974359 0.4155048076923077 0.08814102564102565 0.06850961538461539
0 0.688301282051282 0.41622596153846153 0.08493589743589744 0.06802884615384615
0 0.6153846153846154 0.415625 0.047435897435897434 0.06875
0 0.558974358974359 0.4193509615384615 0.04038461538461539 0.07379807692307692
0 0.1889423076923077 0.12752403846153845 0.03878205128205128 0.02716346153846154
0 0.23028846153846153 0.12872596153846153 0.03878205128205128 0.02716346153846154
0 0.27163461538461536 0.12908653846153847 0.038141025641025644 0.02548076923076923
0 0.31346153846153846 0.1295673076923077 0.038461538461538464 0.026442307692307692
0 0.35368589743589746 0.13016826923076924 0.03621794871794872 0.027644230769230768
0 0.39342948717948717 0.1313701923076923 0.032371794871794875 0.025240384615384616
0 0.18701923076923077 0.09831730769230769 0.038141025641025644 0.028846153846153848
0 0.22740384615384615 0.09783653846153846 0.03942307692307692 0.027884615384615386
0 0.020352564102564103 0.13569711538461537 0.040705128205128206 0.07235576923076924
0 0.31634615384615383 0.15817307692307692 0.03782051282051282 0.028365384615384615
0 0.027243589743589744 0.42127403846153844 0.04487179487179487 0.06322115384615384
0 0.16362179487179487 0.41923076923076924 0.058653846153846154 0.06394230769230769
0 0.22852564102564102 0.42199519230769234 0.038461538461538464 0.057451923076923074
0 0.2669871794871795 0.4237980769230769 0.035256410256410256 0.05625
0 0.30833333333333335 0.4182692307692308 0.03461538461538462 0.07163461538461538
0 0.34823717948717947 0.41875 0.0375 0.07019230769230769
0 0.3780448717948718 0.41802884615384617 0.014423076923076924 0.06634615384615385
0 0.41458333333333336 0.4193509615384615 0.04583333333333333 0.06899038461538462
0 0.4548076923076923 0.41634615384615387 0.026923076923076925 0.06538461538461539
0 0.5100961538461538 0.41814903846153845 0.04519230769230769 0.06899038461538462
0 0.08942307692307692 0.41983173076923075 0.07628205128205129 0.06033653846153846
0 0.8860576923076923 0.42980769230769234 0.03621794871794872 0.04423076923076923
0 0.9633012820512821 0.43569711538461536 0.03685897435897436 0.02235576923076923
0 0.7360576923076924 0.14543269230769232 0.04903846153846154 0.04855769230769231
0 0.9266025641025641 0.6129807692307693 0.04038461538461539 0.06778846153846153
0 0.8868589743589743 0.6182692307692308 0.035256410256410256 0.03990384615384615
0 0.84375 0.6091346153846153 0.04391025641025641 0.07211538461538461
0 0.7858974358974359 0.6051682692307693 0.05 0.07379807692307692
0 0.7373397435897436 0.6080528846153846 0.041987179487179484 0.07956730769230769
0 0.6963141025641025 0.6074519230769231 0.03685897435897436 0.08076923076923077
0 0.9729166666666667 0.6125 0.04326923076923077 0.06923076923076923
0 0.6432692307692308 0.6085336538461539 0.06217948717948718 0.078125
0 0.5169871794871795 0.6058894230769231 0.052564102564102565 0.07524038461538461
0 0.4600961538461538 0.6068509615384615 0.05673076923076923 0.07475961538461538
0 0.39871794871794874 0.6074519230769231 0.05897435897435897 0.07596153846153846
0 0.32596153846153847 0.6085336538461539 0.06987179487179487 0.0733173076923077
0 0.2549679487179487 0.6079326923076923 0.06891025641025642 0.07211538461538461
0 0.20016025641025642 0.6091346153846153 0.029166666666666667 0.07692307692307693
0 0.575801282051282 0.6073317307692307 0.061217948717948716 0.07572115384615384
0 0.16346153846153846 0.6105769230769231 0.026282051282051282 0.075
0 0.04310897435897436 0.7722355769230769 0.08621794871794872 0.031490384615384615
0 0.03878205128205128 0.7046875 0.07756410256410257 0.03293269230769231
0 0.9483974358974359 0.7367788461538461 0.06794871794871794 0.09711538461538462
0 0.8697115384615385 0.7355769230769231 0.07019230769230769 0.10192307692307692
0 0.7956730769230769 0.7354567307692308 0.06955128205128205 0.10408653846153847
0 0.7245192307692307 0.7366586538461538 0.06762820512820512 0.10168269230769231
0 0.6578525641025641 0.737139423076923 0.0625 0.10024038461538462
0 0.5899038461538462 0.7375 0.06570512820512821 0.10336538461538461
0 0.04022435897435898 0.740625 0.08044871794871795 0.027884615384615386
0 0.5248397435897436 0.7365384615384616 0.05929487179487179 0.10625
0 0.34647435897435896 0.7443509615384616 0.06538461538461539 0.08870192307692308
0 0.2907051282051282 0.7311298076923077 0.041025641025641026 0.10504807692307692
0 0.23717948717948717 0.7284855769230769 0.05897435897435897 0.10216346153846154
0 0.12996794871794873 0.7055288461538461 0.09711538461538462 0.03701923076923077
0 0.1371794871794872 0.7408653846153846 0.09871794871794871 0.028365384615384615
0 0.14182692307692307 0.7733173076923077 0.1016025641025641 0.028846153846153848
0 0.4043269230769231 0.7381009615384615 0.041346153846153845 0.09014423076923077
0 0.13541666666666666 0.6110576923076924 0.02467948717948718 0.07596153846153846
0 0.46073717948717946 0.7373798076923077 0.06506410256410257 0.10600961538461538
0 0.02564102564102564 0.5930288461538461 0.05128205128205128 0.023076923076923078
0 0.09086538461538461 0.6099759615384616 0.028525641025641025 0.07860576923076923
0 0.14887820512820513 0.14555288461538463 0.032371794871794875 0.05360576923076923
0 0.1094551282051282 0.14651442307692308 0.03685897435897436 0.053125
0 0.35352564102564105 0.5110576923076923 0.05128205128205128 0.06538461538461539
0 0.41185897435897434 0.5176682692307693 0.04038461538461539 0.06658653846153846
0 0.06602564102564103 0.13521634615384615 0.04551282051282051 0.07139423076923077
0 0.4501602564102564 0.5164663461538461 0.030448717948717948 0.06658653846153846
0 0.4875 0.512860576923077 0.035256410256410256 0.071875
0 0.5307692307692308 0.5111778846153846 0.038461538461538464 0.07283653846153847
0 0.5748397435897435 0.515625 0.04326923076923077 0.0625
0 0.6203525641025641 0.515625 0.03878205128205128 0.0625
0 0.666025641025641 0.5153846153846153 0.04358974358974359 0.05961538461538462
0 0.7110576923076923 0.5152644230769231 0.040705128205128206 0.061778846153846156
0 0.7911858974358974 0.14350961538461537 0.05096153846153846 0.04951923076923077
0 0.7931089743589743 0.5201923076923077 0.035576923076923075 0.05480769230769231
0 0.7544871794871795 0.5188701923076923 0.035256410256410256 0.056971153846153845
0 0.8868589743589743 0.4879807692307692 0.03141025641025641 0.038461538461538464
0 0.9235576923076924 0.48990384615384613 0.03108974358974359 0.035096153846153846
0 0.8052884615384616 0.4811298076923077 0.03108974358974359 0.017548076923076923
0 0.9860576923076924 0.5234375 0.027884615384615386 0.04927884615384615
0 0.85 0.4893028846153846 0.03397435897435897 0.036298076923076926
0 0.9538461538461539 0.5243990384615385 0.027564102564102563 0.04879807692307692
0 0.9176282051282051 0.5274038461538462 0.03333333333333333 0.0375
0 0.8804487179487179 0.5258413461538461 0.03076923076923077 0.03485576923076923
0 0.8413461538461539 0.5278846153846154 0.035897435897435895 0.03653846153846154
0 0.027724358974358973 0.6169471153846153 0.055448717948717946 0.020432692307692308
0 0.02980769230769231 0.6391826923076923 0.05961538461538462 0.021634615384615384
