0 0.599468954248366 0.7809436274509803 0.03553921568627451 0.061274509803921566
0 0.2653186274509804 0.8710171568627451 0.03308823529411765 0.06066176470588235
0 0.3053513071895425 0.8671875 0.037173202614379085 0.06587009803921569
0 0.3486519607843137 0.8711703431372549 0.024918300653594773 0.05606617647058824
0 0.8272058823529411 0.16099877450980393 0.0392156862745098 0.11182598039215687
0 0.38766339869281047 0.8662683823529411 0.03676470588235294 0.0664828431372549
0 0.42953431372549017 0.8624387254901961 0.03145424836601307 0.061274509803921566
0 0.47344771241830064 0.8607536764705882 0.03676470588235294 0.0628063725490196
0 0.5134803921568627 0.8592218137254902 0.031862745098039214 0.06709558823529412
0 0.5514705882352942 0.8583026960784313 0.035130718954248366 0.06525735294117647
0 0.5917075163398693 0.8561580882352942 0.039624183006535946 0.06832107843137254
0 0.144812091503268 0.4872855392156863 0.08537581699346405 0.04993872549019608
0 0.15931372549019607 0.5375306372549019 0.07107843137254902 0.02665441176470588
0 0.559640522875817 0.7786458333333334 0.025326797385620915 0.06403186274509803
0 0.525531045751634 0.7800245098039216 0.02900326797385621 0.061887254901960786
0 0.9199346405228758 0.29059436274509803 0.03676470588235294 0.09650735294117647
0 0.7165032679738562 0.4028799019607843 0.025326797385620915 0.10110294117647059
0 0.9585375816993464 0.2902879901960784 0.034722222222222224 0.09589460784313726
0 0.7837009803921569 0.16130514705882354 0.034722222222222224 0.11488970588235294
0 0.8741830065359477 0.28860294117647056 0.03758169934640523 0.09497549019607843
0 0.8306781045751634 0.28860294117647056 0.026552287581699346 0.09252450980392157
0 0.14583333333333334 0.6184129901960784 0.11356209150326797 0.047487745098039214
0 0.7959558823529411 0.2893688725490196 0.0298202614379085 0.09650735294117647
0 0.7563316993464052 0.2890625 0.03553921568627451 0.09589460784313726
0 0.7154820261437909 0.28860294117647056 0.0298202614379085 0.09497549019607843
0 0.988562091503268 0.17095588235294118 0.022058823529411766 0.0974264705882353
0 0.9564950980392157 0.16957720588235295 0.03390522875816993 0.09957107843137254
0 0.2369281045751634 0.15134803921568626 0.0718954248366013 0.0704656862745098
0 0.9150326797385621 0.17064950980392157 0.04003267973856209 0.09926470588235294
0 0.8725490196078431 0.16850490196078433 0.03431372549019608 0.09987745098039216
0 0.7542892156862745 0.40088848039215685 0.03145424836601307 0.09712009803921569
0 0.14562908496732027 0.7244178921568627 0.08047385620915033 0.06464460784313726
0 0.9246323529411765 0.40058210784313725 0.0363562091503268 0.1014093137254902
0 0.1497140522875817 0.9074754901960784 0.042075163398692814 0.07475490196078431
0 0.9464869281045751 0.8340992647058824 0.03758169934640523 0.07138480392156862
0 0.9017565359477124 0.8379289215686274 0.039624183006535946 0.07169117647058823
0 0.8562091503267973 0.8388480392156863 0.03758169934640523 0.07598039215686274
0 0.8151552287581699 0.8403799019607843 0.03145424836601307 0.07659313725490197
0 0.7616421568627451 0.8463541666666666 0.0363562091503268 0.078125
0 0.7195669934640523 0.8423713235294118 0.03145424836601307 0.08792892156862746
0 0.9834558823529411 0.741421568627451 0.03227124183006536 0.0857843137254902
0 0.9430147058823529 0.7405024509803921 0.037173202614379085 0.08639705882352941
0 0.9003267973856209 0.7435661764705882 0.03349673202614379 0.08272058823529412
0 0.8584558823529411 0.7518382352941176 0.03227124183006536 0.07965686274509803
0 0.8206699346405228 0.7506127450980392 0.029411764705882353 0.07475490196078431
0 0.7820669934640523 0.7587316176470589 0.028186274509803922 0.06158088235294118
0 0.7420343137254902 0.7552083333333334 0.030637254901960783 0.06678921568627451
0 0.7005718954248366 0.7478553921568627 0.03349673202614379 0.07169117647058823
0 0.7704248366013072 0.6583946078431373 0.04084967320261438 0.06066176470588235
0 0.7240604575163399 0.6531862745098039 0.020833333333333332 0.06066176470588235
0 0.6981209150326797 0.6619178921568627 0.018790849673202614 0.06770833333333333
0 0.09068627450980392 0.8995098039215687 0.049836601307189546 0.08333333333333333
0 0.7430555555555556 0.16222426470588236 0.03594771241830065 0.109375
0 0.7935049019607843 0.39996936274509803 0.034722222222222224 0.10018382352941177
0 0.8372140522875817 0.4022671568627451 0.0363562091503268 0.0974264705882353
0 0.8799019607843137 0.4007352941176471 0.0392156862745098 0.09926470588235294
0 0.31270424836601307 0.15073529411764705 0.068218954248366 0.06678921568627451
0 0.14113562091503268 0.8112745098039216 0.05514705882352941 0.07230392156862746
0 0.9699754901960784 0.40318627450980393 0.03799019607843137 0.10416666666666667
0 0.7630718954248366 0.5297181372549019 0.029411764705882353 0.09252450980392157
0 0.8053513071895425 0.5232843137254902 0.028186274509803922 0.10232843137254902
0 0.8439542483660131 0.524203431372549 0.02696078431372549 0.09926470588235294
0 0.8829656862745098 0.5237438725490197 0.03880718954248366 0.09834558823529412
0 0.9287173202614379 0.5246629901960784 0.04125816993464052 0.0977328431372549
0 0.9720179738562091 0.5235906862745098 0.042075163398692814 0.10049019607843138
0 0.7240604575163399 0.524203431372549 0.03390522875816993 0.10661764705882353
0 0.3700980392156863 0.15165441176470587 0.031862745098039214 0.06862745098039216
0 0.27593954248366015 0.23789828431372548 0.034722222222222224 0.07261029411764706
0 0.44138071895424835 0.15456495098039216 0.02900326797385621 0.06464460784313726
0 0.4054330065359477 0.5275735294117647 0.03308823529411765 0.06862745098039216
0 0.3304738562091503 0.5261948529411765 0.027777777777777776 0.06832107843137254
0 0.45036764705882354 0.5283394607843137 0.03390522875816993 0.06525735294117647
0 0.4910130718954248 0.5265012254901961 0.03594771241830065 0.0664828431372549
0 0.5296160130718954 0.5289522058823529 0.030637254901960783 0.06893382352941177
0 0.2479575163398693 0.6263786764705882 0.03431372549019608 0.06832107843137254
0 0.28860294117647056 0.6251531862745098 0.03308823529411765 0.06587009803921569
0 0.3292483660130719 0.624234068627451 0.035130718954248366 0.06893382352941177
0 0.366625816993464 0.6233149509803921 0.03145424836601307 0.0701593137254902
0 0.40727124183006536 0.6231617647058824 0.03349673202614379 0.06985294117647059
0 0.44730392156862747 0.6216299019607843 0.03104575163398693 0.07169117647058823
0 0.48937908496732024 0.6174938725490197 0.032679738562091505 0.06587009803921569
0 0.5259395424836601 0.6178002450980392 0.026552287581699346 0.06893382352941177
0 0.5612745098039216 0.6072303921568627 0.028594771241830064 0.0428921568627451
0 0.5992647058823529 0.6049325980392157 0.031862745098039214 0.040747549019607844
0 0.5847630718954249 0.6688112745098039 0.068218954248366 0.06924019607843138
0 0.2551062091503268 0.7094056372549019 0.03227124183006536 0.0664828431372549
0 0.4050245098039216 0.7055759803921569 0.03553921568627451 0.0661764705882353
0 0.45302287581699346 0.7051164215686274 0.032679738562091505 0.06525735294117647
0 0.4877450980392157 0.703125 0.026143790849673203 0.06372549019607843
0 0.5265522875816994 0.7034313725490197 0.03431372549019608 0.061887254901960786
0 0.2604166666666667 0.7901348039215687 0.03308823529411765 0.06495098039215687
0 0.2957516339869281 0.7889093137254902 0.03104575163398693 0.06740196078431372
0 0.3684640522875817 0.5291053921568627 0.035130718954248366 0.06924019607843138
0 0.3341503267973856 0.7859987745098039 0.031862745098039214 0.0664828431372549
0 0.4076797385620915 0.7830882352941176 0.03104575163398693 0.06311274509803921
0 0.45036764705882354 0.7844669117647058 0.027369281045751634 0.06587009803921569
0 0.4863153594771242 0.7803308823529411 0.0298202614379085 0.0625
0 0.3680555555555556 0.7071078431372549 0.03431372549019608 0.06678921568627451
0 0.3298611111111111 0.7089460784313726 0.03308823529411765 0.06311274509803921
0 0.29268790849673204 0.7094056372549019 0.03145424836601307 0.0664828431372549
0 0.37336601307189543 0.7886029411764706 0.03104575163398693 0.06924019607843138
0 0.40625 0.15073529411764705 0.028186274509803922 0.06678921568627451
0 0.2914624183006536 0.5317095588235294 0.042075163398692814 0.06709558823529412
0 0.5882352941176471 0.5228247549019608 0.0718954248366013 0.07628676470588236
0 0.47487745098039214 0.15410539215686275 0.026552287581699346 0.06372549019607843
0 0.5091911764705882 0.15824142156862744 0.026552287581699346 0.06403186274509803
0 0.5435049019607843 0.1567095588235294 0.025735294117647058 0.06403186274509803
0 0.5755718954248366 0.15517769607843138 0.02696078431372549 0.06341911764705882
0 0.610702614379085 0.15701593137254902 0.031862745098039214 0.06158088235294118
0 0.2375408496732026 0.23835784313725492 0.0363562091503268 0.07352941176470588
0 0.3139297385620915 0.23943014705882354 0.03145424836601307 0.07322303921568628
0 0.3508986928104575 0.2417279411764706 0.029411764705882353 0.07536764705882353
0 0.3858251633986928 0.24065563725490197 0.026552287581699346 0.07322303921568628
0 0.42626633986928103 0.2417279411764706 0.024918300653594773 0.07291666666666667
0 0.46568627450980393 0.2420343137254902 0.028594771241830064 0.07352941176470588
0 0.5038807189542484 0.24019607843137256 0.025735294117647058 0.07230392156862746
0 0.539828431372549 0.2418811274509804 0.024918300653594773 0.07077205882352941
0 0.5757761437908496 0.24126838235294118 0.027369281045751634 0.07199754901960784
0 0.6109068627450981 0.24387254901960784 0.028186274509803922 0.06985294117647059
0 0.2361111111111111 0.3449754901960784 0.03022875816993464 0.07169117647058823
0 0.27450980392156865 0.3443627450980392 0.035130718954248366 0.0704656862745098
0 0.5931372549019608 0.43535539215686275 0.07516339869281045 0.07965686274509803
0 0.522671568627451 0.4381127450980392 0.03308823529411765 0.08762254901960784
0 0.48427287581699346 0.43887867647058826 0.03227124183006536 0.08425245098039216
0 0.44485294117647056 0.4427083333333333 0.032679738562091505 0.07475490196078431
0 0.4050245098039216 0.4414828431372549 0.03227124183006536 0.07475490196078431
0 0.36907679738562094 0.44255514705882354 0.03308823529411765 0.07689950980392157
0 0.24959150326797386 0.5309436274509803 0.03104575163398693 0.06801470588235294
0 0.33088235294117646 0.4430147058823529 0.031862745098039214 0.07536764705882353
0 0.24836601307189543 0.4419424019607843 0.035130718954248366 0.07567401960784313
0 0.5923202614379085 0.33900122549019607 0.07679738562091504 0.08486519607843138
0 0.5287990196078431 0.3483455882352941 0.02900326797385621 0.0661764705882353
0 0.4934640522875817 0.3478860294117647 0.027777777777777776 0.0701593137254902
0 0.3502859477124183 0.3463541666666667 0.034722222222222224 0.06954656862745098
0 0.3131127450980392 0.34359681372549017 0.03308823529411765 0.07628676470588236
0 0.2920751633986928 0.44347426470588236 0.03676470588235294 0.07383578431372549
