0 0.07214506172839506 0.3333333333333333 0.030864197530864196 0.08854166666666667
0 0.8516589506172839 0.4096137152777778 0.1261574074074074 0.015842013888888888
0 0.8532021604938271 0.4276258680555556 0.1246141975308642 0.015842013888888888
0 0.6006944444444444 0.4798177083333333 0.12731481481481483 0.012586805555555556
0 0.6028163580246914 0.4958767361111111 0.13155864197530864 0.013454861111111112
0 0.6020447530864198 0.5100911458333334 0.13387345679012347 0.012803819444444444
0 0.7328317901234568 0.4952256944444444 0.12307098765432099 0.012152777777777778
0 0.7322530864197531 0.5091145833333334 0.12191358024691358 0.013454861111111112
0 0.7177854938271605 0.4288194444444444 0.1099537037037037 0.013454861111111112
0 0.24382716049382716 0.5096571180555556 0.13040123456790123 0.016710069444444444
0 0.11419753086419752 0.4958767361111111 0.12114197530864197 0.013020833333333334
0 0.11304012345679013 0.5093315972222222 0.12345679012345678 0.014756944444444444
0 0.01986882716049383 0.5380859375 0.02816358024691358 0.08441840277777778
0 0.10744598765432099 0.4270833333333333 0.1261574074074074 0.018663194444444444
0 0.1095679012345679 0.4079861111111111 0.11342592592592593 0.018663194444444444
0 0.1909722222222222 0.5726996527777778 0.13503086419753085 0.018229166666666668
0 0.18383487654320987 0.5906032986111112 0.13310185185185186 0.015842013888888888
0 0.2482638888888889 0.4922960069444444 0.1261574074074074 0.015407986111111112
0 0.10609567901234568 0.5858289930555556 0.026234567901234566 0.0705295138888889
0 0.7183641975308642 0.4112413194444444 0.10648148148148148 0.016927083333333332
0 0.5989583333333334 0.4112413194444444 0.11535493827160494 0.014322916666666666
0 0.6707175925925926 0.3315972222222222 0.11689814814814815 0.017795138888888888
0 0.5858410493827161 0.3488498263888889 0.030478395061728395 0.06228298611111111
0 0.548804012345679 0.3458116319444444 0.02816358024691358 0.0661892361111111
0 0.517554012345679 0.3446180555555556 0.030478395061728395 0.0685763888888889
0 0.486304012345679 0.3458116319444444 0.028935185185185185 0.0661892361111111
0 0.4513888888888889 0.3477647569444444 0.030864197530864196 0.06228298611111111
0 0.4185956790123457 0.3464626736111111 0.032407407407407406 0.06705729166666667
0 0.6010802469135802 0.4292534722222222 0.1111111111111111 0.016927083333333332
0 0.38155864197530864 0.3460286458333333 0.03009259259259259 0.06792534722222222
0 0.31462191358024694 0.3491753472222222 0.027391975308641976 0.05946180555555555
0 0.2804783950617284 0.3490668402777778 0.031635802469135804 0.057074652777777776
0 0.24131944444444445 0.3455946180555556 0.028935185185185185 0.0666232638888889
0 0.20717592592592593 0.3440755208333333 0.033179012345679014 0.06966145833333333
0 0.10570987654320987 0.3321397569444444 0.02700617283950617 0.08875868055555555
0 0.4791666666666667 0.4117838541666667 0.11419753086419752 0.015407986111111112
0 0.48051697530864196 0.4284939236111111 0.11689814814814815 0.015407986111111112
0 0.3479938271604938 0.3448350694444444 0.033179012345679014 0.0681423611111111
0 0.6711033950617284 0.3521050347222222 0.1246141975308642 0.020182291666666668
0 0.0779320987654321 0.5852864583333334 0.031635802469135804 0.0642361111111111
0 0.4554398148148148 0.5685763888888888 0.1261574074074074 0.014756944444444444
0 0.5142746913580247 0.13639322916666666 0.13734567901234568 0.016276041666666668
0 0.13387345679012347 0.8244357638888888 0.11574074074074074 0.015190972222222222
0 0.7179783950617284 0.7620442708333334 0.12268518518518519 0.011067708333333334
0 0.8433641975308642 0.7613932291666666 0.11342592592592593 0.011935763888888888
0 0.5179398148148148 0.8101128472222222 0.11921296296296297 0.017795138888888888
0 0.5171682098765432 0.8331163194444444 0.11689814814814815 0.022135416666666668
0 0.6676311728395061 0.8024088541666666 0.11612654320987655 0.012369791666666666
0 0.5142746913580247 0.1557074652777778 0.13734567901234568 0.016276041666666668
0 0.6655092592592593 0.8155381944444444 0.11574074074074074 0.012586805555555556
0 0.8173225308641975 0.8083767361111112 0.11689814814814815 0.012586805555555556
0 0.8146219135802469 0.8246527777777778 0.11612654320987655 0.013888888888888888
0 0.8113425925925926 0.8420138888888888 0.12114197530864197 0.013888888888888888
0 0.9868827160493827 0.8249782986111112 0.03009259259259259 0.05750868055555555
0 0.9438657407407407 0.837890625 0.03510802469135803 0.026909722222222224
0 0.27044753086419754 0.8225911458333334 0.11419753086419752 0.016710069444444444
0 0.12827932098765432 0.8406032986111112 0.12307098765432099 0.011935763888888888
0 0.6693672839506173 0.8315972222222222 0.12345679012345678 0.013454861111111112
0 0.32272376543209874 0.6062282986111112 0.1253858024691358 0.020616319444444444
0 0.5129243827160493 0.17317708333333334 0.13464506172839505 0.013020833333333334
0 0.9047067901234568 0.3357204861111111 0.0787037037037037 0.08637152777777778
0 0.4548611111111111 0.5875651041666666 0.12962962962962962 0.016710069444444444
0 0.4575617283950617 0.6086154513888888 0.13040123456790123 0.020616319444444444
0 0.6402391975308642 0.5767144097222222 0.11766975308641975 0.019314236111111112
0 0.6377314814814815 0.5951605902777778 0.11419753086419752 0.015842013888888888
0 0.6400462962962963 0.61328125 0.11419753086419752 0.018229166666666668
0 0.7588734567901234 0.5791015625 0.1111111111111111 0.016710069444444444
0 0.7582947530864198 0.5952690972222222 0.1099537037037037 0.013020833333333334
0 0.376929012345679 0.15494791666666666 0.12885802469135801 0.04513888888888889
0 0.7559799382716049 0.6136067708333334 0.10841049382716049 0.019748263888888888
0 0.8773148148148148 0.6129557291666666 0.12114197530864197 0.023654513888888888
0 0.9643132716049383 0.5413411458333334 0.027391975308641976 0.080078125
0 0.9677854938271605 0.4480251736111111 0.03819444444444445 0.06141493055555555
0 0.9662422839506173 0.6489800347222222 0.06905864197530864 0.03884548611111111
0 0.8645833333333334 0.6502821180555556 0.10030864197530864 0.015407986111111112
0 0.8663194444444444 0.6676432291666666 0.10378086419753087 0.016276041666666668
0 0.13483796296296297 0.8050130208333334 0.11844135802469136 0.015842013888888888
0 0.8817515432098766 0.5955946180555556 0.1261574074074074 0.011501736111111112
0 0.7665895061728395 0.3347439236111111 0.05709876543209876 0.0857204861111111
0 0.46469907407407407 0.5079210069444444 0.12384259259259259 0.017578125
0 0.10185185185185185 0.1506076388888889 0.13271604938271606 0.017795138888888888
0 0.501929012345679 0.8892144097222222 0.12114197530864197 0.013237847222222222
0 0.3755787037037037 0.9167751736111112 0.11844135802469136 0.015407986111111112
0 0.3748070987654321 0.9019097222222222 0.11844135802469136 0.014756944444444444
0 0.2195216049382716 0.6842447916666666 0.09799382716049383 0.017795138888888888
0 0.2183641975308642 0.6650390625 0.10493827160493827 0.020182291666666668
0 0.3748070987654321 0.1220703125 0.13155864197530864 0.018880208333333332
0 0.3738425925925926 0.10308159722222222 0.12962962962962962 0.016927083333333332
0 0.23707561728395063 0.1644965277777778 0.1284722222222222 0.014756944444444444
0 0.2339891975308642 0.1486545138888889 0.12692901234567902 0.014322916666666666
0 0.10223765432098765 0.16590711805555555 0.13194444444444445 0.015842013888888888
0 0.11419753086419752 0.6647135416666666 0.10416666666666667 0.018229166666666668
0 0.7175925925925926 0.7482638888888888 0.13040123456790123 0.014322916666666666
0 0.5823688271604939 0.7520616319444444 0.09915123456790123 0.014973958333333334
0 0.5841049382716049 0.7362196180555556 0.10262345679012345 0.014539930555555556
0 0.45100308641975306 0.7586805555555556 0.10493827160493827 0.018663194444444444
0 0.8630401234567902 0.6841362847222222 0.10570987654320987 0.015842013888888888
0 0.7577160493827161 0.6856553819444444 0.10493827160493827 0.014973958333333334
0 0.7542438271604939 0.6656901041666666 0.10725308641975309 0.018880208333333332
0 0.04224537037037037 0.7883029513888888 0.047453703703703706 0.08051215277777778
0 0.13753858024691357 0.8809678819444444 0.11766975308641975 0.016276041666666668
0 0.13503086419753085 0.8977864583333334 0.11265432098765432 0.013888888888888888
0 0.13908179012345678 0.9151475694444444 0.11612654320987655 0.014756944444444444
0 0.4523533950617284 0.7386067708333334 0.1076388888888889 0.016710069444444444
0 0.12905092592592593 0.7536892361111112 0.1253858024691358 0.013020833333333334
0 0.2515432098765432 0.7510850694444444 0.1111111111111111 0.015190972222222222
0 0.24807098765432098 0.7326388888888888 0.10416666666666667 0.016927083333333332
0 0.13001543209876543 0.7362196180555556 0.11959876543209877 0.019314236111111112
0 0.503858024691358 0.9040798611111112 0.12114197530864197 0.014322916666666666
0 0.04513888888888889 0.6797960069444444 0.041666666666666664 0.0935329861111111
0 0.7233796296296297 0.8820529513888888 0.11265432098765432 0.015842013888888888
0 0.8441358024691358 0.8803168402777778 0.11959876543209877 0.014973958333333334
0 0.43132716049382713 0.6659071180555556 0.10493827160493827 0.015842013888888888
0 0.4330632716049383 0.6854383680555556 0.10146604938271606 0.020182291666666668
0 0.5414737654320988 0.6851128472222222 0.10223765432098765 0.018229166666666668
0 0.6496913580246914 0.6842447916666666 0.10339506172839506 0.017795138888888888
0 0.25540123456790126 0.8955078125 0.11419753086419752 0.016276041666666668
0 0.25887345679012347 0.9141710069444444 0.11265432098765432 0.015407986111111112
0 0.8342978395061729 0.3352864583333333 0.062114197530864196 0.08723958333333333
0 0.7255015432098766 0.8985460069444444 0.10841049382716049 0.015407986111111112
0 0.3759645061728395 0.88671875 0.11689814814814815 0.013454861111111112
0 0.027777777777777776 0.8834635416666666 0.0470679012345679 0.06987847222222222
0 0.8429783950617284 0.8988715277777778 0.12114197530864197 0.013454861111111112
0 0.8414351851851852 0.9139539930555556 0.12268518518518519 0.014973958333333334
0 0.8142361111111112 0.15104166666666666 0.03819444444444445 0.055121527777777776
0 0.8530092592592593 0.1498480902777778 0.03935185185185185 0.05750868055555555
0 0.8653549382716049 0.4942491319444444 0.12808641975308643 0.014973958333333334
0 0.11631944444444445 0.6837022569444444 0.09529320987654322 0.016276041666666668
0 0.3244598765432099 0.6875 0.10570987654320987 0.018229166666666668
0 0.8672839506172839 0.5106336805555556 0.13271604938271606 0.014756944444444444
