0 0.7822649572649573 0.4366586538461538 0.03803418803418803 0.024278846153846154
0 0.7410256410256411 0.4461538461538462 0.03247863247863248 0.04519230769230769
0 0.7098290598290599 0.4391826923076923 0.021367521367521368 0.058173076923076925
0 0.8271367521367521 0.4377403846153846 0.03888888888888889 0.021634615384615384
0 0.43653846153846154 0.6278846153846154 0.045726495726495724 0.05096153846153846
0 0.6854700854700855 0.44747596153846153 0.019658119658119658 0.04735576923076923
0 0.6602564102564102 0.4497596153846154 0.024786324786324785 0.05048076923076923
0 0.44294871794871793 0.45997596153846154 0.03290598290598291 0.039663461538461536
0 0.586965811965812 0.4620192307692308 0.031196581196581197 0.03653846153846154
0 0.5512820512820513 0.4628605769230769 0.03247863247863248 0.03822115384615385
0 0.5138888888888888 0.4617788461538462 0.03461538461538462 0.038461538461538464
0 0.4773504273504274 0.4620192307692308 0.03418803418803419 0.0375
0 0.4074786324786325 0.45997596153846154 0.03461538461538462 0.03918269230769231
0 0.37414529914529915 0.4611778846153846 0.03205128205128205 0.037259615384615384
0 0.8771367521367521 0.4361778846153846 0.053418803418803416 0.020913461538461537
0 0.32884615384615384 0.4617788461538462 0.045726495726495724 0.038461538461538464
0 0.620940170940171 0.46310096153846153 0.03504273504273504 0.03533653846153846
0 0.8816239316239316 0.45889423076923075 0.044444444444444446 0.01826923076923077
0 0.197008547008547 0.6174278846153847 0.04871794871794872 0.029086538461538462
0 0.7818376068376068 0.4600961538461538 0.047435897435897434 0.020673076923076922
0 0.3903846153846154 0.628125 0.047435897435897434 0.05
0 0.14871794871794872 0.6465144230769231 0.04786324786324787 0.024278846153846154
0 0.19829059829059828 0.6475961538461539 0.05128205128205128 0.021153846153846155
0 0.24893162393162394 0.6424278846153846 0.04316239316239316 0.030528846153846153
0 0.24893162393162394 0.60625 0.045726495726495724 0.02548076923076923
0 0.327991452991453 0.4330528846153846 0.04230769230769231 0.014663461538461538
0 0.14615384615384616 0.6197115384615385 0.04957264957264957 0.025961538461538463
0 0.060897435897435896 0.6900240384615385 0.10811965811965812 0.23149038461538463
0 0.3277777777777778 0.5381009615384615 0.04188034188034188 0.0641826923076923
0 0.2799145299145299 0.5383413461538461 0.04358974358974359 0.062259615384615385
0 0.22521367521367522 0.536298076923077 0.041025641025641026 0.07019230769230769
0 0.18205128205128204 0.5367788461538462 0.040170940170940174 0.06778846153846153
0 0.11623931623931624 0.5472355769230769 0.0829059829059829 0.04399038461538462
0 0.9677350427350427 0.4408653846153846 0.025213675213675214 0.05096153846153846
0 0.9352564102564103 0.43978365384615387 0.02863247863247863 0.04975961538461538
0 0.8775641025641026 0.4157451923076923 0.04145299145299145 0.017548076923076923
0 0.8297008547008548 0.41442307692307695 0.04829059829059829 0.01826923076923077
0 0.8301282051282052 0.4600961538461538 0.04487179487179487 0.01971153846153846
0 0.28034188034188035 0.41370192307692305 0.04871794871794872 0.021634615384615384
0 0.6861111111111111 0.3557692307692308 0.050854700854700854 0.07259615384615385
0 0.27542735042735045 0.440625 0.047435897435897434 0.027403846153846154
0 0.19252136752136753 0.3405048076923077 0.05 0.031009615384615385
0 0.2482905982905983 0.33533653846153844 0.04871794871794872 0.03413461538461538
0 0.19294871794871796 0.37103365384615383 0.053418803418803416 0.030048076923076924
0 0.13803418803418804 0.37091346153846155 0.05042735042735043 0.027884615384615386
0 0.08098290598290599 0.36935096153846153 0.050854700854700854 0.029086538461538462
0 0.026709401709401708 0.3683894230769231 0.03632478632478633 0.031971153846153844
0 0.023504273504273504 0.3389423076923077 0.042735042735042736 0.02548076923076923
0 0.9322649572649573 0.08966346153846154 0.12094017094017094 0.10721153846153846
0 0.5352564102564102 0.09471153846153846 0.09017094017094017 0.06971153846153846
0 0.35534188034188036 0.0859375 0.09273504273504274 0.07524038461538461
0 0.26324786324786326 0.06237980769230769 0.09145299145299145 0.11995192307692308
0 0.17136752136752137 0.062259615384615385 0.0829059829059829 0.11298076923076923
0 0.1094017094017094 0.10961538461538461 0.03162393162393162 0.022596153846153846
0 0.4844017094017094 0.6335336538461539 0.03717948717948718 0.04158653846153846
0 0.5224358974358975 0.6463942307692307 0.03461538461538462 0.016346153846153847
0 0.5262820512820513 0.6276442307692308 0.03461538461538462 0.015865384615384615
0 0.5641025641025641 0.6138221153846154 0.03675213675213675 0.01658653846153846
0 0.5628205128205128 0.6387019230769231 0.042735042735042736 0.032692307692307694
0 0.6096153846153847 0.6060096153846154 0.04230769230769231 0.025
0 0.14102564102564102 0.34170673076923075 0.0547008547008547 0.02860576923076923
0 0.13376068376068376 0.3110576923076923 0.05042735042735043 0.03028846153846154
0 0.19273504273504274 0.30985576923076924 0.05299145299145299 0.025
0 0.3277777777777778 0.346875 0.05042735042735043 0.026923076923076925
0 0.23055555555555557 0.4546875 0.03888888888888889 0.05216346153846154
0 0.1920940170940171 0.45516826923076925 0.03461538461538462 0.04927884615384615
0 0.14893162393162393 0.4662259615384615 0.03376068376068376 0.031490384615384615
0 0.10128205128205128 0.46033653846153844 0.05299145299145299 0.04519230769230769
0 0.9852564102564103 0.265625 0.03290598290598291 0.046634615384615385
0 0.9861111111111112 0.34555288461538464 0.027777777777777776 0.05552884615384615
0 0.8923076923076924 0.36346153846153845 0.0452991452991453 0.06490384615384616
0 0.8420940170940171 0.3622596153846154 0.03461538461538462 0.06442307692307692
0 0.8068376068376069 0.38233173076923077 0.03162393162393162 0.023798076923076922
0 0.2775641025641026 0.4685096153846154 0.045726495726495724 0.025961538461538463
0 0.7741452991452992 0.3817307692307692 0.03034188034188034 0.020673076923076922
0 0.6395299145299145 0.37115384615384617 0.03803418803418803 0.04230769230769231
0 0.5365384615384615 0.3621394230769231 0.02863247863247863 0.05504807692307692
0 0.5081196581196581 0.3655048076923077 0.02735042735042735 0.04975961538461538
0 0.3952991452991453 0.3794471153846154 0.03675213675213675 0.020432692307692308
0 0.43333333333333335 0.3786057692307692 0.03247863247863248 0.021153846153846155
0 0.47136752136752136 0.35733173076923075 0.03504273504273504 0.05985576923076923
0 0.43141025641025643 0.35336538461538464 0.031196581196581197 0.026923076923076925
0 0.3955128205128205 0.3557692307692308 0.03632478632478633 0.023076923076923078
0 0.330982905982906 0.375 0.045726495726495724 0.025961538461538463
0 0.7365384615384616 0.3604567307692308 0.04487179487179487 0.06370192307692307
0 0.24700854700854702 0.3700721153846154 0.05042735042735043 0.031971153846153844
0 0.4824786324786325 0.6006009615384615 0.035897435897435895 0.018990384615384614
0 0.37735042735042734 0.7223557692307693 0.038461538461538464 0.027884615384615386
0 0.6786324786324787 0.6974759615384616 0.035897435897435895 0.05360576923076923
0 0.7393162393162394 0.6984375 0.046153846153846156 0.046875
0 0.7861111111111111 0.6990384615384615 0.03717948717948718 0.052884615384615384
0 0.8297008547008548 0.6972355769230769 0.03974358974358974 0.054086538461538464
0 0.8978632478632479 0.7038461538461539 0.04358974358974359 0.052884615384615384
0 0.9391025641025641 0.6954326923076923 0.03632478632478633 0.06971153846153846
0 0.9788461538461538 0.6951923076923077 0.02606837606837607 0.07019230769230769
0 0.13311965811965812 0.7909855769230769 0.03632478632478633 0.06658653846153846
0 0.20192307692307693 0.8103365384615384 0.0841880341880342 0.03653846153846154
0 0.2826923076923077 0.8063701923076924 0.07051282051282051 0.03245192307692308
0 0.36495726495726494 0.8080528846153846 0.08205128205128205 0.031490384615384615
0 0.3762820512820513 0.7724759615384615 0.06623931623931624 0.023317307692307693
0 0.6446581196581197 0.6954326923076923 0.023504273504273504 0.055288461538461536
0 0.3061965811965812 0.768389423076923 0.07393162393162393 0.023798076923076922
0 0.4564102564102564 0.7623798076923077 0.07692307692307693 0.02139423076923077
0 0.46282051282051284 0.7961538461538461 0.07179487179487179 0.03365384615384615
0 0.5457264957264957 0.7974759615384616 0.06837606837606838 0.029086538461538462
0 0.6326923076923077 0.7871394230769231 0.07991452991452991 0.04927884615384615
0 0.6925213675213675 0.7866586538461539 0.029487179487179487 0.053125
0 0.7335470085470085 0.7850961538461538 0.03888888888888889 0.041346153846153845
0 0.808974358974359 0.7817307692307692 0.09145299145299145 0.057692307692307696
0 0.8918803418803419 0.7841346153846154 0.040170940170940174 0.04807692307692308
0 0.3267094017094017 0.7219951923076923 0.04829059829059829 0.026682692307692307
0 0.9365384615384615 0.7801682692307692 0.04829059829059829 0.02235576923076923
0 0.9382478632478632 0.8020432692307692 0.04658119658119658 0.018990384615384614
0 0.9833333333333333 0.7864182692307692 0.026495726495726495 0.04783653846153846
0 0.2111111111111111 0.7756009615384616 0.0811965811965812 0.024278846153846154
0 0.5658119658119658 0.7265625 0.03247863247863248 0.014663461538461538
0 0.5337606837606838 0.7258413461538461 0.03247863247863248 0.01514423076923077
0 0.6079059829059829 0.7069711538461538 0.03888888888888889 0.01826923076923077
0 0.2811965811965812 0.7247596153846154 0.04188034188034188 0.03028846153846154
0 0.23376068376068376 0.70625 0.03675213675213675 0.06490384615384616
0 0.1844017094017094 0.7097355769230769 0.03632478632478633 0.06514423076923077
0 0.14273504273504273 0.708173076923077 0.038461538461538464 0.06875
0 0.6100427350427351 0.6271634615384616 0.04145299145299145 0.016826923076923076
0 0.6083333333333333 0.6465144230769231 0.03547008547008547 0.01706730769230769
0 0.6519230769230769 0.6457932692307692 0.03376068376068376 0.017548076923076923
0 0.6527777777777778 0.6225961538461539 0.03290598290598291 0.025961538461538463
0 0.6833333333333333 0.6270432692307693 0.023931623931623933 0.04783653846153846
0 0.7141025641025641 0.6272836538461538 0.02564102564102564 0.04735576923076923
0 0.7380341880341881 0.6257211538461539 0.022222222222222223 0.047596153846153844
0 0.7613247863247863 0.6266826923076924 0.021794871794871794 0.04855769230769231
0 0.6096153846153847 0.7248798076923076 0.03803418803418803 0.013221153846153846
0 0.8275641025641025 0.6401442307692308 0.03547008547008547 0.01971153846153846
0 0.7886752136752136 0.6263221153846154 0.029487179487179487 0.04639423076923077
0 0.7032051282051283 0.5912259615384615 0.02606837606837607 0.012259615384615384
0 0.5692307692307692 0.7085336538461539 0.03418803418803419 0.01706730769230769
0 0.5297008547008547 0.7075721153846154 0.03632478632478633 0.019471153846153846
0 0.48183760683760685 0.7114182692307692 0.051709401709401706 0.04975961538461538
0 0.8262820512820512 0.6177884615384616 0.03547008547008547 0.023557692307692307
0 0.2846153846153846 0.69375 0.040170940170940174 0.027403846153846154
0 0.4267094017094017 0.7117788461538461 0.051709401709401706 0.04951923076923077
0 0.3752136752136752 0.6923076923076923 0.042735042735042736 0.03028846153846154
0 0.9694444444444444 0.6268028846153846 0.054273504273504275 0.034375
0 0.9134615384615384 0.6340144230769231 0.03632478632478633 0.020913461538461537
0 0.8705128205128205 0.6403846153846153 0.03675213675213675 0.019230769230769232
0 0.8730769230769231 0.6177884615384616 0.03247863247863248 0.02451923076923077
0 0.3299145299145299 0.6924278846153846 0.04358974358974359 0.030048076923076924
