0 0.3868464052287582 0.31035539215686275 0.035130718954248366 0.031862745098039214
0 0.26695261437908496 0.3102022058823529 0.03227124183006536 0.0389093137254902
0 0.2806372549019608 0.3460477941176471 0.0718954248366013 0.02971813725490196
0 0.34415849673202614 0.3082107843137255 0.0298202614379085 0.03370098039215686
0 0.5038807189542484 0.19286151960784315 0.03227124183006536 0.0744485294117647
0 0.44730392156862747 0.34574142156862747 0.0727124183006536 0.027879901960784315
0 0.4632352941176471 0.3128063725490196 0.03431372549019608 0.03615196078431373
0 0.42483660130718953 0.3115808823529412 0.03104575163398693 0.03370098039215686
0 0.28145424836601307 0.17738970588235295 0.04820261437908497 0.1053921568627451
0 0.3394607843137255 0.17846200980392157 0.05228758169934641 0.10324754901960784
0 0.39052287581699346 0.19393382352941177 0.03594771241830065 0.07720588235294118
0 0.43157679738562094 0.19132965686274508 0.03145424836601307 0.08241421568627451
0 0.46834150326797386 0.19270833333333334 0.03145424836601307 0.07720588235294118
0 0.21956699346405228 0.31464460784313725 0.0298202614379085 0.08762254901960784
0 0.5388071895424836 0.19286151960784315 0.031862745098039214 0.07689950980392157
0 0.36294934640522875 0.34420955882352944 0.07720588235294118 0.030943627450980393
0 0.18341503267973855 0.3180147058823529 0.03104575163398693 0.08088235294117647
0 0.46875 0.7303921568627451 0.05514705882352941 0.0545343137254902
0 0.10151143790849673 0.31066176470588236 0.030637254901960783 0.08149509803921569
0 0.5872140522875817 0.19163602941176472 0.0363562091503268 0.08670343137254902
0 0.6002859477124183 0.6475183823529411 0.07802287581699346 0.06709558823529412
0 0.5151143790849673 0.6462928921568627 0.08088235294117647 0.06954656862745098
0 0.4213643790849673 0.6412377450980392 0.0821078431372549 0.07230392156862746
0 0.3286356209150327 0.647671568627451 0.07230392156862746 0.061887254901960786
0 0.25020424836601307 0.6452205882352942 0.07802287581699346 0.05943627450980392
0 0.16176470588235295 0.6740196078431373 0.05473856209150327 0.011642156862745098
0 0.167687908496732 0.6404718137254902 0.06004901960784314 0.047487745098039214
0 0.7408088235294118 0.7386642156862745 0.07148692810457516 0.05759803921568627
0 0.6668709150326797 0.7311580882352942 0.04534313725490196 0.0389093137254902
0 0.608251633986928 0.7311580882352942 0.06209150326797386 0.057904411764705885
0 0.5347222222222222 0.7323835784313726 0.06535947712418301 0.060355392156862746
0 0.08700980392156862 0.17800245098039216 0.058823529411764705 0.09987745098039216
0 0.15196078431372548 0.1790747549019608 0.06372549019607843 0.09528186274509803
0 0.2042483660130719 0.19178921568627452 0.027777777777777776 0.07230392156862746
0 0.23651960784313725 0.19347426470588236 0.025326797385620915 0.06893382352941177
0 0.02696078431372549 0.22365196078431374 0.04820261437908497 0.07291666666666667
0 0.14154411764705882 0.3089767156862745 0.0428921568627451 0.0940563725490196
0 0.6421568627450981 0.14568014705882354 0.059640522875817 0.1712622549019608
0 0.8355800653594772 0.3118872549019608 0.030637254901960783 0.03553921568627451
0 0.8261846405228758 0.14690563725490197 0.056781045751633986 0.17371323529411764
0 0.23672385620915032 0.5425857843137255 0.054330065359477125 0.06801470588235294
0 0.30187908496732024 0.5433517156862745 0.05065359477124183 0.07383578431372549
0 0.3662173202614379 0.5436580882352942 0.060866013071895424 0.07322303921568628
0 0.43157679738562094 0.5497855392156863 0.05106209150326797 0.0585171568627451
0 0.49203431372549017 0.5513174019607843 0.056781045751633986 0.057904411764705885
0 0.5976307189542484 0.5500919117647058 0.05392156862745098 0.06770833333333333
0 0.6521650326797386 0.5525428921568627 0.04779411764705882 0.06525735294117647
0 0.7050653594771242 0.5549938725490197 0.04493464052287582 0.060355392156862746
0 0.7549019607843137 0.5533088235294118 0.03594771241830065 0.0661764705882353
0 0.8086192810457516 0.5572916666666666 0.05024509803921569 0.05575980392156863
0 0.7263071895424836 0.6309742647058824 0.058823529411764705 0.03768382352941176
0 0.6656454248366013 0.6510416666666666 0.04616013071895425 0.06004901960784314
0 0.735702614379085 0.6714154411764706 0.061274509803921566 0.021752450980392156
0 0.9052287581699346 0.7383578431372549 0.16666666666666666 0.07230392156862746
0 0.9507761437908496 0.8316482843137255 0.09844771241830065 0.08486519607843138
0 0.03615196078431373 0.8232230392156863 0.07148692810457516 0.10416666666666667
0 0.12438725490196079 0.8265931372549019 0.0886437908496732 0.08517156862745098
0 0.41217320261437906 0.7386642156862745 0.04411764705882353 0.03370098039215686
0 0.37193627450980393 0.7342218137254902 0.027369281045751634 0.05912990196078431
0 0.34048202614379086 0.7354473039215687 0.02246732026143791 0.06158088235294118
0 0.30310457516339867 0.7228860294117647 0.049836601307189546 0.036458333333333336
0 0.17749183006535948 0.7369791666666666 0.06740196078431372 0.06096813725490196
0 0.10743464052287582 0.719515931372549 0.05800653594771242 0.047487745098039214
0 0.16237745098039216 0.5559129901960784 0.0625 0.03952205882352941
0 0.04084967320261438 0.7218137254901961 0.058823529411764705 0.04779411764705882
0 0.6958741830065359 0.8419117647058824 0.04534313725490196 0.05698529411764706
0 0.6362336601307189 0.8347120098039216 0.054330065359477125 0.05238970588235294
0 0.5829248366013072 0.836703431372549 0.049836601307189546 0.08455882352941177
0 0.5189950980392157 0.8353247549019608 0.0625 0.07996323529411764
0 0.4229983660130719 0.8310355392156863 0.10743464052287582 0.06464460784313726
0 0.26266339869281047 0.8365502450980392 0.1323529411764706 0.08241421568627451
0 0.7395833333333334 0.8449754901960784 0.03390522875816993 0.04840686274509804
0 0.7136437908496732 0.14613970588235295 0.06862745098039216 0.17279411764705882
0 0.09558823529411764 0.6110600490196079 0.04411764705882353 0.08241421568627451
0 0.015931372549019607 0.6106004901960784 0.031862745098039214 0.0857843137254902
0 0.8956290849673203 0.14506740196078433 0.05841503267973856 0.1724877450980392
0 0.9589460784313726 0.24096200980392157 0.05024509803921569 0.12224264705882353
0 0.5343137254901961 0.0896139705882353 0.05800653594771242 0.12040441176470588
0 0.5275735294117647 0.34267769607843135 0.0763888888888889 0.04136029411764706
0 0.6013071895424836 0.34390318627450983 0.06454248366013073 0.036458333333333336
0 0.6852532679738562 0.3472732843137255 0.07230392156862746 0.02971813725490196
0 0.7696078431372549 0.34987745098039214 0.06862745098039216 0.029411764705882353
0 0.7536764705882353 0.3112745098039216 0.03349673202614379 0.031862745098039214
0 0.7965686274509803 0.3086703431372549 0.029411764705882353 0.030330882352941176
0 0.8772467320261438 0.31418504901960786 0.03390522875816993 0.030943627450980393
0 0.9052287581699346 0.4065563725490196 0.042483660130718956 0.08639705882352941
0 0.9662990196078431 0.4146752450980392 0.068218954248366 0.060355392156862746
0 0.018586601307189542 0.49417892156862747 0.0363562091503268 0.06433823529411764
0 0.06433823529411764 0.5 0.04534313725490196 0.06924019607843138
0 0.1294934640522876 0.4499080882352941 0.022058823529411766 0.047487745098039214
0 0.15461601307189543 0.45113357843137253 0.024918300653594773 0.05238970588235294
0 0.18831699346405228 0.453125 0.027777777777777776 0.0508578431372549
0 0.8331290849673203 0.4560355392156863 0.051879084967320264 0.04932598039215686
0 0.7706290849673203 0.4518995098039216 0.05106209150326797 0.05330882352941176
0 0.7136437908496732 0.4508272058823529 0.06209150326797386 0.057291666666666664
0 0.6484885620915033 0.4600183823529412 0.04370915032679738 0.03462009803921569
0 0.6517565359477124 0.41329656862745096 0.04044117647058824 0.041666666666666664
0 0.5892565359477124 0.44699754901960786 0.07230392156862746 0.06495098039215687
0 0.05330882352941176 0.6060049019607843 0.0363562091503268 0.0784313725490196
0 0.5177696078431373 0.4459252450980392 0.06331699346405228 0.0628063725490196
0 0.4209558823529412 0.4303002450980392 0.0363562091503268 0.036458333333333336
0 0.29616013071895425 0.42800245098039214 0.032679738562091505 0.028799019607843136
0 0.4360702614379085 0.46568627450980393 0.07312091503267974 0.023284313725490197
0 0.36744281045751637 0.4456188725490196 0.053513071895424834 0.05116421568627451
0 0.2930964052287582 0.4597120098039216 0.07475490196078431 0.02542892156862745
0 0.22099673202614378 0.4499080882352941 0.02287581699346405 0.047487745098039214
0 0.45935457516339867 0.43075980392156865 0.03308823529411765 0.03553921568627451
0 0.8171977124183006 0.8411458333333334 0.09354575163398693 0.08057598039215687
