0 0.7132936507936508 0.6942791005291006 0.05952380952380952 0.06580687830687831
0 0.6532738095238095 0.7088293650793651 0.04332010582010582 0.05257936507936508
0 0.578207671957672 0.7119708994708994 0.020833333333333332 0.0496031746031746
0 0.7776124338624338 0.6420304232804233 0.03670634920634921 0.13392857142857142
0 0.3707010582010582 0.6124338624338624 0.028439153439153438 0.06084656084656084
0 0.8310185185185185 0.65244708994709 0.05886243386243386 0.14285714285714285
0 0.8973214285714286 0.6314484126984127 0.05919312169312169 0.06779100529100529
0 0.8923611111111112 0.6944444444444444 0.05853174603174603 0.05489417989417989
0 0.9513888888888888 0.6858465608465608 0.042328042328042326 0.07539682539682539
0 0.9429563492063492 0.6155753968253969 0.03207671957671958 0.05787037037037037
0 0.13640873015873015 0.6129298941798942 0.03406084656084656 0.05654761904761905
0 0.17394179894179895 0.6064814814814815 0.031746031746031744 0.04894179894179894
0 0.21924603174603174 0.5967261904761905 0.05092592592592592 0.07903439153439154
0 0.5795304232804233 0.5972222222222222 0.044642857142857144 0.082010582010582
0 0.5368716931216931 0.6064814814814815 0.027447089947089946 0.062169312169312166
0 0.5044642857142857 0.6117724867724867 0.028769841269841268 0.061507936507936505
0 0.27215608465608465 0.597718253968254 0.046296296296296294 0.0882936507936508
0 0.40476190476190477 0.6091269841269841 0.027777777777777776 0.061507936507936505
0 0.3232473544973545 0.59755291005291 0.05125661375661376 0.0873015873015873
0 0.47255291005291006 0.5891203703703703 0.02447089947089947 0.05654761904761905
0 0.7784391534391535 0.48908730158730157 0.036375661375661374 0.1283068783068783
0 0.6693121693121693 0.5859788359788359 0.042328042328042326 0.09126984126984126
0 0.8206018518518519 0.7485119047619048 0.04728835978835979 0.021494708994708994
0 0.9682539682539683 0.4408068783068783 0.0496031746031746 0.02447089947089947
0 0.9758597883597884 0.41716269841269843 0.04828042328042328 0.01951058201058201
0 0.9756944444444444 0.39169973544973546 0.045965608465608467 0.016203703703703703
0 0.5578703703703703 0.7126322751322751 0.01521164021164021 0.05092592592592592
0 0.9794973544973545 0.5085978835978836 0.041666666666666664 0.10317460317460317
0 0.91005291005291 0.4755291005291005 0.042328042328042326 0.13756613756613756
0 0.861276455026455 0.4958664021164021 0.050595238095238096 0.09887566137566138
0 0.8172949735449735 0.49851190476190477 0.03141534391534392 0.11011904761904762
0 0.6243386243386243 0.6106150793650794 0.037037037037037035 0.03736772486772487
0 0.7339616402116402 0.46726190476190477 0.04398148148148148 0.07341269841269842
0 0.6246693121693122 0.5023148148148148 0.05423280423280423 0.02513227513227513
0 0.5727513227513228 0.49966931216931215 0.03571428571428571 0.03373015873015873
0 0.5236441798941799 0.470734126984127 0.045965608465608467 0.08564814814814815
0 0.45717592592592593 0.4718915343915344 0.06646825396825397 0.08664021164021164
0 0.31845238095238093 0.45634920634920634 0.056216931216931214 0.09523809523809523
0 0.27562830687830686 0.45519179894179895 0.026785714285714284 0.08895502645502645
0 0.2123015873015873 0.4742063492063492 0.046957671957671955 0.082010582010582
0 0.16650132275132276 0.47354497354497355 0.03802910052910053 0.08267195767195767
0 0.12566137566137567 0.47172619047619047 0.031746031746031744 0.08432539682539683
0 0.6846891534391535 0.4771825396825397 0.04927248677248677 0.0701058201058201
0 0.49421296296296297 0.7119708994708994 0.02017195767195767 0.04497354497354497
0 0.4384920634920635 0.6021825396825397 0.0291005291005291 0.052248677248677246
0 0.4482473544973545 0.7151124338624338 0.018187830687830687 0.040674603174603176
0 0.9618055555555556 0.17592592592592593 0.022817460317460316 0.07804232804232804
0 0.9885912698412699 0.18022486772486773 0.02414021164021164 0.07407407407407407
0 0.14996693121693122 0.3371362433862434 0.044642857142857144 0.08630952380952381
0 0.19510582010582012 0.3371362433862434 0.03571428571428571 0.08366402116402116
0 0.23726851851851852 0.34011243386243384 0.03802910052910053 0.08498677248677249
0 0.27959656084656087 0.33895502645502645 0.034722222222222224 0.0873015873015873
0 0.3220899470899471 0.3394510582010582 0.037037037037037035 0.08630952380952381
0 0.36574074074074076 0.3406084656084656 0.032407407407407406 0.083994708994709
0 0.4088955026455027 0.33796296296296297 0.045965608465608467 0.08796296296296297
0 0.45717592592592593 0.33812830687830686 0.040674603174603176 0.08630952380952381
0 0.5008267195767195 0.3371362433862434 0.040674603174603176 0.08630952380952381
0 0.5395171957671958 0.326223544973545 0.028108465608465607 0.10284391534391535
0 0.5770502645502645 0.3331679894179894 0.03968253968253968 0.09953703703703703
0 0.6207010582010583 0.33201058201058203 0.03505291005291005 0.10119047619047619
0 0.6613756613756614 0.3315145502645503 0.03835978835978836 0.09953703703703703
0 0.7061838624338624 0.33201058201058203 0.045304232804232805 0.09986772486772487
0 0.751818783068783 0.33664021164021163 0.034722222222222224 0.08928571428571429
0 0.2488425925925926 0.863260582010582 0.02546296296296296 0.13260582010582012
0 0.2154431216931217 0.876984126984127 0.022156084656084655 0.12301587301587301
0 0.18733465608465608 0.8720238095238095 0.027447089947089946 0.12433862433862433
0 0.15922619047619047 0.8683862433862434 0.020833333333333332 0.11904761904761904
0 0.13227513227513227 0.8625992063492064 0.025793650793650792 0.1173941798941799
0 0.0419973544973545 0.9244378306878307 0.08333333333333333 0.054563492063492064
0 0.9343584656084656 0.1765873015873016 0.026785714285714284 0.07936507936507936
0 0.040674603174603176 0.857308201058201 0.07936507936507936 0.04662698412698413
0 0.062169312169312166 0.6506283068783069 0.10515873015873016 0.07308201058201058
0 0.057374338624338626 0.5400132275132276 0.10284391534391535 0.12632275132275134
0 0.9778439153439153 0.3101851851851852 0.04563492063492063 0.11375661375661375
0 0.9254298941798942 0.31283068783068785 0.0419973544973545 0.09457671957671958
0 0.8530092592592593 0.2959656084656085 0.03207671957671958 0.0958994708994709
0 0.8045634920634921 0.31216931216931215 0.057539682539682536 0.09126984126984126
0 0.0398478835978836 0.7779431216931217 0.07837301587301587 0.05191798941798942
0 0.27628968253968256 0.8682208994708994 0.023478835978835978 0.1359126984126984
0 0.9029431216931217 0.17493386243386244 0.028108465608465607 0.08664021164021164
0 0.8346560846560847 0.17427248677248677 0.021164021164021163 0.08333333333333333
0 0.11127645502645503 0.04133597883597884 0.10218253968253968 0.08267195767195767
0 0.28505291005291006 0.04249338624338624 0.057539682539682536 0.08498677248677249
0 0.3384589947089947 0.04017857142857143 0.03670634920634921 0.08035714285714286
0 0.3802910052910053 0.04546957671957672 0.03835978835978836 0.08167989417989419
0 0.42080026455026454 0.046957671957671955 0.03869047619047619 0.07605820105820106
0 0.458994708994709 0.04877645502645503 0.032407407407407406 0.0763888888888889
0 0.49619708994708994 0.04332010582010582 0.03869047619047619 0.08597883597883597
0 0.5370370370370371 0.04365079365079365 0.03505291005291005 0.0873015873015873
0 0.5777116402116402 0.04265873015873016 0.036375661375661374 0.08465608465608465
0 0.6155753968253969 0.04646164021164021 0.02943121693121693 0.08167989417989419
0 0.65625 0.043816137566137565 0.03009259259259259 0.08697089947089948
0 0.6949404761904762 0.04431216931216931 0.034722222222222224 0.08597883597883597
0 0.7427248677248677 0.06101190476190476 0.04497354497354497 0.06712962962962964
0 0.822255291005291 0.062003968253968256 0.045965608465608467 0.060515873015873016
0 0.8665674603174603 0.062003968253968256 0.035383597883597885 0.059854497354497355
0 0.9067460317460317 0.06415343915343916 0.03306878306878307 0.057539682539682536
0 0.9565145502645502 0.04480820105820106 0.04794973544973545 0.08961640211640212
0 0.8075396825396826 0.17212301587301587 0.028439153439153438 0.08895502645502645
0 0.759755291005291 0.19295634920634921 0.055224867724867725 0.09292328042328042
0 0.7053571428571429 0.1939484126984127 0.036375661375661374 0.09821428571428571
0 0.6587301587301587 0.19212962962962962 0.042328042328042326 0.10119047619047619
0 0.6013558201058201 0.1908068783068783 0.06712962962962964 0.09788359788359788
0 0.5223214285714286 0.1984126984126984 0.07175925925925926 0.07804232804232804
0 0.8687169312169312 0.17642195767195767 0.032407407407407406 0.08366402116402116
0 0.44990079365079366 0.19857804232804233 0.05191798941798942 0.09027777777777778
0 0.3774801587301587 0.19328703703703703 0.07506613756613757 0.09027777777777778
0 0.31812169312169314 0.19543650793650794 0.036375661375661374 0.083994708994709
0 0.2746362433862434 0.19510582010582012 0.04398148148148148 0.08928571428571429
0 0.2134589947089947 0.19659391534391535 0.044642857142857144 0.08630952380952381
0 0.15641534391534392 0.19642857142857142 0.046296296296296294 0.083994708994709
0 0.10714285714285714 0.195271164021164 0.03968253968253968 0.0882936507936508
0 0.47255291005291006 0.7137896825396826 0.01917989417989418 0.04398148148148148
0 0.3062169312169312 0.8743386243386243 0.031746031746031744 0.12632275132275134
0 0.7248677248677249 0.589781746031746 0.05886243386243386 0.09821428571428571
0 0.46494708994708994 0.8721891534391535 0.04431216931216931 0.12334656084656084
0 0.9241071428571429 0.8196097883597884 0.0539021164021164 0.13525132275132276
0 0.8763227513227513 0.8153108465608465 0.03835978835978836 0.1306216931216931
0 0.8361441798941799 0.8667328042328042 0.036044973544973546 0.0496031746031746
0 0.8358134920634921 0.8068783068783069 0.035383597883597885 0.06018518518518518
0 0.23776455026455026 0.7118055555555556 0.01984126984126984 0.040013227513227514
0 0.25810185185185186 0.7114748677248677 0.013558201058201057 0.04133597883597884
0 0.27728174603174605 0.7204034391534392 0.016203703703703703 0.045304232804232805
0 0.7881944444444444 0.8151455026455027 0.04927248677248677 0.06547619047619048
0 0.28091931216931215 0.6818783068783069 0.020833333333333332 0.02513227513227513
0 0.2113095238095238 0.7213955026455027 0.023809523809523808 0.044642857142857144
0 0.30158730158730157 0.7123015873015873 0.017857142857142856 0.041005291005291
0 0.740244708994709 0.8864087301587301 0.040013227513227514 0.0916005291005291
0 0.6516203703703703 0.8763227513227513 0.040013227513227514 0.10449735449735449
0 0.6089616402116402 0.8675595238095238 0.0419973544973545 0.12003968253968254
0 0.5646494708994709 0.8705357142857143 0.040674603174603176 0.12400793650793651
0 0.5142195767195767 0.8688822751322751 0.046296296296296294 0.11805555555555555
0 0.4267526455026455 0.8764880952380952 0.026785714285714284 0.11871693121693122
0 0.40046296296296297 0.8774801587301587 0.021825396825396824 0.1173941798941799
0 0.3723544973544973 0.8754960317460317 0.027116402116402115 0.11937830687830688
0 0.3386243386243386 0.8754960317460317 0.03042328042328042 0.11673280423280423
0 0.7886904761904762 0.8850859788359788 0.042328042328042326 0.0625
0 0.1908068783068783 0.7159391534391535 0.015873015873015872 0.05026455026455026
0 0.9798280423280423 0.8526785714285714 0.042328042328042326 0.16832010582010581
0 0.13822751322751323 0.718584656084656 0.03571428571428571 0.04894179894179894
0 0.32423941798941797 0.703207671957672 0.018187830687830687 0.04133597883597884
0 0.34507275132275134 0.7106481481481481 0.016865079365079364 0.037698412698412696
0 0.36474867724867727 0.7104828042328042 0.018518518518518517 0.03802910052910053
0 0.1691468253968254 0.7177579365079365 0.016865079365079364 0.04728835978835979
0 0.3878968253968254 0.7170965608465608 0.02513227513227513 0.045965608465608467
0 0.408234126984127 0.7060185185185185 0.013558201058201057 0.04034391534391534
0 0.429728835978836 0.7131283068783069 0.016203703703703703 0.044642857142857144
0 0.6964285714285714 0.8831018518518519 0.03968253968253968 0.08763227513227513
