0 0.7575571895424836 0.3795955882352941 0.0363562091503268 0.06495098039215687
0 0.08986928104575163 0.5758272058823529 0.03431372549019608 0.04503676470588235
0 0.034926470588235295 0.5816482843137255 0.06658496732026144 0.04932598039215686
0 0.03656045751633987 0.5303308823529411 0.06985294117647059 0.051470588235294115
0 0.7849264705882353 0.39767156862745096 0.012663398692810458 0.027573529411764705
0 0.7830882352941176 0.36994485294117646 0.011437908496732025 0.02665441176470588
0 0.5196078431372549 0.38893995098039214 0.017973856209150325 0.047487745098039214
0 0.5571895424836601 0.3912377450980392 0.02042483660130719 0.04963235294117647
0 0.6503267973856209 0.3837316176470588 0.015522875816993464 0.06587009803921569
0 0.6290849673202614 0.38419117647058826 0.015522875816993464 0.05943627450980392
0 0.6109068627450981 0.3828125 0.016748366013071895 0.06158088235294118
0 0.5957924836601307 0.3834252450980392 0.013480392156862746 0.0628063725490196
0 0.5780228758169934 0.3912377450980392 0.01715686274509804 0.04963235294117647
0 0.5386029411764706 0.38985906862745096 0.015931372549019607 0.04932598039215686
0 0.5179738562091504 0.3385416666666667 0.0196078431372549 0.04840686274509804
0 0.14767156862745098 0.5874693627450981 0.07393790849673203 0.10386029411764706
0 0.7036356209150327 0.38112745098039214 0.06740196078431372 0.06311274509803921
0 0.2152777777777778 0.5732230392156863 0.05800653594771242 0.023284313725490197
0 0.6838235294117647 0.48268995098039214 0.027777777777777776 0.03462009803921569
0 0.3764297385620915 0.507046568627451 0.04534313725490196 0.03553921568627451
0 0.49979575163398693 0.38817401960784315 0.01919934640522876 0.04840686274509804
0 0.6860702614379085 0.5157781862745098 0.026552287581699346 0.03216911764705882
0 0.6578839869281046 0.5168504901960784 0.0298202614379085 0.03125
0 0.7144607843137255 0.4811580882352941 0.029411764705882353 0.030943627450980393
0 0.6527777777777778 0.4846813725490196 0.035130718954248366 0.03125
0 0.6243872549019608 0.5219056372549019 0.02900326797385621 0.02971813725490196
0 0.5876225490196079 0.524203431372549 0.03799019607843137 0.031862745098039214
0 0.5484068627450981 0.5292585784313726 0.03799019607843137 0.03400735294117647
0 0.5116421568627451 0.5324754901960784 0.034722222222222224 0.03431372549019608
0 0.5857843137254902 0.49050245098039214 0.03758169934640523 0.030637254901960783
0 0.547998366013072 0.49402573529411764 0.037173202614379085 0.035845588235294115
0 0.5106209150326797 0.49693627450980393 0.035130718954248366 0.03431372549019608
0 0.47120098039215685 0.538296568627451 0.03880718954248366 0.03370098039215686
0 0.4279003267973856 0.5430453431372549 0.04370915032679738 0.03400735294117647
0 0.3831699346405229 0.5470281862745098 0.042483660130718956 0.04013480392156863
0 0.4675245098039216 0.49923406862745096 0.04370915032679738 0.036458333333333336
0 0.4229983660130719 0.5044424019607843 0.04370915032679738 0.03829656862745098
0 0.3355800653594771 0.5522365196078431 0.04861111111111111 0.040747549019607844
0 0.47875816993464054 0.3864889705882353 0.018790849673202614 0.047487745098039214
0 0.3784722222222222 0.20863970588235295 0.03880718954248366 0.1090686274509804
0 0.4325980392156863 0.3893995098039216 0.02042483660130719 0.0508578431372549
0 0.7224264705882353 0.24463848039215685 0.024101307189542485 0.08854166666666667
0 0.6938316993464052 0.2415747549019608 0.024918300653594773 0.0897671568627451
0 0.6654411764705882 0.24004289215686275 0.02369281045751634 0.0940563725490196
0 0.636437908496732 0.23560049019607843 0.03022875816993464 0.10232843137254902
0 0.6019199346405228 0.23268995098039216 0.03553921568627451 0.09895833333333333
0 0.5671977124183006 0.23115808823529413 0.030637254901960783 0.10079656862745098
0 0.5320669934640523 0.2264093137254902 0.03145424836601307 0.10110294117647059
0 0.4987745098039216 0.21997549019607843 0.03022875816993464 0.10477941176470588
0 0.4622140522875817 0.21767769607843138 0.03799019607843137 0.10508578431372549
0 0.4207516339869281 0.21369485294117646 0.042483660130718956 0.11182598039215687
0 0.7156862745098039 0.5117953431372549 0.028594771241830064 0.026041666666666668
0 0.3341503267973856 0.20496323529411764 0.04656862745098039 0.1213235294117647
0 0.28921568627450983 0.20143995098039216 0.04084967320261438 0.12162990196078431
0 0.2434640522875817 0.19684436274509803 0.04656862745098039 0.12162990196078431
0 0.1926062091503268 0.19255514705882354 0.04861111111111111 0.12040441176470588
0 0.08088235294117647 0.18060661764705882 0.061274509803921566 0.1332720588235294
0 0.02900326797385621 0.17417279411764705 0.03839869281045752 0.13204656862745098
0 0.7463235294117647 0.24846813725490197 0.02369281045751634 0.08700980392156862
0 0.7687908496732027 0.24754901960784315 0.02042483660130719 0.08517156862745098
0 0.7920751633986928 0.2535232843137255 0.021241830065359478 0.08486519607843138
0 0.815359477124183 0.25597426470588236 0.022058823529411766 0.08241421568627451
0 0.40604575163398693 0.39200367647058826 0.025326797385620915 0.05116421568627451
0 0.3786764705882353 0.3912377450980392 0.026143790849673203 0.052083333333333336
0 0.5418709150326797 0.3396139705882353 0.025735294117647058 0.048100490196078434
0 0.49550653594771243 0.3347120098039216 0.02042483660130719 0.053002450980392156
0 0.4742647058823529 0.3350183823529412 0.0196078431372549 0.05361519607843137
0 0.4505718954248366 0.3362438725490196 0.021241830065359478 0.05361519607843137
0 0.4293300653594771 0.3347120098039216 0.02042483660130719 0.053002450980392156
0 0.40808823529411764 0.3353247549019608 0.02042483660130719 0.05667892156862745
0 0.45751633986928103 0.3872549019607843 0.022058823529411766 0.04656862745098039
0 0.38235294117647056 0.3347120098039216 0.02696078431372549 0.057904411764705885
0 0.30044934640522875 0.3678002450980392 0.04125816993464052 0.10447303921568628
0 0.2638888888888889 0.3684129901960784 0.032679738562091505 0.1056985294117647
0 0.22651143790849673 0.36611519607843135 0.03553921568627451 0.11090686274509803
0 0.15992647058823528 0.3880208333333333 0.07066993464052287 0.13020833333333334
0 0.9419934640522876 0.265625 0.016339869281045753 0.06985294117647059
0 0.9211601307189542 0.2653186274509804 0.02042483660130719 0.07169117647058823
0 0.8993055555555556 0.26516544117647056 0.02165032679738562 0.07383578431372549
0 0.8427287581699346 0.2587316176470588 0.025326797385620915 0.078125
0 0.33782679738562094 0.36734068627450983 0.031862745098039214 0.10355392156862746
0 0.7448937908496732 0.4774816176470588 0.026552287581699346 0.02849264705882353
0 0.3698937908496732 0.7340686274509803 0.04125816993464052 0.03676470588235294
0 0.7475490196078431 0.5091911764705882 0.031862745098039214 0.027573529411764705
0 0.7487745098039216 0.6243872549019608 0.07924836601307189 0.025735294117647058
0 0.6554330065359477 0.6706495098039216 0.08782679738562091 0.028799019607843136
0 0.6540032679738562 0.6374080882352942 0.0915032679738562 0.026041666666666668
0 0.6582924836601307 0.6067708333333334 0.09681372549019608 0.026041666666666668
0 0.6570669934640523 0.5746017156862745 0.09436274509803921 0.029105392156862746
0 0.7757352941176471 0.47503063725490197 0.028594771241830064 0.02849264705882353
0 0.7475490196078431 0.6550245098039216 0.07352941176470588 0.028186274509803922
0 0.548202614379085 0.6951593137254902 0.031862745098039214 0.032475490196078434
0 0.4750816993464052 0.7124693627450981 0.03676470588235294 0.036458333333333336
0 0.43443627450980393 0.7216605392156863 0.03799019607843137 0.033394607843137254
0 0.5853758169934641 0.6534926470588235 0.03676470588235294 0.03002450980392157
0 0.5484068627450981 0.6591605392156863 0.03227124183006536 0.03155637254901961
0 0.5132761437908496 0.6662071078431373 0.034722222222222224 0.029105392156862746
0 0.4724264705882353 0.6749387254901961 0.03799019607843137 0.03002450980392157
0 0.5124591503267973 0.702359068627451 0.03308823529411765 0.03278186274509804
0 0.8031045751633987 0.5582107843137255 0.029411764705882353 0.02389705882352941
0 0.8000408496732027 0.585171568627451 0.0298202614379085 0.023284313725490197
0 0.8286356209150327 0.5830269607843137 0.024101307189542485 0.02389705882352941
0 0.9313725490196079 0.6150428921568627 0.02042483660130719 0.026041666666666668
0 0.9113562091503268 0.6199448529411765 0.018790849673202614 0.02665441176470588
0 0.8897058823529411 0.6245404411764706 0.0196078431372549 0.026041666666666668
0 0.8719362745098039 0.6263786764705882 0.015931372549019607 0.02542892156862745
0 0.9344362745098039 0.5868566176470589 0.017565359477124183 0.021752450980392156
0 0.9133986928104575 0.5920649509803921 0.0196078431372549 0.018075980392156864
0 0.8927696078431373 0.5963541666666666 0.01919934640522876 0.02297794117647059
0 0.8743872549019608 0.5995710784313726 0.017565359477124183 0.02389705882352941
0 0.894812091503268 0.5706188725490197 0.023284313725490197 0.023590686274509803
0 0.8717320261437909 0.5726102941176471 0.017973856209150325 0.0196078431372549
0 0.8739787581699346 0.5484068627450981 0.02246732026143791 0.023284313725490197
0 0.8274101307189542 0.6352634803921569 0.02165032679738562 0.02420343137254902
0 0.8029003267973857 0.6423100490196079 0.025735294117647058 0.026041666666666668
0 0.8298611111111112 0.6078431372549019 0.026552287581699346 0.02389705882352941
0 0.8026960784313726 0.6138174019607843 0.025326797385620915 0.026041666666666668
0 0.43157679738562094 0.6827512254901961 0.042075163398692814 0.029105392156862746
0 0.5843545751633987 0.6219362745098039 0.03145424836601307 0.025735294117647058
0 0.5855800653594772 0.6875 0.03390522875816993 0.03125
0 0.803921568627451 0.5029105392156863 0.022058823529411766 0.0272671568627451
0 0.11683006535947713 0.7916666666666666 0.05392156862745098 0.03860294117647059
0 0.0573937908496732 0.8045343137254902 0.060866013071895424 0.0428921568627451
0 0.051470588235294115 0.7610294117647058 0.06535947712418301 0.04105392156862745
0 0.11580882352941177 0.7054227941176471 0.06413398692810457 0.036458333333333336
0 0.04513888888888889 0.7181372549019608 0.068218954248366 0.03799019607843137
0 0.11008986928104575 0.663296568627451 0.06576797385620915 0.03799019607843137
0 0.21180555555555555 0.6465992647058824 0.05106209150326797 0.03462009803921569
0 0.04350490196078431 0.6749387254901961 0.06495098039215687 0.0392156862745098
0 0.5512663398692811 0.6276041666666666 0.03145424836601307 0.027879901960784315
0 0.8316993464052288 0.4721200980392157 0.02369281045751634 0.027573529411764705
0 0.8045343137254902 0.4727328431372549 0.025735294117647058 0.025735294117647058
0 0.8296568627450981 0.44607843137254904 0.02287581699346405 0.02267156862745098
0 0.8029003267973857 0.44577205882352944 0.02900326797385621 0.022058823529411766
0 0.7763480392156863 0.5050551470588235 0.02246732026143791 0.02849264705882353
0 0.8306781045751634 0.49954044117647056 0.028186274509803922 0.024816176470588234
0 0.26695261437908496 0.6371017156862745 0.056781045751633986 0.03278186274509804
0 0.12071078431372549 0.7464767156862745 0.06413398692810457 0.0389093137254902
0 0.2675653594771242 0.6770833333333334 0.04820261437908497 0.03676470588235294
0 0.5857843137254902 0.5893075980392157 0.03104575163398693 0.02665441176470588
0 0.5508578431372549 0.5958946078431373 0.03390522875816993 0.030637254901960783
0 0.5134803921568627 0.6344975490196079 0.035130718954248366 0.031862745098039214
0 0.2142565359477124 0.6868872549019608 0.05269607843137255 0.037377450980392156
0 0.43075980392156865 0.6485906862745098 0.0428921568627451 0.03431372549019608
0 0.32046568627450983 0.7460171568627451 0.046977124183006536 0.03676470588235294
0 0.2696078431372549 0.7564338235294118 0.049836601307189546 0.03676470588235294
0 0.4728349673202614 0.641390931372549 0.03880718954248366 0.03400735294117647
0 0.372140522875817 0.6963848039215687 0.0457516339869281 0.034926470588235295
0 0.32230392156862747 0.7066482843137255 0.04738562091503268 0.03400735294117647
0 0.26981209150326796 0.7162990196078431 0.05024509803921569 0.03676470588235294
0 0.21446078431372548 0.7261029411764706 0.049836601307189546 0.037377450980392156
0 0.36703431372549017 0.6585477941176471 0.04861111111111111 0.03278186274509804
0 0.3188316993464052 0.6688112745098039 0.046977124183006536 0.03431372549019608
0 0.21834150326797386 0.7688419117647058 0.04779411764705882 0.04013480392156863
