0 0.4227311643835616 0.24459134615384615 0.09717465753424658 0.06899038461538462
0 0.6461900684931506 0.24423076923076922 0.0954623287671233 0.07115384615384615
0 0.746361301369863 0.2467548076923077 0.09631849315068493 0.07043269230769231
0 0.8625856164383562 0.2378605769230769 0.08904109589041095 0.08918269230769231
0 0.9554794520547946 0.24194711538461539 0.08561643835616438 0.08629807692307692
0 0.4244434931506849 0.20228365384615385 0.09803082191780822 0.010817307692307692
0 0.4244434931506849 0.18641826923076923 0.09803082191780822 0.010817307692307692
0 0.04366438356164384 0.38040865384615385 0.04708904109589041 0.05504807692307692
0 0.0918236301369863 0.38125 0.047517123287671235 0.05480769230769231
0 0.3127140410958904 0.24350961538461538 0.09460616438356165 0.06875
0 0.7356592465753424 0.5487980769230769 0.03296232876712329 0.01826923076923077
0 0.6949914383561644 0.5486778846153846 0.03296232876712329 0.018028846153846152
0 0.140625 0.38064903846153847 0.047517123287671235 0.05504807692307692
0 0.12564212328767124 0.5484375 0.07662671232876712 0.05504807692307692
0 0.21168664383561644 0.5325721153846154 0.0646404109589041 0.045432692307692306
0 0.2928082191780822 0.5324519230769231 0.07191780821917808 0.04519230769230769
0 0.5605736301369864 0.5454326923076923 0.0389554794520548 0.02451923076923077
0 0.6085188356164384 0.5460336538461539 0.041523972602739725 0.025240384615384616
0 0.6528253424657534 0.5453125 0.04195205479452055 0.025240384615384616
0 0.771404109589041 0.5492788461538461 0.03339041095890411 0.01826923076923077
0 0.2144691780821918 0.24158653846153846 0.09503424657534247 0.06875
0 0.18428938356164384 0.3544471153846154 0.029537671232876712 0.06370192307692307
0 0.5314640410958904 0.24435096153846153 0.0954623287671233 0.06850961538461539
0 0.2551369863013699 0.35588942307692306 0.02910958904109589 0.06370192307692307
0 0.0819777397260274 0.4777644230769231 0.07919520547945205 0.031009615384615385
0 0.20034246575342465 0.4533653846153846 0.06164383561643835 0.041346153846153845
0 0.2666952054794521 0.45216346153846154 0.06164383561643835 0.041346153846153845
0 0.3324058219178082 0.4528846153846154 0.062071917808219176 0.041346153846153845
0 0.8054366438356164 0.5497596153846154 0.03296232876712329 0.01826923076923077
0 0.3951198630136986 0.4545673076923077 0.06164383561643835 0.041346153846153845
0 0.4657534246575342 0.4528846153846154 0.07191780821917808 0.041346153846153845
0 0.5413099315068494 0.45540865384615387 0.07148972602739725 0.04110576923076923
0 0.6091609589041096 0.44290865384615385 0.05393835616438356 0.06658653846153846
0 0.6650256849315068 0.4417067307692308 0.05351027397260274 0.06658653846153846
0 0.7303082191780822 0.4438701923076923 0.07106164383561644 0.06754807692307692
0 0.8043664383561644 0.44182692307692306 0.07106164383561644 0.06778846153846153
0 0.969820205479452 0.4558894230769231 0.06378424657534247 0.04350961538461538
0 0.030607876712328768 0.5516826923076923 0.02868150684931507 0.04855769230769231
0 0.0605736301369863 0.5524038461538462 0.02868150684931507 0.04855769230769231
0 0.08133561643835617 0.4433894230769231 0.0779109589041096 0.03245192307692308
0 0.2206763698630137 0.3544471153846154 0.029537671232876712 0.06370192307692307
0 0.9708904109589042 0.3606971153846154 0.0410958904109589 0.06658653846153846
0 0.8910530821917808 0.3674278846153846 0.03296232876712329 0.05600961538461539
0 0.2945205479452055 0.3568509615384615 0.02910958904109589 0.06370192307692307
0 0.3289811643835616 0.35925480769230766 0.03296232876712329 0.06129807692307692
0 0.3336900684931507 0.31790865384615385 0.02868150684931507 0.014182692307692308
0 0.370291095890411 0.35504807692307694 0.0351027397260274 0.06634615384615385
0 0.4079623287671233 0.3566105769230769 0.0351027397260274 0.06658653846153846
0 0.4479880136986301 0.3548076923076923 0.03553082191780822 0.07307692307692308
0 0.4865154109589041 0.3545673076923077 0.03553082191780822 0.07307692307692308
0 0.5291095890410958 0.3528846153846154 0.0410958904109589 0.07451923076923077
0 0.5740582191780822 0.3530048076923077 0.0410958904109589 0.07475961538461538
0 0.6637414383561644 0.3623798076923077 0.03210616438356165 0.057451923076923074
0 0.7018407534246576 0.35528846153846155 0.03296232876712329 0.07355769230769231
0 0.7457191780821918 0.3621394230769231 0.04023972602739726 0.06274038461538461
0 0.7827482876712328 0.3581730769230769 0.03296232876712329 0.07067307692307692
0 0.8191352739726028 0.35552884615384617 0.03296232876712329 0.07067307692307692
0 0.8563784246575342 0.3669471153846154 0.03296232876712329 0.05600961538461539
0 0.929152397260274 0.36201923076923076 0.03724315068493151 0.06586538461538462
0 0.8553082191780822 0.5510817307692307 0.05565068493150685 0.017548076923076923
0 0.2786815068493151 0.8122596153846153 0.0273972602739726 0.00625
0 0.9599743150684932 0.5448317307692307 0.019263698630136987 0.036298076923076926
0 0.5173373287671232 0.7752403846153846 0.03638698630136986 0.06490384615384616
0 0.4666095890410959 0.7854567307692307 0.0273972602739726 0.06033653846153846
0 0.914597602739726 0.551923076923077 0.055222602739726026 0.01730769230769231
0 0.4002568493150685 0.7887019230769231 0.0273972602739726 0.06009615384615385
0 0.3685787671232877 0.7868990384615384 0.0273972602739726 0.06033653846153846
0 0.339041095890411 0.7878605769230769 0.0273972602739726 0.06033653846153846
0 0.5612157534246576 0.7826923076923077 0.03595890410958904 0.06490384615384616
0 0.3103595890410959 0.8108173076923076 0.0273972602739726 0.00625
0 0.2786815068493151 0.8020432692307692 0.0273972602739726 0.006490384615384616
0 0.3148544520547945 0.7855769230769231 0.029537671232876712 0.009134615384615385
0 0.2797517123287671 0.7920673076923077 0.029537671232876712 0.009134615384615385
0 0.24336472602739725 0.7865384615384615 0.03809931506849315 0.040865384615384616
0 0.1894263698630137 0.7893028846153847 0.0449486301369863 0.03533653846153846
0 0.11494006849315068 0.7829326923076924 0.06549657534246575 0.058653846153846154
0 0.3095034246575342 0.801923076923077 0.0273972602739726 0.00625
0 0.603595890410959 0.7774038461538462 0.04366438356164384 0.07211538461538461
0 0.6421232876712328 0.7917067307692308 0.0273972602739726 0.04975961538461538
0 0.692208904109589 0.7799278846153846 0.05736301369863014 0.0733173076923077
0 0.11964897260273973 0.9170673076923077 0.05008561643835616 0.058173076923076925
0 0.270333904109589 0.9049278846153846 0.16652397260273974 0.07620192307692308
0 0.4334332191780822 0.9103365384615385 0.14340753424657535 0.08125
0 0.5654965753424658 0.9278846153846154 0.023972602739726026 0.03798076923076923
0 0.6042380136986302 0.9225961538461539 0.03638698630136986 0.052403846153846155
0 0.7121147260273972 0.9210336538461539 0.03724315068493151 0.05793269230769231
0 0.748929794520548 0.9234375 0.03125 0.04591346153846154
0 0.7853167808219178 0.9233173076923077 0.027825342465753425 0.047115384615384615
0 0.8480308219178082 0.9361778846153846 0.07448630136986302 0.029086538461538462
0 0.9195205479452054 0.9278846153846154 0.04794520547945205 0.04903846153846154
0 0.980736301369863 0.9245192307692308 0.021404109589041095 0.04519230769230769
0 0.06592465753424658 0.9128605769230769 0.053082191780821915 0.07139423076923077
0 0.9345034246575342 0.794110576923077 0.06164383561643835 0.05024038461538462
0 0.8013698630136986 0.7807692307692308 0.0547945205479452 0.07403846153846154
0 0.7470034246575342 0.7806490384615384 0.04708904109589041 0.0733173076923077
0 0.032748287671232876 0.7858173076923077 0.055222602739726026 0.05913461538461538
0 0.974529109589041 0.7015625 0.05351027397260274 0.04447115384615385
0 0.4315068493150685 0.7875 0.0273972602739726 0.06009615384615385
0 0.8439640410958904 0.6996394230769231 0.056934931506849314 0.040625
0 0.733304794520548 0.6162259615384615 0.0547945205479452 0.04495192307692308
0 0.6770119863013698 0.6174278846153847 0.048373287671232876 0.042067307692307696
0 0.621361301369863 0.6158653846153846 0.048373287671232876 0.041826923076923074
0 0.5543664383561644 0.6164663461538461 0.04794520547945205 0.042067307692307696
0 0.502568493150685 0.6170673076923077 0.04794520547945205 0.041826923076923074
0 0.4503424657534247 0.6169471153846153 0.04794520547945205 0.042067307692307696
0 0.3991866438356164 0.6168269230769231 0.048373287671232876 0.041826923076923074
0 0.3478167808219178 0.6176682692307692 0.048373287671232876 0.042067307692307696
0 0.2964469178082192 0.6181490384615385 0.04409246575342466 0.04014423076923077
0 0.24507705479452055 0.6171875 0.048373287671232876 0.043028846153846154
0 0.1937071917808219 0.6127403846153846 0.04666095890410959 0.046153846153846156
0 0.9068921232876712 0.6971153846153846 0.05779109589041096 0.04423076923076923
0 0.09460616438356165 0.630048076923077 0.03424657534246575 0.058173076923076925
0 0.056934931506849314 0.6304086538461539 0.036815068493150686 0.05841346153846154
0 0.9830907534246576 0.5438701923076923 0.019263698630136987 0.036298076923076926
0 0.790667808219178 0.6191105769230769 0.0547945205479452 0.042067307692307696
0 0.8443921232876712 0.6209134615384615 0.047517123287671235 0.04375
0 0.1391267123287671 0.6288461538461538 0.05136986301369863 0.06153846153846154
0 0.9261558219178082 0.6127403846153846 0.08176369863013698 0.06298076923076923
0 0.8497431506849316 0.5918269230769231 0.05051369863013699 0.010096153846153847
0 0.7673373287671232 0.6961538461538461 0.06806506849315068 0.04519230769230769
0 0.6988441780821918 0.6978365384615385 0.05607876712328767 0.04278846153846154
0 0.5695633561643836 0.6961538461538461 0.056934931506849314 0.04519230769230769
0 0.505779109589041 0.6974759615384616 0.0586472602739726 0.02235576923076923
0 0.4407106164383562 0.6975961538461538 0.06292808219178082 0.02548076923076923
0 0.3741438356164384 0.6956730769230769 0.06164383561643835 0.04375
0 0.636986301369863 0.6972355769230769 0.05650684931506849 0.04447115384615385
0 0.2519263698630137 0.69375 0.0449486301369863 0.03461538461538462
0 0.2305222602739726 0.6680288461538462 0.04666095890410959 0.011057692307692308
0 0.19220890410958905 0.6953125 0.05051369863013699 0.040625
0 0.1288527397260274 0.7069711538461538 0.04708904109589041 0.06538461538461539
0 0.0800513698630137 0.7061298076923077 0.04708904109589041 0.065625
0 0.3103595890410959 0.696875 0.06164383561643835 0.04375
0 0.029965753424657533 0.7060096153846154 0.04708904109589041 0.06538461538461539
0 0.01797945205479452 0.6393028846153846 0.032534246575342464 0.042067307692307696
