0 0.29050925925925924 0.6051587301587301 0.12136243386243387 0.01984126984126984
0 0.41881613756613756 0.6432291666666666 0.12400793650793651 0.023065476190476192
0 0.41798941798941797 0.621155753968254 0.1302910052910053 0.021081349206349208
0 0.4156746031746032 0.5988343253968254 0.12566137566137567 0.018601190476190476
0 0.29365079365079366 0.6470734126984127 0.12433862433862433 0.022321428571428572
0 0.16964285714285715 0.6471974206349206 0.11904761904761904 0.020089285714285716
0 0.9292328042328042 0.5322420634920635 0.11706349206349206 0.022321428571428572
0 0.16765873015873015 0.6046626984126984 0.12235449735449735 0.018849206349206348
0 0.05257936507936508 0.6449652777777778 0.10515873015873016 0.021081349206349208
0 0.05026455026455026 0.6258680555555556 0.10052910052910052 0.019097222222222224
0 0.052744708994709 0.6050347222222222 0.105489417989418 0.019593253968253968
0 0.9265873015873016 0.5580357142857143 0.11243386243386243 0.023809523809523808
0 0.16848544973544974 0.6262400793650794 0.12400793650793651 0.01984126984126984
0 0.29133597883597884 0.6246279761904762 0.11970899470899471 0.016617063492063492
0 0.06729497354497355 0.7624007936507936 0.1306216931216931 0.01240079365079365
0 0.5388558201058201 0.6248759920634921 0.11011904761904762 0.020089285714285716
0 0.41947751322751325 0.855530753968254 0.11805555555555555 0.019097222222222224
0 0.30076058201058203 0.8916170634920635 0.11210317460317461 0.015873015873015872
0 0.3029100529100529 0.8723958333333334 0.10912698412698413 0.019097222222222224
0 0.2951388888888889 0.8515625 0.11210317460317461 0.014136904761904762
0 0.18353174603174602 0.8913690476190477 0.1130952380952381 0.015376984126984126
0 0.18353174603174602 0.8715277777777778 0.1130952380952381 0.020337301587301588
0 0.1853505291005291 0.8466021825396826 0.09027777777777778 0.026537698412698412
0 0.06613756613756613 0.8869047619047619 0.12103174603174603 0.01488095238095238
0 0.4193121693121693 0.8733878968253969 0.11375661375661375 0.015625
0 0.06117724867724868 0.8678075396825397 0.12235449735449735 0.018353174603174604
0 0.9093915343915344 0.8096478174603174 0.13425925925925927 0.020089285714285716
0 0.9097222222222222 0.7884424603174603 0.13756613756613756 0.02132936507936508
0 0.9133597883597884 0.7668650793650794 0.1349206349206349 0.015376984126984126
0 0.7840608465608465 0.8108878968253969 0.11177248677248677 0.019593253968253968
0 0.7835648148148148 0.7905505952380952 0.11078042328042328 0.018105158730158732
0 0.7842261904761905 0.7720734126984127 0.11210317460317461 0.017361111111111112
0 0.6633597883597884 0.7885664682539683 0.12433862433862433 0.061755952380952384
0 0.5424933862433863 0.8070436507936508 0.11408730158730158 0.020337301587301588
0 0.06117724867724868 0.8483382936507936 0.12235449735449735 0.021577380952380952
0 0.5391865079365079 0.7858382936507936 0.103505291005291 0.01711309523809524
0 0.42311507936507936 0.8922371031746031 0.11805555555555555 0.019593253968253968
0 0.5383597883597884 0.871031746031746 0.1130952380952381 0.019345238095238096
0 0.9618055555555556 0.1888640873015873 0.07705026455026455 0.024553571428571428
0 0.9613095238095238 0.16245039682539683 0.07738095238095238 0.022321428571428572
0 0.939318783068783 0.049479166666666664 0.06712962962962964 0.023561507936507936
0 0.8265542328042328 0.05642361111111111 0.05853174603174603 0.023065476190476192
0 0.7610780423280423 0.05381944444444445 0.06580687830687831 0.023809523809523808
0 0.5591931216931217 0.054191468253968256 0.05423280423280423 0.03298611111111111
0 0.28604497354497355 0.05295138888888889 0.07142857142857142 0.0220734126984127
0 0.210978835978836 0.05443948412698413 0.06349206349206349 0.025049603174603176
0 0.5373677248677249 0.8489583333333334 0.1111111111111111 0.01984126984126984
0 0.1412037037037037 0.05071924603174603 0.062169312169312166 0.014632936507936508
0 0.8976521164021164 0.8901289682539683 0.1259920634920635 0.02132936507936508
0 0.8981481481481481 0.8681795634920635 0.12698412698412698 0.0220734126984127
0 0.9014550264550265 0.847718253968254 0.1335978835978836 0.01488095238095238
0 0.7744708994708994 0.8914930555555556 0.1111111111111111 0.018105158730158732
0 0.7731481481481481 0.8733878968253969 0.10846560846560846 0.015625
0 0.7719907407407407 0.8546626984126984 0.11342592592592593 0.017361111111111112
0 0.6579034391534392 0.8723958333333334 0.11673280423280423 0.05580357142857143
0 0.5413359788359788 0.8914930555555556 0.11507936507936507 0.021081349206349208
0 0.05555555555555555 0.044642857142857144 0.06613756613756613 0.0248015873015873
0 0.5391865079365079 0.6032986111111112 0.10747354497354497 0.019097222222222224
0 0.5388558201058201 0.7682291666666666 0.11011904761904762 0.018105158730158732
0 0.421957671957672 0.7868303571428571 0.11574074074074074 0.016121031746031748
0 0.44113756613756616 0.6815476190476191 0.12433862433862433 0.012896825396825396
0 0.30687830687830686 0.7234623015873016 0.13227513227513227 0.023809523809523808
0 0.3083664021164021 0.7020089285714286 0.12731481481481483 0.014632936507936508
0 0.304728835978836 0.6842757936507936 0.12797619047619047 0.015376984126984126
0 0.17774470899470898 0.7258184523809523 0.11673280423280423 0.017609126984126984
0 0.17609126984126985 0.7074652777777778 0.11673280423280423 0.020089285714285716
0 0.17410714285714285 0.6878720238095238 0.11673280423280423 0.020089285714285716
0 0.0625 0.7256944444444444 0.10648148148148148 0.01984126984126984
0 0.43799603174603174 0.7018849206349206 0.1292989417989418 0.022817460317460316
0 0.06117724867724868 0.7061011904761905 0.10714285714285714 0.014384920634920634
0 0.91005291005291 0.6429811507936508 0.1283068783068783 0.020089285714285716
0 0.90625 0.621155753968254 0.12466931216931217 0.018105158730158732
0 0.9103835978835979 0.6008184523809523 0.12896825396825398 0.019593253968253968
0 0.7791005291005291 0.6434771825396826 0.12433862433862433 0.021081349206349208
0 0.781084656084656 0.6235119047619048 0.12433862433862433 0.020337301587301588
0 0.7795965608465608 0.6009424603174603 0.12136243386243387 0.014384920634920634
0 0.6574074074074074 0.6268601190476191 0.11574074074074074 0.057787698412698416
0 0.5403439153439153 0.6455853174603174 0.10582010582010581 0.016865079365079364
0 0.058366402116402115 0.6861359126984127 0.10152116402116403 0.0220734126984127
0 0.4234457671957672 0.8071676587301587 0.11474867724867725 0.02058531746031746
0 0.4409722222222222 0.7249503968253969 0.13128306878306878 0.02132936507936508
0 0.5629960317460317 0.7059771825396826 0.11408730158730158 0.019593253968253968
0 0.4201388888888889 0.7688492063492064 0.11937830687830688 0.016865079365079364
0 0.31216931216931215 0.8061755952380952 0.10119047619047619 0.018601190476190476
0 0.31117724867724866 0.7869543650793651 0.0992063492063492 0.01636904761904762
0 0.3073743386243386 0.7658730158730159 0.09953703703703703 0.01636904761904762
0 0.19874338624338625 0.8053075396825397 0.12103174603174603 0.016865079365079364
0 0.1984126984126984 0.7876984126984127 0.12037037037037036 0.017857142857142856
0 0.19378306878306878 0.7669890873015873 0.11838624338624339 0.015625
0 0.07324735449735449 0.8055555555555556 0.12797619047619047 0.022817460317460316
0 0.5611772486772487 0.6856398809523809 0.11375661375661375 0.018105158730158732
0 0.0701058201058201 0.78125 0.12896825396825398 0.018849206349206348
0 0.9279100529100529 0.7281746031746031 0.11904761904761904 0.019345238095238096
0 0.9275793650793651 0.7068452380952381 0.12235449735449735 0.02132936507936508
0 0.9267526455026455 0.6840277777777778 0.12400793650793651 0.023313492063492064
0 0.8047288359788359 0.7300347222222222 0.11541005291005291 0.017609126984126984
0 0.8062169312169312 0.7103174603174603 0.11507936507936507 0.01984126984126984
0 0.8034060846560847 0.689484126984127 0.11276455026455026 0.020337301587301588
0 0.68369708994709 0.7083333333333334 0.12400793650793651 0.06101190476190476
0 0.5654761904761905 0.7278025793650794 0.11904761904761904 0.024057539682539684
0 0.8098544973544973 0.5587797619047619 0.11441798941798942 0.025297619047619048
0 0.8110119047619048 0.5326140873015873 0.11342592592592593 0.023065476190476192
0 0.5358796296296297 0.3861607142857143 0.11210317460317461 0.018849206349206348
0 0.6901455026455027 0.5271577380952381 0.12566137566137567 0.025049603174603176
0 0.8576388888888888 0.16778273809523808 0.12400793650793651 0.0220734126984127
0 0.8583002645502645 0.19072420634920634 0.1207010582010582 0.022817460317460316
0 0.056712962962962965 0.2632688492063492 0.11342592592592593 0.025049603174603176
0 0.19196428571428573 0.2666170634920635 0.13723544973544974 0.020833333333333332
0 0.19675925925925927 0.2916666666666667 0.13558201058201058 0.025793650793650792
0 0.20949074074074073 0.25012400793650796 0.12003968253968254 0.010168650793650794
0 0.32275132275132273 0.26537698412698413 0.1078042328042328 0.023809523809523808
0 0.3247354497354497 0.2916666666666667 0.11904761904761904 0.025793650793650792
0 0.44246031746031744 0.2650049603174603 0.1078042328042328 0.026041666666666668
0 0.4427910052910053 0.2916666666666667 0.11243386243386243 0.025793650793650792
0 0.5124007936507936 0.2638888888888889 0.027447089947089946 0.023809523809523808
0 0.7255291005291006 0.1922123015873016 0.13624338624338625 0.023313492063492064
0 0.5158730158730159 0.29191468253968256 0.027116402116402115 0.02628968253968254
0 0.5884589947089947 0.27157738095238093 0.11276455026455026 0.019345238095238096
0 0.5907738095238095 0.2924107142857143 0.11342592592592593 0.021825396825396824
0 0.7123015873015873 0.2418154761904762 0.1283068783068783 0.02132936507936508
0 0.7144510582010583 0.2666170634920635 0.12202380952380952 0.020833333333333332
0 0.7137896825396826 0.29092261904761907 0.12797619047619047 0.021825396825396824
0 0.8429232804232805 0.2449156746031746 0.1283068783068783 0.0220734126984127
0 0.8444113756613757 0.26748511904761907 0.12268518518518519 0.022569444444444444
0 0.8473875661375662 0.2881944444444444 0.1259920634920635 0.018849206349206348
0 0.9556878306878307 0.24144345238095238 0.08862433862433862 0.02058531746031746
0 0.9548611111111112 0.26450892857142855 0.09093915343915344 0.0220734126984127
0 0.9575066137566137 0.2874503968253968 0.08498677248677249 0.020337301587301588
0 0.5874669312169312 0.24702380952380953 0.11805555555555555 0.023313492063492064
0 0.0679563492063492 0.3557787698412698 0.1359126984126984 0.025049603174603176
0 0.595734126984127 0.1956845238095238 0.11937830687830688 0.021825396825396824
0 0.5085978835978836 0.19928075396825398 0.027777777777777776 0.017609126984126984
0 0.6899801587301587 0.5570436507936508 0.12400793650793651 0.026785714285714284
0 0.1207010582010582 0.06882440476190477 0.11838624338624339 0.01711309523809524
0 0.11607142857142858 0.08854166666666667 0.1164021164021164 0.020337301587301588
0 0.11507936507936507 0.109375 0.11441798941798942 0.022817460317460316
0 0.2569444444444444 0.07998511904761904 0.14814814814814814 0.02554563492063492
0 0.25826719576719576 0.11061507936507936 0.14484126984126985 0.022321428571428572
0 0.4093915343915344 0.08159722222222222 0.14285714285714285 0.025793650793650792
0 0.41104497354497355 0.10714285714285714 0.13756613756613756 0.026785714285714284
0 0.5124007936507936 0.078125 0.03141534391534392 0.030257936507936508
0 0.5119047619047619 0.10912698412698413 0.026455026455026454 0.027777777777777776
0 0.5924272486772487 0.08506944444444445 0.1207010582010582 0.018849206349206348
0 0.5968915343915344 0.17348710317460317 0.11838624338624339 0.019097222222222224
0 0.5942460317460317 0.10863095238095238 0.11838624338624339 0.023809523809523808
0 0.7250330687830688 0.10602678571428571 0.13194444444444445 0.024553571428571428
0 0.8591269841269841 0.08134920634920635 0.12367724867724868 0.022817460317460316
0 0.8561507936507936 0.10689484126984126 0.125 0.020337301587301588
0 0.125 0.1527777777777778 0.11904761904761904 0.01984126984126984
0 0.12417328042328042 0.17410714285714285 0.1173941798941799 0.020337301587301588
0 0.12466931216931217 0.19518849206349206 0.11507936507936507 0.023313492063492064
0 0.26951058201058203 0.16865079365079366 0.14285714285714285 0.023809523809523808
0 0.2743055555555556 0.1953125 0.1412037037037037 0.026537698412698412
0 0.4148478835978836 0.1732390873015873 0.13855820105820105 0.024553571428571428
0 0.41716269841269843 0.19766865079365079 0.1359126984126984 0.01984126984126984
0 0.5071097883597884 0.17770337301587302 0.028108465608465607 0.019097222222222224
0 0.7260251322751323 0.08072916666666667 0.13723544973544974 0.024057539682539684
0 0.06696428571428571 0.3819444444444444 0.13392857142857142 0.027281746031746032
0 0.7255291005291006 0.1675347222222222 0.13624338624338625 0.024057539682539684
0 0.1949404761904762 0.3836805555555556 0.11342592592592593 0.025297619047619048
0 0.5833333333333334 0.45262896825396826 0.10978835978835978 0.022817460317460316
0 0.5834986772486772 0.474578373015873 0.11011904761904762 0.019097222222222224
0 0.7038690476190477 0.4480406746031746 0.12268518518518519 0.0220734126984127
0 0.7035383597883598 0.4722222222222222 0.1259920634920635 0.022817460317460316
0 0.8252314814814815 0.42509920634920634 0.12268518518518519 0.017361111111111112
0 0.8263888888888888 0.4460565476190476 0.11375661375661375 0.018105158730158732
0 0.8285383597883598 0.46986607142857145 0.11805555555555555 0.021081349206349208
0 0.9429563492063492 0.4288194444444444 0.11210317460317461 0.022817460317460316
0 0.9439484126984127 0.4503968253968254 0.11011904761904762 0.02132936507936508
0 0.9449404761904762 0.47185019841269843 0.10813492063492064 0.019097222222222224
0 0.056878306878306875 0.5407986111111112 0.11375661375661375 0.01711309523809524
0 0.057374338624338626 0.5616319444444444 0.11474867724867725 0.019593253968253968
0 0.1787367724867725 0.5163690476190477 0.1259920634920635 0.02132936507936508
0 0.18088624338624337 0.537078373015873 0.13425925925925927 0.018105158730158732
0 0.18154761904761904 0.5596478174603174 0.13161375661375663 0.024057539682539684
0 0.31084656084656087 0.5182291666666666 0.125 0.019593253968253968
0 0.31316137566137564 0.5385664682539683 0.12235449735449735 0.018105158730158732
0 0.3134920634920635 0.5603918650793651 0.12301587301587301 0.020089285714285716
0 0.439484126984127 0.5131448412698413 0.13227513227513227 0.017857142857142856
0 0.4416335978835979 0.5348462301587301 0.12863756613756613 0.0220734126984127
0 0.4429563492063492 0.5593998015873016 0.12797619047619047 0.023561507936507936
0 0.564484126984127 0.5189732142857143 0.1130952380952381 0.021081349206349208
0 0.5648148148148148 0.5401785714285714 0.11375661375661375 0.02132936507936508
0 0.19477513227513227 0.3568948412698413 0.10912698412698413 0.0248015873015873
0 0.5634920634920635 0.5600198412698413 0.10714285714285714 0.019345238095238096
0 0.5833333333333334 0.42993551587301587 0.11375661375661375 0.022569444444444444
0 0.4568452380952381 0.4714781746031746 0.12533068783068782 0.02132936507936508
0 0.056051587301587304 0.5184771825396826 0.11210317460317461 0.023065476190476192
0 0.45717592592592593 0.4507688492063492 0.13392857142857142 0.019097222222222224
0 0.3062169312169312 0.3585069444444444 0.10449735449735449 0.022569444444444444
0 0.41435185185185186 0.35714285714285715 0.11177248677248677 0.025297619047619048
0 0.41881613756613756 0.384796626984127 0.11276455026455026 0.027529761904761904
0 0.5317460317460317 0.34089781746031744 0.1111111111111111 0.02058531746031746
0 0.5353835978835979 0.36259920634920634 0.1111111111111111 0.019345238095238096
0 0.6570767195767195 0.33643353174603174 0.12632275132275134 0.026041666666666668
0 0.6595568783068783 0.36061507936507936 0.12797619047619047 0.020833333333333332
0 0.660218253968254 0.38430059523809523 0.1292989417989418 0.023561507936507936
0 0.7886904761904762 0.34077380952380953 0.12103174603174603 0.017857142857142856
0 0.7913359788359788 0.36235119047619047 0.12632275132275134 0.018849206349206348
0 0.7880291005291006 0.3841765873015873 0.11574074074074074 0.020337301587301588
0 0.9284060846560847 0.33035714285714285 0.14252645502645503 0.019345238095238096
0 0.3062169312169312 0.3828125 0.10846560846560846 0.023561507936507936
0 0.9246031746031746 0.38070436507936506 0.1349206349206349 0.0248015873015873
0 0.9272486772486772 0.3540426587301587 0.1402116402116402 0.024553571428571428
0 0.333994708994709 0.474578373015873 0.11177248677248677 0.019097222222222224
0 0.330026455026455 0.45300099206349204 0.1111111111111111 0.021081349206349208
0 0.32787698412698413 0.4320436507936508 0.10681216931216932 0.018353174603174604
0 0.21180555555555555 0.4748263888888889 0.12136243386243387 0.019593253968253968
0 0.45519179894179895 0.4286954365079365 0.13723544973544974 0.020089285714285716
0 0.20684523809523808 0.4314236111111111 0.11871693121693122 0.019593253968253968
0 0.08349867724867725 0.4732142857142857 0.1259920634920635 0.021825396825396824
0 0.07705026455026455 0.4497767857142857 0.12764550264550265 0.020089285714285716
0 0.2177579365079365 0.33618551587301587 0.11078042328042328 0.014136904761904762
0 0.2101521164021164 0.4541170634920635 0.12136243386243387 0.020337301587301588
