0 0.18627450980392157 0.29059436274509803 0.03349673202614379 0.10386029411764706
0 0.22099673202614378 0.2925857843137255 0.029411764705882353 0.10049019607843138
0 0.5751633986928104 0.15778186274509803 0.03758169934640523 0.09987745098039216
0 0.8249591503267973 0.1640625 0.03553921568627451 0.09283088235294118
0 0.6425653594771242 0.15962009803921567 0.031862745098039214 0.09865196078431372
0 0.6758578431372549 0.16130514705882354 0.03145424836601307 0.09466911764705882
0 0.7091503267973857 0.16145833333333334 0.03022875816993464 0.09436274509803921
0 0.7395833333333334 0.16130514705882354 0.030637254901960783 0.09712009803921569
0 0.7881944444444444 0.16329656862745098 0.03880718954248366 0.09068627450980392
0 0.869281045751634 0.17294730392156862 0.03431372549019608 0.07567401960784313
0 0.9777369281045751 0.18367034313725492 0.04370915032679738 0.0818014705882353
0 0.1352124183006536 0.29825367647058826 0.04493464052287582 0.0860906862745098
0 0.2571486928104575 0.29120710784313725 0.03799019607843137 0.10018382352941177
0 0.6098856209150327 0.16038602941176472 0.03022875816993464 0.0940563725490196
0 0.2943218954248366 0.29105392156862747 0.03227124183006536 0.10110294117647059
0 0.6154003267973857 0.6737132352941176 0.04779411764705882 0.07904411764705882
0 0.36437908496732024 0.29074754901960786 0.028594771241830064 0.09926470588235294
0 0.3974673202614379 0.29212622549019607 0.03431372549019608 0.09650735294117647
0 0.4348447712418301 0.29105392156862747 0.03799019607843137 0.09558823529411764
0 0.5400326797385621 0.15977328431372548 0.03104575163398693 0.10018382352941177
0 0.46895424836601307 0.2930453431372549 0.02696078431372549 0.09466911764705882
0 0.5020424836601307 0.2899816176470588 0.028594771241830064 0.0940563725490196
0 0.5318627450980392 0.2899816176470588 0.029411764705882353 0.0940563725490196
0 0.5663807189542484 0.2925857843137255 0.03308823529411765 0.09620098039215687
0 0.6058006535947712 0.2858455882352941 0.041666666666666664 0.10477941176470588
0 0.6511437908496732 0.2856924019607843 0.0392156862745098 0.10631127450980392
0 0.6919934640522876 0.28737745098039214 0.03758169934640523 0.1017156862745098
0 0.7267156862745098 0.2852328431372549 0.03022875816993464 0.09803921568627451
0 0.7747140522875817 0.28829656862745096 0.046977124183006536 0.1017156862745098
0 0.8227124183006536 0.2861519607843137 0.04003267973856209 0.1017156862745098
0 0.3300653594771242 0.29074754901960786 0.03676470588235294 0.09926470588235294
0 0.5073529411764706 0.15946691176470587 0.03349673202614379 0.10079656862745098
0 0.4681372549019608 0.15793504901960784 0.04084967320261438 0.10263480392156862
0 0.9413807189542484 0.30744485294117646 0.01838235294117647 0.07751225490196079
0 0.8760212418300654 0.5301776960784313 0.03145424836601307 0.07873774509803921
0 0.838031045751634 0.5283394607843137 0.03880718954248366 0.08792892156862746
0 0.7312091503267973 0.5049019607843137 0.042483660130718956 0.06985294117647059
0 0.7871732026143791 0.5176164215686274 0.0392156862745098 0.09528186274509803
0 0.7207924836601307 0.5556066176470589 0.034722222222222224 0.03216911764705882
0 0.6821895424836601 0.5275735294117647 0.03104575163398693 0.08639705882352941
0 0.6509395424836601 0.5261948529411765 0.026552287581699346 0.09160539215686274
0 0.6211192810457516 0.5269607843137255 0.030637254901960783 0.0900735294117647
0 0.9105392156862745 0.5291053921568627 0.03022875816993464 0.07720588235294118
0 0.588031045751634 0.5294117647058824 0.03145424836601307 0.08272058823529412
0 0.5253267973856209 0.5321691176470589 0.027777777777777776 0.08823529411764706
0 0.49754901960784315 0.5329350490196079 0.026143790849673203 0.0897671568627451
0 0.46629901960784315 0.5344669117647058 0.03390522875816993 0.09037990196078431
0 0.43014705882352944 0.5347732843137255 0.028594771241830064 0.08854166666666667
0 0.397875816993464 0.5358455882352942 0.031862745098039214 0.09068627450980392
0 0.36356209150326796 0.5381433823529411 0.03349673202614379 0.0940563725490196
0 0.33026960784313725 0.5413602941176471 0.027369281045751634 0.0900735294117647
0 0.2992238562091503 0.5421262254901961 0.03227124183006536 0.08854166666666667
0 0.5549428104575164 0.5300245098039216 0.025735294117647058 0.08884803921568628
0 0.2653186274509804 0.5424325980392157 0.034722222222222224 0.08486519607843138
0 0.9509803921568627 0.5257352941176471 0.04411764705882353 0.08026960784313726
0 0.023284313725490197 0.7167585784313726 0.04656862745098039 0.09037990196078431
0 0.6595179738562091 0.6714154411764706 0.04044117647058824 0.07935049019607843
0 0.7046568627450981 0.6677389705882353 0.04411764705882353 0.07873774509803921
0 0.7473447712418301 0.6757046568627451 0.03308823529411765 0.05667892156862745
0 0.5202205882352942 0.6801470588235294 0.04616013071895425 0.0821078431372549
0 0.8176062091503268 0.6721813725490197 0.03308823529411765 0.058823529411764705
0 0.8572303921568627 0.6695772058823529 0.03553921568627451 0.05912990196078431
0 0.8929738562091504 0.6686580882352942 0.03349673202614379 0.05912990196078431
0 0.9242238562091504 0.6695772058823529 0.02900326797385621 0.05667892156862745
0 0.9873366013071896 0.5266544117647058 0.024509803921568627 0.07169117647058823
0 0.9554738562091504 0.6659007352941176 0.03431372549019608 0.05606617647058824
0 0.4701797385620915 0.6839767156862745 0.04820261437908497 0.08547794117647059
0 0.4250408496732026 0.6966911764705882 0.04125816993464052 0.06495098039215687
0 0.38174019607843135 0.6780024509803921 0.03145424836601307 0.08762254901960784
0 0.3312908496732026 0.7008272058823529 0.061274509803921566 0.07567401960784313
0 0.258374183006536 0.7127757352941176 0.0821078431372549 0.05545343137254902
0 0.18504901960784315 0.7072610294117647 0.04084967320261438 0.08915441176470588
0 0.1337826797385621 0.7058823529411765 0.053513071895424834 0.09252450980392157
0 0.0763888888888889 0.7118566176470589 0.05392156862745098 0.09895833333333333
0 0.9869281045751634 0.6616115196078431 0.02696078431372549 0.057291666666666664
0 0.5655637254901961 0.6778492647058824 0.04044117647058824 0.08057598039215687
0 0.22365196078431374 0.5508578431372549 0.04125816993464052 0.08762254901960784
0 0.14133986928104575 0.5387561274509803 0.03104575163398693 0.08118872549019608
0 0.5671977124183006 0.4128370098039216 0.03145424836601307 0.08486519607843138
0 0.5363562091503268 0.4105392156862745 0.03022875816993464 0.08088235294117647
0 0.5030637254901961 0.41207107843137253 0.03390522875816993 0.08333333333333333
0 0.46834150326797386 0.4131433823529412 0.02900326797385621 0.08486519607843138
0 0.4360702614379085 0.4143688725490196 0.03145424836601307 0.08792892156862746
0 0.4048202614379085 0.41513480392156865 0.029411764705882353 0.08823529411764706
0 0.36703431372549017 0.42034313725490197 0.03390522875816993 0.0900735294117647
0 0.3359885620915033 0.42172181372549017 0.02900326797385621 0.09160539215686274
0 0.5974264705882353 0.4100796568627451 0.028186274509803922 0.08363970588235294
0 0.30392156862745096 0.42294730392156865 0.032679738562091505 0.09037990196078431
0 0.23488562091503268 0.42141544117647056 0.031862745098039214 0.09895833333333333
0 0.19914215686274508 0.42233455882352944 0.037173202614379085 0.1014093137254902
0 0.06331699346405228 0.4325980392156863 0.05310457516339869 0.0857843137254902
0 0.015727124183006536 0.43275122549019607 0.03145424836601307 0.08670343137254902
0 0.9352532679738562 0.17003676470588236 0.03553921568627451 0.05698529411764706
0 0.9270833333333334 0.2181372549019608 0.03145424836601307 0.03799019607843137
0 0.9928513071895425 0.30545343137254904 0.015931372549019607 0.07598039215686274
0 0.9673202614379085 0.3069852941176471 0.031862745098039214 0.07659313725490197
0 0.2694035947712418 0.42371323529411764 0.03390522875816993 0.08946078431372549
0 0.1809640522875817 0.5526960784313726 0.042483660130718956 0.08394607843137254
0 0.6354166666666666 0.41329656862745096 0.0428921568627451 0.09497549019607843
0 0.7205882352941176 0.40931372549019607 0.04411764705882353 0.09681372549019608
0 0.09089052287581699 0.5557598039215687 0.05106209150326797 0.08762254901960784
0 0.043913398692810454 0.5588235294117647 0.0428921568627451 0.08149509803921569
0 0.9916258169934641 0.42493872549019607 0.016748366013071895 0.06556372549019608
0 0.9256535947712419 0.41360294117647056 0.031862745098039214 0.09558823529411764
0 0.8856209150326797 0.41681985294117646 0.04820261437908497 0.09528186274509803
0 0.8037173202614379 0.4071691176470588 0.04370915032679738 0.09436274509803921
0 0.7626633986928104 0.4105392156862745 0.035130718954248366 0.09681372549019608
0 0.02267156862745098 0.15257352941176472 0.042075163398692814 0.09865196078431372
0 0.6787173202614379 0.4103860294117647 0.04044117647058824 0.0977328431372549
0 0.060866013071895424 0.15211397058823528 0.031862745098039214 0.10079656862745098
0 0.14583333333333334 0.14996936274509803 0.0392156862745098 0.10753676470588236
0 0.1895424836601307 0.15073529411764705 0.04003267973856209 0.10723039215686274
0 0.22998366013071894 0.15395220588235295 0.03758169934640523 0.10202205882352941
0 0.2722630718954248 0.15349264705882354 0.0363562091503268 0.1053921568627451
0 0.31352124183006536 0.15395220588235295 0.03880718954248366 0.1014093137254902
0 0.35110294117647056 0.15471813725490197 0.03390522875816993 0.10049019607843138
0 0.38929738562091504 0.15625 0.04330065359477124 0.10416666666666667
0 0.42830882352941174 0.15793504901960784 0.03145424836601307 0.1014093137254902
0 0.10130718954248366 0.14981617647058823 0.0457516339869281 0.10784313725490197
0 0.7816584967320261 0.6738664215686274 0.03145424836601307 0.057291666666666664
0 0.9146241830065359 0.26286764705882354 0.035130718954248366 0.04840686274509804
0 0.8788807189542484 0.29840686274509803 0.037173202614379085 0.06678921568627451
