0 0.6278645833333333 0.8025390625 0.04010416666666667 0.060546875
0 0.3411458333333333 0.6580078125 0.03125 0.062109375
0 0.30052083333333335 0.66171875 0.03958333333333333 0.071875
0 0.26119791666666664 0.66015625 0.03697916666666667 0.07734375
0 0.21822916666666667 0.66640625 0.04375 0.07109375
0 0.17395833333333333 0.6646484375 0.046875 0.078515625
0 0.12604166666666666 0.666796875 0.04375 0.07734375
0 0.10442708333333334 0.184375 0.04010416666666667 0.10703125
0 0.08125 0.6646484375 0.04375 0.073046875
0 0.0375 0.6685546875 0.041666666666666664 0.070703125
0 0.9854166666666667 0.5701171875 0.03125 0.086328125
0 0.9567708333333333 0.5716796875 0.027083333333333334 0.084765625
0 0.9291666666666667 0.569140625 0.028125 0.07890625
0 0.8966145833333333 0.57109375 0.034895833333333334 0.08125
0 0.79765625 0.5484375 0.0390625 0.078125
0 0.75859375 0.5490234375 0.04010416666666667 0.076953125
0 0.71875 0.5494140625 0.03958333333333333 0.078515625
0 0.6799479166666667 0.553125 0.03802083333333333 0.0703125
0 0.6377604166666667 0.555859375 0.04635416666666667 0.065625
0 0.5950520833333334 0.5521484375 0.04010416666666667 0.073046875
0 0.55078125 0.5490234375 0.044270833333333336 0.089453125
0 0.5111979166666667 0.55234375 0.03802083333333333 0.08125
0 0.46953125 0.54765625 0.043229166666666666 0.08203125
0 0.42942708333333335 0.552734375 0.0390625 0.071875
0 0.38776041666666666 0.5466796875 0.0421875 0.078515625
0 0.34401041666666665 0.5513671875 0.043229166666666666 0.074609375
0 0.2986979166666667 0.5474609375 0.0453125 0.076953125
0 0.25364583333333335 0.5505859375 0.04479166666666667 0.073046875
0 0.16119791666666666 0.549609375 0.0453125 0.08515625
0 0.11458333333333333 0.5587890625 0.04791666666666667 0.066796875
0 0.37213541666666666 0.6626953125 0.030729166666666665 0.071484375
0 0.41119791666666666 0.655078125 0.04635416666666667 0.0828125
0 0.4546875 0.6533203125 0.040625 0.082421875
0 0.4973958333333333 0.653125 0.042708333333333334 0.08125
0 0.6630208333333333 0.798828125 0.027083333333333334 0.05625
0 0.6932291666666667 0.798046875 0.035416666666666666 0.05703125
0 0.73125 0.7931640625 0.03854166666666667 0.064453125
0 0.7661458333333333 0.791015625 0.03229166666666667 0.06640625
0 0.8127604166666667 0.791015625 0.04635416666666667 0.0703125
0 0.8606770833333334 0.7923828125 0.04635416666666667 0.068359375
0 0.90546875 0.7912109375 0.043229166666666666 0.068359375
0 0.9515625 0.7904296875 0.04895833333333333 0.069921875
0 0.5065104166666666 0.784765625 0.034895833333333334 0.09765625
0 0.46848958333333335 0.782421875 0.028645833333333332 0.10234375
0 0.43125 0.7826171875 0.042708333333333334 0.107421875
0 0.39296875 0.7857421875 0.0359375 0.099609375
0 0.3515625 0.7841796875 0.042708333333333334 0.104296875
0 0.29010416666666666 0.7904296875 0.08125 0.094140625
0 0.0671875 0.559375 0.04895833333333333 0.065625
0 0.18776041666666668 0.7927734375 0.03177083333333333 0.099609375
0 0.1171875 0.8080078125 0.042708333333333334 0.079296875
0 0.0734375 0.813671875 0.040625 0.07109375
0 0.025260416666666667 0.8146484375 0.0484375 0.087890625
0 0.9684895833333333 0.6796875 0.043229166666666666 0.0734375
0 0.9291666666666667 0.6802734375 0.0375 0.069140625
0 0.88359375 0.6791015625 0.0484375 0.083984375
0 0.834375 0.6763671875 0.05 0.091015625
0 0.7817708333333333 0.6546875 0.03333333333333333 0.07734375
0 0.7455729166666667 0.6541015625 0.04010416666666667 0.072265625
0 0.7065104166666667 0.65078125 0.034895833333333334 0.0796875
0 0.6692708333333334 0.6513671875 0.036458333333333336 0.077734375
0 0.6291666666666667 0.6513671875 0.035416666666666666 0.083203125
0 0.5875 0.653515625 0.03854166666666667 0.08828125
0 0.5416666666666666 0.656640625 0.04583333333333333 0.0890625
0 0.15442708333333333 0.7970703125 0.027604166666666666 0.097265625
0 0.5903645833333333 0.8056640625 0.03697916666666667 0.057421875
0 0.023958333333333335 0.5546875 0.041666666666666664 0.07578125
0 0.95390625 0.4470703125 0.027604166666666666 0.093359375
0 0.39869791666666665 0.323046875 0.044270833333333336 0.090625
0 0.35078125 0.31875 0.04739583333333333 0.09375
0 0.30234375 0.316796875 0.04635416666666667 0.10078125
0 0.2557291666666667 0.312109375 0.04895833333333333 0.0921875
0 0.21041666666666667 0.3146484375 0.040625 0.088671875
0 0.07057291666666667 0.312109375 0.06197916666666667 0.1015625
0 0.02265625 0.31796875 0.034895833333333334 0.090625
0 0.9450520833333333 0.2052734375 0.05260416666666667 0.073046875
0 0.8932291666666666 0.2 0.04791666666666667 0.0828125
0 0.82890625 0.2126953125 0.03177083333333333 0.100390625
0 0.7963541666666667 0.2099609375 0.030208333333333334 0.098046875
0 0.75546875 0.2201171875 0.05364583333333333 0.078515625
0 0.7041666666666667 0.219921875 0.046875 0.078125
0 0.6588541666666666 0.2103515625 0.04583333333333333 0.098828125
0 0.6111979166666667 0.2033203125 0.0390625 0.103515625
0 0.5760416666666667 0.2044921875 0.028125 0.106640625
0 0.5463541666666667 0.2033203125 0.029166666666666667 0.103515625
0 0.51171875 0.201953125 0.03177083333333333 0.109375
0 0.47708333333333336 0.2015625 0.035416666666666666 0.10703125
0 0.44427083333333334 0.2 0.03229166666666667 0.11015625
0 0.40546875 0.194140625 0.034895833333333334 0.11640625
0 0.36744791666666665 0.157421875 0.03802083333333333 0.0296875
0 0.36770833333333336 0.212890625 0.041666666666666664 0.0796875
0 0.3294270833333333 0.20703125 0.03802083333333333 0.0921875
0 0.2828125 0.194140625 0.03333333333333333 0.1203125
0 0.24635416666666668 0.190234375 0.03958333333333333 0.11484375
0 0.21041666666666667 0.1900390625 0.03125 0.117578125
0 0.175 0.1861328125 0.036458333333333336 0.120703125
0 0.06510416666666667 0.1849609375 0.0375 0.105078125
0 0.446875 0.3251953125 0.041666666666666664 0.085546875
0 0.490625 0.32578125 0.036458333333333336 0.08671875
0 0.53125 0.3248046875 0.04479166666666667 0.086328125
0 0.5770833333333333 0.326171875 0.04375 0.0875
0 0.9208333333333333 0.446875 0.034375 0.0953125
0 0.8708333333333333 0.45078125 0.059375 0.09609375
0 0.8138020833333334 0.44375 0.03802083333333333 0.07734375
0 0.7729166666666667 0.4365234375 0.03854166666666667 0.087109375
0 0.73359375 0.4345703125 0.0359375 0.084765625
0 0.69453125 0.4380859375 0.03802083333333333 0.085546875
0 0.6520833333333333 0.4345703125 0.04479166666666667 0.077734375
0 0.6075520833333333 0.4376953125 0.0390625 0.082421875
0 0.5661458333333333 0.4341796875 0.04479166666666667 0.087890625
0 0.52421875 0.4357421875 0.04010416666666667 0.085546875
0 0.48046875 0.4349609375 0.0453125 0.083984375
0 0.43828125 0.43671875 0.04010416666666667 0.0875
0 0.39557291666666666 0.4359375 0.044270833333333336 0.084375
0 0.3497395833333333 0.4345703125 0.0484375 0.086328125
0 0.9854166666666667 0.4466796875 0.03125 0.093359375
0 0.2994791666666667 0.4349609375 0.046875 0.083984375
0 0.20208333333333334 0.4330078125 0.051041666666666666 0.083203125
0 0.15182291666666667 0.4279296875 0.049479166666666664 0.092578125
0 0.10052083333333334 0.427734375 0.052083333333333336 0.09140625
0 0.05182291666666667 0.4306640625 0.04739583333333333 0.085546875
0 0.9770833333333333 0.3162109375 0.034375 0.098828125
0 0.9486979166666667 0.3150390625 0.0203125 0.097265625
0 0.9177083333333333 0.3142578125 0.0375 0.092578125
0 0.8833333333333333 0.3115234375 0.035416666666666666 0.100390625
0 0.8359375 0.3353515625 0.036458333333333336 0.073046875
0 0.7942708333333334 0.3333984375 0.04895833333333333 0.066796875
0 0.7520833333333333 0.3310546875 0.03333333333333333 0.074609375
0 0.7106770833333333 0.33203125 0.050520833333333334 0.07734375
0 0.6645833333333333 0.333984375 0.040625 0.07578125
0 0.6216145833333333 0.3271484375 0.04010416666666667 0.079296875
0 0.2520833333333333 0.43359375 0.04791666666666667 0.08671875
0 0.5453125 0.78125 0.03958333333333333 0.10546875
0 0.140625 0.1890625 0.030208333333333334 0.115625
