0 0.03656045751633987 0.7725183823529411 0.06004901960784314 0.09160539215686274
0 0.2992238562091503 0.4771752450980392 0.010212418300653595 0.035845588235294115
0 0.2881944444444444 0.4768688725490196 0.010212418300653595 0.03768382352941176
0 0.1868872549019608 0.6268382352941176 0.06658496732026144 0.10600490196078431
0 0.12050653594771242 0.6383272058823529 0.0457516339869281 0.08486519607843138
0 0.04820261437908497 0.6098345588235294 0.08251633986928104 0.03952205882352941
0 0.058619281045751634 0.6674325980392157 0.07230392156862746 0.0585171568627451
0 0.3723447712418301 0.3115808823529412 0.024918300653594773 0.03308823529411765
0 0.3974673202614379 0.30744485294117646 0.024509803921568627 0.0352328431372549
0 0.3290441176470588 0.47457107843137253 0.01184640522875817 0.031862745098039214
0 0.30861928104575165 0.2786458333333333 0.02246732026143791 0.03216911764705882
0 0.35784313725490197 0.2725183823529412 0.018790849673202614 0.03400735294117647
0 0.3776552287581699 0.27068014705882354 0.020016339869281044 0.0389093137254902
0 0.9428104575163399 0.6795343137254902 0.04411764705882353 0.09068627450980392
0 0.4411764705882353 0.3098958333333333 0.025326797385620915 0.03216911764705882
0 0.4362745098039216 0.27098651960784315 0.029411764705882353 0.033394607843137254
0 0.4722222222222222 0.3007046568627451 0.02369281045751634 0.04993872549019608
0 0.4987745098039216 0.3010110294117647 0.025326797385620915 0.045649509803921566
0 0.5016339869281046 0.24892769607843138 0.026143790849673203 0.05116421568627451
0 0.33455882352941174 0.27481617647058826 0.026143790849673203 0.03799019607843137
0 0.5443218954248366 0.2423406862745098 0.0363562091503268 0.05514705882352941
0 0.36090686274509803 0.48422181372549017 0.01184640522875817 0.03768382352941176
0 0.4013480392156863 0.48912377450980393 0.012663398692810458 0.035845588235294115
0 0.5375816993464052 0.5871629901960784 0.049019607843137254 0.05606617647058824
0 0.49203431372549017 0.5831801470588235 0.03145424836601307 0.06096813725490196
0 0.34701797385620914 0.31173406862745096 0.025735294117647058 0.030943627450980393
0 0.45955882352941174 0.5810355392156863 0.02696078431372549 0.05667892156862745
0 0.42749183006535946 0.5681678921568627 0.0298202614379085 0.048100490196078434
0 0.3966503267973856 0.5641850490196079 0.016339869281045753 0.05422794117647059
0 0.3727532679738562 0.5484068627450981 0.03227124183006536 0.0545343137254902
0 0.3410947712418301 0.5522365196078431 0.01715686274509804 0.03707107843137255
0 0.37745098039215685 0.48422181372549017 0.0196078431372549 0.036458333333333336
0 0.8163807189542484 0.5389093137254902 0.05024509803921569 0.0661764705882353
0 0.6785130718954249 0.5193014705882353 0.04003267973856209 0.06740196078431372
0 0.6270424836601307 0.5117953431372549 0.0392156862745098 0.057904411764705885
0 0.5882352941176471 0.5061274509803921 0.028594771241830064 0.06004901960784314
0 0.5353349673202614 0.5101102941176471 0.01838235294117647 0.0392156862745098
0 0.5002042483660131 0.5018382352941176 0.015931372549019607 0.03982843137254902
0 0.4846813725490196 0.5 0.013480392156862746 0.03615196078431373
0 0.4707924836601307 0.4987745098039216 0.014297385620915032 0.03860294117647059
0 0.4446486928104575 0.4944852941176471 0.01919934640522876 0.03676470588235294
0 0.7665441176470589 0.5327818627450981 0.0428921568627451 0.0778186274509804
0 0.5900735294117647 0.5948223039215687 0.04861111111111111 0.06464460784313726
0 0.5371732026143791 0.3020833333333333 0.03839869281045752 0.05024509803921569
0 0.6272467320261438 0.27925857843137253 0.07475490196078431 0.08915441176470588
0 0.3633578431372549 0.4163602941176471 0.016748366013071895 0.05330882352941176
0 0.34558823529411764 0.4143688725490196 0.016339869281045753 0.05116421568627451
0 0.5992647058823529 0.22257965686274508 0.04084967320261438 0.020526960784313725
0 0.6795343137254902 0.28109681372549017 0.02246732026143791 0.07996323529411764
0 0.7105800653594772 0.2803308823529412 0.03308823529411765 0.07965686274509803
0 0.7236519607843137 0.22732843137254902 0.0298202614379085 0.015318627450980392
0 0.7497957516339869 0.29381127450980393 0.03227124183006536 0.04779411764705882
0 0.7879901960784313 0.2693014705882353 0.04411764705882353 0.09191176470588236
0 0.38296568627450983 0.41482843137254904 0.024101307189542485 0.05514705882352941
0 0.8404820261437909 0.27588848039215685 0.056781045751633986 0.09160539215686274
0 0.309640522875817 0.4137561274509804 0.014705882352941176 0.045649509803921566
0 0.2949346405228758 0.41237745098039214 0.014705882352941176 0.05514705882352941
0 0.24285130718954248 0.4028799019607843 0.05106209150326797 0.08639705882352941
0 0.1919934640522876 0.40456495098039214 0.041666666666666664 0.09466911764705882
0 0.14011437908496732 0.4024203431372549 0.059640522875817 0.0897671568627451
0 0.08312908496732026 0.39537377450980393 0.05106209150326797 0.10263480392156862
0 0.9170751633986928 0.26516544117647056 0.0915032679738562 0.10753676470588236
0 0.03125 0.3955269607843137 0.04370915032679738 0.10600490196078431
0 0.32802287581699346 0.41605392156862747 0.0196078431372549 0.05024509803921569
0 0.5745506535947712 0.29794730392156865 0.026552287581699346 0.05177696078431373
0 0.40175653594771243 0.4169730392156863 0.013480392156862746 0.05698529411764706
0 0.47058823529411764 0.4183517156862745 0.02696078431372549 0.06954656862745098
0 0.2973856209150327 0.5284926470588235 0.041666666666666664 0.0545343137254902
0 0.23774509803921567 0.5124080882352942 0.04411764705882353 0.08486519607843138
0 0.1815767973856209 0.5151654411764706 0.05923202614379085 0.08363970588235294
0 0.136437908496732 0.5410539215686274 0.03022875816993464 0.03553921568627451
0 0.09211601307189543 0.5217524509803921 0.04044117647058824 0.07965686274509803
0 0.0428921568627451 0.5277267156862745 0.05065359477124183 0.07873774509803921
0 0.7902369281045751 0.38327205882352944 0.0428921568627451 0.04718137254901961
0 0.766748366013072 0.9552696078431373 0.03349673202614379 0.09068627450980392
0 0.4258578431372549 0.41681985294117646 0.03308823529411765 0.05606617647058824
0 0.9070669934640523 0.38434436274509803 0.0755718954248366 0.03707107843137255
0 0.8314950980392157 0.4499080882352941 0.04534313725490196 0.07506127450980392
0 0.7781862745098039 0.4508272058823529 0.04738562091503268 0.05974264705882353
0 0.7291666666666666 0.4411764705882353 0.041666666666666664 0.07904411764705882
0 0.6701388888888888 0.4338235294117647 0.061683006535947715 0.06495098039215687
0 0.6194852941176471 0.4309129901960784 0.039624183006535946 0.07506127450980392
0 0.5841503267973857 0.43075980392156865 0.02696078431372549 0.061887254901960786
0 0.5504493464052288 0.42830882352941174 0.039624183006535946 0.06740196078431372
0 0.5006127450980392 0.4212622549019608 0.030637254901960783 0.07107843137254902
0 0.9023692810457516 0.4465379901960784 0.09068627450980392 0.08057598039215687
0 0.8596813725490197 0.5575980392156863 0.024918300653594773 0.05024509803921569
0 0.40155228758169936 0.2685355392156863 0.02287581699346405 0.035845588235294115
0 0.9138071895424836 0.5651041666666666 0.024509803921568627 0.06525735294117647
0 0.39644607843137253 0.8022365196078431 0.01919934640522876 0.0934436274509804
0 0.41687091503267976 0.8218443627450981 0.02165032679738562 0.09712009803921569
0 0.44056372549019607 0.8316482843137255 0.024101307189542485 0.07996323529411764
0 0.46425653594771243 0.8469669117647058 0.023284313725490197 0.10876225490196079
0 0.4881535947712418 0.8538602941176471 0.02369281045751634 0.09313725490196079
0 0.5112336601307189 0.8667279411764706 0.02165032679738562 0.11213235294117647
0 0.5420751633986928 0.8855698529411765 0.035130718954248366 0.08241421568627451
0 0.37193627450980393 0.7918198529411765 0.027369281045751634 0.08547794117647059
0 0.573937908496732 0.9025735294117647 0.02287581699346405 0.09068627450980392
0 0.6491013071895425 0.9238664215686274 0.028594771241830064 0.14981617647058823
0 0.6897467320261438 0.9379595588235294 0.04616013071895425 0.1253063725490196
0 0.7322303921568627 0.9482230392156863 0.03227124183006536 0.10477941176470588
0 0.36560457516339867 0.6165747549019608 0.02369281045751634 0.02849264705882353
0 0.31495098039215685 0.6355698529411765 0.018790849673202614 0.07199754901960784
0 0.2945261437908497 0.5899203431372549 0.0196078431372549 0.019301470588235295
0 0.2849264705882353 0.6357230392156863 0.026552287581699346 0.04963235294117647
0 0.6058006535947712 0.922640931372549 0.031862745098039214 0.08731617647058823
0 0.3394607843137255 0.7873774509803921 0.02042483660130719 0.07107843137254902
0 0.31842320261437906 0.7748161764705882 0.016748366013071895 0.04963235294117647
0 0.30269607843137253 0.7676164215686274 0.013888888888888888 0.0628063725490196
0 0.5598447712418301 0.7225796568627451 0.05514705882352941 0.06341911764705882
0 0.6290849673202614 0.7515318627450981 0.05555555555555555 0.08333333333333333
0 0.5104166666666666 0.7172181372549019 0.042075163398692814 0.07720588235294118
0 0.4742647058823529 0.7034313725490197 0.017973856209150325 0.049019607843137254
0 0.4483251633986928 0.6905637254901961 0.026552287581699346 0.06004901960784314
0 0.42483660130718953 0.6829044117647058 0.01715686274509804 0.05575980392156863
0 0.3997140522875817 0.6692708333333334 0.03227124183006536 0.0548406862745098
0 0.3737745098039216 0.6692708333333334 0.018790849673202614 0.057904411764705885
0 0.886437908496732 0.5556066176470589 0.02042483660130719 0.05177696078431373
0 0.6813725490196079 0.7553615196078431 0.026143790849673203 0.06709558823529412
0 0.7109885620915033 0.7863051470588235 0.028186274509803922 0.08118872549019608
0 0.7634803921568627 0.788296568627451 0.04330065359477124 0.0661764705882353
0 0.8143382352941176 0.8302696078431373 0.04616013071895425 0.0778186274509804
0 0.8733660130718954 0.8337928921568627 0.07107843137254902 0.07077205882352941
0 0.9462826797385621 0.8514093137254902 0.06658496732026144 0.10784313725490197
0 0.2624591503267974 0.7522977941176471 0.020016339869281044 0.07506127450980392
0 0.284109477124183 0.7604166666666666 0.02165032679738562 0.05943627450980392
0 0.18831699346405228 0.7388174019607843 0.07924836601307189 0.09650735294117647
0 0.10457516339869281 0.7555147058823529 0.06862745098039216 0.11948529411764706
0 0.3492647058823529 0.6594669117647058 0.02696078431372549 0.048100490196078434
0 0.2604166666666667 0.29871323529411764 0.024918300653594773 0.10355392156862746
0 0.6791258169934641 0.6354166666666666 0.05024509803921569 0.0625
0 0.7326388888888888 0.640625 0.04534313725490196 0.061887254901960786
0 0.7802287581699346 0.6407781862745098 0.04493464052287582 0.08241421568627451
0 0.8737745098039216 0.6564031862745098 0.06209150326797386 0.07628676470588236
0 0.3249591503267974 0.31081495098039214 0.016748366013071895 0.03155637254901961
0 0.30575980392156865 0.3147977941176471 0.013480392156862746 0.03462009803921569
0 0.9385212418300654 0.0822610294117647 0.044526143790849675 0.09712009803921569
0 0.8412990196078431 0.09160539215686274 0.051879084967320264 0.1017156862745098
0 0.3396650326797386 0.18658088235294118 0.039624183006535946 0.07598039215686274
0 0.41544117647058826 0.16666666666666666 0.03431372549019608 0.07904411764705882
0 0.4675245098039216 0.15870098039215685 0.0428921568627451 0.0900735294117647
0 0.5492238562091504 0.15012254901960784 0.06576797385620915 0.06740196078431372
0 0.6519607843137255 0.11963848039215687 0.05392156862745098 0.09528186274509803
0 0.7056781045751634 0.1055453431372549 0.0494281045751634 0.11979166666666667
0 0.7522467320261438 0.11121323529411764 0.030637254901960783 0.09068627450980392
0 0.7918709150326797 0.10217524509803921 0.04861111111111111 0.0977328431372549
0 0.3790849673202614 0.1723345588235294 0.03594771241830065 0.09160539215686274
0 0.22242647058823528 0.28753063725490197 0.04861111111111111 0.09895833333333333
0 0.891748366013072 0.0860906862745098 0.04738562091503268 0.10600490196078431
0 0.04350490196078431 0.2685355392156863 0.07720588235294118 0.10079656862745098
0 0.8002450980392157 0.9624693627450981 0.02696078431372549 0.07628676470588236
0 0.02369281045751634 0.13480392156862744 0.03758169934640523 0.10477941176470588
0 0.06515522875816994 0.14613970588235295 0.03145424836601307 0.11458333333333333
0 0.1830065359477124 0.29442401960784315 0.02696078431372549 0.08762254901960784
0 0.09865196078431372 0.15747549019607843 0.030637254901960783 0.08762254901960784
0 0.13214869281045752 0.1645220588235294 0.03390522875816993 0.09375
0 0.909109477124183 0.9552696078431373 0.18423202614379086 0.09068627450980392
0 0.16237745098039216 0.16988357843137256 0.027369281045751634 0.08731617647058823
0 0.948937908496732 0.5687806372549019 0.027777777777777776 0.05422794117647059
0 0.2354983660130719 0.19041053921568626 0.0363562091503268 0.0818014705882353
0 0.2704248366013072 0.19975490196078433 0.02287581699346405 0.07352941176470588
0 0.19158496732026145 0.17861519607843138 0.03104575163398693 0.10294117647058823
