0 0.08660368217054264 0.6484173126614987 0.04530038759689922 0.14825581395348839
0 0.037427325581395346 0.6492248062015504 0.04966085271317829 0.14470284237726097
0 0.9656007751937985 0.4488049095607235 0.037306201550387594 0.17603359173126615
0 0.922843992248062 0.4465439276485788 0.03609496124031008 0.16892764857881137
0 0.8890503875968992 0.4478359173126615 0.029069767441860465 0.166343669250646
0 0.6979166666666666 0.45122739018087854 0.036337209302325583 0.16149870801033592
0 0.8041424418604651 0.4497739018087855 0.052567829457364344 0.16117571059431524
0 0.7498788759689923 0.4491279069767442 0.048207364341085274 0.17151162790697674
0 0.13347868217054262 0.6508397932816538 0.041666666666666664 0.15051679586563307
0 0.5987160852713178 0.5184108527131783 0.053536821705426355 0.046511627906976744
0 0.5972625968992248 0.4673772609819121 0.057897286821705425 0.05232558139534884
0 0.8524709302325582 0.4470284237726098 0.030523255813953487 0.16731266149870802
0 0.17805232558139536 0.6529392764857881 0.04312015503875969 0.14760981912144702
0 0.33757267441860467 0.6548772609819121 0.04190891472868217 0.13016795865633074
0 0.26526162790697677 0.6587532299741602 0.03972868217054264 0.13791989664082688
0 0.3006298449612403 0.6558462532299741 0.02810077519379845 0.13210594315245477
0 0.3820251937984496 0.6469638242894057 0.041182170542635656 0.1479328165374677
0 0.42369186046511625 0.6435723514211886 0.036337209302325583 0.1385658914728682
0 0.4596656976744186 0.6414728682170543 0.032703488372093026 0.13695090439276486
0 0.48825096899224807 0.6382428940568475 0.023498062015503876 0.1375968992248062
0 0.5147771317829457 0.6346899224806202 0.02422480620155039 0.14728682170542637
0 0.5641957364341085 0.6429263565891473 0.03294573643410853 0.14437984496124032
0 0.607921511627907 0.582687338501292 0.04675387596899225 0.03617571059431524
0 0.6065891472868217 0.6175710594315246 0.04748062015503876 0.031007751937984496
0 0.6062257751937985 0.6547157622739018 0.04675387596899225 0.03617571059431524
0 0.6062257751937985 0.6950904392764858 0.04675387596899225 0.044573643410852716
0 0.22250484496124032 0.6547157622739018 0.04045542635658915 0.14405684754521964
0 0.6527374031007752 0.6406653746770026 0.0249515503875969 0.14244186046511628
0 0.9900678294573644 0.8065245478036176 0.01986434108527132 0.13565891472868216
0 0.7336482558139535 0.6375968992248062 0.039001937984496124 0.15051679586563307
0 0.9528827519379846 0.8055555555555556 0.04626937984496124 0.14082687338501293
0 0.9028585271317829 0.8055555555555556 0.04312015503875969 0.13630490956072353
0 0.8453246124031008 0.8081395348837209 0.04869186046511628 0.1511627906976744
0 0.7942102713178295 0.8086240310077519 0.03803294573643411 0.13791989664082688
0 0.7508478682170543 0.8041020671834626 0.03609496124031008 0.14050387596899225
0 0.7103924418604651 0.8113695090439277 0.03609496124031008 0.1434108527131783
0 0.6676356589147286 0.8041020671834626 0.03488372093023256 0.13598191214470284
0 0.6335998062015504 0.8131459948320413 0.029796511627906978 0.1469638242894057
0 0.5958091085271318 0.8126614987080103 0.03512596899224806 0.14082687338501293
0 0.5320978682170543 0.8142764857881137 0.03561046511627907 0.13953488372093023
0 0.48231589147286824 0.8062015503875969 0.04748062015503876 0.14470284237726097
0 0.43531976744186046 0.812984496124031 0.036337209302325583 0.14147286821705427
0 0.3854166666666667 0.813953488372093 0.04408914728682171 0.13372093023255813
0 0.34096414728682173 0.8168604651162791 0.03997093023255814 0.13953488372093023
0 0.30075096899224807 0.8176679586563308 0.04045542635658915 0.13921188630490955
0 0.2562984496124031 0.8187984496124031 0.04312015503875969 0.13372093023255813
0 0.21172480620155038 0.8204134366925064 0.03488372093023256 0.13501291989664083
0 0.17587209302325582 0.8011950904392765 0.030038759689922482 0.11337209302325581
0 0.13747577519379844 0.8278423772609819 0.042877906976744186 0.1330749354005168
0 0.09823158914728682 0.8288113695090439 0.03464147286821705 0.13953488372093023
0 0.05862403100775194 0.8162144702842378 0.041666666666666664 0.1434108527131783
0 0.018168604651162792 0.8220284237726099 0.036337209302325583 0.13565891472868216
0 0.9821947674418605 0.6409883720930233 0.03512596899224806 0.1501937984496124
0 0.9462209302325582 0.6384043927648578 0.031492248062015504 0.14954780361757106
0 0.9012839147286822 0.6374354005167958 0.04530038759689922 0.1527777777777778
0 0.7739825581395349 0.6354974160206718 0.035368217054263566 0.15342377260981913
0 0.5924176356589147 0.4085917312661499 0.04093992248062016 0.04974160206718346
0 0.6925872093023255 0.6417958656330749 0.03439922480620155 0.14922480620155038
0 0.5555959302325582 0.4588178294573643 0.023013565891472867 0.16440568475452197
0 0.6597625968992248 0.4568798449612403 0.037063953488372096 0.17732558139534885
0 0.4909156976744186 0.4672157622739018 0.030281007751937983 0.16698966408268734
0 0.7560562015503876 0.26776485788113696 0.024709302325581394 0.1375968992248062
0 0.7214147286821705 0.26631136950904394 0.027131782945736434 0.14631782945736435
0 0.6585513565891473 0.2868217054263566 0.025920542635658916 0.10142118863049096
0 0.6137354651162791 0.3178294573643411 0.058381782945736434 0.050387596899224806
0 0.6150678294573644 0.2685723514211886 0.05571705426356589 0.0481266149870801
0 0.6201550387596899 0.21818475452196381 0.055232558139534885 0.045542635658914726
0 0.5555959302325582 0.311046511627907 0.048207364341085274 0.05103359173126615
0 0.5572916666666666 0.26421188630490955 0.04966085271317829 0.04392764857881137
0 0.5606831395348837 0.21608527131782945 0.056443798449612406 0.04844961240310078
0 0.5195009689922481 0.2467700258397933 0.02446705426356589 0.18152454780361757
0 0.4901889534883721 0.2487080103359173 0.034156976744186045 0.1834625322997416
0 0.452156007751938 0.2532299741602067 0.039001937984496124 0.1776485788113695
0 0.40419089147286824 0.25290697674418605 0.0438468992248062 0.1847545219638243
0 0.7867005813953488 0.25080749354005166 0.027858527131782947 0.1708656330749354
0 0.36022286821705424 0.2548449612403101 0.04408914728682171 0.18604651162790697
0 0.31007751937984496 0.2378875968992248 0.055232558139534885 0.07267441860465117
0 0.23037790697674418 0.2958656330749354 0.10465116279069768 0.08591731266149871
0 0.109375 0.268733850129199 0.033187984496124034 0.1582687338501292
0 0.0715843023255814 0.27051033591731266 0.033672480620155036 0.15988372093023256
0 0.031128875968992248 0.270671834625323 0.037063953488372096 0.15762273901808785
0 0.9517926356589147 0.047157622739018086 0.09593023255813954 0.0872093023255814
0 0.8404796511627907 0.04974160206718346 0.10343992248062016 0.09496124031007752
0 0.7321947674418605 0.052002583979328165 0.10295542635658915 0.09431524547803617
0 0.5656492248062015 0.0521640826873385 0.20300387596899225 0.10174418604651163
0 0.3866279069767442 0.05458656330749354 0.1511627906976744 0.1020671834625323
0 0.23280038759689922 0.05490956072351421 0.15261627906976744 0.09948320413436693
0 0.07497577519379844 0.05555555555555555 0.1499515503875969 0.1111111111111111
0 0.5251937984496124 0.46059431524547806 0.028585271317829456 0.16602067183462532
0 0.31504360465116277 0.311046511627907 0.04578488372093023 0.06782945736434108
0 0.8200096899224806 0.24773901808785528 0.03197674418604651 0.16472868217054262
0 0.14765019379844962 0.292312661498708 0.034156976744186045 0.10981912144702842
0 0.024830426356589146 0.4786821705426357 0.03512596899224806 0.14922480620155038
0 0.06468023255813954 0.47739018087855295 0.03924418604651163 0.14922480620155038
0 0.17405523255813954 0.47771317829457366 0.03609496124031008 0.14728682170542637
0 0.26296027131782945 0.5043604651162791 0.09859496124031007 0.08688630490956073
0 0.9906734496124031 0.24757751937984496 0.019137596899224806 0.16892764857881137
0 0.9595445736434108 0.24483204134366926 0.030038759689922482 0.1686046511627907
0 0.9276889534883721 0.2467700258397933 0.029796511627906978 0.1698966408268734
0 0.890625 0.24806201550387597 0.03512596899224806 0.1698966408268734
0 0.8568313953488372 0.24757751937984496 0.028585271317829456 0.16892764857881137
0 0.33636143410852715 0.45268087855297157 0.04675387596899225 0.06621447028423773
0 0.10174418604651163 0.480297157622739 0.025193798449612403 0.1479328165374677
0 0.1352955426356589 0.47771317829457366 0.03125 0.15180878552971577
0 0.3379360465116279 0.5166343669250646 0.046511627906976744 0.05717054263565891
0 0.3791182170542636 0.46560077519379844 0.035368217054263566 0.1592377260981912
0 0.420421511627907 0.4630167958656331 0.04239341085271318 0.16117571059431524
