0 0.37578125 0.4337890625 0.0484375 0.090234375
0 0.325 0.434765625 0.04583333333333333 0.090625
0 0.47604166666666664 0.434765625 0.04791666666666667 0.08984375
0 0.12890625 0.4345703125 0.058854166666666666 0.091796875
0 0.5260416666666666 0.4328125 0.04791666666666667 0.08984375
0 0.91875 0.427734375 0.04375 0.0984375
0 0.96796875 0.4279296875 0.0515625 0.098828125
0 0.6044270833333333 0.712890625 0.06927083333333334 0.09140625
0 0.08828125 0.5837890625 0.0796875 0.094921875
0 0.42473958333333334 0.4337890625 0.0484375 0.090234375
0 0.06510416666666667 0.42265625 0.06041666666666667 0.08515625
0 0.6856770833333333 0.4248046875 0.05572916666666667 0.105859375
0 0.8658854166666666 0.4283203125 0.05677083333333333 0.097265625
0 0.80625 0.4255859375 0.057291666666666664 0.107421875
0 0.7463541666666667 0.426171875 0.06145833333333333 0.10546875
0 0.171875 0.5818359375 0.078125 0.091015625
0 0.846875 0.274609375 0.0625 0.103125
0 0.78203125 0.2748046875 0.06197916666666667 0.105078125
0 0.7171875 0.2755859375 0.06145833333333333 0.103515625
0 0.65703125 0.2796875 0.050520833333333334 0.09609375
0 0.6049479166666667 0.2796875 0.050520833333333334 0.09609375
0 0.5518229166666667 0.2798828125 0.050520833333333334 0.099609375
0 0.4984375 0.274609375 0.052083333333333336 0.11015625
0 0.44635416666666666 0.2828125 0.052083333333333336 0.0921875
0 0.9119791666666667 0.28359375 0.059375 0.08515625
0 0.24765625 0.5302734375 0.0640625 0.023046875
0 0.46875 0.716796875 0.06041666666666667 0.02421875
0 0.534375 0.6984375 0.0625 0.03671875
0 0.8104166666666667 0.603125 0.06458333333333334 0.046875
0 0.8890625 0.55390625 0.075 0.0484375
0 0.96484375 0.554296875 0.06927083333333334 0.04921875
0 0.8859375 0.6048828125 0.06875 0.048046875
0 0.9627604166666667 0.6044921875 0.07447916666666667 0.047265625
0 0.04114583333333333 0.7197265625 0.071875 0.091796875
0 0.1109375 0.683203125 0.06041666666666667 0.0296875
0 0.175 0.6861328125 0.0625 0.030078125
0 0.1140625 0.716015625 0.0625 0.02734375
0 0.9796875 0.8298828125 0.040625 0.107421875
0 0.39401041666666664 0.2822265625 0.0515625 0.093359375
0 0.18020833333333333 0.716015625 0.065625 0.02734375
0 0.115625 0.748046875 0.065625 0.0296875
0 0.18411458333333333 0.7466796875 0.06614583333333333 0.030078125
0 0.3234375 0.7154296875 0.075 0.088671875
0 0.8114583333333333 0.5541015625 0.06979166666666667 0.048828125
0 0.53359375 0.739453125 0.0609375 0.03984375
0 0.73828125 0.57890625 0.07135416666666666 0.09609375
0 0.59140625 0.60859375 0.06197916666666667 0.03671875
0 0.46927083333333336 0.7447265625 0.06145833333333333 0.026171875
0 0.4713541666666667 0.6888671875 0.058333333333333334 0.026953125
0 0.40390625 0.746875 0.0640625 0.025
0 0.40625 0.7189453125 0.06145833333333333 0.023046875
0 0.24557291666666667 0.5572265625 0.06302083333333333 0.025390625
0 0.24375 0.5845703125 0.06354166666666666 0.025390625
0 0.24375 0.6138671875 0.06354166666666666 0.025390625
0 0.31145833333333334 0.5552734375 0.06354166666666666 0.025390625
0 0.30885416666666665 0.585546875 0.06354166666666666 0.02578125
0 0.309375 0.6140625 0.06354166666666666 0.02578125
0 0.3796875 0.5798828125 0.07291666666666667 0.094921875
0 0.4552083333333333 0.577734375 0.07708333333333334 0.10078125
0 0.5265625 0.5689453125 0.06145833333333333 0.037890625
0 0.5942708333333333 0.5693359375 0.06354166666666666 0.038671875
0 0.5263020833333333 0.6087890625 0.0640625 0.038671875
0 0.6651041666666667 0.578515625 0.071875 0.09609375
0 0.3411458333333333 0.28046875 0.053125 0.096875
0 0.5760416666666667 0.4333984375 0.04791666666666667 0.090234375
0 0.22265625 0.2814453125 0.05260416666666667 0.096484375
0 0.7541666666666667 0.7349609375 0.06354166666666666 0.051953125
0 0.7731770833333333 0.8173828125 0.0546875 0.041796875
0 0.71953125 0.8166015625 0.0515625 0.042578125
0 0.6494791666666667 0.839453125 0.06979166666666667 0.08359375
0 0.5729166666666666 0.83828125 0.06770833333333333 0.08125
0 0.50703125 0.866015625 0.06510416666666667 0.03125
0 0.5044270833333333 0.83125 0.059895833333333336 0.034375
0 0.28229166666666666 0.28125 0.058333333333333334 0.09765625
0 0.8221354166666667 0.7359375 0.0703125 0.05390625
0 0.89375 0.7041015625 0.07083333333333333 0.040234375
0 0.8916666666666667 0.74375 0.06458333333333334 0.0359375
0 0.8223958333333333 0.6822265625 0.06666666666666667 0.053515625
0 0.9598958333333333 0.70234375 0.06041666666666667 0.03828125
0 0.03567708333333333 0.8087890625 0.0609375 0.026953125
0 0.09895833333333333 0.8064453125 0.06145833333333333 0.027734375
0 0.035416666666666666 0.8408203125 0.06354166666666666 0.026953125
0 0.1015625 0.838671875 0.0625 0.028125
0 0.04010416666666667 0.8712890625 0.058333333333333334 0.028515625
0 0.10442708333333334 0.8693359375 0.06197916666666667 0.030078125
0 0.18463541666666666 0.8158203125 0.09947916666666666 0.044140625
0 0.18802083333333333 0.8615234375 0.09895833333333333 0.044140625
0 0.27578125 0.816796875 0.0734375 0.040625
0 0.35546875 0.815234375 0.07447916666666667 0.04296875
0 0.275 0.8623046875 0.07604166666666666 0.042578125
0 0.96015625 0.743359375 0.06302083333333333 0.03671875
0 0.3533854166666667 0.8615234375 0.07447916666666667 0.044140625
0 0.75078125 0.6791015625 0.0640625 0.051171875
0 0.20546875 0.1267578125 0.06927083333333334 0.118359375
0 0.16588541666666667 0.280859375 0.050520833333333334 0.09765625
0 0.10520833333333333 0.28125 0.05 0.09765625
0 0.05026041666666667 0.2806640625 0.050520833333333334 0.098046875
0 0.9270833333333334 0.1232421875 0.06458333333333334 0.112109375
0 0.8643229166666667 0.1236328125 0.05364583333333333 0.108203125
0 0.7989583333333333 0.1234375 0.07083333333333333 0.11171875
0 0.7315104166666667 0.1234375 0.0609375 0.11171875
0 0.6674479166666667 0.1244140625 0.06302083333333333 0.114453125
0 0.62890625 0.4328125 0.0515625 0.09140625
0 0.93203125 0.830078125 0.05260416666666667 0.1046875
0 0.87734375 0.8701171875 0.04739583333333333 0.023046875
0 0.6778645833333333 0.7134765625 0.07239583333333334 0.093359375
0 0.8809895833333333 0.8458984375 0.04739583333333333 0.023046875
0 0.8283854166666667 0.87265625 0.04635416666666667 0.02265625
0 0.8278645833333333 0.849609375 0.049479166666666664 0.0203125
0 0.8299479166666667 0.8267578125 0.049479166666666664 0.025390625
0 0.77421875 0.8603515625 0.049479166666666664 0.041796875
0 0.7200520833333334 0.860546875 0.05260416666666667 0.0421875
0 0.6028645833333334 0.1236328125 0.06302083333333333 0.113671875
0 0.54140625 0.1240234375 0.05260416666666667 0.118359375
0 0.47760416666666666 0.1232421875 0.07083333333333333 0.114453125
0 0.41354166666666664 0.1380859375 0.05416666666666667 0.082421875
0 0.3380208333333333 0.1255859375 0.052083333333333336 0.118359375
0 0.27109375 0.1271484375 0.06197916666666667 0.118359375
0 0.8794270833333333 0.821484375 0.0484375 0.02265625
0 0.4278645833333333 0.86171875 0.06822916666666666 0.0359375
