0 0.5447115384615384 0.7189903846153847 0.08365384615384615 0.06442307692307692
0 0.4600961538461538 0.71875 0.08685897435897436 0.0673076923076923
0 0.3717948717948718 0.7195913461538461 0.08846153846153847 0.065625
0 0.25400641025641024 0.7126201923076924 0.13173076923076923 0.0733173076923077
0 0.11538461538461539 0.7151442307692307 0.13333333333333333 0.0764423076923077
0 0.022115384615384617 0.7163461538461539 0.03012820512820513 0.06971153846153846
0 0.11009615384615384 0.8171875 0.13942307692307693 0.1045673076923077
0 0.867948717948718 0.6344951923076924 0.027564102564102563 0.06274038461538461
0 0.2456730769230769 0.8164663461538462 0.1266025641025641 0.08725961538461538
0 0.3892628205128205 0.8236778846153846 0.10673076923076923 0.07475961538461538
0 0.49567307692307694 0.8239182692307693 0.10224358974358974 0.08052884615384616
0 0.5979166666666667 0.821875 0.10352564102564103 0.07211538461538461
0 0.6995192307692307 0.8240384615384615 0.09775641025641026 0.07403846153846154
0 0.7950320512820512 0.8144230769230769 0.08814102564102565 0.06586538461538462
0 0.8866987179487179 0.8112980769230769 0.09326923076923077 0.06586538461538462
0 0.6298076923076923 0.7203125 0.08653846153846154 0.061778846153846156
0 0.7139423076923077 0.7197115384615385 0.08173076923076923 0.061057692307692306
0 0.9115384615384615 0.7195913461538461 0.028846153846153848 0.059375
0 0.8536858974358974 0.7194711538461539 0.027243589743589744 0.05721153846153846
0 0.8379807692307693 0.6288461538461538 0.029166666666666667 0.019230769230769232
0 0.8934294871794872 0.6349759615384616 0.022756410256410255 0.06129807692307692
0 0.9227564102564103 0.6372596153846154 0.03141025641025641 0.05673076923076923
0 0.8040064102564103 0.6314903846153846 0.03621794871794872 0.01826923076923077
0 0.8107371794871795 0.6551682692307692 0.030448717948717948 0.020913461538461537
0 0.7738782051282052 0.6331730769230769 0.020833333333333332 0.06057692307692308
0 0.7496794871794872 0.6331730769230769 0.01987179487179487 0.06057692307692308
0 0.96875 0.8117788461538461 0.0625 0.0673076923076923
0 0.9538461538461539 0.6362980769230769 0.026923076923076925 0.05432692307692308
0 0.9862179487179488 0.6385817307692307 0.027564102564102563 0.06033653846153846
0 0.9932692307692308 0.7209134615384616 0.013461538461538462 0.06682692307692308
0 0.9713141025641026 0.7175480769230769 0.028525641025641025 0.06538461538461539
0 0.9434294871794872 0.7201923076923077 0.02532051282051282 0.06634615384615385
0 0.8387820512820513 0.6508413461538461 0.022435897435897436 0.023317307692307693
0 0.8836538461538461 0.7204326923076924 0.02564102564102564 0.05961538461538462
0 0.7967948717948717 0.7203125 0.08333333333333333 0.061778846153846156
0 0.46826923076923077 0.5463942307692308 0.022435897435897436 0.06298076923076923
0 0.3314102564102564 0.5617788461538461 0.041666666666666664 0.03413461538461538
0 0.41426282051282054 0.5487980769230769 0.025961538461538463 0.0625
0 0.10496794871794872 0.5195913461538462 0.04006410256410257 0.031009615384615385
0 0.15224358974358973 0.5209134615384615 0.04807692307692308 0.03221153846153846
0 0.06506410256410257 0.5443509615384615 0.032692307692307694 0.06274038461538461
0 0.023237179487179488 0.5415865384615385 0.02403846153846154 0.05576923076923077
0 0.07724358974358975 0.6295673076923077 0.023717948717948717 0.06394230769230769
0 0.10721153846153846 0.6293269230769231 0.02467948717948718 0.06442307692307692
0 0.1469551282051282 0.6263221153846154 0.04006410256410257 0.07427884615384615
0 0.1860576923076923 0.6253605769230769 0.029166666666666667 0.06610576923076923
0 0.22916666666666666 0.6262019230769231 0.03461538461538462 0.07067307692307692
0 0.30240384615384613 0.6243990384615384 0.027884615384615386 0.06370192307692307
0 0.340224358974359 0.6252403846153847 0.028525641025641025 0.06201923076923077
0 0.37740384615384615 0.6313701923076923 0.030448717948717948 0.06658653846153846
0 0.4048076923076923 0.6271634615384616 0.017948717948717947 0.06009615384615385
0 0.4267628205128205 0.6271634615384616 0.023397435897435898 0.06009615384615385
0 0.4519230769230769 0.627764423076923 0.026282051282051282 0.05889423076923077
0 0.47868589743589746 0.6248798076923077 0.02403846153846154 0.06081730769230769
0 0.5205128205128206 0.6284855769230769 0.03205128205128205 0.06610576923076923
0 0.5517628205128206 0.6262019230769231 0.02532051282051282 0.06009615384615385
0 0.5778846153846153 0.6269230769230769 0.021794871794871794 0.06057692307692308
0 0.6011217948717948 0.6287259615384615 0.023397435897435898 0.056971153846153845
0 0.6251602564102564 0.6274038461538461 0.021474358974358974 0.057692307692307696
0 0.09919871794871794 0.5605769230769231 0.03108974358974359 0.03221153846153846
0 0.16346153846153846 0.5599759615384615 0.04551282051282051 0.03774038461538461
0 0.19951923076923078 0.5211538461538462 0.03685897435897436 0.03173076923076923
0 0.24246794871794872 0.5254807692307693 0.04455128205128205 0.027403846153846154
0 0.3786858974358974 0.5622596153846153 0.041346153846153845 0.035576923076923075
0 0.7017628205128205 0.6289663461538462 0.02980769230769231 0.06274038461538461
0 0.28910256410256413 0.5603365384615384 0.04038461538461539 0.035096153846153846
0 0.296474358974359 0.5274038461538462 0.03012820512820513 0.02548076923076923
0 0.2618589743589744 0.6265625 0.025 0.065625
0 0.24455128205128204 0.3466346153846154 0.04871794871794872 0.036057692307692304
0 0.24919871794871795 0.3859375 0.033012820512820513 0.03485576923076923
0 0.21201923076923077 0.3864182692307692 0.03685897435897436 0.025721153846153845
0 0.16169871794871796 0.38521634615384615 0.03108974358974359 0.025721153846153845
0 0.19743589743589743 0.34387019230769234 0.04358974358974359 0.037259615384615384
0 0.44294871794871793 0.5435096153846154 0.027564102564102563 0.06634615384615385
0 0.1482371794871795 0.34615384615384615 0.04583333333333333 0.028846153846153848
0 0.10240384615384615 0.33822115384615387 0.03493589743589744 0.027884615384615386
0 0.04583333333333333 0.3638221153846154 0.019230769230769232 0.062259615384615385
0 0.20993589743589744 0.46935096153846156 0.032692307692307694 0.04158653846153846
0 0.17051282051282052 0.4516826923076923 0.03461538461538462 0.07451923076923077
0 0.13766025641025642 0.4576923076923077 0.027243589743589744 0.0625
0 0.10432692307692308 0.46033653846153844 0.030448717948717948 0.06153846153846154
0 0.06506410256410257 0.4489182692307692 0.032692307692307694 0.07620192307692308
0 0.024839743589743588 0.4484375 0.047115384615384615 0.07908653846153846
0 0.24583333333333332 0.5638221153846154 0.028846153846153848 0.030048076923076924
0 0.2078525641025641 0.5632211538461539 0.03685897435897436 0.03125
0 0.08092948717948718 0.37548076923076923 0.05032051282051282 0.03894230769230769
0 0.6725961538461539 0.6326923076923077 0.02467948717948718 0.06153846153846154
0 0.7229166666666667 0.5528846153846154 0.02467948717948718 0.0625
0 0.4935897435897436 0.5486778846153846 0.02564102564102564 0.06274038461538461
0 0.9647435897435898 0.30240384615384613 0.07115384615384615 0.0889423076923077
0 0.8791666666666667 0.31069711538461536 0.09230769230769231 0.06610576923076923
0 0.7786858974358974 0.30516826923076923 0.10288461538461538 0.06466346153846154
0 0.9801282051282051 0.5606971153846154 0.029487179487179487 0.057451923076923074
0 0.9443910256410256 0.4782451923076923 0.08621794871794872 0.06947115384615385
0 0.8456730769230769 0.5006009615384616 0.03365384615384615 0.02283653846153846
0 0.8844551282051282 0.5012019230769231 0.030448717948717948 0.021634615384615384
0 0.88125 0.47668269230769234 0.029166666666666667 0.020673076923076922
0 0.9408653846153846 0.4026442307692308 0.028525641025641025 0.057692307692307696
0 0.8461538461538461 0.47427884615384613 0.03461538461538462 0.023076923076923078
0 0.7919871794871794 0.4777644230769231 0.028846153846153848 0.062259615384615385
0 0.7357371794871795 0.471875 0.022756410256410255 0.07211538461538461
0 0.7073717948717949 0.4689903846153846 0.03012820512820513 0.07548076923076923
0 0.6782051282051282 0.4746394230769231 0.027564102564102563 0.062259615384615385
0 0.6508012820512821 0.4721153846153846 0.016987179487179486 0.05913461538461538
0 0.6291666666666667 0.47283653846153845 0.023717948717948717 0.06153846153846154
0 0.604326923076923 0.47704326923076923 0.021474358974358974 0.04927884615384615
0 0.5810897435897436 0.47560096153846154 0.023717948717948717 0.05024038461538462
0 0.8161858974358974 0.47451923076923075 0.016346153846153847 0.022596153846153846
0 0.558974358974359 0.47439903846153847 0.020512820512820513 0.04927884615384615
0 0.9799679487179487 0.3973557692307692 0.04006410256410257 0.02451923076923077
0 0.8967948717948718 0.3965144230769231 0.032692307692307694 0.021875
0 0.9535256410256411 0.5591346153846154 0.026282051282051282 0.05625
0 0.9274038461538462 0.5612980769230769 0.021474358974358974 0.058173076923076925
0 0.896474358974359 0.5572115384615385 0.023717948717948717 0.06201923076923077
0 0.8634615384615385 0.5793269230769231 0.032692307692307694 0.02403846153846154
0 0.8613782051282052 0.5554086538461539 0.0342948717948718 0.021875
0 0.8275641025641025 0.5537259615384615 0.03076923076923077 0.020913461538461537
0 0.8251602564102564 0.5772836538461539 0.03108974358974359 0.019951923076923075
0 0.5899038461538462 0.39326923076923076 0.017628205128205128 0.03701923076923077
0 0.979326923076923 0.4231971153846154 0.041346153846153845 0.020913461538461537
0 0.6107371794871795 0.39771634615384616 0.023397435897435898 0.04447115384615385
0 0.6586538461538461 0.3956730769230769 0.026923076923076925 0.036057692307692304
0 0.7059294871794872 0.3971153846153846 0.01891025641025641 0.035576923076923075
0 0.6838141025641026 0.39603365384615385 0.016346153846153847 0.03533653846153846
0 0.7879807692307692 0.40192307692307694 0.02403846153846154 0.03413461538461538
0 0.8166666666666667 0.4173076923076923 0.03141025641025641 0.022115384615384617
0 0.8604166666666667 0.41610576923076925 0.03493589743589744 0.014423076923076924
0 0.8943910256410257 0.41754807692307694 0.033012820512820513 0.015384615384615385
0 0.8621794871794872 0.39447115384615383 0.032692307692307694 0.022115384615384617
0 0.6346153846153846 0.39435096153846155 0.021153846153846155 0.036778846153846155
0 0.5370192307692307 0.4740384615384615 0.021474358974358974 0.05144230769230769
0 0.5125 0.4685096153846154 0.027564102564102563 0.05961538461538462
0 0.4858974358974359 0.46838942307692305 0.02435897435897436 0.05985576923076923
0 0.4011217948717949 0.2966346153846154 0.07211538461538461 0.04855769230769231
0 0.3416666666666667 0.28858173076923077 0.03717948717948718 0.05793269230769231
0 0.30448717948717946 0.28641826923076924 0.035256410256410256 0.06033653846153846
0 0.25961538461538464 0.28173076923076923 0.04294871794871795 0.05913461538461538
0 0.21987179487179487 0.28088942307692305 0.035897435897435895 0.06081730769230769
0 0.18541666666666667 0.2784855769230769 0.027884615384615386 0.06370192307692307
0 0.15320512820512822 0.27920673076923075 0.03076923076923077 0.054086538461538464
0 0.11201923076923077 0.26802884615384615 0.04262820512820513 0.0764423076923077
0 0.477724358974359 0.3014423076923077 0.07211538461538461 0.04278846153846154
0 0.06826923076923076 0.26322115384615385 0.03333333333333333 0.07740384615384616
0 0.7713141025641026 0.5545673076923077 0.0266025641025641 0.06538461538461539
0 0.6046474358974359 0.5545673076923077 0.027884615384615386 0.06346153846153846
0 0.6458333333333334 0.5538461538461539 0.026282051282051282 0.058653846153846154
0 0.6730769230769231 0.5539663461538461 0.022435897435897436 0.05841346153846154
0 0.6974358974358974 0.5538461538461539 0.021153846153846155 0.058653846153846154
0 0.5685897435897436 0.5495192307692308 0.028205128205128206 0.061057692307692306
0 0.5416666666666666 0.5487980769230769 0.02435897435897436 0.06009615384615385
0 0.5173076923076924 0.5498798076923077 0.023076923076923078 0.062259615384615385
0 0.7966346153846153 0.5566105769230769 0.02467948717948718 0.065625
0 0.5421474358974359 0.29759615384615384 0.04775641025641025 0.061057692307692306
0 0.5950320512820513 0.3001201923076923 0.04775641025641025 0.05793269230769231
0 0.6719551282051283 0.30084134615384617 0.10673076923076923 0.06514423076923077
0 0.4580128205128205 0.465625 0.026923076923076925 0.06153846153846154
0 0.43205128205128207 0.46081730769230766 0.022435897435897436 0.06875
0 0.40560897435897436 0.4600961538461538 0.028525641025641025 0.07259615384615385
0 0.3782051282051282 0.45865384615384613 0.026282051282051282 0.07548076923076923
0 0.35 0.4584134615384615 0.02564102564102564 0.07355769230769231
0 0.30432692307692305 0.46141826923076923 0.05993589743589744 0.059375
0 0.28862179487179485 0.3903846153846154 0.03942307692307692 0.027884615384615386
0 0.28974358974358977 0.35096153846153844 0.041666666666666664 0.035576923076923075
0 0.3317307692307692 0.35625 0.04230769230769231 0.03365384615384615
0 0.33253205128205127 0.3897836538461538 0.040705128205128206 0.031490384615384615
0 0.36730769230769234 0.3724759615384615 0.026923076923076925 0.07235576923076924
0 0.39487179487179486 0.37271634615384613 0.028846153846153848 0.071875
0 0.4217948717948718 0.3741586538461538 0.026923076923076925 0.07091346153846154
0 0.4485576923076923 0.3752403846153846 0.02467948717948718 0.06875
0 0.47275641025641024 0.3828125 0.023076923076923078 0.043028846153846154
0 0.4980769230769231 0.3840144230769231 0.026282051282051282 0.043028846153846154
0 0.5227564102564103 0.3859375 0.023076923076923078 0.04110576923076923
0 0.5459935897435897 0.38846153846153847 0.02467948717948718 0.03798076923076923
0 0.5693910256410256 0.39098557692307695 0.021474358974358974 0.03533653846153846
0 0.6477564102564103 0.6272836538461538 0.019230769230769232 0.05600961538461539
0 0.2564102564102564 0.4674278846153846 0.025 0.04927884615384615
