0 0.17770833333333333 0.76859375 0.03791666666666667 0.0821875
0 0.23041666666666666 0.7665625 0.0375 0.078125
0 0.2791666666666667 0.76765625 0.050833333333333335 0.0778125
0 0.3308333333333333 0.7678125 0.043333333333333335 0.075625
0 0.3854166666666667 0.76625 0.04083333333333333 0.0725
0 0.7214583333333333 0.76796875 0.04958333333333333 0.0503125
0 0.5175 0.76390625 0.04 0.0603125
0 0.5997916666666666 0.77578125 0.05125 0.0534375
0 0.6560416666666666 0.77 0.05291666666666667 0.05875
0 0.12270833333333334 0.77234375 0.03125 0.0853125
0 0.7858333333333334 0.76890625 0.05333333333333334 0.0484375
0 0.45770833333333333 0.7684375 0.04041666666666666 0.0575
0 0.0775 0.76875 0.0325 0.07375
0 0.8395833333333333 0.413125 0.06 0.02875
0 0.015833333333333335 0.661875 0.03166666666666667 0.08875
0 0.06104166666666667 0.6628125 0.04958333333333333 0.089375
0 0.11395833333333333 0.6625 0.032916666666666664 0.09
0 0.16270833333333334 0.661875 0.04125 0.099375
0 0.8585416666666666 0.76765625 0.06208333333333333 0.0528125
0 0.221875 0.661875 0.03375 0.08875
0 0.28375 0.6575 0.043333333333333335 0.0975
0 0.3416666666666667 0.6584375 0.045 0.104375
0 0.39791666666666664 0.656875 0.035 0.096875
0 0.4525 0.65828125 0.04083333333333333 0.0921875
0 0.5110416666666666 0.65875 0.04125 0.09125
0 0.5497916666666667 0.65078125 0.027916666666666666 0.0840625
0 0.5897916666666667 0.65265625 0.02875 0.0865625
0 0.03979166666666667 0.770625 0.034583333333333334 0.068125
0 0.9279166666666666 0.7634375 0.06166666666666667 0.04875
0 0.8189583333333333 0.87203125 0.04958333333333333 0.0865625
0 0.9827083333333333 0.86953125 0.034583333333333334 0.0809375
0 0.043125 0.2990625 0.08375 0.139375
0 0.15895833333333334 0.30671875 0.11708333333333333 0.1159375
0 0.27875 0.30421875 0.10583333333333333 0.1165625
0 0.3935416666666667 0.3053125 0.10958333333333334 0.114375
0 0.526875 0.3028125 0.14791666666666667 0.11125
0 0.6939583333333333 0.3003125 0.18375 0.11
0 0.8297916666666667 0.29984375 0.04875 0.1065625
0 0.9002083333333334 0.2971875 0.050416666666666665 0.105625
0 0.9670833333333333 0.2975 0.050833333333333335 0.109375
0 0.050208333333333334 0.871875 0.08625 0.111875
0 0.12333333333333334 0.88578125 0.04083333333333333 0.0884375
0 0.17020833333333332 0.88421875 0.04791666666666667 0.0915625
0 0.21958333333333332 0.8834375 0.045 0.086875
0 0.26645833333333335 0.88125 0.04625 0.086875
0 0.32458333333333333 0.88 0.04083333333333333 0.091875
0 0.3695833333333333 0.88046875 0.03666666666666667 0.0884375
0 0.41083333333333333 0.8784375 0.04416666666666667 0.08875
0 0.4579166666666667 0.87828125 0.03833333333333333 0.0890625
0 0.5027083333333333 0.8790625 0.04958333333333333 0.089375
0 0.55625 0.878125 0.045 0.095625
0 0.6029166666666667 0.87515625 0.041666666666666664 0.0928125
0 0.6535416666666667 0.8721875 0.05291666666666667 0.088125
0 0.705 0.871875 0.0475 0.08875
0 0.7566666666666667 0.87140625 0.0475 0.0878125
0 0.8354166666666667 0.44640625 0.055 0.0290625
0 0.8791666666666667 0.87375 0.05 0.091875
0 0.938125 0.8715625 0.04791666666666667 0.08125
0 0.9825 0.768125 0.03666666666666667 0.045625
0 0.695625 0.648125 0.042916666666666665 0.09125
0 0.63375 0.65265625 0.03833333333333333 0.0846875
0 0.79375 0.65015625 0.04666666666666667 0.0853125
0 0.405 0.53625 0.04083333333333333 0.1125
0 0.33958333333333335 0.5403125 0.04666666666666667 0.091875
0 0.2791666666666667 0.54234375 0.0425 0.0940625
0 0.22854166666666667 0.54484375 0.03875 0.0971875
0 0.17791666666666667 0.53859375 0.0325 0.0934375
0 0.13395833333333335 0.54203125 0.03375 0.0946875
0 0.09125 0.5421875 0.0375 0.09625
0 0.04416666666666667 0.544375 0.04083333333333333 0.094375
0 0.05375 0.45546875 0.049166666666666664 0.0315625
0 0.051041666666666666 0.4209375 0.05458333333333333 0.03375
0 0.46979166666666666 0.53296875 0.042083333333333334 0.1128125
0 0.105625 0.4234375 0.032916666666666664 0.095625
0 0.19229166666666667 0.4240625 0.030416666666666668 0.0925
0 0.24354166666666666 0.42140625 0.052083333333333336 0.0828125
0 0.29875 0.42265625 0.0375 0.0865625
0 0.34770833333333334 0.4225 0.04375 0.086875
0 0.42354166666666665 0.4278125 0.04708333333333333 0.0825
0 0.47333333333333333 0.424375 0.04083333333333333 0.079375
0 0.5227083333333333 0.42609375 0.042083333333333334 0.0778125
0 0.593125 0.4390625 0.06041666666666667 0.04375
0 0.9664583333333333 0.41265625 0.04375 0.0940625
0 0.9127083333333333 0.41703125 0.04791666666666667 0.0940625
0 0.14520833333333333 0.4190625 0.03375 0.098125
0 0.7433333333333333 0.6478125 0.0375 0.085625
0 0.774375 0.535625 0.05541666666666667 0.03
0 0.845 0.56203125 0.051666666666666666 0.0271875
0 0.7558333333333334 0.41609375 0.0575 0.0265625
0 0.6985416666666666 0.53453125 0.04875 0.0259375
0 0.6954166666666667 0.50796875 0.0475 0.0271875
0 0.6333333333333333 0.5690625 0.05416666666666667 0.0325
0 0.63125 0.5353125 0.05333333333333334 0.030625
0 0.5783333333333334 0.535625 0.041666666666666664 0.08875
0 0.5245833333333333 0.535625 0.0325 0.08875
0 0.6977083333333334 0.5640625 0.052083333333333336 0.03375
0 0.7766666666666666 0.5059375 0.04833333333333333 0.026875
0 0.7708333333333334 0.5659375 0.050833333333333335 0.03
0 0.84625 0.53046875 0.05416666666666667 0.0296875
0 0.659375 0.43625 0.05625 0.046875
0 0.9277083333333334 0.50234375 0.057916666666666665 0.0253125
0 0.9360416666666667 0.5309375 0.057916666666666665 0.026875
0 0.9322916666666666 0.5621875 0.06458333333333334 0.03125
0 0.954375 0.64640625 0.05291666666666667 0.0946875
0 0.8929166666666667 0.65046875 0.04666666666666667 0.0990625
0 0.76 0.44453125 0.05416666666666667 0.0265625
