0 0.3828125 0.0771484375 0.065625 0.133203125
0 0.31197916666666664 0.0720703125 0.065625 0.133203125
0 0.3731770833333333 0.23828125 0.058854166666666666 0.13203125
0 0.5075520833333333 0.075 0.0578125 0.15
0 0.65546875 0.2341796875 0.0578125 0.130859375
0 0.5880208333333333 0.238671875 0.057291666666666664 0.13046875
0 0.5203125 0.2419921875 0.057291666666666664 0.130859375
0 0.4544270833333333 0.2369140625 0.0671875 0.130859375
0 0.24270833333333333 0.0751953125 0.065625 0.133203125
0 0.3072916666666667 0.237890625 0.059375 0.13203125
0 0.24114583333333334 0.23515625 0.059375 0.13203125
0 0.4479166666666667 0.075 0.057291666666666664 0.15
0 0.175 0.23359375 0.059375 0.13203125
0 0.04635416666666667 0.24140625 0.059375 0.13203125
0 0.9299479166666667 0.0755859375 0.06197916666666667 0.151171875
0 0.8640625 0.0755859375 0.0625 0.151171875
0 0.7979166666666667 0.0755859375 0.0625 0.151171875
0 0.7208333333333333 0.0755859375 0.0625 0.151171875
0 0.653125 0.0755859375 0.0625 0.151171875
0 0.5830729166666667 0.075 0.0578125 0.15
0 0.10598958333333333 0.2357421875 0.058854166666666666 0.131640625
0 0.1765625 0.076171875 0.065625 0.1328125
0 0.6033854166666667 0.7775390625 0.04010416666666667 0.070703125
0 0.06953125 0.0912109375 0.049479166666666664 0.126953125
0 0.21901041666666668 0.655859375 0.0484375 0.07890625
0 0.14557291666666666 0.6544921875 0.0609375 0.086328125
0 0.08333333333333333 0.6650390625 0.04791666666666667 0.068359375
0 0.028125 0.661328125 0.05520833333333333 0.078125
0 0.65703125 0.7380859375 0.0578125 0.027734375
0 0.9184895833333333 0.5173828125 0.043229166666666666 0.099609375
0 0.8643229166666667 0.516796875 0.04635416666666667 0.1125
0 0.8072916666666666 0.5150390625 0.03854166666666667 0.101953125
0 0.27890625 0.6529296875 0.058854166666666666 0.097265625
0 0.7609375 0.5197265625 0.04479166666666667 0.104296875
0 0.6434895833333333 0.5173828125 0.05260416666666667 0.104296875
0 0.5908854166666667 0.516796875 0.05260416666666667 0.103125
0 0.5330729166666667 0.51484375 0.05260416666666667 0.11640625
0 0.478125 0.5197265625 0.04479166666666667 0.113671875
0 0.43255208333333334 0.5251953125 0.043229166666666666 0.117578125
0 0.3731770833333333 0.5197265625 0.05572916666666667 0.111328125
0 0.3151041666666667 0.5130859375 0.04791666666666667 0.115234375
0 0.25729166666666664 0.513671875 0.057291666666666664 0.12578125
0 0.7083333333333334 0.5244140625 0.04479166666666667 0.104296875
0 0.19895833333333332 0.519921875 0.059375 0.11640625
0 0.35494791666666664 0.6560546875 0.0515625 0.086328125
0 0.48203125 0.625390625 0.030729166666666665 0.04921875
0 0.5388020833333333 0.76484375 0.0515625 0.06484375
0 0.4859375 0.7619140625 0.051041666666666666 0.073046875
0 0.43411458333333336 0.7642578125 0.05260416666666667 0.066015625
0 0.3796875 0.77109375 0.05625 0.0625
0 0.3109375 0.7638671875 0.05625 0.055078125
0 0.2526041666666667 0.7625 0.051041666666666666 0.071875
0 0.19973958333333333 0.7619140625 0.0578125 0.075390625
0 0.13671875 0.75703125 0.058854166666666666 0.0875
0 0.42291666666666666 0.6474609375 0.065625 0.093359375
0 0.07526041666666666 0.75234375 0.0609375 0.08984375
0 0.896875 0.6732421875 0.03854166666666667 0.056640625
0 0.8455729166666667 0.66015625 0.0671875 0.0921875
0 0.7747395833333334 0.6654296875 0.05260416666666667 0.062109375
0 0.7138020833333333 0.6654296875 0.05572916666666667 0.064453125
0 0.6596354166666667 0.6630859375 0.049479166666666664 0.059765625
0 0.6091145833333333 0.6587890625 0.044270833333333336 0.075390625
0 0.553125 0.6439453125 0.057291666666666664 0.095703125
0 0.484375 0.6708984375 0.03854166666666667 0.037109375
0 0.9591145833333333 0.6419921875 0.0828125 0.108984375
0 0.1296875 0.516796875 0.051041666666666666 0.11484375
0 0.075 0.523828125 0.051041666666666666 0.10546875
0 0.9513020833333333 0.3853515625 0.0640625 0.099609375
0 0.9338541666666667 0.76015625 0.051041666666666666 0.09140625
0 0.07682291666666667 0.8806640625 0.0609375 0.068359375
0 0.14609375 0.896875 0.04635416666666667 0.04765625
0 0.134375 0.857421875 0.057291666666666664 0.02890625
0 0.20625 0.865234375 0.06041666666666667 0.08984375
0 0.2565104166666667 0.87890625 0.043229166666666666 0.0765625
0 0.30833333333333335 0.8806640625 0.04479166666666667 0.080078125
0 0.371875 0.880078125 0.075 0.071875
0 0.8848958333333333 0.7619140625 0.046875 0.094921875
0 0.45807291666666666 0.8849609375 0.08489583333333334 0.076953125
0 0.6234375 0.9 0.05416666666666667 0.0515625
0 0.684375 0.893359375 0.05416666666666667 0.04296875
0 0.7442708333333333 0.89921875 0.053125 0.06015625
0 0.8018229166666667 0.8908203125 0.04635416666666667 0.045703125
0 0.86171875 0.885546875 0.0546875 0.07578125
0 0.93203125 0.8794921875 0.0546875 0.084765625
0 0.6497395833333334 0.7798828125 0.05260416666666667 0.041796875
0 0.0359375 0.094140625 0.030208333333333334 0.1328125
0 0.54765625 0.8806640625 0.08802083333333334 0.080078125
0 0.8184895833333333 0.758984375 0.0671875 0.06953125
0 0.7682291666666666 0.76328125 0.036458333333333336 0.08046875
0 0.7098958333333333 0.7740234375 0.04479166666666667 0.056640625
0 0.88984375 0.387890625 0.04010416666666667 0.11171875
0 0.83203125 0.3884765625 0.049479166666666664 0.112890625
0 0.7747395833333334 0.390234375 0.049479166666666664 0.1234375
0 0.721875 0.3837890625 0.05625 0.117578125
0 0.6658854166666667 0.385546875 0.043229166666666666 0.1140625
0 0.6091145833333333 0.3861328125 0.0578125 0.119921875
0 0.55078125 0.3873046875 0.049479166666666664 0.126953125
0 0.4859375 0.384375 0.06041666666666667 0.11875
0 0.4348958333333333 0.384375 0.041666666666666664 0.1234375
0 0.37734375 0.38125 0.0578125 0.11015625
0 0.32057291666666665 0.387890625 0.04635416666666667 0.1140625
0 0.25729166666666664 0.3861328125 0.04479166666666667 0.117578125
0 0.19036458333333334 0.3890625 0.0671875 0.1140625
0 0.11119791666666666 0.385546875 0.058854166666666666 0.11875
0 0.05364583333333333 0.384375 0.05625 0.12578125
0 0.9760416666666667 0.2365234375 0.04791666666666667 0.126953125
0 0.9283854166666666 0.2416015625 0.049479166666666664 0.128515625
0 0.8703125 0.2423828125 0.065625 0.133203125
0 0.7859375 0.2361328125 0.057291666666666664 0.130859375
0 0.11822916666666666 0.084375 0.041666666666666664 0.12109375
0 0.9703125 0.5173828125 0.06041666666666667 0.101953125
0 0.7216145833333333 0.239453125 0.0578125 0.13046875
