0 0.39481209150326796 0.20971200980392157 0.04125816993464052 0.07628676470588236
0 0.4820261437908497 0.20511642156862744 0.03676470588235294 0.03155637254901961
0 0.48223039215686275 0.23728553921568626 0.037173202614379085 0.02849264705882353
0 0.4389297385620915 0.2113970588235294 0.042075163398692814 0.08088235294117647
0 0.3443627450980392 0.20802696078431374 0.042483660130718956 0.08272058823529412
0 0.15604575163398693 0.19898897058823528 0.03676470588235294 0.08854166666666667
0 0.24387254901960784 0.20756740196078433 0.021241830065359478 0.08057598039215687
0 0.21711601307189543 0.20634191176470587 0.024101307189542485 0.08118872549019608
0 0.19015522875816993 0.20189950980392157 0.025735294117647058 0.08946078431372549
0 0.26286764705882354 0.2109375 0.014297385620915032 0.0744485294117647
0 0.11458333333333333 0.20052083333333334 0.037173202614379085 0.08670343137254902
0 0.29677287581699346 0.20818014705882354 0.046977124183006536 0.08302696078431372
0 0.5324754901960784 0.19224877450980393 0.056781045751633986 0.11856617647058823
0 0.7930964052287581 0.2026654411764706 0.04534313725490196 0.09589460784313726
0 0.6425653594771242 0.19837622549019607 0.04411764705882353 0.11121323529411764
0 0.6968954248366013 0.20389093137254902 0.04738562091503268 0.10079656862745098
0 0.7432598039215687 0.20511642156862744 0.04125816993464052 0.09589460784313726
0 0.07434640522875817 0.19638480392156862 0.03349673202614379 0.09313725490196079
0 0.8394607843137255 0.1959252450980392 0.04330065359477124 0.1210171568627451
0 0.8827614379084967 0.19638480392156862 0.03594771241830065 0.10049019607843138
0 0.9242238562091504 0.22242647058823528 0.03880718954248366 0.04411764705882353
0 0.9748774509803921 0.19776348039215685 0.04370915032679738 0.09834558823529412
0 0.027165032679738563 0.34329044117647056 0.02900326797385621 0.06464460784313726
0 0.06004901960784314 0.34359681372549017 0.028594771241830064 0.06464460784313726
0 0.09763071895424837 0.32643995098039214 0.03594771241830065 0.09160539215686274
0 0.1409313725490196 0.3287377450980392 0.0457516339869281 0.09313725490196079
0 0.19301470588235295 0.32965686274509803 0.05024509803921569 0.028799019607843136
0 0.5900735294117647 0.19439338235294118 0.05269607843137255 0.11611519607843138
0 0.04330065359477124 0.20006127450980393 0.02287581699346405 0.08823529411764706
0 0.07475490196078431 0.7120098039215687 0.14950980392156862 0.08088235294117647
0 0.8805147058823529 0.5663296568627451 0.03145424836601307 0.1014093137254902
0 0.9808006535947712 0.8026960784313726 0.03839869281045752 0.09620098039215687
0 0.9399509803921569 0.8063725490196079 0.03839869281045752 0.09620098039215687
0 0.8964460784313726 0.8068321078431373 0.04044117647058824 0.09589460784313726
0 0.846609477124183 0.8079044117647058 0.04125816993464052 0.10049019607843138
0 0.19607843137254902 0.3622855392156863 0.049836601307189546 0.03155637254901961
0 0.8014705882352942 0.811734068627451 0.041666666666666664 0.10079656862745098
0 0.7561274509803921 0.811734068627451 0.041666666666666664 0.10079656862745098
0 0.7038398692810458 0.8146446078431373 0.049019607843137254 0.09926470588235294
0 0.5441176470588235 0.8224571078431373 0.14215686274509803 0.10508578431372549
0 0.3845996732026144 0.835171568627451 0.14910130718954248 0.0900735294117647
0 0.21691176470588236 0.8383884803921569 0.15849673202614378 0.08915441176470588
0 0.06638071895424837 0.836703431372549 0.13276143790849673 0.0857843137254902
0 0.9622140522875817 0.6829044117647058 0.04125816993464052 0.0900735294117647
0 0.014297385620915032 0.19056372549019607 0.028594771241830064 0.10784313725490197
0 0.9152369281045751 0.6850490196078431 0.0428921568627451 0.08946078431372549
0 0.28431372549019607 0.3318014705882353 0.03758169934640523 0.09313725490196079
0 0.8147467320261438 0.6816789215686274 0.04534313725490196 0.09926470588235294
0 0.7661356209150327 0.6795343137254902 0.04534313725490196 0.09926470588235294
0 0.7126225490196079 0.6832107843137255 0.046977124183006536 0.09865196078431372
0 0.6572712418300654 0.6917892156862745 0.05473856209150327 0.09313725490196079
0 0.5091911764705882 0.6842830882352942 0.0494281045751634 0.09283088235294118
0 0.45669934640522875 0.6862745098039216 0.049836601307189546 0.09926470588235294
0 0.40175653594771243 0.6928615196078431 0.04534313725490196 0.10018382352941177
0 0.3474264705882353 0.6977634803921569 0.0428921568627451 0.0934436274509804
0 0.23631535947712418 0.6982230392156863 0.15890522875816993 0.09681372549019608
0 0.9795751633986928 0.563265931372549 0.03104575163398693 0.10018382352941177
0 0.9468954248366013 0.5649509803921569 0.02369281045751634 0.10110294117647059
0 0.9164624183006536 0.5641850490196079 0.0298202614379085 0.09712009803921569
0 0.8647875816993464 0.6825980392156863 0.04493464052287582 0.09926470588235294
0 0.24305555555555555 0.3321078431372549 0.03839869281045752 0.09129901960784313
0 0.32679738562091504 0.3324142156862745 0.04003267973856209 0.031862745098039214
0 0.2238562091503268 0.44699754901960786 0.05228758169934641 0.11029411764705882
0 0.32679738562091504 0.44669117647058826 0.0457516339869281 0.11029411764705882
0 0.2771650326797386 0.4476102941176471 0.04534313725490196 0.11029411764705882
0 0.17320261437908496 0.44699754901960786 0.0457516339869281 0.1090686274509804
0 0.125 0.44546568627450983 0.0457516339869281 0.1090686274509804
0 0.0718954248366013 0.4476102941176471 0.051470588235294115 0.11090686274509803
0 0.021241830065359478 0.4459252450980392 0.042483660130718956 0.10263480392156862
0 0.9501633986928104 0.3229166666666667 0.058823529411764705 0.10600490196078431
0 0.8876633986928104 0.3232230392156863 0.051470588235294115 0.1053921568627451
0 0.8398692810457516 0.328125 0.03839869281045752 0.10784313725490197
0 0.6254084967320261 0.5618872549019608 0.042483660130718956 0.10477941176470588
0 0.6717728758169934 0.5634191176470589 0.04534313725490196 0.10294117647058823
0 0.7228349673202614 0.5687806372549019 0.051879084967320264 0.11121323529411764
0 0.7708333333333334 0.5664828431372549 0.03594771241830065 0.10416666666666667
0 0.8080065359477124 0.5635723039215687 0.03022875816993464 0.10079656862745098
0 0.8439542483660131 0.5628063725490197 0.035130718954248366 0.10416666666666667
0 0.7945261437908496 0.3238357843137255 0.035130718954248366 0.10355392156862746
0 0.7416258169934641 0.3313419117647059 0.04616013071895425 0.09528186274509803
0 0.6911764705882353 0.3307291666666667 0.0457516339869281 0.09528186274509803
0 0.6370506535947712 0.32138480392156865 0.05106209150326797 0.1133578431372549
0 0.5827205882352942 0.32245710784313725 0.0559640522875817 0.10998774509803921
0 0.5218545751633987 0.32674632352941174 0.05759803921568627 0.10263480392156862
0 0.46772875816993464 0.3318014705882353 0.04003267973856209 0.09497549019607843
0 0.4236111111111111 0.3324142156862745 0.041666666666666664 0.09620098039215687
0 0.37602124183006536 0.33287377450980393 0.04534313725490196 0.09283088235294118
0 0.3300653594771242 0.36611519607843135 0.04003267973856209 0.031862745098039214
0 0.37459150326797386 0.4453125 0.041666666666666664 0.11182598039215687
0 0.32189542483660133 0.3040747549019608 0.03022875816993464 0.02297794117647059
0 0.4213643790849673 0.4456188725490196 0.04534313725490196 0.11243872549019608
0 0.5212418300653595 0.4440870098039216 0.05800653594771242 0.11366421568627451
0 0.5761846405228758 0.5641850490196079 0.0494281045751634 0.10692401960784313
0 0.5241013071895425 0.5666360294117647 0.04738562091503268 0.10692401960784313
0 0.47487745098039214 0.6089154411764706 0.042075163398692814 0.026041666666666668
0 0.4736519607843137 0.5810355392156863 0.042075163398692814 0.02542892156862745
0 0.4256535947712418 0.5768995098039216 0.042483660130718956 0.08639705882352941
0 0.38357843137254904 0.5785845588235294 0.031862745098039214 0.08547794117647059
0 0.3425245098039216 0.5801164215686274 0.03880718954248366 0.09099264705882353
0 0.3047385620915033 0.5893075980392157 0.027777777777777776 0.07567401960784313
0 0.2704248366013072 0.5906862745098039 0.032679738562091505 0.07352941176470588
0 0.21772875816993464 0.5723039215686274 0.06290849673202614 0.11519607843137254
0 0.4701797385620915 0.4446997549019608 0.04003267973856209 0.11121323529411764
0 0.10294117647058823 0.5733762254901961 0.058823529411764705 0.11550245098039216
0 0.15951797385620914 0.5700061274509803 0.0494281045751634 0.11550245098039216
0 0.9718137254901961 0.4407169117647059 0.035130718954248366 0.10447303921568628
0 0.9274918300653595 0.4537377450980392 0.051879084967320264 0.0778186274509804
0 0.8911356209150327 0.4621629901960784 0.014297385620915032 0.06587009803921569
0 0.858251633986928 0.4476102941176471 0.04411764705882353 0.1017156862745098
0 0.8090277777777778 0.47794117647058826 0.05106209150326797 0.03982843137254902
0 0.8088235294117647 0.4381127450980392 0.05065359477124183 0.03676470588235294
0 0.7395833333333334 0.45174632352941174 0.046977124183006536 0.09528186274509803
0 0.6917892156862745 0.45128676470588236 0.04370915032679738 0.09436274509803921
0 0.6409313725490197 0.4456188725490196 0.05473856209150327 0.10998774509803921
0 0.5808823529411765 0.4443933823529412 0.05800653594771242 0.11366421568627451
0 0.03533496732026144 0.5736825980392157 0.068218954248366 0.11550245098039216
