0 0.5258884803921569 0.12377450980392157 0.03155637254901961 0.1650326797385621
0 0.49525122549019607 0.11805555555555555 0.029105392156862746 0.1650326797385621
0 0.4609375 0.11131535947712418 0.036458333333333336 0.17279411764705882
0 0.0545343137254902 0.0741421568627451 0.061274509803921566 0.14501633986928106
0 0.3871017156862745 0.09865196078431372 0.0352328431372549 0.18668300653594772
0 0.3481924019607843 0.0915032679738562 0.03768382352941176 0.1772875816993464
0 0.2994791666666667 0.0872140522875817 0.05606617647058824 0.1687091503267974
0 0.1878063725490196 0.07822712418300654 0.0508578431372549 0.1548202614379085
0 0.12775735294117646 0.07332516339869281 0.061274509803921566 0.14665032679738563
0 0.4241727941176471 0.10498366013071896 0.0352328431372549 0.17401960784313725
0 0.2415747549019608 0.08374183006535947 0.05361519607843137 0.16666666666666666
0 0.507046568627451 0.8018790849673203 0.024509803921568627 0.058823529411764705
0 0.5980392156862745 0.14501633986928106 0.03860294117647059 0.12009803921568628
0 0.26547181372549017 0.7859477124183006 0.02297794117647059 0.05065359477124183
0 0.26256127450980393 0.7312091503267973 0.02389705882352941 0.05473856209150327
0 0.2956495098039216 0.826797385620915 0.024509803921568627 0.05555555555555555
0 0.29381127450980393 0.7724673202614379 0.025122549019607844 0.05065359477124183
0 0.29059436274509803 0.7167075163398693 0.02542892156862745 0.05514705882352941
0 0.3236825980392157 0.8155637254901961 0.026041666666666668 0.0494281045751634
0 0.32199754901960786 0.7640931372549019 0.024509803921568627 0.05024509803921569
0 0.3190870098039216 0.7089460784313726 0.023590686274509803 0.0559640522875817
0 0.3506433823529412 0.8045343137254902 0.018688725490196078 0.05106209150326797
0 0.34620098039215685 0.7534722222222222 0.023284313725490197 0.04861111111111111
0 0.34420955882352944 0.7003676470588235 0.021139705882352942 0.05269607843137255
0 0.37285539215686275 0.7391748366013072 0.0196078431372549 0.04779411764705882
0 0.37285539215686275 0.7916666666666666 0.022058823529411766 0.04738562091503268
0 0.3952205882352941 0.7849264705882353 0.01838235294117647 0.04370915032679738
0 0.3946078431372549 0.7336601307189542 0.01715686274509804 0.049836601307189546
0 0.41513480392156865 0.7201797385620915 0.014705882352941176 0.042483660130718956
0 0.41544117647058826 0.7694035947712419 0.015318627450980392 0.05106209150326797
0 0.4345894607843137 0.761437908496732 0.01685049019607843 0.04084967320261438
0 0.4339767156862745 0.7120098039215687 0.017463235294117647 0.049836601307189546
0 0.45389093137254904 0.7553104575163399 0.016237745098039217 0.041666666666666664
0 0.4518995098039216 0.7046568627450981 0.016544117647058824 0.049836601307189546
0 0.47380514705882354 0.7434640522875817 0.018688725490196078 0.042483660130718956
0 0.47181372549019607 0.6977124183006536 0.01715686274509804 0.04330065359477124
0 0.5036764705882353 0.7238562091503268 0.022058823529411766 0.049019607843137254
0 0.546109068627451 0.7113970588235294 0.015012254901960785 0.0363562091503268
0 0.5300245098039216 0.7144607843137255 0.015931372549019607 0.041666666666666664
0 0.5456495098039216 0.664828431372549 0.016544117647058824 0.039624183006535946
0 0.5252757352941176 0.6697303921568627 0.01685049019607843 0.044526143790849675
0 0.7244178921568627 0.6207107843137255 0.014399509803921568 0.04044117647058824
0 0.2691482843137255 0.8402777777777778 0.021752450980392156 0.049019607843137254
0 0.703890931372549 0.625 0.021139705882352942 0.049019607843137254
0 0.24065563725490197 0.8488562091503268 0.027879901960784315 0.05800653594771242
0 0.234375 0.7363153594771242 0.02389705882352941 0.056781045751633986
0 0.4309129901960784 0.8384395424836601 0.030943627450980393 0.06740196078431372
0 0.5447303921568627 0.9477124183006536 0.03002450980392157 0.07516339869281045
0 0.5068933823529411 0.9665032679738562 0.03278186274509804 0.061274509803921566
0 0.6076899509803921 0.9319852941176471 0.03829656862745098 0.06495098039215687
0 0.4653799019607843 0.8155637254901961 0.03002450980392157 0.05514705882352941
0 0.5340073529411765 0.7839052287581699 0.02389705882352941 0.051470588235294115
0 0.663296568627451 0.75 0.03125 0.05555555555555555
0 0.6312806372549019 0.8982843137254902 0.008884803921568627 0.05555555555555555
0 0.6479779411764706 0.8794934640522876 0.01838235294117647 0.05800653594771242
0 0.6597732843137255 0.815359477124183 0.029105392156862746 0.05800653594771242
0 0.6852022058823529 0.8053513071895425 0.018688725490196078 0.04616013071895425
0 0.6920955882352942 0.8517156862745098 0.02144607843137255 0.04084967320261438
0 0.6691176470588235 0.8688725490196079 0.02144607843137255 0.041666666666666664
0 0.7049632352941176 0.7798202614379085 0.016544117647058824 0.04493464052287582
0 0.7130821078431373 0.8296568627450981 0.013174019607843137 0.04411764705882353
0 0.7316176470588235 0.8155637254901961 0.02022058823529412 0.05514705882352941
0 0.7463235294117647 0.7497957516339869 0.016544117647058824 0.04125816993464052
0 0.7761948529411765 0.7046568627450981 0.026041666666666668 0.04738562091503268
0 0.7689950980392157 0.7461192810457516 0.02267156862745098 0.030637254901960783
0 0.7748161764705882 0.7871732026143791 0.018995098039215685 0.04493464052287582
0 0.7518382352941176 0.7975898692810458 0.016544117647058824 0.046977124183006536
0 0.5594362745098039 0.13031045751633988 0.03308823529411765 0.15522875816993464
0 0.3987438725490196 0.8560049019607843 0.030330882352941176 0.06413398692810457
0 0.3628982843137255 0.8743872549019608 0.03707107843137255 0.07393790849673203
0 0.036917892156862746 0.9468954248366013 0.07383578431372549 0.0857843137254902
0 0.03201593137254902 0.8464052287581699 0.06403186274509803 0.10947712418300654
0 0.2103247549019608 0.8647875816993464 0.026041666666666668 0.05800653594771242
0 0.21017156862745098 0.8110702614379085 0.02144607843137255 0.04616013071895425
0 0.20695465686274508 0.752859477124183 0.019301470588235295 0.05555555555555555
0 0.23943014705882354 0.7928921568627451 0.02297794117647059 0.05065359477124183
0 0.7239583333333334 0.5696486928104575 0.015318627450980392 0.05269607843137255
0 0.3169424019607843 0.8958333333333334 0.040747549019607844 0.0661764705882353
0 0.6806066176470589 0.6374591503267973 0.018075980392156864 0.05106209150326797
0 0.2536764705882353 0.32516339869281047 0.0428921568627451 0.20179738562091504
0 0.3008578431372549 0.3257761437908497 0.04350490196078431 0.2005718954248366
0 0.3481924019607843 0.3214869281045752 0.04013480392156863 0.19117647058823528
0 0.38909313725490197 0.32536764705882354 0.03676470588235294 0.17524509803921567
0 0.42769607843137253 0.3257761437908497 0.028799019607843136 0.1744281045751634
0 0.4621629901960784 0.32373366013071897 0.030330882352941176 0.16053921568627452
0 0.49494485294117646 0.32393790849673204 0.030330882352941176 0.16339869281045752
0 0.5278799019607843 0.32107843137254904 0.03125 0.15441176470588236
0 0.5658700980392157 0.474468954248366 0.017769607843137254 0.02165032679738562
0 0.5600490196078431 0.44485294117647056 0.02144607843137255 0.028594771241830064
0 0.5588235294117647 0.4158496732026144 0.020833333333333332 0.02287581699346405
0 0.563265931372549 0.38643790849673204 0.027879901960784315 0.029411764705882353
0 0.5628063725490197 0.3590686274509804 0.024509803921568627 0.02287581699346405
0 0.5667892156862745 0.3082107843137255 0.02389705882352941 0.06413398692810457
0 0.6135110294117647 0.3329248366013072 0.015012254901960785 0.1454248366013072
0 0.6308210784313726 0.3327205882352941 0.016544117647058824 0.14256535947712418
0 0.6731004901960784 0.3306781045751634 0.01838235294117647 0.13194444444444445
0 0.6936274509803921 0.3312908496732026 0.017769607843137254 0.13071895424836602
0 0.8010110294117647 0.32802287581699346 0.012561274509803922 0.10866013071895425
0 0.7847732843137255 0.3284313725490196 0.012561274509803922 0.11601307189542484
0 0.7668504901960784 0.3276143790849673 0.016544117647058824 0.11764705882352941
0 0.7503063725490197 0.3298611111111111 0.013480392156862746 0.11968954248366014
0 0.734375 0.3257761437908497 0.01715686274509804 0.1270424836601307
0 0.7153799019607843 0.32741013071895425 0.02022058823529412 0.13031045751633988
0 0.7049632352941176 0.17320261437908496 0.023284313725490197 0.1388888888888889
0 0.6833639705882353 0.1687091503267974 0.017463235294117647 0.1454248366013072
0 0.6603860294117647 0.16176470588235295 0.02420343137254902 0.15604575163398693
0 0.6344975490196079 0.15665849673202614 0.026348039215686275 0.14910130718954248
0 0.7012867647058824 0.5747549019607843 0.02267156862745098 0.04493464052287582
0 0.1331188725490196 0.38112745098039214 0.05667892156862745 0.22875816993464052
0 0.06204044117647059 0.31985294117647056 0.05667892156862745 0.24428104575163398
0 0.6516544117647058 0.33026960784313725 0.02144607843137255 0.13848039215686275
0 0.14767156862745098 0.5555555555555556 0.07720588235294118 0.11274509803921569
0 0.5819546568627451 0.6190767973856209 0.026041666666666668 0.05269607843137255
0 0.01639093137254902 0.3212826797385621 0.03278186274509804 0.2577614379084967
0 0.5824142156862745 0.6813725490196079 0.028799019607843136 0.061274509803921566
0 0.6095281862745098 0.6711601307189542 0.02420343137254902 0.05310457516339869
0 0.6083026960784313 0.6141748366013072 0.021752450980392156 0.05923202614379085
0 0.6600796568627451 0.6429738562091504 0.018688725490196078 0.05392156862745098
0 0.6374080882352942 0.6572712418300654 0.023590686274509803 0.049019607843137254
0 0.6686580882352942 0.4777369281045752 0.013786764705882353 0.08782679738562091
0 0.647671568627451 0.4840686274509804 0.009191176470588236 0.08986928104575163
0 0.6360294117647058 0.6037581699346405 0.02696078431372549 0.05392156862745098
0 0.6346507352941176 0.4889705882352941 0.01133578431372549 0.09477124183006536
0 0.6208639705882353 0.49203431372549017 0.01011029411764706 0.09763071895424837
0 0.6102941176470589 0.49836601307189543 0.009191176470588236 0.09722222222222222
0 0.5965073529411765 0.522671568627451 0.014705882352941176 0.0559640522875817
0 0.5678615196078431 0.5373774509803921 0.023590686274509803 0.046977124183006536
0 0.657015931372549 0.4930555555555556 0.008272058823529412 0.0718954248366013
0 0.5096507352941176 0.5177696078431373 0.024816176470588234 0.16789215686274508
0 0.16636029411764705 0.7634803921568627 0.05575980392156863 0.10130718954248366
0 0.5358455882352942 0.5185866013071896 0.025122549019607844 0.1482843137254902
0 0.16789215686274508 0.8462009803921569 0.04779411764705882 0.04616013071895425
0 0.032935049019607844 0.6301062091503268 0.06587009803921569 0.24877450980392157
0 0.09022671568627451 0.6235702614379085 0.03462009803921569 0.2267156862745098
0 0.2498468137254902 0.5757761437908496 0.030943627450980393 0.20874183006535948
0 0.21170343137254902 0.5904820261437909 0.041666666666666664 0.22344771241830066
0 0.3414522058823529 0.5594362745098039 0.046262254901960786 0.18259803921568626
0 0.3831188725490196 0.5494281045751634 0.033394607843137254 0.18627450980392157
0 0.41881127450980393 0.5408496732026143 0.03308823529411765 0.17973856209150327
0 0.4505208333333333 0.5328839869281046 0.024816176470588234 0.17851307189542484
0 0.47931985294117646 0.5228758169934641 0.027879901960784315 0.16911764705882354
0 0.2935049019607843 0.5708741830065359 0.04840686274509804 0.2013888888888889
0 0.15410539215686275 0.6623774509803921 0.061887254901960786 0.08782679738562091
