0 0.12602124183006536 0.19255514705882354 0.054330065359477125 0.03400735294117647
0 0.18423202614379086 0.22028186274509803 0.05392156862745098 0.07291666666666667
0 0.25163398692810457 0.21706495098039216 0.05065359477124183 0.078125
0 0.3133169934640523 0.21568627450980393 0.07026143790849673 0.08272058823529412
0 0.38092320261437906 0.21706495098039216 0.054330065359477125 0.07996323529411764
0 0.525531045751634 0.2902879901960784 0.056781045751633986 0.0352328431372549
0 0.5010212418300654 0.21599264705882354 0.054330065359477125 0.08026960784313726
0 0.5698529411764706 0.21430759803921567 0.07107843137254902 0.07996323529411764
0 0.5610702614379085 0.16207107843137256 0.06004901960784314 0.020833333333333332
0 0.6196895424836601 0.22503063725490197 0.022058823529411766 0.06403186274509803
0 0.10049019607843138 0.23590686274509803 0.06454248366013073 0.04595588235294118
0 0.44485294117647056 0.21645220588235295 0.056372549019607844 0.08057598039215687
0 0.030433006535947712 0.23253676470588236 0.06004901960784314 0.0508578431372549
0 0.33169934640522875 0.7639399509803921 0.03758169934640523 0.04932598039215686
0 0.9097222222222222 0.3284313725490196 0.07761437908496732 0.07965686274509803
0 0.6464460784313726 0.7552083333333334 0.06331699346405228 0.06311274509803921
0 0.5547385620915033 0.7487745098039216 0.07761437908496732 0.044730392156862746
0 0.49244281045751637 0.7530637254901961 0.046977124183006536 0.052083333333333336
0 0.6815767973856209 0.2193627450980392 0.05923202614379085 0.07904411764705882
0 0.29473039215686275 0.7666973039215687 0.03553921568627451 0.0548406862745098
0 0.06413398692810457 0.8829656862745098 0.12663398692810457 0.07107843137254902
0 0.17054738562091504 0.891390931372549 0.08374183006535947 0.046262254901960786
0 0.24366830065359477 0.8682598039215687 0.046977124183006536 0.09620098039215687
0 0.29064542483660133 0.8673406862745098 0.046977124183006536 0.09436274509803921
0 0.3359885620915033 0.866421568627451 0.04370915032679738 0.09620098039215687
0 0.3805147058823529 0.8659620098039216 0.04370915032679738 0.09528186274509803
0 0.9738562091503268 0.3272058823529412 0.05065359477124183 0.07720588235294118
0 0.6856617647058824 0.15992647058823528 0.053513071895424834 0.032475490196078434
0 0.5663807189542484 0.8685661764705882 0.039624183006535946 0.07720588235294118
0 0.8114787581699346 0.2032781862745098 0.060866013071895424 0.10386029411764706
0 0.6062091503267973 0.8682598039215687 0.04003267973856209 0.0778186274509804
0 0.6574754901960784 0.8612132352941176 0.04861111111111111 0.07904411764705882
0 0.704248366013072 0.8610600490196079 0.0457516339869281 0.078125
0 0.7491830065359477 0.8527879901960784 0.03676470588235294 0.08302696078431372
0 0.39705882352941174 0.028952205882352942 0.0915032679738562 0.030330882352941176
0 0.33026960784313725 0.06142769607843137 0.042075163398692814 0.09589460784313726
0 0.2798202614379085 0.05652573529411765 0.05718954248366013 0.1056985294117647
0 0.2261029411764706 0.05759803921568627 0.05106209150326797 0.10723039215686274
0 0.176062091503268 0.0818014705882353 0.032679738562091505 0.06066176470588235
0 0.9795751633986928 0.20021446078431374 0.041666666666666664 0.11182598039215687
0 0.9293300653594772 0.2035845588235294 0.05800653594771242 0.10447303921568628
0 0.7804330065359477 0.8524816176470589 0.024918300653594773 0.08363970588235294
0 0.8141339869281046 0.8541666666666666 0.042483660130718956 0.08026960784313726
0 0.8696895424836601 0.8573835784313726 0.042483660130718956 0.07628676470588236
0 0.9058415032679739 0.8556985294117647 0.030637254901960783 0.08088235294117647
0 0.9405637254901961 0.8532475490196079 0.03799019607843137 0.0778186274509804
0 0.9791666666666666 0.8428308823529411 0.03839869281045752 0.09926470588235294
0 0.06004901960784314 0.7916666666666666 0.12009803921568628 0.06433823529411764
0 0.1687091503267974 0.7789522058823529 0.06290849673202614 0.050551470588235295
0 0.21997549019607843 0.7699142156862745 0.0363562091503268 0.05024509803921569
0 0.25796568627450983 0.7694546568627451 0.03880718954248366 0.04932598039215686
0 0.43361928104575165 0.8570772058823529 0.04370915032679738 0.10386029411764706
0 0.4777369281045752 0.8483455882352942 0.03799019607843137 0.08639705882352941
0 0.7896241830065359 0.33409926470588236 0.05800653594771242 0.07077205882352941
0 0.8717320261437909 0.2026654411764706 0.056372549019607844 0.1014093137254902
0 0.7465277777777778 0.20603553921568626 0.060866013071895424 0.109375
0 0.5939542483660131 0.32077205882352944 0.0718954248366013 0.1017156862745098
0 0.7099673202614379 0.7536764705882353 0.06209150326797386 0.06004901960784314
0 0.8274101307189542 0.7501531862745098 0.051879084967320264 0.053002450980392156
0 0.5506535947712419 0.5580575980392157 0.05228758169934641 0.0897671568627451
0 0.6055964052287581 0.5546875 0.05841503267973856 0.08363970588235294
0 0.6646241830065359 0.5556066176470589 0.05800653594771242 0.08915441176470588
0 0.7232434640522876 0.5545343137254902 0.05841503267973856 0.08700980392156862
0 0.7775735294117647 0.5510110294117647 0.04861111111111111 0.08731617647058823
0 0.8325163398692811 0.5511642156862745 0.056372549019607844 0.08762254901960784
0 0.9027777777777778 0.5497855392156863 0.07679738562091504 0.08792892156862746
0 0.9728349673202614 0.5537683823529411 0.0559640522875817 0.08731617647058823
0 0.9654820261437909 0.43566176470588236 0.05514705882352941 0.09497549019607843
0 0.8705065359477124 0.43504901960784315 0.08496732026143791 0.10784313725490197
0 0.7804330065359477 0.4338235294117647 0.07393790849673203 0.1017156862745098
0 0.7134395424836601 0.4497549019607843 0.06004901960784314 0.07107843137254902
0 0.6425653594771242 0.4362745098039216 0.06045751633986928 0.10355392156862746
0 0.5751633986928104 0.45787377450980393 0.05473856209150327 0.06403186274509803
0 0.48590686274509803 0.5565257352941176 0.0763888888888889 0.09283088235294118
0 0.516952614379085 0.43903186274509803 0.061683006535947715 0.1017156862745098
0 0.4438316993464052 0.41161151960784315 0.044526143790849675 0.02849264705882353
0 0.3993055555555556 0.4564950980392157 0.04779411764705882 0.06862745098039216
0 0.3386437908496732 0.44332107843137253 0.06454248366013073 0.10232843137254902
0 0.272875816993464 0.45818014705882354 0.05310457516339869 0.06893382352941177
0 0.21711601307189543 0.4420955882352941 0.05024509803921569 0.10110294117647059
0 0.13112745098039216 0.42922794117647056 0.08905228758169935 0.04105392156862745
0 0.042483660130718956 0.40349264705882354 0.08333333333333333 0.0778186274509804
0 0.14460784313725492 0.3866421568627451 0.0718954248366013 0.03370098039215686
0 0.21098856209150327 0.32766544117647056 0.07312091503267974 0.08302696078431372
0 0.27879901960784315 0.3400735294117647 0.05514705882352941 0.06801470588235294
0 0.3417075163398693 0.3255208333333333 0.06985294117647059 0.09650735294117647
0 0.40522875816993464 0.3247549019607843 0.05310457516339869 0.09987745098039216
0 0.46262254901960786 0.3238357843137255 0.061683006535947715 0.09865196078431372
0 0.5234885620915033 0.3411458333333333 0.06004901960784314 0.06525735294117647
0 0.4542483660130719 0.45879289215686275 0.056372549019607844 0.06219362745098039
0 0.4180964052287582 0.5565257352941176 0.05923202614379085 0.09283088235294118
0 0.3617238562091503 0.553921568627451 0.05269607843137255 0.09681372549019608
0 0.3131127450980392 0.5560661764705882 0.044526143790849675 0.10110294117647059
0 0.8684640522875817 0.7538296568627451 0.027777777777777776 0.03952205882352941
0 0.9023692810457516 0.7547487745098039 0.03104575163398693 0.04013480392156863
0 0.9791666666666666 0.7461703431372549 0.04330065359477124 0.04932598039215686
0 0.9777369281045751 0.6660539215686274 0.04616013071895425 0.06862745098039216
0 0.9225898692810458 0.6668198529411765 0.061683006535947715 0.06709558823529412
0 0.8574346405228758 0.6681985294117647 0.06862745098039216 0.06924019607843138
0 0.8031045751633987 0.6593137254901961 0.0392156862745098 0.08762254901960784
0 0.7612336601307189 0.6617647058823529 0.04370915032679738 0.09375
0 0.7146650326797386 0.6732536764705882 0.04779411764705882 0.05974264705882353
0 0.6348039215686274 0.6603860294117647 0.041666666666666664 0.08915441176470588
0 0.5935457516339869 0.6617647058823529 0.04003267973856209 0.09191176470588236
0 0.5543300653594772 0.6619178921568627 0.0392156862745098 0.09160539215686274
0 0.5187908496732027 0.6659007352941176 0.028594771241830064 0.07996323529411764
0 0.7226307189542484 0.31847426470588236 0.06209150326797386 0.1014093137254902
0 0.4550653594771242 0.6697303921568627 0.032679738562091505 0.08149509803921569
0 0.42177287581699346 0.6706495098039216 0.034722222222222224 0.08333333333333333
0 0.3860294117647059 0.6701899509803921 0.03676470588235294 0.08425245098039216
0 0.2636846405228758 0.5647977941176471 0.05514705882352941 0.08486519607843138
0 0.21609477124183007 0.5704656862745098 0.03676470588235294 0.07598039215686274
0 0.14624183006535948 0.4921875 0.0857843137254902 0.043198529411764705
0 0.14705882352941177 0.5378370098039216 0.0915032679738562 0.04503676470588235
0 0.044526143790849675 0.5197610294117647 0.08905228758169935 0.0860906862745098
0 0.15093954248366012 0.5922181372549019 0.07883986928104575 0.03982843137254902
0 0.772671568627451 0.7487745098039216 0.05841503267973856 0.051470588235294115
0 0.15155228758169934 0.6326593137254902 0.07761437908496732 0.04105392156862745
0 0.060866013071895424 0.7081801470588235 0.12091503267973856 0.07138480392156862
0 0.21568627450980393 0.6720281862745098 0.03104575163398693 0.09712009803921569
0 0.2508169934640523 0.6704963235294118 0.032679738562091505 0.09528186274509803
0 0.2820669934640523 0.6692708333333334 0.0298202614379085 0.09712009803921569
0 0.6584967320261438 0.3313419117647059 0.05800653594771242 0.07935049019607843
0 0.3533496732026144 0.6701899509803921 0.03022875816993464 0.08425245098039216
0 0.05494281045751634 0.6168811274509803 0.10988562091503268 0.07261029411764706
0 0.4881535947712418 0.6675857843137255 0.032679738562091505 0.08455882352941177
0 0.31433823529411764 0.6695772058823529 0.0363562091503268 0.09895833333333333
0 0.4056372549019608 0.09574142156862746 0.08660130718954248 0.030330882352941176
0 0.48570261437908496 0.06418504901960784 0.07761437908496732 0.023590686274509803
0 0.4838643790849673 0.037377450980392156 0.07475490196078431 0.03125
0 0.5524918300653595 0.04258578431372549 0.0559640522875817 0.04595588235294118
0 0.553921568627451 0.08700980392156862 0.05228758169934641 0.04411764705882353
0 0.6011029411764706 0.06142769607843137 0.037173202614379085 0.0977328431372549
0 0.6572712418300654 0.026807598039215685 0.07026143790849673 0.033394607843137254
0 0.6580882352941176 0.06112132352941176 0.06944444444444445 0.0352328431372549
0 0.6550245098039216 0.09329044117647059 0.06331699346405228 0.029105392156862746
0 0.7150735294117647 0.059283088235294115 0.042075163398692814 0.10202205882352941
0 0.7575571895424836 0.05897671568627451 0.0428921568627451 0.1014093137254902
0 0.8237336601307189 0.09053308823529412 0.07393790849673203 0.03768382352941176
0 0.9121732026143791 0.0975796568627451 0.08496732026143791 0.0272671568627451
0 0.90625 0.06326593137254902 0.09681372549019608 0.04258578431372549
0 0.4027777777777778 0.061887254901960786 0.08006535947712418 0.03676470588235294
0 0.900531045751634 0.025735294117647058 0.08700980392156862 0.031862745098039214
0 0.4875408496732026 0.09329044117647059 0.07230392156862746 0.03400735294117647
