0 0.1622431506849315 0.3465144230769231 0.12414383561643835 0.01658653846153846
0 0.20398116438356165 0.4127403846153846 0.11772260273972603 0.013942307692307693
0 0.7821061643835616 0.32884615384615384 0.05650684931506849 0.06298076923076923
0 0.16288527397260275 0.3270432692307692 0.11857876712328767 0.017548076923076923
0 0.16095890410958905 0.30673076923076925 0.1309931506849315 0.022115384615384617
0 0.7178938356164384 0.2265625 0.10616438356164383 0.01706730769230769
0 0.2009845890410959 0.42788461538461536 0.12029109589041095 0.011538461538461539
0 0.7517123287671232 0.5881009615384616 0.025684931506849314 0.06129807692307692
0 0.5575770547945206 0.47415865384615385 0.11172945205479452 0.013221153846153846
0 0.4387842465753425 0.4790865384615385 0.10873287671232877 0.013461538461538462
0 0.3169948630136986 0.4938701923076923 0.11686643835616438 0.013221153846153846
0 0.3174229452054795 0.4784855769230769 0.11686643835616438 0.013221153846153846
0 0.7022688356164384 0.32211538461538464 0.08176369863013698 0.012980769230769231
0 0.6770119863013698 0.48954326923076924 0.11686643835616438 0.013221153846153846
0 0.5586472602739726 0.49170673076923077 0.1172945205479452 0.014182692307692308
0 0.609375 0.3177884615384615 0.0920376712328767 0.014423076923076924
0 0.9238013698630136 0.6896634615384616 0.036815068493150686 0.03894230769230769
0 0.6053082191780822 0.35096153846153844 0.0916095890410959 0.010096153846153847
0 0.6971318493150684 0.34302884615384616 0.0877568493150685 0.023557692307692307
0 0.5081335616438356 0.34915865384615385 0.10273972602739725 0.01610576923076923
0 0.288527397260274 0.34591346153846153 0.1190068493150685 0.017788461538461538
0 0.2908818493150685 0.32860576923076923 0.11857876712328767 0.01201923076923077
0 0.2906678082191781 0.3075721153846154 0.11472602739726027 0.015625
0 0.4053938356164384 0.30841346153846155 0.0976027397260274 0.0125
0 0.4056078767123288 0.3278846153846154 0.09375 0.015865384615384615
0 0.4056078767123288 0.3483173076923077 0.09803082191780822 0.017788461538461538
0 0.5092037671232876 0.3296875 0.09631849315068493 0.01706730769230769
0 0.5077054794520548 0.31069711538461536 0.09503424657534247 0.01658653846153846
0 0.9546232876712328 0.692548076923077 0.017123287671232876 0.03028846153846154
0 0.677654109589041 0.4751201923076923 0.1172945205479452 0.013221153846153846
0 0.3313356164383562 0.4018028846153846 0.12071917808219178 0.012259615384615384
0 0.605736301369863 0.33581730769230766 0.09075342465753425 0.013461538461538462
0 0.7966609589041096 0.4763221153846154 0.1172945205479452 0.013221153846153846
0 0.7951626712328768 0.4924278846153846 0.11686643835616438 0.013221153846153846
0 0.7977311643835616 0.5085336538461539 0.11686643835616438 0.013221153846153846
0 0.8850599315068494 0.5364182692307692 0.027825342465753425 0.037259615384615384
0 0.8501712328767124 0.5338942307692308 0.02054794520547945 0.028365384615384615
0 0.9141695205479452 0.5280048076923077 0.026113013698630137 0.024759615384615383
0 0.959332191780822 0.5314903846153847 0.026541095890410957 0.026923076923076925
0 0.9342893835616438 0.13786057692307693 0.019263698630136987 0.057451923076923074
0 0.9730308219178082 0.13930288461538462 0.032534246575342464 0.048317307692307694
0 0.9841609589041096 0.21394230769230768 0.03595890410958904 0.017788461538461538
0 0.9330051369863014 0.23149038461538463 0.07320205479452055 0.016826923076923076
0 0.901541095890411 0.31322115384615384 0.04366438356164384 0.014903846153846155
0 0.9561215753424658 0.3141826923076923 0.04580479452054795 0.021634615384615384
0 0.9619006849315068 0.33557692307692305 0.04452054794520548 0.016346153846153847
0 0.9096746575342466 0.3371394230769231 0.04708904109589041 0.018990384615384614
0 0.8478167808219178 0.3234375 0.05607876712328767 0.07139423076923077
0 0.9633989726027398 0.4012019230769231 0.030393835616438356 0.03990384615384615
0 0.9216609589041096 0.4033653846153846 0.04023972602739726 0.04230769230769231
0 0.8752140410958904 0.40360576923076924 0.029537671232876712 0.04230769230769231
0 0.9514126712328768 0.4735576923076923 0.0449486301369863 0.03125
0 0.8893407534246576 0.46911057692307695 0.03638698630136986 0.025721153846153845
0 0.8249143835616438 0.588701923076923 0.0273972602739726 0.0625
0 0.4608304794520548 0.5879807692307693 0.0175513698630137 0.06875
0 0.4905821917808219 0.5879807692307693 0.016267123287671232 0.0798076923076923
0 0.5612157534246576 0.5646634615384616 0.10787671232876712 0.019230769230769232
0 0.5612157534246576 0.5837740384615384 0.1035958904109589 0.014663461538461538
0 0.5612157534246576 0.5975961538461538 0.1035958904109589 0.011057692307692308
0 0.5550085616438356 0.6141826923076923 0.1074486301369863 0.016346153846153847
0 0.636986301369863 0.5901442307692307 0.0410958904109589 0.05721153846153846
0 0.6883561643835616 0.5897836538461538 0.036815068493150686 0.05552884615384615
0 0.8754280821917808 0.615625 0.038527397260273974 0.051923076923076926
0 0.328125 0.4165865384615385 0.1254280821917808 0.011057692307692308
0 0.921875 0.6100961538461539 0.03981164383561644 0.04855769230769231
0 0.978595890410959 0.6087740384615384 0.04366438356164384 0.04735576923076923
0 0.676583904109589 0.5063701923076923 0.11686643835616438 0.013221153846153846
0 0.558861301369863 0.5079326923076923 0.11686643835616438 0.012980769230769231
0 0.4398544520547945 0.5054086538461539 0.11686643835616438 0.013221153846153846
0 0.3137842465753425 0.5078125 0.1172945205479452 0.013221153846153846
0 0.19413527397260275 0.5061298076923076 0.11686643835616438 0.013221153846153846
0 0.1932791095890411 0.49290865384615384 0.11601027397260275 0.009375
0 0.19477739726027396 0.4794471153846154 0.11643835616438356 0.009375
0 0.13420376712328766 0.5798076923076924 0.0389554794520548 0.07548076923076923
0 0.17080479452054795 0.5822115384615385 0.029965753424657533 0.07548076923076923
0 0.23373287671232876 0.5894230769230769 0.0958904109589041 0.015384615384615385
0 0.2358732876712329 0.6042067307692308 0.0916095890410959 0.00985576923076923
0 0.2377996575342466 0.6164663461538461 0.0920376712328767 0.011778846153846154
0 0.2996575342465753 0.5825721153846154 0.015410958904109588 0.07475961538461538
0 0.793236301369863 0.5895432692307693 0.0273972602739726 0.06322115384615384
0 0.3257705479452055 0.5836538461538462 0.023972602739726026 0.06875
0 0.3959760273972603 0.598798076923077 0.09674657534246575 0.011057692307692308
0 0.9790239726027398 0.6911057692307693 0.023116438356164382 0.02980769230769231
0 0.8625856164383562 0.6905048076923077 0.07277397260273973 0.04110576923076923
0 0.2168236301369863 0.6727163461538461 0.0449486301369863 0.062259615384615385
0 0.2737585616438356 0.6777644230769231 0.0389554794520548 0.07235576923076924
0 0.3339041095890411 0.6747596153846154 0.05736301369863014 0.06394230769230769
0 0.3994006849315068 0.6139423076923077 0.09332191780821918 0.01201923076923077
0 0.3940496575342466 0.6716346153846153 0.0449486301369863 0.06971153846153846
0 0.4516267123287671 0.665625 0.0488013698630137 0.05721153846153846
0 0.5087756849315068 0.6735576923076924 0.048373287671232876 0.06634615384615385
0 0.5629280821917808 0.6721153846153847 0.045376712328767124 0.07067307692307692
0 0.6220034246575342 0.6737980769230769 0.039383561643835614 0.06923076923076923
0 0.6853595890410958 0.6745192307692308 0.05136986301369863 0.07067307692307692
0 0.3946917808219178 0.5819711538461538 0.09931506849315068 0.013461538461538462
0 0.3274828767123288 0.4305288461538462 0.11301369863013698 0.01201923076923077
0 0.7131849315068494 0.2465144230769231 0.1113013698630137 0.01514423076923077
0 0.4518407534246575 0.4111778846153846 0.1091609589041096 0.011778846153846154
0 0.3728595890410959 0.1313701923076923 0.015410958904109588 0.08774038461538461
0 0.3296232876712329 0.1484375 0.0488013698630137 0.05456730769230769
0 0.2718321917808219 0.15048076923076922 0.04794520547945205 0.05144230769230769
0 0.2245291095890411 0.14939903846153846 0.04323630136986301 0.054086538461538464
0 0.16309931506849315 0.14471153846153847 0.06164383561643835 0.05432692307692308
0 0.11558219178082192 0.1545673076923077 0.01797945205479452 0.03317307692307692
0 0.4509845890410959 0.39579326923076924 0.11001712328767123 0.014182692307692308
0 0.5592893835616438 0.13064903846153847 0.0175513698630137 0.09591346153846154
0 0.5896832191780822 0.1311298076923077 0.02183219178082192 0.09447115384615384
0 0.6226455479452054 0.13125 0.018407534246575343 0.09471153846153846
0 0.6530393835616438 0.13473557692307692 0.013270547945205479 0.09495192307692307
0 0.6977739726027398 0.1359375 0.030821917808219176 0.08533653846153846
0 0.791095890410959 0.12980769230769232 0.07448630136986302 0.10480769230769231
0 0.8715753424657534 0.13305288461538461 0.04794520547945205 0.09350961538461539
0 0.6967037671232876 0.39579326923076924 0.09717465753424658 0.01658653846153846
0 0.6943493150684932 0.4129807692307692 0.0976027397260274 0.013461538461538462
0 0.6894263698630136 0.4305288461538462 0.09888698630136987 0.014423076923076924
0 0.5774828767123288 0.4126201923076923 0.12157534246575342 0.014182692307692308
0 0.5729880136986302 0.4305288461538462 0.11686643835616438 0.014423076923076924
0 0.5776969178082192 0.39278846153846153 0.1254280821917808 0.017788461538461538
0 0.8058647260273972 0.3967548076923077 0.10488013698630137 0.014663461538461538
0 0.3863441780821918 0.13064903846153847 0.012414383561643835 0.08629807692307692
0 0.8020119863013698 0.41394230769230766 0.10830479452054795 0.016346153846153847
0 0.4011130136986301 0.13016826923076924 0.011986301369863013 0.09014423076923077
0 0.460402397260274 0.13197115384615385 0.02440068493150685 0.0889423076923077
0 0.8319777397260274 0.26526442307692305 0.10402397260273973 0.01610576923076923
0 0.8351883561643836 0.24411057692307692 0.10616438356164383 0.01514423076923077
0 0.8309075342465754 0.22584134615384616 0.10702054794520548 0.012740384615384615
0 0.5935359589041096 0.2631009615384615 0.11686643835616438 0.01610576923076923
0 0.7116866438356164 0.26189903846153845 0.11686643835616438 0.01610576923076923
0 0.5931078767123288 0.24411057692307692 0.11686643835616438 0.01610576923076923
0 0.5952482876712328 0.22524038461538462 0.11686643835616438 0.016346153846153847
0 0.4696061643835616 0.2230769230769231 0.11386986301369863 0.014903846153846155
0 0.4732448630136986 0.24134615384615385 0.1134417808219178 0.014903846153846155
0 0.4726027397260274 0.2622596153846154 0.11386986301369863 0.014903846153846155
0 0.3889126712328767 0.23834134615384617 0.0389554794520548 0.056971153846153845
0 0.3456763698630137 0.24098557692307693 0.033818493150684935 0.05985576923076923
0 0.2681934931506849 0.24134615384615385 0.11686643835616438 0.01826923076923077
0 0.2636986301369863 0.2592548076923077 0.11301369863013698 0.01610576923076923
0 0.1504708904109589 0.259375 0.1091609589041096 0.015865384615384615
0 0.1481164383561644 0.2388221153846154 0.1053082191780822 0.01658653846153846
0 0.1581763698630137 0.22139423076923076 0.10316780821917808 0.011057692307692308
0 0.07106164383561644 0.21586538461538463 0.0410958904109589 0.07163461538461538
0 0.15539383561643835 0.20024038461538463 0.10787671232876712 0.016826923076923076
0 0.5231164383561644 0.13305288461538461 0.029965753424657533 0.08389423076923076
0 0.4886558219178082 0.13088942307692308 0.020976027397260275 0.08197115384615385
0 0.4263698630136986 0.13353365384615384 0.023972602739726026 0.08485576923076923
0 0.8007277397260274 0.4313701923076923 0.11087328767123288 0.01514423076923077
0 0.08732876712328767 0.15432692307692308 0.023116438356164382 0.035096153846153846
0 0.453125 0.42872596153846154 0.10573630136986302 0.013221153846153846
