0 0.9354166666666667 0.7153645833333333 0.09027777777777778 0.0375
0 0.04027777777777778 0.7083333333333334 0.046296296296296294 0.016145833333333335
0 0.06412037037037037 0.73984375 0.01712962962962963 0.019270833333333334
0 0.09976851851851852 0.7276041666666667 0.04583333333333333 0.03802083333333333
0 0.030555555555555555 0.7364583333333333 0.044444444444444446 0.027083333333333334
0 0.968287037037037 0.6579427083333333 0.052314814814814814 0.037760416666666664
0 0.42777777777777776 0.6444010416666667 0.06666666666666667 0.03203125
0 0.06620370370370371 0.6791666666666667 0.02962962962962963 0.010416666666666666
0 0.10347222222222222 0.6630208333333333 0.02361111111111111 0.0359375
0 0.05115740740740741 0.6583333333333333 0.0763888888888889 0.028645833333333332
0 0.10856481481481481 0.61015625 0.020833333333333332 0.03802083333333333
0 0.17083333333333334 0.6438802083333334 0.06481481481481481 0.030989583333333334
0 0.23333333333333334 0.64375 0.05277777777777778 0.03125
0 0.29189814814814813 0.6453125 0.059722222222222225 0.036458333333333336
0 0.3587962962962963 0.6462239583333333 0.06574074074074074 0.03359375
0 0.038657407407407404 0.6798177083333333 0.029166666666666667 0.009635416666666667
0 0.9407407407407408 0.8123697916666667 0.058333333333333334 0.01796875
0 0.7215277777777778 0.6748697916666667 0.05324074074074074 0.02421875
0 0.7516203703703703 0.790234375 0.0699074074074074 0.06692708333333333
0 0.4965277777777778 0.644140625 0.06805555555555555 0.03307291666666667
0 0.5685185185185185 0.6407552083333333 0.0712962962962963 0.03203125
0 0.649074074074074 0.6391927083333333 0.0787037037037037 0.03359375
0 0.7203703703703703 0.6428385416666667 0.05925925925925926 0.03619791666666667
0 0.7842592592592592 0.642578125 0.05925925925925926 0.03359375
0 0.780787037037037 0.6736979166666667 0.06712962962962964 0.026041666666666668
0 0.08356481481481481 0.614453125 0.02175925925925926 0.027864583333333335
0 0.6479166666666667 0.6717447916666667 0.07731481481481481 0.029427083333333333
0 0.5717592592592593 0.673046875 0.0712962962962963 0.027864583333333335
0 0.49583333333333335 0.6729166666666667 0.06944444444444445 0.024479166666666666
0 0.8243055555555555 0.7903645833333334 0.07361111111111111 0.06770833333333333
0 0.42986111111111114 0.6739583333333333 0.06527777777777778 0.021354166666666667
0 0.2972222222222222 0.6766927083333333 0.07037037037037037 0.023177083333333334
0 0.23194444444444445 0.6725260416666666 0.05185185185185185 0.026302083333333334
0 0.17592592592592593 0.6748697916666667 0.062037037037037036 0.02421875
0 0.07453703703703704 0.80625 0.1361111111111111 0.04635416666666667
0 0.22291666666666668 0.7541666666666667 0.06620370370370371 0.04791666666666667
0 0.28541666666666665 0.7497395833333333 0.056018518518518516 0.051041666666666666
0 0.3650462962962963 0.7891927083333333 0.11805555555555555 0.07369791666666667
0 0.48865740740740743 0.78359375 0.11435185185185186 0.08020833333333334
0 0.5881944444444445 0.7766927083333334 0.08101851851851852 0.09401041666666667
0 0.6699074074074074 0.779296875 0.0712962962962963 0.09348958333333333
0 0.36319444444444443 0.6756510416666667 0.0625 0.025260416666666667
0 0.16342592592592592 0.271484375 0.07962962962962963 0.039322916666666666
0 0.4162037037037037 0.23229166666666667 0.07777777777777778 0.04010416666666667
0 0.2898148148148148 0.262109375 0.03425925925925926 0.05911458333333333
0 0.5881944444444445 0.452734375 0.059722222222222225 0.029947916666666668
0 0.6479166666666667 0.4532552083333333 0.056018518518518516 0.02890625
0 0.7143518518518519 0.453515625 0.07222222222222222 0.03046875
0 0.7868055555555555 0.45364583333333336 0.0763888888888889 0.03177083333333333
0 0.7875 0.41796875 0.07407407407407407 0.0375
0 0.7125 0.41901041666666666 0.06944444444444445 0.0375
0 0.6449074074074074 0.41888020833333334 0.05740740740740741 0.03463541666666667
0 0.5858796296296296 0.41940104166666664 0.0587962962962963 0.03411458333333333
0 0.04675925925925926 0.5634114583333333 0.012962962962962963 0.03307291666666667
0 0.06087962962962963 0.5631510416666666 0.015277777777777777 0.03411458333333333
0 0.03009259259259259 0.56328125 0.012962962962962963 0.033854166666666664
0 0.0875 0.5641927083333333 0.012962962962962963 0.03463541666666667
0 0.07407407407407407 0.5631510416666666 0.013888888888888888 0.03567708333333333
0 0.011574074074074073 0.6165364583333334 0.014814814814814815 0.02421875
0 0.033796296296296297 0.6166666666666667 0.016666666666666666 0.0234375
0 0.056018518518518516 0.6153645833333333 0.022222222222222223 0.021875
0 0.5217592592592593 0.41888020833333334 0.06296296296296296 0.03203125
0 0.4601851851851852 0.42096354166666666 0.05462962962962963 0.030989583333333334
0 0.3993055555555556 0.4203125 0.05694444444444444 0.03229166666666667
0 0.30648148148148147 0.39752604166666666 0.12037037037037036 0.020052083333333335
0 0.33773148148148147 0.42630208333333336 0.05324074074074074 0.0296875
0 0.27870370370370373 0.42526041666666664 0.06296296296296296 0.0328125
0 0.10532407407407407 0.5647135416666667 0.010648148148148148 0.03567708333333333
0 0.5280092592592592 0.4532552083333333 0.05694444444444444 0.030989583333333334
0 0.46620370370370373 0.453515625 0.06481481481481481 0.03046875
0 0.40324074074074073 0.452734375 0.05462962962962963 0.029947916666666668
0 0.6453703703703704 0.5333333333333333 0.06481481481481481 0.035416666666666666
0 0.6483796296296296 0.5688802083333333 0.060648148148148145 0.03203125
0 0.46319444444444446 0.5341145833333333 0.0587962962962963 0.041666666666666664
0 0.40162037037037035 0.539453125 0.0625 0.03359375
0 0.3388888888888889 0.5376302083333333 0.06388888888888888 0.03203125
0 0.2831018518518518 0.538671875 0.047685185185185185 0.037760416666666664
0 0.2798611111111111 0.5727864583333333 0.047685185185185185 0.03307291666666667
0 0.3384259259259259 0.571875 0.05462962962962963 0.0359375
0 0.40162037037037035 0.57265625 0.06157407407407407 0.027604166666666666
0 0.4638888888888889 0.5717447916666667 0.058333333333333334 0.029427083333333333
0 0.09513888888888888 0.50625 0.027314814814814816 0.036458333333333336
0 0.06342592592592593 0.508203125 0.03518518518518519 0.031510416666666666
0 0.025231481481481483 0.5083333333333333 0.02638888888888889 0.043229166666666666
0 0.7122685185185185 0.5365885416666667 0.060648148148148145 0.039322916666666666
0 0.711574074074074 0.5700520833333333 0.06481481481481481 0.025520833333333333
0 0.7835648148148148 0.5611979166666666 0.05324074074074074 0.043229166666666666
0 0.9516203703703704 0.572265625 0.03657407407407407 0.05078125
0 0.9868055555555556 0.5720052083333333 0.02546296296296296 0.05026041666666667
0 0.8803240740740741 0.5321614583333333 0.09768518518518518 0.26328125
0 0.15416666666666667 0.45559895833333336 0.06666666666666667 0.02890625
0 0.014583333333333334 0.5638020833333334 0.016203703703703703 0.033854166666666664
0 0.28125 0.4557291666666667 0.056018518518518516 0.0265625
0 0.3416666666666667 0.454296875 0.06666666666666667 0.026822916666666665
0 0.21342592592592594 0.4234375 0.05555555555555555 0.030729166666666665
0 0.1527777777777778 0.42330729166666664 0.053703703703703705 0.031510416666666666
0 0.06759259259259259 0.45234375 0.013888888888888888 0.0328125
0 0.08287037037037037 0.45234375 0.012962962962962963 0.034375
0 0.9782407407407407 0.18059895833333334 0.04722222222222222 0.055989583333333336
0 0.9814814814814815 0.23736979166666666 0.03981481481481482 0.05546875
0 0.9270833333333334 0.23528645833333334 0.050462962962962966 0.06067708333333333
0 0.7622685185185185 0.26901041666666664 0.08287037037037037 0.0328125
0 0.8384259259259259 0.26731770833333335 0.06666666666666667 0.03359375
0 0.8104166666666667 0.239453125 0.07731481481481481 0.01484375
0 0.743287037037037 0.23541666666666666 0.04953703703703704 0.019791666666666666
0 0.6601851851851852 0.269921875 0.09259259259259259 0.03307291666666667
0 0.5726851851851852 0.27005208333333336 0.075 0.03177083333333333
0 0.4928240740740741 0.273828125 0.07361111111111111 0.032552083333333336
0 0.41875 0.271875 0.07453703703703704 0.035416666666666666
0 0.6615740740740741 0.22916666666666666 0.08796296296296297 0.04114583333333333
0 0.6606481481481481 0.18580729166666668 0.08888888888888889 0.03828125
0 0.575 0.23294270833333333 0.07314814814814814 0.03828125
0 0.5731481481481482 0.191015625 0.07685185185185185 0.04140625
0 0.5706018518518519 0.15768229166666667 0.08009259259259259 0.02265625
0 0.48703703703703705 0.15182291666666667 0.07037037037037037 0.041666666666666664
0 0.49074074074074076 0.19375 0.07592592592592592 0.041666666666666664
0 0.4914351851851852 0.23385416666666667 0.07083333333333333 0.03854166666666667
0 0.4113425925925926 0.19049479166666666 0.06805555555555555 0.03307291666666667
0 0.40532407407407406 0.15143229166666666 0.07731481481481481 0.04140625
0 0.35347222222222224 0.2513020833333333 0.033796296296296297 0.08072916666666667
0 0.32083333333333336 0.2513020833333333 0.027777777777777776 0.08229166666666667
0 0.01898148148148148 0.336328125 0.03333333333333333 0.02265625
0 0.22870370370370371 0.26197916666666665 0.04814814814814815 0.0609375
0 0.06805555555555555 0.3352864583333333 0.04259259259259259 0.024739583333333332
0 0.2196759259259259 0.329296875 0.06435185185185185 0.03463541666666667
0 0.09652777777777778 0.45260416666666664 0.014351851851851852 0.034895833333333334
0 0.04189814814814815 0.451953125 0.03657407407407407 0.030989583333333334
0 0.9747685185185185 0.4125 0.052314814814814814 0.050520833333333334
0 0.8692129629629629 0.35989583333333336 0.09305555555555556 0.084375
0 0.7569444444444444 0.35299479166666664 0.07222222222222222 0.02734375
0 0.7569444444444444 0.320703125 0.06851851851851852 0.03463541666666667
0 0.5571759259259259 0.3555989583333333 0.06342592592592593 0.029427083333333333
0 0.6196759259259259 0.35651041666666666 0.060648148148148145 0.028125
0 0.6872685185185186 0.35598958333333336 0.07083333333333333 0.026041666666666668
0 0.687962962962963 0.3240885416666667 0.06296296296296296 0.03411458333333333
0 0.6226851851851852 0.32278645833333336 0.06481481481481481 0.03307291666666667
0 0.5571759259259259 0.32317708333333334 0.06157407407407407 0.03229166666666667
0 0.4236111111111111 0.35690104166666664 0.06481481481481481 0.02734375
0 0.4898148148148148 0.35690104166666664 0.06481481481481481 0.027864583333333335
0 0.4849537037037037 0.32447916666666665 0.06157407407407407 0.034375
0 0.42083333333333334 0.32447916666666665 0.06296296296296296 0.034895833333333334
0 0.35324074074074074 0.3287760416666667 0.06481481481481481 0.03307291666666667
0 0.35532407407407407 0.3580729166666667 0.0625 0.025
0 0.28726851851851853 0.3567708333333333 0.0625 0.027604166666666666
0 0.040740740740740744 0.4046875 0.02962962962962963 0.008333333333333333
0 0.08009259259259259 0.3924479166666667 0.03981481481481482 0.03177083333333333
0 0.1486111111111111 0.361328125 0.06944444444444445 0.02578125
0 0.21712962962962962 0.3609375 0.06481481481481481 0.0265625
0 0.14560185185185184 0.3282552083333333 0.07361111111111111 0.03515625
0 0.22106481481481483 0.4544270833333333 0.060648148148148145 0.028645833333333332
