0 0.3574346405228758 0.3929227941176471 0.0392156862745098 0.09650735294117647
0 0.31576797385620914 0.390625 0.035130718954248366 0.09620098039215687
0 0.19464869281045752 0.38112745098039214 0.04616013071895425 0.10294117647058823
0 0.14501633986928106 0.38786764705882354 0.0392156862745098 0.09436274509803921
0 0.10437091503267974 0.38419117647058826 0.037173202614379085 0.09191176470588236
0 0.21875 0.24923406862745098 0.02900326797385621 0.060355392156862746
0 0.01491013071895425 0.38327205882352944 0.0298202614379085 0.09865196078431372
0 0.40604575163398693 0.39047181372549017 0.03758169934640523 0.09650735294117647
0 0.17892156862745098 0.2693014705882353 0.03839869281045752 0.1090686274509804
0 0.13562091503267973 0.26409313725490197 0.02696078431372549 0.11948529411764706
0 0.054125816993464054 0.3861825980392157 0.042075163398692814 0.0977328431372549
0 0.44689542483660133 0.39261642156862747 0.04003267973856209 0.09712009803921569
0 0.573937908496732 0.3993566176470588 0.04003267973856209 0.0934436274509804
0 0.5290032679738562 0.3958333333333333 0.03594771241830065 0.09558823529411764
0 0.09252450980392157 0.2662377450980392 0.0363562091503268 0.10784313725490197
0 0.6176470588235294 0.39568014705882354 0.041666666666666664 0.09589460784313726
0 0.667687908496732 0.39690563725490197 0.053513071895424834 0.0934436274509804
0 0.769812091503268 0.3665747549019608 0.023284313725490197 0.0977328431372549
0 0.8047385620915033 0.36611519607843135 0.04084967320261438 0.09865196078431372
0 0.8541666666666666 0.36902573529411764 0.04003267973856209 0.09528186274509803
0 0.8962418300653595 0.3697916666666667 0.03594771241830065 0.09865196078431372
0 0.9399509803921569 0.3700980392156863 0.03758169934640523 0.10049019607843138
0 0.9826388888888888 0.37224264705882354 0.03390522875816993 0.09865196078431372
0 0.7810457516339869 0.48299632352941174 0.03594771241830065 0.09466911764705882
0 0.4897875816993464 0.12683823529411764 0.03349673202614379 0.13174019607843138
0 0.8729575163398693 0.48452818627450983 0.03839869281045752 0.08915441176470588
0 0.4918300653594771 0.3961397058823529 0.03758169934640523 0.09497549019607843
0 0.046772875816993464 0.2653186274509804 0.037173202614379085 0.1170343137254902
0 0.5953839869281046 0.2766544117647059 0.04370915032679738 0.11151960784313726
0 0.6842320261437909 0.27910539215686275 0.04330065359477124 0.11397058823529412
0 0.36642156862745096 0.27328431372549017 0.04084967320261438 0.1133578431372549
0 0.3196486928104575 0.2691482843137255 0.04616013071895425 0.11427696078431372
0 0.7775735294117647 0.24739583333333334 0.027369281045751634 0.11611519607843138
0 0.8202614379084967 0.25275735294117646 0.04493464052287582 0.10294117647058823
0 0.8623366013071896 0.2535232843137255 0.03349673202614379 0.11121323529411764
0 0.903390522875817 0.2541360294117647 0.039624183006535946 0.10753676470588236
0 0.9910130718954249 0.2601102941176471 0.02042483660130719 0.09803921568627451
0 0.9505718954248366 0.25275735294117646 0.0457516339869281 0.11519607843137254
0 0.7963643790849673 0.11550245098039216 0.03390522875816993 0.12745098039215685
0 0.9513888888888888 0.11871936274509803 0.05392156862745098 0.13082107843137256
0 0.8964460784313726 0.11856617647058823 0.04616013071895425 0.13112745098039216
0 0.8417075163398693 0.11672794117647059 0.04534313725490196 0.12745098039215685
0 0.6891339869281046 0.1412377450980392 0.04330065359477124 0.11825980392156862
0 0.6376633986928104 0.13158700980392157 0.0457516339869281 0.13020833333333334
0 0.9158496732026143 0.48636642156862747 0.03839869281045752 0.09528186274509803
0 0.5410539215686274 0.13128063725490197 0.05024509803921569 0.11795343137254902
0 0.3220996732026144 0.12300857843137254 0.044526143790849675 0.14185049019607843
0 0.20036764705882354 0.11841299019607843 0.060866013071895424 0.13143382352941177
0 0.13848039215686275 0.1208639705882353 0.04656862745098039 0.13388480392156862
0 0.08455882352941177 0.1168811274509804 0.04411764705882353 0.13939950980392157
0 0.02389705882352941 0.11458333333333333 0.04125816993464052 0.13174019607843138
0 0.4170751633986928 0.27512254901960786 0.04330065359477124 0.10723039215686274
0 0.46078431372549017 0.2697610294117647 0.041666666666666664 0.11060049019607843
0 0.37745098039215685 0.12454044117647059 0.0392156862745098 0.13143382352941177
0 0.5010212418300654 0.27558210784313725 0.0363562091503268 0.10876225490196079
0 0.5490196078431373 0.27496936274509803 0.04330065359477124 0.11979166666666667
0 0.6407271241830066 0.2768075980392157 0.03553921568627451 0.11366421568627451
0 0.010620915032679739 0.2610294117647059 0.021241830065359478 0.11090686274509803
0 0.9648692810457516 0.48590686274509803 0.04411764705882353 0.09375
0 0.8251633986928104 0.4817708333333333 0.03839869281045752 0.09712009803921569
0 0.829452614379085 0.5891544117647058 0.037173202614379085 0.08517156862745098
0 0.5273692810457516 0.5022977941176471 0.042483660130718956 0.09283088235294118
0 0.48794934640522875 0.5049019607843137 0.03308823529411765 0.0900735294117647
0 0.44505718954248363 0.500765931372549 0.039624183006535946 0.08854166666666667
0 0.39869281045751637 0.5033700980392157 0.03594771241830065 0.09558823529411764
0 0.3625408496732026 0.5044424019607843 0.0363562091503268 0.0860906862745098
0 0.31699346405228757 0.5026041666666666 0.03758169934640523 0.08731617647058823
0 0.571078431372549 0.5067401960784313 0.03431372549019608 0.09926470588235294
0 0.659109477124183 0.6150428921568627 0.0428921568627451 0.08731617647058823
0 0.5729166666666666 0.6138174019607843 0.03799019607843137 0.0897671568627451
0 0.7790032679738562 0.5862438725490197 0.03839869281045752 0.08854166666666667
0 0.48651960784313725 0.6095281862745098 0.03676470588235294 0.09099264705882353
0 0.44607843137254904 0.610140931372549 0.028594771241830064 0.09466911764705882
0 0.4056372549019608 0.6078431372549019 0.04003267973856209 0.09191176470588236
0 0.3619281045751634 0.6076899509803921 0.035130718954248366 0.09221813725490197
0 0.6158088235294118 0.6173406862745098 0.034722222222222224 0.08823529411764706
0 0.616421568627451 0.5067401960784313 0.0392156862745098 0.09681372549019608
0 0.6609477124183006 0.5073529411764706 0.04656862745098039 0.09803921568627451
0 0.01082516339869281 0.4977022058823529 0.02165032679738562 0.07261029411764706
0 0.06597222222222222 0.7987132352941176 0.05923202614379085 0.02696078431372549
0 0.19424019607843138 0.8008578431372549 0.0559640522875817 0.034926470588235295
0 0.12928921568627452 0.7997855392156863 0.06740196078431372 0.02971813725490196
0 0.07250816993464053 0.7588848039215687 0.0690359477124183 0.044730392156862746
0 0.21303104575163398 0.6064644607843137 0.037173202614379085 0.07261029411764706
0 0.1715686274509804 0.6076899509803921 0.03022875816993464 0.06770833333333333
0 0.13480392156862744 0.6073835784313726 0.028594771241830064 0.06587009803921569
0 0.09926470588235294 0.6083026960784313 0.03022875816993464 0.07383578431372549
0 0.058619281045751634 0.6078431372549019 0.028186274509803922 0.06985294117647059
0 0.02185457516339869 0.6102941176470589 0.030637254901960783 0.06740196078431372
0 0.2028186274509804 0.5036764705882353 0.0363562091503268 0.07536764705882353
0 0.16033496732026145 0.4958639705882353 0.030637254901960783 0.0860906862745098
0 0.12377450980392157 0.4918811274509804 0.03022875816993464 0.09160539215686274
0 0.08455882352941177 0.5024509803921569 0.03431372549019608 0.0704656862745098
0 0.044526143790849675 0.49984681372549017 0.03594771241830065 0.07567401960784313
0 0.3190359477124183 0.6063112745098039 0.035130718954248366 0.08762254901960784
0 0.6576797385620915 0.7208946078431373 0.03676470588235294 0.08333333333333333
0 0.5234885620915033 0.6130514705882353 0.034722222222222224 0.09375
0 0.9634395424836601 0.7936580882352942 0.028186274509803922 0.09160539215686274
0 0.36744281045751637 0.7927389705882353 0.0363562091503268 0.06341911764705882
0 0.3249591503267974 0.7936580882352942 0.037173202614379085 0.06158088235294118
0 0.9234068627450981 0.7933517156862745 0.03390522875816993 0.08425245098039216
0 0.8809232026143791 0.7922794117647058 0.034722222222222224 0.07659313725490197
0 0.838031045751634 0.7977941176470589 0.03799019607843137 0.07536764705882353
0 0.7971813725490197 0.7935049019607843 0.03553921568627451 0.08639705882352941
0 0.7540849673202614 0.7907475490196079 0.03839869281045752 0.08455882352941177
0 0.7691993464052288 0.6914828431372549 0.035130718954248366 0.09068627450980392
0 0.8073937908496732 0.6911764705882353 0.03553921568627451 0.09865196078431372
0 0.8468137254901961 0.6953125 0.03594771241830065 0.09037990196078431
0 0.8890931372549019 0.6911764705882353 0.03799019607843137 0.09129901960784313
0 0.9348447712418301 0.6977634803921569 0.04044117647058824 0.09283088235294118
0 0.9777369281045751 0.6956188725490197 0.04044117647058824 0.09221813725490197
0 0.9920343137254902 0.5977328431372549 0.015931372549019607 0.08517156862745098
0 0.9522058823529411 0.5916053921568627 0.04493464052287582 0.09497549019607843
0 0.9089052287581699 0.5917585784313726 0.03431372549019608 0.0897671568627451
0 0.8672385620915033 0.5969669117647058 0.03349673202614379 0.07199754901960784
0 0.4105392156862745 0.796875 0.03349673202614379 0.06004901960784314
0 0.44955065359477125 0.7977941176470589 0.03227124183006536 0.05821078431372549
0 0.4354575163398693 0.12254901960784313 0.056372549019607844 0.13541666666666666
0 0.5281862745098039 0.8016237745098039 0.03104575163398693 0.057904411764705885
0 0.48876633986928103 0.7985600490196079 0.03145424836601307 0.05912990196078431
0 0.6129493464052288 0.7153799019607843 0.0363562091503268 0.08455882352941177
0 0.5704656862745098 0.7136948529411765 0.0298202614379085 0.08547794117647059
0 0.4950980392156863 0.7133884803921569 0.03758169934640523 0.08363970588235294
0 0.4485294117647059 0.7098651960784313 0.03676470588235294 0.08088235294117647
0 0.40788398692810457 0.7075674019607843 0.04125816993464052 0.08547794117647059
0 0.32393790849673204 0.7068014705882353 0.03839869281045752 0.0821078431372549
0 0.6513480392156863 0.8023897058823529 0.030637254901960783 0.058823529411764705
0 0.3654003267973856 0.7071078431372549 0.03880718954248366 0.08639705882352941
0 0.6117238562091504 0.8033088235294118 0.037173202614379085 0.05943627450980392
0 0.5671977124183006 0.8034620098039216 0.03308823529411765 0.05422794117647059
