0 0.5611496913580247 0.7497829861111112 0.008873456790123456 0.059895833333333336
0 0.13425925925925927 0.7516276041666666 0.023919753086419752 0.072265625
0 0.16377314814814814 0.7533637152777778 0.025848765432098766 0.06879340277777778
0 0.21296296296296297 0.7535807291666666 0.018518518518518517 0.07096354166666667
0 0.24189814814814814 0.7526041666666666 0.02700617283950617 0.07291666666666667
0 0.27719907407407407 0.7526041666666666 0.021219135802469136 0.07335069444444445
0 0.30497685185185186 0.7533637152777778 0.022762345679012346 0.07139756944444445
0 0.3628472222222222 0.7543402777777778 0.016589506172839507 0.06944444444444445
0 0.3809799382716049 0.7573784722222222 0.019675925925925927 0.06770833333333333
0 0.060378086419753084 0.7756076388888888 0.03125 0.05642361111111111
0 0.09645061728395062 0.7726779513888888 0.03780864197530864 0.057942708333333336
0 0.4324845679012346 0.7570529513888888 0.016975308641975308 0.0661892361111111
0 0.4523533950617284 0.7575954861111112 0.011959876543209876 0.06510416666666667
0 0.4650848765432099 0.7564019097222222 0.008873456790123456 0.06966145833333333
0 0.47762345679012347 0.7552083333333334 0.013117283950617283 0.06510416666666667
0 0.49266975308641975 0.755859375 0.014660493827160493 0.07074652777777778
0 0.5071373456790124 0.7553168402777778 0.011188271604938271 0.07183159722222222
0 0.5219907407407407 0.7556423611111112 0.012345679012345678 0.06684027777777778
0 0.5484182098765432 0.7498914930555556 0.011959876543209876 0.064453125
0 0.4099151234567901 0.7561848958333334 0.02044753086419753 0.06792534722222222
0 0.02546296296296296 0.7734375 0.02546296296296296 0.0546875
0 0.8559027777777778 0.4807942708333333 0.052083333333333336 0.06358506944444445
0 0.047839506172839504 0.6994357638888888 0.038580246913580245 0.05295138888888889
0 0.769483024691358 0.5666232638888888 0.08294753086419752 0.011284722222222222
0 0.9392361111111112 0.6159939236111112 0.07600308641975309 0.07530381944444445
0 0.6927083333333334 0.6576605902777778 0.02353395061728395 0.06315104166666667
0 0.6645447530864198 0.6577690972222222 0.024305555555555556 0.06076388888888889
0 0.6265432098765432 0.6548394097222222 0.03009259259259259 0.06879340277777778
0 0.5893132716049383 0.6579861111111112 0.02044753086419753 0.06944444444444445
0 0.5522762345679012 0.6569010416666666 0.03202160493827161 0.06901041666666667
0 0.5163966049382716 0.6563585069444444 0.021219135802469136 0.06792534722222222
0 0.46026234567901236 0.6564670138888888 0.023148148148148147 0.06987847222222222
0 0.4025848765432099 0.6596137152777778 0.010416666666666666 0.06141493055555555
0 0.41454475308641975 0.6612413194444444 0.009645061728395061 0.058159722222222224
0 0.42843364197530864 0.6596137152777778 0.01273148148148148 0.057074652777777776
0 0.32272376543209874 0.6571180555555556 0.017361111111111112 0.06640625
0 0.30246913580246915 0.6592881944444444 0.017746913580246913 0.06684027777777778
0 0.203125 0.6589626736111112 0.01890432098765432 0.06488715277777778
0 0.2341820987654321 0.6577690972222222 0.032407407407407406 0.06510416666666667
0 0.13406635802469136 0.6580946180555556 0.03587962962962963 0.07139756944444445
0 0.1722608024691358 0.6540798611111112 0.03433641975308642 0.0703125
0 0.5750385802469136 0.7479383680555556 0.01273148148148148 0.057074652777777776
0 0.08738425925925926 0.6932508680555556 0.03587962962962963 0.056206597222222224
0 0.6072530864197531 0.7580295138888888 0.011574074074074073 0.0642361111111111
0 0.8055555555555556 0.4830729166666667 0.033179012345679014 0.059027777777777776
0 0.6329089506172839 0.7572699652777778 0.01427469135802469 0.06575520833333333
0 0.673804012345679 0.5741102430555556 0.0798611111111111 0.014539930555555556
0 0.47280092592592593 0.8648003472222222 0.015817901234567902 0.05946180555555555
0 0.45524691358024694 0.8657769097222222 0.013117283950617283 0.061848958333333336
0 0.4363425925925926 0.8659939236111112 0.012345679012345678 0.057074652777777776
0 0.41010802469135804 0.8627387152777778 0.020833333333333332 0.06141493055555555
0 0.38406635802469136 0.8664279513888888 0.02199074074074074 0.056206597222222224
0 0.296875 0.8592664930555556 0.03896604938271605 0.068359375
0 0.2596450617283951 0.8522135416666666 0.026234567901234566 0.05946180555555555
0 0.21585648148148148 0.8569878472222222 0.04436728395061729 0.0681423611111111
0 0.16994598765432098 0.853515625 0.03433641975308642 0.04774305555555555
0 0.13329475308641975 0.8692491319444444 0.02199074074074074 0.04578993055555555
0 0.015239197530864198 0.8619791666666666 0.030478395061728395 0.058159722222222224
0 0.05131172839506173 0.8603515625 0.02546296296296296 0.06141493055555555
0 0.08854166666666667 0.8640407986111112 0.025848765432098766 0.056206597222222224
0 0.8449074074074074 0.1527777777777778 0.2337962962962963 0.10026041666666667
0 0.38233024691358025 0.1669921875 0.07561728395061729 0.0627170138888889
0 0.30941358024691357 0.1589626736111111 0.05169753086419753 0.0857204861111111
0 0.11882716049382716 0.16026475694444445 0.041666666666666664 0.0740017361111111
0 0.1709104938271605 0.15983072916666666 0.05246913580246913 0.07703993055555555
0 0.49787808641975306 0.8658854166666666 0.017361111111111112 0.0642361111111111
0 0.6197916666666666 0.7568359375 0.008101851851851851 0.061848958333333336
0 0.5289351851851852 0.8650173611111112 0.03009259259259259 0.0681423611111111
0 0.5727237654320988 0.8705512152777778 0.02044753086419753 0.057074652777777776
0 0.658179012345679 0.7567274305555556 0.020061728395061727 0.06684027777777778
0 0.683641975308642 0.7552083333333334 0.013888888888888888 0.06510416666666667
0 0.7106481481481481 0.7571614583333334 0.014660493827160493 0.06380208333333333
0 0.7374614197530864 0.7587890625 0.027391975308641976 0.0627170138888889
0 0.7783564814814815 0.7600911458333334 0.02353395061728395 0.06705729166666667
0 0.8097993827160493 0.7623697916666666 0.021604938271604937 0.0646701388888889
0 0.9172453703703703 0.7398003472222222 0.08526234567901235 0.05251736111111111
0 0.9122299382716049 0.7852647569444444 0.055169753086419755 0.014539930555555556
0 0.8568672839506173 0.8648003472222222 0.03009259259259259 0.018229166666666668
0 0.8553240740740741 0.8873697916666666 0.034722222222222224 0.012152777777777778
0 0.9691358024691358 0.8588324652777778 0.0625 0.05750868055555555
0 0.8130787037037037 0.8646918402777778 0.02816358024691358 0.061848958333333336
0 0.7853009259259259 0.8661024305555556 0.017361111111111112 0.061197916666666664
0 0.7579089506172839 0.8642578125 0.02353395061728395 0.060546875
0 0.7312885802469136 0.8602430555555556 0.02353395061728395 0.06380208333333333
0 0.7067901234567902 0.8659939236111112 0.019290123456790122 0.0661892361111111
0 0.6809413580246914 0.8679470486111112 0.016203703703703703 0.06228298611111111
0 0.6527777777777778 0.8641493055555556 0.020833333333333332 0.06076388888888889
0 0.6238425925925926 0.8670789930555556 0.024691358024691357 0.057074652777777776
0 0.5933641975308642 0.8679470486111112 0.012345679012345678 0.053168402777777776
0 0.5831404320987654 0.5738932291666666 0.08989197530864197 0.014973958333333334
0 0.5567129629629629 0.1877170138888889 0.07330246913580248 0.03298611111111111
0 0.23244598765432098 0.4645182291666667 0.03279320987654321 0.07313368055555555
0 0.455054012345679 0.4619140625 0.017361111111111112 0.060112847222222224
0 0.4224537037037037 0.4647352430555556 0.02546296296296296 0.07269965277777778
0 0.39351851851851855 0.4663628472222222 0.024691358024691357 0.0720486111111111
0 0.3645833333333333 0.4659288194444444 0.023919753086419752 0.07291666666666667
0 0.33699845679012347 0.4664713541666667 0.017361111111111112 0.06922743055555555
0 0.3121141975308642 0.4673394097222222 0.020833333333333332 0.06532118055555555
0 0.2800925925925926 0.4659288194444444 0.021604938271604937 0.07508680555555555
0 0.19868827160493827 0.4647352430555556 0.022376543209876542 0.068359375
0 0.16126543209876543 0.4683159722222222 0.033179012345679014 0.07465277777777778
0 0.12982253086419754 0.4679904513888889 0.02353395061728395 0.07313368055555555
0 0.024498456790123458 0.505859375 0.048996913580246916 0.03428819444444445
0 0.06597222222222222 0.5677083333333334 0.0787037037037037 0.07335069444444445
0 0.18422067901234568 0.5422092013888888 0.07523148148148148 0.014105902777777778
0 0.16724537037037038 0.5616319444444444 0.0775462962962963 0.014322916666666666
0 0.16415895061728394 0.5770399305555556 0.08371913580246913 0.013454861111111112
0 0.2785493827160494 0.5526258680555556 0.09259259259259259 0.011935763888888888
0 0.2770061728395062 0.5712890625 0.10570987654320987 0.018012152777777776
0 0.5054012345679012 0.4691840277777778 0.020061728395061727 0.06640625
0 0.47858796296296297 0.4656032986111111 0.019675925925925927 0.07356770833333333
0 0.5279706790123457 0.4842664930555556 0.024305555555555556 0.03624131944444445
0 0.5538194444444444 0.4815538194444444 0.022762345679012346 0.03689236111111111
0 0.9106867283950617 0.4810112847222222 0.047453703703703706 0.06532118055555555
0 0.7654320987654321 0.3664279513888889 0.03009259259259259 0.0744357638888889
0 0.7322530864197531 0.3619791666666667 0.02546296296296296 0.07899305555555555
0 0.6929012345679012 0.3590494791666667 0.032407407407407406 0.0822482638888889
0 0.6412037037037037 0.3626302083333333 0.034722222222222224 0.07769097222222222
0 0.5846836419753086 0.3595920138888889 0.03587962962962963 0.07682291666666667
0 0.45794753086419754 0.3663194444444444 0.0470679012345679 0.07682291666666667
0 0.30671296296296297 0.3514539930555556 0.06712962962962964 0.0744357638888889
0 0.3917824074074074 0.57421875 0.10300925925925926 0.016493055555555556
0 0.2465277777777778 0.353515625 0.036265432098765434 0.07291666666666667
0 0.1527777777777778 0.353515625 0.02854938271604938 0.06380208333333333
0 0.109375 0.3480902777777778 0.03896604938271605 0.07465277777777778
0 0.7611882716049383 0.4828559027777778 0.04243827160493827 0.06163194444444445
0 0.7118055555555556 0.4781901041666667 0.037037037037037035 0.043619791666666664
0 0.6786265432098766 0.4767795138888889 0.023919753086419752 0.041666666666666664
0 0.6427469135802469 0.4787326388888889 0.02546296296296296 0.04470486111111111
0 0.6145833333333334 0.4815538194444444 0.022376543209876542 0.041666666666666664
0 0.5779320987654321 0.4819878472222222 0.022376543209876542 0.04079861111111111
0 0.19656635802469136 0.3552517361111111 0.025848765432098766 0.06944444444444445
0 0.5837191358024691 0.5581597222222222 0.09490740740740741 0.014322916666666666
0 0.38927469135802467 0.5523003472222222 0.0933641975308642 0.014756944444444444
