0 0.2616421568627451 0.20848651960784315 0.06004901960784314 0.07996323529411764
0 0.03329248366013072 0.19378063725490197 0.06658496732026144 0.1014093137254902
0 0.1294934640522876 0.19715073529411764 0.12254901960784313 0.10202205882352941
0 0.32107843137254904 0.20894607843137256 0.05392156862745098 0.08088235294117647
0 0.4583333333333333 0.22120098039215685 0.03676470588235294 0.06066176470588235
0 0.41891339869281047 0.22058823529411764 0.037173202614379085 0.061274509803921566
0 0.4264705882352941 0.17784926470588236 0.032679738562091505 0.02297794117647059
0 0.429125816993464 0.15716911764705882 0.03553921568627451 0.01838235294117647
0 0.826797385620915 0.3293504901960784 0.05473856209150327 0.08884803921568628
0 0.37397875816993464 0.2112438725490196 0.04779411764705882 0.08118872549019608
0 0.040236928104575166 0.31556372549019607 0.0559640522875817 0.09803921568627451
0 0.403390522875817 0.3246017156862745 0.07965686274509803 0.09528186274509803
0 0.15502450980392157 0.3246017156862745 0.05106209150326797 0.08731617647058823
0 0.21772875816993464 0.31525735294117646 0.07352941176470588 0.10723039215686274
0 0.28227124183006536 0.33011642156862747 0.05228758169934641 0.07996323529411764
0 0.33639705882352944 0.3313419117647059 0.051879084967320264 0.078125
0 0.46895424836601307 0.3408394607843137 0.049836601307189546 0.0628063725490196
0 0.5253267973856209 0.34390318627450983 0.056372549019607844 0.060355392156862746
0 0.5241013071895425 0.29764093137254904 0.05392156862745098 0.029105392156862746
0 0.5819035947712419 0.33348651960784315 0.05269607843137255 0.08241421568627451
0 0.6568627450980392 0.3622855392156863 0.04411764705882353 0.026041666666666668
0 0.7128267973856209 0.33486519607843135 0.061274509803921566 0.08026960784313726
0 0.6411356209150327 0.3284313725490196 0.04861111111111111 0.03799019607843137
0 0.46262254901960786 0.18183210784313725 0.03145424836601307 0.014399509803921568
0 0.09906045751633986 0.3125 0.056781045751633986 0.10661764705882353
0 0.46343954248366015 0.16636029411764705 0.030637254901960783 0.014093137254901961
0 0.5414624183006536 0.018535539215686275 0.061683006535947715 0.03278186274509804
0 0.5326797385620915 0.23514093137254902 0.03594771241830065 0.0352328431372549
0 0.7279411764705882 0.08838848039215687 0.05065359477124183 0.021752450980392156
0 0.7861519607843137 0.036458333333333336 0.046977124183006536 0.02389705882352941
0 0.7875816993464052 0.0628063725490196 0.049836601307189546 0.025735294117647058
0 0.7826797385620915 0.08838848039215687 0.04820261437908497 0.021752450980392156
0 0.8361928104575164 0.08823529411764706 0.051470588235294115 0.02144607843137255
0 0.9501633986928104 0.21507352941176472 0.08251633986928104 0.0900735294117647
0 0.8578431372549019 0.2261029411764706 0.08986928104575163 0.06801470588235294
0 0.7679738562091504 0.2428002450980392 0.08660130718954248 0.026041666666666668
0 0.6797385620915033 0.21982230392156862 0.08660130718954248 0.0701593137254902
0 0.7283496732026143 0.061887254901960786 0.051470588235294115 0.027573529411764705
0 0.6691176470588235 0.09037990196078431 0.05392156862745098 0.02144607843137255
0 0.6678921568627451 0.06341911764705882 0.05310457516339869 0.028799019607843136
0 0.4957107843137255 0.2348345588235294 0.03553921568627451 0.03278186274509804
0 0.6074346405228758 0.04993872549019608 0.06290849673202614 0.09803921568627451
0 0.5410539215686274 0.05162377450980392 0.060866013071895424 0.02971813725490196
0 0.47794117647058826 0.06326593137254902 0.05392156862745098 0.06954656862745098
0 0.42810457516339867 0.059895833333333336 0.041666666666666664 0.07506127450980392
0 0.3868464052287582 0.05116421568627451 0.04084967320261438 0.08946078431372549
0 0.1431781045751634 0.05131740196078431 0.06004901960784314 0.08241421568627451
0 0.09436274509803921 0.050551470588235295 0.03594771241830065 0.08884803921568628
0 0.05555555555555555 0.05039828431372549 0.04003267973856209 0.08854166666666667
0 0.01613562091503268 0.04641544117647059 0.03145424836601307 0.09283088235294118
0 0.6088643790849673 0.16712622549019607 0.03799019607843137 0.04442401960784314
0 0.6129493464052288 0.22196691176470587 0.04044117647058824 0.06219362745098039
0 0.5712826797385621 0.22181372549019607 0.039624183006535946 0.061274509803921566
0 0.5698529411764706 0.1637561274509804 0.03676470588235294 0.05177696078431373
0 0.5441176470588235 0.08425245098039216 0.061274509803921566 0.027573529411764705
0 0.4338235294117647 0.7435661764705882 0.05310457516339869 0.024509803921568627
0 0.1701388888888889 0.5367647058823529 0.054330065359477125 0.07475490196078431
0 0.9662990196078431 0.4342830882352941 0.06658496732026144 0.08425245098039216
0 0.5970179738562091 0.7438725490196079 0.05024509803921569 0.025122549019607844
0 0.6501225490196079 0.7392769607843137 0.05106209150326797 0.04963235294117647
0 0.6979166666666666 0.7245710784313726 0.042075163398692814 0.03370098039215686
0 0.752859477124183 0.727328431372549 0.05392156862745098 0.051470588235294115
0 0.8394607843137255 0.7190563725490197 0.049836601307189546 0.032475490196078434
0 0.9352532679738562 0.7319240196078431 0.053513071895424834 0.04595588235294118
0 0.5410539215686274 0.7432598039215687 0.05269607843137255 0.02389705882352941
0 0.8078022875816994 0.8030024509803921 0.03553921568627451 0.049019607843137254
0 0.6997549019607843 0.8184742647058824 0.05718954248366013 0.08425245098039216
0 0.641748366013072 0.8175551470588235 0.056372549019607844 0.08915441176470588
0 0.5843545751633987 0.8135723039215687 0.054330065359477125 0.08057598039215687
0 0.5263480392156863 0.8183210784313726 0.054330065359477125 0.08884803921568628
0 0.4652777777777778 0.8184742647058824 0.06454248366013073 0.08854166666666667
0 0.39481209150326796 0.8180147058823529 0.06576797385620915 0.08823529411764706
0 0.758578431372549 0.8190870098039216 0.05718954248366013 0.08425245098039216
0 0.8167892156862745 0.6511948529411765 0.053513071895424834 0.06832107843137254
0 0.7406045751633987 0.6360294117647058 0.04820261437908497 0.06495098039215687
0 0.6774918300653595 0.6525735294117647 0.06658496732026144 0.06740196078431372
0 0.3694852941176471 0.7443321078431373 0.05269607843137255 0.026041666666666668
0 0.3190359477124183 0.7314644607843137 0.04411764705882353 0.02297794117647059
0 0.2610294117647059 0.7294730392156863 0.04820261437908497 0.04963235294117647
0 0.2085375816993464 0.7297794117647058 0.051879084967320264 0.052083333333333336
0 0.043913398692810454 0.6438419117647058 0.07720588235294118 0.0701593137254902
0 0.1111111111111111 0.6458333333333334 0.05310457516339869 0.0741421568627451
0 0.1650326797385621 0.6510416666666666 0.03594771241830065 0.05821078431372549
0 0.207312091503268 0.6484375 0.030637254901960783 0.0628063725490196
0 0.2465277777777778 0.6513480392156863 0.04616013071895425 0.06495098039215687
0 0.29391339869281047 0.6541053921568627 0.0428921568627451 0.05821078431372549
0 0.3394607843137255 0.6539522058823529 0.04411764705882353 0.057904411764705885
0 0.40318627450980393 0.6479779411764706 0.06535947712418301 0.052083333333333336
0 0.48366013071895425 0.6465992647058824 0.06535947712418301 0.06770833333333333
0 0.547998366013072 0.6511948529411765 0.05841503267973856 0.05912990196078431
0 0.6102941176470589 0.6571691176470589 0.061274509803921566 0.05514705882352941
0 0.34068627450980393 0.8223039215686274 0.03758169934640523 0.0778186274509804
0 0.2963643790849673 0.8077512254901961 0.03880718954248366 0.0701593137254902
0 0.24571078431372548 0.8166360294117647 0.039624183006535946 0.07873774509803921
0 0.19587418300653595 0.8249080882352942 0.04616013071895425 0.07689950980392157
0 0.20098039215686275 0.43596813725490197 0.06944444444444445 0.07720588235294118
0 0.26348039215686275 0.4368872549019608 0.05065359477124183 0.07107843137254902
0 0.3159722222222222 0.43857230392156865 0.051879084967320264 0.07199754901960784
0 0.37683823529411764 0.43673406862745096 0.06658496732026144 0.07261029411764706
0 0.43770424836601307 0.4375 0.053513071895424834 0.06801470588235294
0 0.4979575163398693 0.43857230392156865 0.06535947712418301 0.07199754901960784
0 0.14195261437908496 0.43566176470588236 0.0494281045751634 0.0704656862745098
0 0.5614787581699346 0.44255514705882354 0.053513071895424834 0.06893382352941177
0 0.6607434640522876 0.4427083333333333 0.03799019607843137 0.0704656862745098
0 0.7099673202614379 0.4416360294117647 0.058823529411764705 0.0701593137254902
0 0.7647058823529411 0.4345894607843137 0.05065359477124183 0.09099264705882353
0 0.8202614379084967 0.4348958333333333 0.058823529411764705 0.08731617647058823
0 0.8739787581699346 0.43765318627450983 0.0494281045751634 0.08302696078431372
0 0.9170751633986928 0.43474264705882354 0.031862745098039214 0.06862745098039216
0 0.6141748366013072 0.4424019607843137 0.051879084967320264 0.06740196078431372
0 0.9771241830065359 0.3382352941176471 0.04493464052287582 0.07598039215686274
0 0.08680555555555555 0.43152573529411764 0.05269607843137255 0.0701593137254902
0 0.03553921568627451 0.5372242647058824 0.05228758169934641 0.0818014705882353
0 0.1511437908496732 0.8241421568627451 0.04084967320261438 0.08026960784313726
0 0.10661764705882353 0.8200061274509803 0.042483660130718956 0.08731617647058823
0 0.06331699346405228 0.8201593137254902 0.0392156862745098 0.07965686274509803
0 0.024509803921568627 0.8118872549019608 0.035130718954248366 0.07720588235294118
0 0.8803104575163399 0.33762254901960786 0.049836601307189546 0.0784313725490196
0 0.9095179738562091 0.6090686274509803 0.0428921568627451 0.023284313725490197
0 0.9291258169934641 0.6502757352941176 0.046977124183006536 0.050551470588235295
0 0.028390522875816993 0.4339767156862745 0.056781045751633986 0.07383578431372549
0 0.9434232026143791 0.5405943627450981 0.10253267973856209 0.09466911764705882
0 0.7220179738562091 0.5363051470588235 0.09027777777777778 0.0897671568627451
0 0.5210375816993464 0.5352328431372549 0.08047385620915033 0.09191176470588236
0 0.2937091503267974 0.5413602941176471 0.05392156862745098 0.07965686274509803
0 0.2312091503267974 0.538296568627451 0.06454248366013073 0.0778186274509804
0 0.48713235294117646 0.7441789215686274 0.05106209150326797 0.025735294117647058
0 0.10375816993464053 0.5330882352941176 0.07679738562091504 0.09191176470588236
0 0.8439542483660131 0.5381433823529411 0.08905228758169935 0.09160539215686274
0 0.9272875816993464 0.33425245098039214 0.04084967320261438 0.07720588235294118
