0 0.2595996732026144 0.5883884803921569 0.024101307189542485 0.046875
0 0.2702205882352941 0.5479473039215687 0.02246732026143791 0.0272671568627451
0 0.7990196078431373 0.47549019607843135 0.04493464052287582 0.07230392156862746
0 0.8484477124183006 0.4886642156862745 0.049019607843137254 0.0545343137254902
0 0.940359477124183 0.49050245098039214 0.11601307189542484 0.05821078431372549
0 0.04513888888888889 0.6021752450980392 0.060866013071895424 0.04442401960784314
0 0.10661764705882353 0.5871629901960784 0.06045751633986928 0.05912990196078431
0 0.1576797385620915 0.5834865196078431 0.031862745098039214 0.0585171568627451
0 0.2354983660130719 0.5894607843137255 0.024918300653594773 0.04350490196078431
0 0.2834967320261438 0.5896139705882353 0.0196078431372549 0.04136029411764706
0 0.320874183006536 0.5842524509803921 0.0428921568627451 0.04779411764705882
0 0.35927287581699346 0.5768995098039216 0.03145424836601307 0.0704656862745098
0 0.4213643790849673 0.5698529411764706 0.03553921568627451 0.06678921568627451
0 0.38909313725490197 0.5759803921568627 0.02246732026143791 0.06801470588235294
0 0.20098039215686275 0.5822610294117647 0.04411764705882353 0.05177696078431373
0 0.24509803921568626 0.5451899509803921 0.021241830065359478 0.027879901960784315
0 0.09558823529411764 0.4996936274509804 0.022058823529411766 0.04105392156862745
0 0.6497140522875817 0.47794117647058826 0.05923202614379085 0.05698529411764706
0 0.6887254901960784 0.37683823529411764 0.049019607843137254 0.08639705882352941
0 0.7393790849673203 0.3785232843137255 0.0457516339869281 0.08792892156862746
0 0.7922794117647058 0.38036151960784315 0.04779411764705882 0.08425245098039216
0 0.8435457516339869 0.3792892156862745 0.05555555555555555 0.09191176470588236
0 0.9044117647058824 0.3786764705882353 0.05718954248366013 0.09252450980392157
0 0.9669117647058824 0.3825061274509804 0.05800653594771242 0.09834558823529412
0 0.00857843137254902 0.5044424019607843 0.01715686274509804 0.04932598039215686
0 0.03594771241830065 0.5068933823529411 0.032679738562091505 0.04381127450980392
0 0.06944444444444445 0.49984681372549017 0.027777777777777776 0.04013480392156863
0 0.7046568627450981 0.47702205882352944 0.04493464052287582 0.061887254901960786
0 0.46691176470588236 0.5736825980392157 0.04493464052287582 0.05361519607843137
0 0.20159313725490197 0.4802389705882353 0.042075163398692814 0.0628063725490196
0 0.24509803921568626 0.49754901960784315 0.03104575163398693 0.03799019607843137
0 0.27185457516339867 0.49034926470588236 0.02246732026143791 0.05238970588235294
0 0.309640522875817 0.48223039215686275 0.04330065359477124 0.06556372549019608
0 0.36151960784313725 0.47349877450980393 0.049019607843137254 0.08118872549019608
0 0.4332107843137255 0.46798406862745096 0.0559640522875817 0.05912990196078431
0 0.4918300653594771 0.4759497549019608 0.058823529411764705 0.04442401960784314
0 0.5359477124183006 0.47503063725490197 0.02369281045751634 0.05116421568627451
0 0.5763888888888888 0.4713541666666667 0.05228758169934641 0.05606617647058824
0 0.14950980392156862 0.4802389705882353 0.061274509803921566 0.06158088235294118
0 0.5149101307189542 0.5669424019607843 0.0494281045751634 0.0701593137254902
0 0.4479166666666667 0.6910232843137255 0.09191176470588236 0.08302696078431372
0 0.6084558823529411 0.578890931372549 0.04125816993464052 0.06096813725490196
0 0.08149509803921569 0.850796568627451 0.039624183006535946 0.0704656862745098
0 0.1147875816993464 0.8397671568627451 0.021241830065359478 0.07598039215686274
0 0.14338235294117646 0.8262867647058824 0.03594771241830065 0.08946078431372549
0 0.17422385620915032 0.8252144607843137 0.025735294117647058 0.0934436274509804
0 0.20363562091503268 0.8239889705882353 0.0298202614379085 0.0897671568627451
0 0.2312091503267974 0.8232230392156863 0.02287581699346405 0.09252450980392157
0 0.26715686274509803 0.8184742647058824 0.03594771241830065 0.09589460784313726
0 0.29758986928104575 0.8042279411764706 0.01838235294117647 0.09620098039215687
0 0.042279411764705885 0.8529411764705882 0.03227124183006536 0.10600490196078431
0 0.647671568627451 0.3753063725490196 0.02900326797385621 0.08884803921568628
0 0.3570261437908497 0.8170955882352942 0.02369281045751634 0.09252450980392157
0 0.38705065359477125 0.8170955882352942 0.028186274509803922 0.09558823529411764
0 0.44750816993464054 0.8212316176470589 0.09109477124183006 0.10631127450980392
0 0.539828431372549 0.8399203431372549 0.09272875816993464 0.12408088235294118
0 0.6491013071895425 0.8569240196078431 0.119281045751634 0.11948529411764706
0 0.75 0.8549325980392157 0.07352941176470588 0.11795343137254902
0 0.8613153594771242 0.875 0.08455882352941177 0.1213235294117647
0 0.9528186274509803 0.8901654411764706 0.0951797385620915 0.0977328431372549
0 0.32455065359477125 0.8193933823529411 0.030637254901960783 0.09528186274509803
0 0.5663807189542484 0.586703431372549 0.03880718954248366 0.0428921568627451
0 0.012867647058823529 0.8589154411764706 0.025735294117647058 0.1014093137254902
0 0.7794117647058824 0.7078737745098039 0.11356209150326797 0.12408088235294118
0 0.6870915032679739 0.5808823529411765 0.032679738562091505 0.0704656862745098
0 0.7224264705882353 0.5859375 0.034722222222222224 0.06158088235294118
0 0.7573529411764706 0.5831801470588235 0.03349673202614379 0.06525735294117647
0 0.8022875816993464 0.5836397058823529 0.051470588235294115 0.0661764705882353
0 0.8611111111111112 0.5893075980392157 0.05555555555555555 0.0701593137254902
0 0.9152369281045751 0.5897671568627451 0.0428921568627451 0.07352941176470588
0 0.9697712418300654 0.6204044117647058 0.04493464052287582 0.024509803921568627
0 0.027777777777777776 0.7362132352941176 0.05555555555555555 0.031862745098039214
0 0.9078839869281046 0.7192095588235294 0.13929738562091504 0.10263480392156862
0 0.07679738562091504 0.7126225490196079 0.041666666666666664 0.05759803921568627
0 0.15522875816993464 0.6937806372549019 0.03022875816993464 0.06525735294117647
0 0.19526143790849673 0.6954656862745098 0.042483660130718956 0.06004901960784314
0 0.23999183006535948 0.6950061274509803 0.030637254901960783 0.057904411764705885
0 0.28370098039215685 0.6965379901960784 0.04370915032679738 0.0548406862745098
0 0.33639705882352944 0.6974571078431373 0.044526143790849675 0.05177696078431373
0 0.3801062091503268 0.696078431372549 0.037173202614379085 0.05330882352941176
0 0.5526960784313726 0.7058823529411765 0.10866013071895425 0.07598039215686274
0 0.661968954248366 0.7058823529411765 0.10008169934640523 0.10294117647058823
0 0.119281045751634 0.7086397058823529 0.03676470588235294 0.05943627450980392
0 0.5953839869281046 0.3746936274509804 0.04779411764705882 0.09068627450980392
0 0.7534722222222222 0.4794730392156863 0.04534313725490196 0.06495098039215687
0 0.48427287581699346 0.3723958333333333 0.044526143790849675 0.0860906862745098
0 0.05923202614379085 0.2780330882352941 0.03676470588235294 0.06158088235294118
0 0.02042483660130719 0.2766544117647059 0.03431372549019608 0.0625
0 0.9777369281045751 0.11366421568627451 0.044526143790849675 0.08517156862745098
0 0.9246323529411765 0.10018382352941177 0.05841503267973856 0.11274509803921569
0 0.8637663398692811 0.1168811274509804 0.05106209150326797 0.08118872549019608
0 0.8008578431372549 0.11412377450980392 0.06495098039215687 0.09160539215686274
0 0.7393790849673203 0.12806372549019607 0.05555555555555555 0.08026960784313726
0 0.6860702614379085 0.13112745098039216 0.04044117647058824 0.08455882352941177
0 0.6384803921568627 0.11902573529411764 0.04003267973856209 0.11121323529411764
0 0.5933415032679739 0.12239583333333333 0.046977124183006536 0.11672794117647059
0 0.0923202614379085 0.27879901960784315 0.031862745098039214 0.061887254901960786
0 0.5504493464052288 0.12653186274509803 0.03308823529411765 0.1090686274509804
0 0.4338235294117647 0.12316176470588236 0.05392156862745098 0.12193627450980392
0 0.39195261437908496 0.13465073529411764 0.024918300653594773 0.09466911764705882
0 0.3582516339869281 0.13572303921568626 0.029411764705882353 0.09558823529411764
0 0.3090277777777778 0.13020833333333334 0.061683006535947715 0.10845588235294118
0 0.2569444444444444 0.1321997549019608 0.03839869281045752 0.1056985294117647
0 0.20608660130718953 0.12990196078431374 0.060866013071895424 0.1017156862745098
0 0.5445261437908496 0.375 0.05065359477124183 0.09068627450980392
0 0.14869281045751634 0.12821691176470587 0.04656862745098039 0.10263480392156862
0 0.08946078431372549 0.12683823529411764 0.06535947712418301 0.09803921568627451
0 0.02798202614379085 0.1213235294117647 0.0559640522875817 0.10845588235294118
0 0.48733660130718953 0.1211703431372549 0.049836601307189546 0.12653186274509803
0 0.14991830065359477 0.2821691176470588 0.07516339869281045 0.058823529411764705
0 0.3837826797385621 0.27910539215686275 0.034722222222222224 0.06924019607843138
0 0.304125816993464 0.27987132352941174 0.03227124183006536 0.0701593137254902
0 0.23937908496732027 0.27267156862745096 0.08496732026143791 0.08394607843137254
0 0.34701797385620914 0.37224264705882354 0.05269607843137255 0.0778186274509804
0 0.39338235294117646 0.37285539215686275 0.03431372549019608 0.07965686274509803
0 0.4462826797385621 0.37392769607843135 0.0298202614379085 0.08118872549019608
0 0.2630718954248366 0.38465073529411764 0.03758169934640523 0.06096813725490196
0 0.22508169934640523 0.3863357843137255 0.03022875816993464 0.06004901960784314
0 0.1860702614379085 0.3831188725490196 0.04616013071895425 0.0628063725490196
0 0.13827614379084968 0.38465073529411764 0.03880718954248366 0.06096813725490196
0 0.09579248366013073 0.38556985294117646 0.042075163398692814 0.060355392156862746
0 0.05330882352941176 0.3874080882352941 0.03799019607843137 0.0628063725490196
0 0.014501633986928105 0.38985906862745096 0.02900326797385621 0.06158088235294118
0 0.2988153594771242 0.3831188725490196 0.03308823529411765 0.0585171568627451
0 0.9297385620915033 0.25214460784313725 0.05473856209150327 0.10845588235294118
0 0.8662173202614379 0.24770220588235295 0.05923202614379085 0.11917892156862746
0 0.8102532679738562 0.2509191176470588 0.05269607843137255 0.12316176470588236
0 0.7532679738562091 0.2616421568627451 0.05473856209150327 0.09375
0 0.7050653594771242 0.2643995098039216 0.032679738562091505 0.09375
0 0.6664624183006536 0.2616421568627451 0.04044117647058824 0.09375
0 0.6184640522875817 0.25888480392156865 0.051470588235294115 0.1096813725490196
0 0.3417075163398693 0.27910539215686275 0.03880718954248366 0.07475490196078431
0 0.5473856209150327 0.2685355392156863 0.0457516339869281 0.08792892156862746
0 0.5081699346405228 0.27328431372549017 0.032679738562091505 0.0778186274509804
0 0.4397467320261438 0.27068014705882354 0.0428921568627451 0.08731617647058823
0 0.9791666666666666 0.25045955882352944 0.04084967320261438 0.10263480392156862
