0 0.5505208333333333 0.53828125 0.09375 0.04765625
0 0.64375 0.5357421875 0.09166666666666666 0.053515625
0 0.3541666666666667 0.59921875 0.10104166666666667 0.04765625
0 0.45338541666666665 0.595703125 0.09739583333333333 0.053125
0 0.5520833333333334 0.5908203125 0.096875 0.046484375
0 0.9567708333333333 0.601953125 0.030208333333333334 0.05546875
0 0.7203125 0.5703125 0.05625 0.07109375
0 0.8880208333333334 0.564453125 0.053125 0.07265625
0 0.7765625 0.56796875 0.053125 0.075
0 0.45416666666666666 0.5412109375 0.09895833333333333 0.054296875
0 0.83203125 0.565625 0.058854166666666666 0.07109375
0 0.64453125 0.5888671875 0.08697916666666666 0.052734375
0 0.9864583333333333 0.6015625 0.029166666666666667 0.05625
0 0.35260416666666666 0.5451171875 0.10416666666666667 0.047265625
0 0.24296875 0.6080078125 0.11510416666666666 0.059765625
0 0.66875 0.27265625 0.0875 0.05625
0 0.47161458333333334 0.3248046875 0.10572916666666667 0.052734375
0 0.5739583333333333 0.3263671875 0.09895833333333333 0.049609375
0 0.6700520833333333 0.325390625 0.09322916666666667 0.04921875
0 0.7744791666666667 0.315234375 0.065625 0.0765625
0 0.8388020833333333 0.315625 0.06302083333333333 0.0734375
0 0.8979166666666667 0.3166015625 0.053125 0.074609375
0 0.12369791666666667 0.4052734375 0.12552083333333333 0.055078125
0 0.12786458333333334 0.463671875 0.12760416666666666 0.05703125
0 0.24739583333333334 0.46328125 0.11458333333333333 0.059375
0 0.3580729166666667 0.460546875 0.10572916666666667 0.053125
0 0.46171875 0.4609375 0.1015625 0.0515625
0 0.56171875 0.459375 0.10052083333333334 0.0484375
0 0.6606770833333333 0.4580078125 0.09635416666666667 0.050390625
0 0.7513020833333334 0.457421875 0.0828125 0.04921875
0 0.8174479166666667 0.4439453125 0.05260416666666667 0.076171875
0 0.8734375 0.4431640625 0.058333333333333334 0.073046875
0 0.24609375 0.4033203125 0.11510416666666666 0.055859375
0 0.35703125 0.4056640625 0.10677083333333333 0.049609375
0 0.4609375 0.4068359375 0.103125 0.051171875
0 0.56015625 0.4068359375 0.09427083333333333 0.049609375
0 0.65625 0.407421875 0.09791666666666667 0.05
0 0.7484375 0.4046875 0.08229166666666667 0.053125
0 0.1234375 0.5521484375 0.121875 0.056640625
0 0.12421875 0.6107421875 0.1203125 0.055078125
0 0.24036458333333333 0.5490234375 0.11302083333333333 0.050390625
0 0.9265625 0.60390625 0.023958333333333335 0.06171875
0 0.51875 0.9322265625 0.12604166666666666 0.070703125
0 0.22421875 0.685546875 0.10989583333333333 0.0578125
0 0.34661458333333334 0.8701171875 0.0984375 0.049609375
0 0.446875 0.8041015625 0.10104166666666667 0.049609375
0 0.45 0.856640625 0.10104166666666667 0.0546875
0 0.5450520833333333 0.7947265625 0.0921875 0.047265625
0 0.6408854166666667 0.78671875 0.09114583333333333 0.05546875
0 0.7276041666666667 0.780078125 0.08020833333333334 0.0515625
0 0.8111979166666666 0.7693359375 0.07760416666666667 0.044921875
0 0.8783854166666667 0.7646484375 0.049479166666666664 0.044921875
0 0.34713541666666664 0.815234375 0.09739583333333333 0.05234375
0 0.5502604166666667 0.84765625 0.09010416666666667 0.0453125
0 0.7286458333333333 0.831640625 0.08541666666666667 0.0515625
0 0.8122395833333333 0.817578125 0.0796875 0.0515625
0 0.34088541666666666 0.953515625 0.1828125 0.0890625
0 0.8796875 0.8115234375 0.052083333333333336 0.042578125
0 0.9244791666666666 0.8251953125 0.029166666666666667 0.067578125
0 0.9611979166666667 0.8220703125 0.0453125 0.073046875
0 0.9151041666666667 0.9384765625 0.065625 0.112109375
0 0.9734375 0.9275390625 0.04791666666666667 0.094921875
0 0.64140625 0.840234375 0.08489583333333334 0.0453125
0 0.2390625 0.8802734375 0.10729166666666666 0.050390625
0 0.24036458333333333 0.823828125 0.11197916666666667 0.05546875
0 0.12421875 0.889453125 0.1171875 0.05625
0 0.3346354166666667 0.6822265625 0.10677083333333333 0.050390625
0 0.4375 0.6751953125 0.09583333333333334 0.052734375
0 0.10286458333333333 0.7546875 0.11927083333333334 0.0515625
0 0.6533854166666667 0.92109375 0.1140625 0.09296875
0 0.5752604166666667 0.26953125 0.0953125 0.053125
0 0.22552083333333334 0.751953125 0.11979166666666667 0.05703125
0 0.33828125 0.73671875 0.1015625 0.04921875
0 0.44114583333333335 0.730078125 0.09895833333333333 0.05390625
0 0.5388020833333333 0.725390625 0.09114583333333333 0.05234375
0 0.53515625 0.6677734375 0.0953125 0.048046875
0 0.6333333333333333 0.664453125 0.08958333333333333 0.04609375
0 0.6317708333333333 0.7126953125 0.09375 0.044140625
0 0.7130208333333333 0.6943359375 0.06041666666666667 0.072265625
0 0.7716145833333333 0.6900390625 0.05677083333333333 0.080078125
0 0.8296875 0.6875 0.06041666666666667 0.075
0 0.8859375 0.683984375 0.052083333333333336 0.0734375
0 0.93203125 0.706640625 0.034895833333333334 0.07734375
0 0.97421875 0.7048828125 0.049479166666666664 0.081640625
0 0.1234375 0.8294921875 0.11666666666666667 0.058203125
0 0.11015625 0.694140625 0.12135416666666667 0.0546875
0 0.47213541666666664 0.2662109375 0.10989583333333333 0.059765625
0 0.88125 0.205078125 0.0875 0.05078125
0 0.3611979166666667 0.266015625 0.10572916666666667 0.0546875
0 0.3223958333333333 0.176171875 0.11354166666666667 0.05703125
0 0.43307291666666664 0.1779296875 0.1046875 0.051953125
0 0.5356770833333333 0.1837890625 0.10260416666666666 0.062890625
0 0.6182291666666667 0.1765625 0.0625 0.07890625
0 0.43203125 0.0654296875 0.10677083333333333 0.058984375
0 0.4322916666666667 0.1234375 0.103125 0.0546875
0 0.5341145833333333 0.1259765625 0.10260416666666666 0.050390625
0 0.6184895833333334 0.106640625 0.06302083333333333 0.0546875
0 0.7895833333333333 0.1416015625 0.08958333333333333 0.057421875
0 0.6979166666666666 0.194140625 0.09166666666666666 0.05234375
0 0.7895833333333333 0.1970703125 0.09270833333333334 0.047265625
0 0.8791666666666667 0.150390625 0.08645833333333333 0.05390625
0 0.9434895833333333 0.1423828125 0.0421875 0.069921875
0 0.9833333333333333 0.141796875 0.035416666666666666 0.06796875
0 0.6981770833333333 0.1380859375 0.0921875 0.055859375
0 0.9447916666666667 0.2056640625 0.03854166666666667 0.048828125
0 0.9817708333333334 0.2068359375 0.035416666666666666 0.051171875
0 0.043229166666666666 0.25 0.08333333333333333 0.06328125
0 0.14557291666666666 0.2546875 0.12135416666666667 0.05390625
0 0.04140625 0.3134765625 0.0828125 0.061328125
0 0.14661458333333333 0.31484375 0.1265625 0.05859375
0 0.36302083333333335 0.319921875 0.10208333333333333 0.05234375
0 0.31875 0.1154296875 0.11666666666666667 0.058203125
