0 0.31953125 0.5712890625 0.0515625 0.044140625
0 0.8109375 0.8603515625 0.06041666666666667 0.092578125
0 0.31640625 0.524609375 0.0453125 0.0453125
0 0.7489583333333333 0.847265625 0.05 0.0390625
0 0.7494791666666667 0.8904296875 0.059375 0.035546875
0 0.38333333333333336 0.54375 0.065625 0.09296875
0 0.44505208333333335 0.537890625 0.050520833333333334 0.0953125
0 0.5020833333333333 0.5349609375 0.04583333333333333 0.027734375
0 0.503125 0.5662109375 0.04895833333333333 0.028515625
0 0.5549479166666667 0.530859375 0.0453125 0.02734375
0 0.5572916666666666 0.5634765625 0.04583333333333333 0.029296875
0 0.8822916666666667 0.8494140625 0.06875 0.077734375
0 0.6877604166666667 0.9068359375 0.049479166666666664 0.042578125
0 0.1296875 0.8435546875 0.059375 0.031640625
0 0.121875 0.8107421875 0.05625 0.026953125
0 0.26171875 0.5681640625 0.0421875 0.047265625
0 0.21302083333333333 0.5755859375 0.051041666666666666 0.050390625
0 0.15494791666666666 0.581640625 0.0484375 0.05078125
0 0.6065104166666667 0.55859375 0.043229166666666666 0.0296875
0 0.09921875 0.5322265625 0.0515625 0.051953125
0 0.7921875 0.6224609375 0.06770833333333333 0.088671875
0 0.8622395833333333 0.6140625 0.06510416666666667 0.08984375
0 0.9299479166666667 0.6064453125 0.06197916666666667 0.087109375
0 0.98203125 0.605078125 0.0359375 0.07109375
0 0.690625 0.861328125 0.052083333333333336 0.0421875
0 0.05677083333333333 0.817578125 0.06041666666666667 0.028125
0 0.06067708333333333 0.8521484375 0.0640625 0.032421875
0 0.12083333333333333 0.777734375 0.0625 0.02890625
0 0.15598958333333332 0.529296875 0.0546875 0.0515625
0 0.309375 0.6921875 0.04791666666666667 0.04375
0 0.65546875 0.5259765625 0.043229166666666666 0.027734375
0 0.53203125 0.6251953125 0.04010416666666667 0.040234375
0 0.57578125 0.6224609375 0.03802083333333333 0.039453125
0 0.5354166666666667 0.66875 0.03958333333333333 0.04140625
0 0.5815104166666667 0.6640625 0.03802083333333333 0.0390625
0 0.6265625 0.6091796875 0.04583333333333333 0.023046875
0 0.6744791666666666 0.605078125 0.036458333333333336 0.028125
0 0.6263020833333334 0.6376953125 0.0453125 0.027734375
0 0.48203125 0.653515625 0.058854166666666666 0.084375
0 0.67421875 0.63359375 0.0359375 0.0203125
0 0.6776041666666667 0.6607421875 0.042708333333333334 0.023828125
0 0.72734375 0.648828125 0.044270833333333336 0.04453125
0 0.7236979166666667 0.602734375 0.0484375 0.0421875
0 0.02421875 0.0962890625 0.0484375 0.122265625
0 0.20390625 0.101171875 0.049479166666666664 0.125
0 0.14635416666666667 0.098828125 0.052083333333333336 0.1234375
0 0.08385416666666666 0.09765625 0.057291666666666664 0.12265625
0 0.6307291666666667 0.66640625 0.046875 0.025
0 0.6057291666666667 0.5291015625 0.04479166666666667 0.027734375
0 0.41770833333333335 0.658203125 0.06041666666666667 0.09375
0 0.1828125 0.782421875 0.04375 0.04375
0 0.6541666666666667 0.555078125 0.040625 0.02421875
0 0.7091145833333333 0.5443359375 0.05260416666666667 0.045703125
0 0.7080729166666667 0.4990234375 0.050520833333333334 0.041796875
0 0.7674479166666667 0.496875 0.050520833333333334 0.04296875
0 0.76640625 0.5408203125 0.058854166666666666 0.044140625
0 0.8322916666666667 0.5142578125 0.06666666666666667 0.087890625
0 0.9059895833333333 0.5109375 0.07447916666666667 0.08515625
0 0.359375 0.6865234375 0.041666666666666664 0.045703125
0 0.9572916666666667 0.5171875 0.021875 0.04765625
0 0.0484375 0.703515625 0.06458333333333334 0.08203125
0 0.12317708333333334 0.6923828125 0.07135416666666666 0.086328125
0 0.19192708333333333 0.68515625 0.06197916666666667 0.08828125
0 0.2520833333333333 0.6798828125 0.05520833333333333 0.083984375
0 0.9416666666666667 0.8310546875 0.040625 0.090234375
0 0.3067708333333333 0.6447265625 0.046875 0.041015625
0 0.35963541666666665 0.6376953125 0.04635416666666667 0.045703125
0 0.9864583333333333 0.514453125 0.023958333333333335 0.06015625
0 0.2328125 0.7728515625 0.04583333333333333 0.050390625
0 0.9880208333333333 0.4033203125 0.022916666666666665 0.065234375
0 0.033854166666666664 0.5919921875 0.05520833333333333 0.037890625
0 0.3807291666666667 0.258203125 0.03958333333333333 0.11640625
0 0.42890625 0.2587890625 0.0421875 0.108984375
0 0.47552083333333334 0.2634765625 0.041666666666666664 0.105859375
0 0.5338541666666666 0.264453125 0.05625 0.10703125
0 0.5838541666666667 0.2654296875 0.03854166666666667 0.108203125
0 0.63125 0.265625 0.03958333333333333 0.1015625
0 0.6747395833333333 0.2673828125 0.0328125 0.104296875
0 0.7200520833333334 0.2697265625 0.04114583333333333 0.096484375
0 0.7841145833333333 0.2728515625 0.06822916666666666 0.090234375
0 0.33515625 0.2583984375 0.04635416666666667 0.112890625
0 0.8380208333333333 0.2728515625 0.03333333333333333 0.093359375
0 0.91640625 0.2818359375 0.030729166666666665 0.075390625
0 0.9447916666666667 0.2833984375 0.017708333333333333 0.072265625
0 0.98203125 0.284765625 0.03177083333333333 0.07578125
0 0.032552083333333336 0.40390625 0.0609375 0.121875
0 0.09036458333333333 0.4029296875 0.050520833333333334 0.120703125
0 0.14817708333333332 0.3982421875 0.059895833333333336 0.126953125
0 0.209375 0.398046875 0.05625 0.12109375
0 0.2682291666666667 0.4001953125 0.051041666666666666 0.116796875
0 0.09661458333333334 0.58359375 0.058854166666666666 0.05
0 0.8796875 0.2802734375 0.03854166666666667 0.081640625
0 0.28177083333333336 0.2576171875 0.041666666666666664 0.111328125
0 0.23072916666666668 0.2525390625 0.05 0.121484375
0 0.16692708333333334 0.2490234375 0.06510416666666667 0.123046875
0 0.2596354166666667 0.108203125 0.050520833333333334 0.12265625
0 0.32109375 0.1111328125 0.0546875 0.119921875
0 0.39166666666666666 0.11875 0.04479166666666667 0.1140625
0 0.4471354166666667 0.1232421875 0.04635416666666667 0.114453125
0 0.49921875 0.124609375 0.04010416666666667 0.10859375
0 0.5424479166666667 0.1322265625 0.0328125 0.099609375
0 0.58203125 0.1326171875 0.030729166666666665 0.098828125
0 0.6236979166666666 0.1369140625 0.0359375 0.096484375
0 0.6658854166666667 0.14140625 0.034895833333333334 0.09296875
0 0.70703125 0.1498046875 0.0359375 0.085546875
0 0.73671875 0.1552734375 0.021354166666666667 0.071484375
0 0.7713541666666667 0.1537109375 0.026041666666666668 0.083984375
0 0.8057291666666667 0.153125 0.0375 0.09140625
0 0.8473958333333333 0.150390625 0.035416666666666666 0.09375
0 0.884375 0.1560546875 0.035416666666666666 0.091796875
0 0.9252604166666667 0.1578125 0.03177083333333333 0.09140625
0 0.95859375 0.186328125 0.021354166666666667 0.03984375
0 0.984375 0.177734375 0.023958333333333335 0.05703125
0 0.012239583333333333 0.2490234375 0.024479166666666666 0.123046875
0 0.05572916666666667 0.2501953125 0.058333333333333334 0.120703125
0 0.10989583333333333 0.25078125 0.041666666666666664 0.121875
0 0.6158854166666666 0.894140625 0.08177083333333333 0.0921875
0 0.5377604166666666 0.9296875 0.0515625 0.04609375
0 0.0421875 0.965625 0.08333333333333333 0.06875
0 0.7197916666666667 0.7548828125 0.053125 0.034765625
0 0.5372395833333333 0.880859375 0.0546875 0.0421875
0 0.46953125 0.8951171875 0.0703125 0.048046875
0 0.46067708333333335 0.941015625 0.06510416666666667 0.04140625
0 0.3125 0.9451171875 0.11145833333333334 0.097265625
0 0.1578125 0.9603515625 0.128125 0.076171875
0 0.9692708333333333 0.716015625 0.026041666666666668 0.05390625
0 0.9361979166666666 0.7201171875 0.021354166666666667 0.051953125
0 0.9075520833333334 0.7232421875 0.025520833333333333 0.055078125
0 0.35390625 0.78359375 0.0671875 0.090625
0 0.8572916666666667 0.7142578125 0.06770833333333333 0.085546875
0 0.4205729166666667 0.7767578125 0.0546875 0.088671875
0 0.6622395833333333 0.7603515625 0.0484375 0.048046875
0 0.71875 0.709375 0.051041666666666666 0.04609375
0 0.6583333333333333 0.715234375 0.053125 0.04375
0 0.603125 0.7734375 0.04791666666666667 0.04296875
0 0.9815104166666667 0.8244140625 0.03802083333333333 0.094140625
0 0.5421875 0.780078125 0.06458333333333334 0.0421875
0 0.5973958333333333 0.726171875 0.04895833333333333 0.03984375
0 0.7833333333333333 0.7234375 0.0625 0.08515625
0 0.5369791666666667 0.732421875 0.05 0.04609375
0 0.28802083333333334 0.768359375 0.05 0.04453125
0 0.23958333333333334 0.8228515625 0.046875 0.039453125
0 0.03229166666666667 0.5529296875 0.052083333333333336 0.037890625
0 0.95625 0.4021484375 0.03229166666666667 0.067578125
0 0.9208333333333333 0.401953125 0.03125 0.071875
0 0.8838541666666667 0.3947265625 0.030208333333333334 0.091015625
0 0.8455729166666667 0.3916015625 0.0359375 0.094140625
0 0.8059895833333334 0.3951171875 0.033854166666666664 0.093359375
0 0.7703125 0.394921875 0.03229166666666667 0.09375
0 0.7302083333333333 0.3955078125 0.041666666666666664 0.095703125
0 0.29244791666666664 0.8140625 0.04635416666666667 0.04765625
0 0.6833333333333333 0.3978515625 0.0375 0.100390625
0 0.5572916666666666 0.3966796875 0.042708333333333334 0.108984375
0 0.5138020833333333 0.3982421875 0.03697916666666667 0.112109375
0 0.46953125 0.395703125 0.0421875 0.1140625
0 0.4234375 0.3970703125 0.04375 0.111328125
0 0.3703125 0.3994140625 0.051041666666666666 0.115234375
0 0.31953125 0.3986328125 0.044270833333333336 0.116796875
0 0.18776041666666668 0.8283203125 0.0453125 0.043359375
0 0.64296875 0.3986328125 0.03802083333333333 0.098828125
0 0.4786458333333333 0.765234375 0.05625 0.090625
