0 0.8398692810457516 0.29212622549019607 0.06862745098039216 0.07199754901960784
0 0.31576797385620914 0.4010416666666667 0.0718954248366013 0.05575980392156863
0 0.9076797385620915 0.28921568627450983 0.06781045751633986 0.06678921568627451
0 0.24285130718954248 0.4022671568627451 0.0690359477124183 0.06066176470588235
0 0.10457516339869281 0.40487132352941174 0.07026143790849673 0.05974264705882353
0 0.769812091503268 0.2942708333333333 0.07066993464052287 0.06709558823529412
0 0.701797385620915 0.2977941176470588 0.06699346405228758 0.07291666666666667
0 0.9168709150326797 0.21583946078431374 0.07720588235294118 0.07567401960784313
0 0.8459967320261438 0.2184436274509804 0.06454248366013073 0.07169117647058823
0 0.7792075163398693 0.22028186274509803 0.06740196078431372 0.07598039215686274
0 0.7116013071895425 0.22380514705882354 0.06454248366013073 0.07077205882352941
0 0.6370506535947712 0.22518382352941177 0.08292483660130719 0.07352941176470588
0 0.8719362745098039 0.14659926470588236 0.0690359477124183 0.06341911764705882
0 0.7998366013071896 0.15073529411764705 0.05800653594771242 0.05514705882352941
0 0.7379493464052288 0.15180759803921567 0.06331699346405228 0.06158088235294118
0 0.6750408496732027 0.15379901960784315 0.060866013071895424 0.056372549019607844
0 0.6149918300653595 0.1564031862745098 0.060866013071895424 0.06158088235294118
0 0.5484068627450981 0.15533088235294118 0.06985294117647059 0.06433823529411764
0 0.03451797385620915 0.40732230392156865 0.0690359477124183 0.05606617647058824
0 0.1744281045751634 0.40425857843137253 0.06781045751633986 0.057291666666666664
0 0.49959150326797386 0.22472426470588236 0.07026143790849673 0.07751225490196079
0 0.35314542483660133 0.2265625 0.07475490196078431 0.07873774509803921
0 0.2806372549019608 0.22824754901960784 0.06862745098039216 0.08149509803921569
0 0.20690359477124182 0.22993259803921567 0.07883986928104575 0.078125
0 0.13419117647058823 0.23177083333333334 0.06576797385620915 0.08118872549019608
0 0.05943627450980392 0.23268995098039216 0.08374183006535947 0.07935049019607843
0 0.6333741830065359 0.29963235294117646 0.0690359477124183 0.07352941176470588
0 0.5645424836601307 0.2997855392156863 0.06781045751633986 0.07138480392156862
0 0.494281045751634 0.3014705882352941 0.0718954248366013 0.07230392156862746
0 0.42340686274509803 0.30254289215686275 0.06985294117647059 0.06954656862745098
0 0.3545751633986928 0.3020833333333333 0.06781045751633986 0.06862745098039216
0 0.28513071895424835 0.30330882352941174 0.07107843137254902 0.0661764705882353
0 0.21486928104575165 0.3014705882352941 0.0661764705882353 0.06556372549019608
0 0.14644607843137256 0.30300245098039214 0.07148692810457516 0.06311274509803921
0 0.07700163398692811 0.30392156862745096 0.06576797385620915 0.06495098039215687
0 0.4270833333333333 0.2262561274509804 0.07393790849673203 0.08057598039215687
0 0.5657679738562091 0.2264093137254902 0.05718954248366013 0.07352941176470588
0 0.34048202614379086 0.6698835784313726 0.061683006535947715 0.03216911764705882
0 0.5091911764705882 0.39368872549019607 0.06413398692810457 0.04350490196078431
0 0.21037581699346405 0.7921262254901961 0.06045751633986928 0.024816176470588234
0 0.21303104575163398 0.8186274509803921 0.06331699346405228 0.026348039215686275
0 0.21180555555555555 0.8423713235294118 0.06331699346405228 0.019301470588235295
0 0.07128267973856209 0.7884497549019608 0.06658496732026144 0.024816176470588234
0 0.0763888888888889 0.8141850490196079 0.061274509803921566 0.021752450980392156
0 0.02287581699346405 0.8189338235294118 0.0457516339869281 0.02389705882352941
0 0.1337826797385621 0.8128063725490197 0.05269607843137255 0.030637254901960783
0 0.1403186274509804 0.8408394607843137 0.0625 0.027879901960784315
0 0.07802287581699346 0.8406862745098039 0.05800653594771242 0.02696078431372549
0 0.024305555555555556 0.8423713235294118 0.04861111111111111 0.023590686274509803
0 0.9101307189542484 0.6485906862745098 0.05718954248366013 0.03002450980392157
0 0.9129901960784313 0.6784620098039216 0.06045751633986928 0.024816176470588234
0 0.9129901960784313 0.7015931372549019 0.059640522875817 0.020833333333333332
0 0.8464052287581699 0.6522671568627451 0.06209150326797386 0.031862745098039214
0 0.8498774509803921 0.6810661764705882 0.06004901960784314 0.026348039215686275
0 0.8486519607843137 0.7052696078431373 0.06413398692810457 0.020833333333333332
0 0.7855392156862745 0.6832107843137255 0.06209150326797386 0.02696078431372549
0 0.7845179738562091 0.7064950980392157 0.061683006535947715 0.01838235294117647
0 0.7224264705882353 0.6593137254901961 0.05759803921568627 0.029411764705882353
0 0.7240604575163399 0.686734068627451 0.05923202614379085 0.024816176470588234
0 0.721609477124183 0.7092524509803921 0.0625 0.017769607843137254
0 0.5923202614379085 0.6836703431372549 0.056372549019607844 0.02849264705882353
0 0.5884395424836601 0.6557904411764706 0.05841503267973856 0.0272671568627451
0 0.6558415032679739 0.6602328431372549 0.06576797385620915 0.025735294117647058
0 0.6595179738562091 0.686734068627451 0.06495098039215687 0.0272671568627451
0 0.6576797385620915 0.7121629901960784 0.06454248366013073 0.021139705882352942
0 0.59375 0.7113970588235294 0.0625 0.027573529411764705
0 0.5324754901960784 0.6576286764705882 0.04779411764705882 0.026041666666666668
0 0.47630718954248363 0.6659007352941176 0.061274509803921566 0.026041666666666668
0 0.2741013071895425 0.7922794117647058 0.06781045751633986 0.025122549019607844
0 0.4111519607843137 0.6683517156862745 0.07066993464052287 0.02849264705882353
0 0.2775735294117647 0.8175551470588235 0.06413398692810457 0.023590686274509803
0 0.3443627450980392 0.8403799019607843 0.06290849673202614 0.023284313725490197
0 0.4250408496732026 0.39675245098039214 0.06331699346405228 0.056372549019607844
0 0.37397875816993464 0.39537377450980393 0.037173202614379085 0.05116421568627451
0 0.8933823529411765 0.7686887254901961 0.049019607843137254 0.022058823529411766
0 0.9017565359477124 0.7964154411764706 0.05759803921568627 0.02297794117647059
0 0.9003267973856209 0.8187806372549019 0.059640522875817 0.021139705882352942
0 0.8347630718954249 0.7734375 0.05841503267973856 0.02665441176470588
0 0.838031045751634 0.7999387254901961 0.06495098039215687 0.023284313725490197
0 0.8390522875816994 0.8216911764705882 0.06372549019607843 0.02022058823529412
0 0.7718545751633987 0.7743566176470589 0.061683006535947715 0.0272671568627451
0 0.7741013071895425 0.8005514705882353 0.06290849673202614 0.024509803921568627
0 0.7745098039215687 0.8252144607843137 0.061274509803921566 0.022365196078431373
0 0.7140522875816994 0.8051470588235294 0.059640522875817 0.024509803921568627
0 0.7146650326797386 0.8284313725490197 0.05841503267973856 0.023284313725490197
0 0.6544117647058824 0.8051470588235294 0.059640522875817 0.02267156862745098
0 0.6531862745098039 0.8291973039215687 0.061274509803921566 0.02420343137254902
0 0.6484885620915033 0.7725183823529411 0.05514705882352941 0.021139705882352942
0 0.5912990196078431 0.7800245098039216 0.060866013071895424 0.027573529411764705
0 0.5929330065359477 0.8065257352941176 0.05923202614379085 0.02420343137254902
0 0.5919117647058824 0.8316482843137255 0.06209150326797386 0.026041666666666668
0 0.5334967320261438 0.8330269607843137 0.05555555555555555 0.02389705882352941
0 0.5251225490196079 0.7837009803921569 0.06413398692810457 0.024509803921568627
0 0.46486928104575165 0.7850796568627451 0.05800653594771242 0.0272671568627451
0 0.46854575163398693 0.8108149509803921 0.06454248366013073 0.02542892156862745
0 0.4695669934640523 0.8365502450980392 0.060866013071895424 0.026041666666666668
0 0.4084967320261438 0.8365502450980392 0.06209150326797386 0.026041666666666668
0 0.40604575163398693 0.8118872549019608 0.05718954248366013 0.024509803921568627
0 0.4021650326797386 0.7867647058823529 0.06495098039215687 0.02389705882352941
0 0.33986928104575165 0.7890625 0.06045751633986928 0.02849264705882353
0 0.34272875816993464 0.8157169117647058 0.0661764705882353 0.024816176470588234
0 0.2785947712418301 0.8405330882352942 0.06781045751633986 0.022365196078431373
0 0.5316584967320261 0.6914828431372549 0.06495098039215687 0.02696078431372549
0 0.53125 0.8075980392156863 0.05269607843137255 0.025122549019607844
0 0.40788398692810457 0.6948529411764706 0.060866013071895424 0.027573529411764705
0 0.1962826797385621 0.5958946078431373 0.06413398692810457 0.04779411764705882
0 0.12969771241830066 0.5954350490196079 0.06985294117647059 0.04871323529411765
0 0.0639297385620915 0.5948223039215687 0.061683006535947715 0.047487745098039214
0 0.4636437908496732 0.5370710784313726 0.06454248366013073 0.05269607843137255
0 0.3960375816993464 0.5404411764705882 0.06576797385620915 0.061274509803921566
0 0.3270016339869281 0.5421262254901961 0.07230392156862746 0.05606617647058824
0 0.2581699346405229 0.5428921568627451 0.06454248366013073 0.056372549019607844
0 0.19362745098039216 0.5435049019607843 0.06535947712418301 0.05392156862745098
0 0.12479575163398693 0.5442708333333334 0.06658496732026144 0.05361519607843137
0 0.056576797385620915 0.5454963235294118 0.0690359477124183 0.050551470588235295
0 0.9089052287581699 0.43596813725490197 0.051470588235294115 0.05943627450980392
0 0.8555964052287581 0.4401041666666667 0.05269607843137255 0.053002450980392156
0 0.7945261437908496 0.4427083333333333 0.06944444444444445 0.06004901960784314
0 0.7275326797385621 0.44378063725490197 0.06454248366013073 0.057904411764705885
0 0.6582924836601307 0.4476102941176471 0.07148692810457516 0.06433823529411764
0 0.5919117647058824 0.45113357843137253 0.06209150326797386 0.0585171568627451
0 0.5220588235294118 0.45159313725490197 0.07434640522875817 0.05514705882352941
0 0.4522058823529412 0.45389093137254904 0.06372549019607843 0.05912990196078431
0 0.3180147058823529 0.45894607843137253 0.07066993464052287 0.05821078431372549
0 0.24387254901960784 0.46308210784313725 0.07352941176470588 0.05667892156862745
0 0.17136437908496732 0.46400122549019607 0.07066993464052287 0.057904411764705885
0 0.099468954248366 0.4643075980392157 0.07230392156862746 0.05667892156862745
0 0.03125 0.46629901960784315 0.0625 0.06004901960784314
0 0.8415032679738562 0.38465073529411764 0.05555555555555555 0.05361519607843137
0 0.7818627450980392 0.38587622549019607 0.06290849673202614 0.05545343137254902
0 0.7171160130718954 0.38756127450980393 0.06576797385620915 0.052083333333333336
0 0.6450163398692811 0.39077818627450983 0.07679738562091504 0.046875
0 0.46977124183006536 0.6934742647058824 0.061274509803921566 0.02420343137254902
0 0.5743464052287581 0.38924632352941174 0.058823529411764705 0.04136029411764706
0 0.2638888888888889 0.5958946078431373 0.06944444444444445 0.04718137254901961
0 0.3304738562091503 0.5960477941176471 0.06372549019607843 0.047487745098039214
0 0.38705065359477125 0.45588235294117646 0.06658496732026144 0.05392156862745098
0 0.4644607843137255 0.5905330882352942 0.06290849673202614 0.05116421568627451
0 0.34334150326797386 0.7000612745098039 0.06413398692810457 0.026348039215686275
0 0.2761437908496732 0.7003676470588235 0.06862745098039216 0.025735294117647058
0 0.3966503267973856 0.5946691176470589 0.06944444444444445 0.044730392156862746
0 0.20772058823529413 0.7014399509803921 0.06495098039215687 0.023590686274509803
0 0.14072712418300654 0.7025122549019608 0.06658496732026144 0.02389705882352941
0 0.2724673202614379 0.6712622549019608 0.06781045751633986 0.031862745098039214
0 0.20159313725490197 0.6721813725490197 0.07148692810457516 0.031862745098039214
0 0.07659313725490197 0.703890931372549 0.05514705882352941 0.02849264705882353
0 0.07148692810457516 0.6787683823529411 0.06372549019607843 0.023590686274509803
0 0.5285947712418301 0.7210477941176471 0.06862745098039216 0.03155637254901961
0 0.46343954248366015 0.7225796568627451 0.060866013071895424 0.027879901960784315
0 0.40012254901960786 0.7231924019607843 0.06413398692810457 0.0272671568627451
0 0.338031045751634 0.7254901960784313 0.06004901960784314 0.022058823529411766
0 0.27450980392156865 0.7288602941176471 0.06862745098039216 0.028186274509803922
0 0.2062908496732026 0.7296262254901961 0.06535947712418301 0.027879901960784315
0 0.13725490196078433 0.6734068627450981 0.059640522875817 0.034926470588235295
0 0.08026960784313726 0.7294730392156863 0.05923202614379085 0.020833333333333332
0 0.6662581699346405 0.5831801470588235 0.06209150326797386 0.045649509803921566
0 0.14256535947712418 0.7282475490196079 0.06372549019607843 0.024509803921568627
0 0.5996732026143791 0.5845588235294118 0.07107843137254902 0.049019607843137254
0 0.7299836601307189 0.5819546568627451 0.06699346405228758 0.04932598039215686
0 0.5968137254901961 0.5332414215686274 0.06535947712418301 0.05177696078431373
0 0.7285539215686274 0.5281862745098039 0.06658496732026144 0.05759803921568627
0 0.5302287581699346 0.5840992647058824 0.06535947712418301 0.04993872549019608
0 0.6627859477124183 0.5318627450980392 0.06495098039215687 0.04963235294117647
0 0.7986111111111112 0.5807291666666666 0.07107843137254902 0.046875
0 0.8686683006535948 0.5235906862745098 0.06576797385620915 0.052083333333333336
0 0.9360702614379085 0.5222120098039216 0.068218954248366 0.0548406862745098
0 0.025122549019607844 0.7302389705882353 0.05024509803921569 0.02297794117647059
0 0.7988153594771242 0.5286458333333334 0.07475490196078431 0.057291666666666664
