0 0.16258169934640523 0.3434436274509804 0.03839869281045752 0.08884803921568628
0 0.07107843137254902 0.34543504901960786 0.06862745098039216 0.09099264705882353
0 0.36703431372549017 0.2725183823529412 0.07883986928104575 0.03462009803921569
0 0.366625816993464 0.23621323529411764 0.07475490196078431 0.03002450980392157
0 0.4542483660130719 0.19393382352941177 0.06862745098039216 0.030637254901960783
0 0.45445261437908496 0.22794117647058823 0.07230392156862746 0.026348039215686275
0 0.37949346405228757 0.21017156862745098 0.061274509803921566 0.01838235294117647
0 0.3772467320261438 0.1796875 0.05923202614379085 0.02971813725490196
0 0.2099673202614379 0.3512561274509804 0.05392156862745098 0.08363970588235294
0 0.4507761437908497 0.2659313725490196 0.07066993464052287 0.04044117647058824
0 0.2702205882352941 0.3478860294117647 0.06004901960784314 0.09589460784313726
0 0.8521241830065359 0.3509497549019608 0.10702614379084967 0.09528186274509803
0 0.3954248366013072 0.36642156862745096 0.058823529411764705 0.06678921568627451
0 0.38848039215686275 0.31878063725490197 0.05392156862745098 0.020526960784313725
0 0.5161356209150327 0.3587622549019608 0.053513071895424834 0.07904411764705882
0 0.579248366013072 0.35723039215686275 0.05473856209150327 0.0784313725490196
0 0.6411356209150327 0.3555453431372549 0.053513071895424834 0.0897671568627451
0 0.6911764705882353 0.35922181372549017 0.04084967320261438 0.07567401960784313
0 0.7624591503267973 0.35768995098039214 0.06413398692810457 0.0897671568627451
0 0.28594771241830064 0.27389705882352944 0.07516339869281045 0.03308823529411765
0 0.9191176470588235 0.4681372549019608 0.09640522875816994 0.10232843137254902
0 0.8439542483660131 0.47610294117647056 0.04820261437908497 0.08639705882352941
0 0.7606209150326797 0.4664522058823529 0.0857843137254902 0.10079656862745098
0 0.3349673202614379 0.3636642156862745 0.05473856209150327 0.06556372549019608
0 0.29697712418300654 0.2265625 0.05800653594771242 0.019301470588235295
0 0.7959558823529411 0.2702205882352941 0.034722222222222224 0.03615196078431373
0 0.28921568627450983 0.24754901960784315 0.06781045751633986 0.016544117647058824
0 0.7561274509803921 0.05606617647058824 0.06862745098039216 0.09926470588235294
0 0.7034313725490197 0.06709558823529412 0.03676470588235294 0.07904411764705882
0 0.6611519607843137 0.0545343137254902 0.0428921568627451 0.10477941176470588
0 0.6129493464052288 0.05560661764705882 0.04616013071895425 0.10263480392156862
0 0.5622957516339869 0.05606617647058824 0.046977124183006536 0.1017156862745098
0 0.4638480392156863 0.057291666666666664 0.10253267973856209 0.10845588235294118
0 0.37316176470588236 0.05821078431372549 0.07720588235294118 0.1017156862745098
0 0.30514705882352944 0.09191176470588236 0.04820261437908497 0.026348039215686275
0 0.30249183006535946 0.05943627450980392 0.054330065359477125 0.029411764705882353
0 0.23059640522875818 0.08455882352941177 0.08374183006535947 0.04350490196078431
0 0.230187908496732 0.037837009803921566 0.08619281045751634 0.03952205882352941
0 0.3102532679738562 0.19868259803921567 0.06985294117647059 0.029105392156862746
0 0.10580065359477124 0.06418504901960784 0.15196078431372548 0.08425245098039216
0 0.8741830065359477 0.2575061274509804 0.031862745098039214 0.05974264705882353
0 0.8347630718954249 0.24724264705882354 0.03799019607843137 0.07965686274509803
0 0.7495915032679739 0.2340686274509804 0.04411764705882353 0.027573529411764705
0 0.7549019607843137 0.2722120098039216 0.04003267973856209 0.035845588235294115
0 0.5876225490196079 0.46675857843137253 0.07720588235294118 0.09957107843137254
0 0.7091503267973857 0.27129289215686275 0.0392156862745098 0.03216911764705882
0 0.639297385620915 0.25765931372549017 0.09558823529411764 0.061887254901960786
0 0.5443218954248366 0.2619485294117647 0.09027777777777778 0.05392156862745098
0 0.03022875816993464 0.25214460784313725 0.06045751633986928 0.06801470588235294
0 0.18729575163398693 0.19056372549019607 0.08537581699346405 0.05759803921568627
0 0.1823937908496732 0.2539828431372549 0.0951797385620915 0.061274509803921566
0 0.9242238562091504 0.26393995098039214 0.05841503267973856 0.046875
0 0.5347222222222222 0.7884497549019608 0.06535947712418301 0.07506127450980392
0 0.6102941176470589 0.7886029411764706 0.06862745098039216 0.07536764705882353
0 0.0806781045751634 0.46721813725490197 0.05841503267973856 0.09620098039215687
0 0.42320261437908496 0.6989889705882353 0.04084967320261438 0.053002450980392156
0 0.47324346405228757 0.6976102941176471 0.044526143790849675 0.04840686274509804
0 0.5441176470588235 0.6959252450980392 0.04738562091503268 0.06219362745098039
0 0.6076388888888888 0.6674325980392157 0.051879084967320264 0.03278186274509804
0 0.6062091503267973 0.7055759803921569 0.049019607843137254 0.03860294117647059
0 0.6646241830065359 0.6614583333333334 0.049836601307189546 0.025122549019607844
0 0.6646241830065359 0.6948529411764706 0.05555555555555555 0.032475490196078434
0 0.7265114379084967 0.7043504901960784 0.03880718954248366 0.04718137254901961
0 0.7796160130718954 0.6887254901960784 0.05841503267973856 0.026348039215686275
0 0.7818627450980392 0.7176776960784313 0.051470588235294115 0.02665441176470588
0 0.8412990196078431 0.6864276960784313 0.056781045751633986 0.027879901960784315
0 0.838031045751634 0.7147671568627451 0.0559640522875817 0.025122549019607844
0 0.9001225490196079 0.6876531862745098 0.0559640522875817 0.02665441176470588
0 0.8982843137254902 0.7164522058823529 0.05718954248366013 0.02849264705882353
0 0.9593545751633987 0.7166053921568627 0.05514705882352941 0.02696078431372549
0 0.024918300653594773 0.7803308823529411 0.03594771241830065 0.0778186274509804
0 0.059027777777777776 0.7829350490196079 0.027369281045751634 0.07873774509803921
0 0.6891339869281046 0.7945772058823529 0.06781045751633986 0.07199754901960784
0 0.7406045751633987 0.7749693627450981 0.026143790849673203 0.060355392156862746
0 0.7877859477124183 0.7849264705882353 0.04370915032679738 0.07169117647058823
0 0.8343545751633987 0.7987132352941176 0.037173202614379085 0.07169117647058823
0 0.8768382352941176 0.8008578431372549 0.0428921568627451 0.07169117647058823
0 0.9227941176470589 0.8037683823529411 0.03839869281045752 0.06893382352941177
0 0.3790849673202614 0.6850490196078431 0.04330065359477124 0.06801470588235294
0 0.9707924836601307 0.7997855392156863 0.04616013071895425 0.07199754901960784
0 0.46486928104575165 0.8089767156862745 0.051470588235294115 0.045649509803921566
0 0.41360294117647056 0.7833946078431373 0.05024509803921569 0.0625
0 0.3445669934640523 0.7850796568627451 0.0625 0.05974264705882353
0 0.2465277777777778 0.8065257352941176 0.1017156862745098 0.057904411764705885
0 0.13174019607843138 0.8060661764705882 0.0959967320261438 0.05024509803921569
0 0.12806372549019607 0.7614889705882353 0.10825163398692811 0.035845588235294115
0 0.06352124183006536 0.8799019607843137 0.07312091503267974 0.07659313725490197
0 0.320874183006536 0.6868872549019608 0.06576797385620915 0.06924019607843138
0 0.2522467320261438 0.6842830882352942 0.06495098039215687 0.07077205882352941
0 0.1736111111111111 0.6809129901960784 0.06045751633986928 0.07873774509803921
0 0.6638071895424836 0.891390931372549 0.03676470588235294 0.07873774509803921
0 0.7032271241830066 0.8975183823529411 0.0363562091503268 0.08425245098039216
0 0.7477532679738562 0.8967524509803921 0.04616013071895425 0.08517156862745098
0 0.7877859477124183 0.8831188725490197 0.0298202614379085 0.06219362745098039
0 0.8615196078431373 0.9030330882352942 0.04084967320261438 0.09957107843137254
0 0.9166666666666666 0.8840379901960784 0.04003267973856209 0.06403186274509803
0 0.6235702614379085 0.8912377450980392 0.03553921568627451 0.08272058823529412
0 0.9724264705882353 0.9048713235294118 0.05514705882352941 0.09037990196078431
0 0.03880718954248366 0.5821078431372549 0.0718954248366013 0.10232843137254902
0 0.3837826797385621 0.4885110294117647 0.05841503267973856 0.05974264705882353
0 0.3321078431372549 0.48636642156862747 0.03758169934640523 0.057904411764705885
0 0.2734885620915033 0.48575367647058826 0.05024509803921569 0.06525735294117647
0 0.207312091503268 0.4646139705882353 0.06576797385620915 0.09957107843137254
0 0.13929738562091504 0.48621323529411764 0.049019607843137254 0.0661764705882353
0 0.12724673202614378 0.5818014705882353 0.09027777777777778 0.0974264705882353
0 0.024101307189542485 0.4768688725490196 0.04003267973856209 0.07506127450980392
0 0.5819035947712419 0.8916973039215687 0.0428921568627451 0.08118872549019608
0 0.44730392156862747 0.8887867647058824 0.04084967320261438 0.08394607843137254
0 0.10804738562091504 0.6807598039215687 0.04861111111111111 0.07230392156862746
0 0.043913398692810454 0.6810661764705882 0.056781045751633986 0.06862745098039216
0 0.8445669934640523 0.5686274509803921 0.03227124183006536 0.06678921568627451
0 0.9315767973856209 0.5802696078431373 0.05923202614379085 0.09436274509803921
0 0.8020833333333334 0.5859375 0.0494281045751634 0.08670343137254902
0 0.7593954248366013 0.5963541666666666 0.029411764705882353 0.07383578431372549
0 0.5359477124183006 0.8893995098039216 0.0392156862745098 0.08946078431372549
0 0.6987336601307189 0.5833333333333334 0.0821078431372549 0.10294117647058823
0 0.3813316993464052 0.5840992647058824 0.06740196078431372 0.09589460784313726
0 0.31147875816993464 0.5886948529411765 0.05841503267973856 0.09221813725490197
0 0.25531045751633985 0.5874693627450981 0.042483660130718956 0.0940563725490196
0 0.20302287581699346 0.5857843137254902 0.051470588235294115 0.09068627450980392
0 0.35294117647058826 0.8823529411764706 0.041666666666666664 0.07536764705882353
0 0.3997140522875817 0.8869485294117647 0.042075163398692814 0.08455882352941177
0 0.5708741830065359 0.5960477941176471 0.05841503267973856 0.08118872549019608
0 0.6711601307189542 0.46660539215686275 0.08006535947712418 0.10110294117647059
0 0.8515114379084967 0.054074754901960786 0.11723856209150327 0.10386029411764706
0 0.9415849673202614 0.05330882352941176 0.056372549019607844 0.10232843137254902
