0 0.9306640625 0.8653645833333333 0.035546875 0.049479166666666664
0 0.0408203125 0.8747395833333333 0.049609375 0.03697916666666667
0 0.0880859375 0.8723958333333334 0.044140625 0.0375
0 0.1349609375 0.84140625 0.051171875 0.1078125
0 0.3869140625 0.8364583333333333 0.045703125 0.036458333333333336
0 0.3388671875 0.8390625 0.046484375 0.0375
0 0.1822265625 0.8020833333333334 0.044140625 0.03333333333333333
0 0.1845703125 0.83984375 0.047265625 0.03697916666666667
0 0.084765625 0.8346354166666666 0.04375 0.033854166666666664
0 0.1869140625 0.8765625 0.044921875 0.03125
0 0.933984375 0.815625 0.03671875 0.053125
0 0.85859375 0.18046875 0.05078125 0.17760416666666667
0 0.8087890625 0.1796875 0.047265625 0.17916666666666667
0 0.758203125 0.1796875 0.05078125 0.18020833333333333
0 0.709765625 0.18125 0.04375 0.178125
0 0.48671875 0.8315104166666667 0.04921875 0.0390625
0 0.4859375 0.8721354166666667 0.04765625 0.03697916666666667
0 0.23515625 0.83828125 0.0484375 0.11302083333333333
0 0.0375 0.8356770833333333 0.05 0.033854166666666664
0 0.078515625 0.7953125 0.03984375 0.03958333333333333
0 0.0318359375 0.7971354166666667 0.049609375 0.03802083333333333
0 0.07578125 0.753125 0.046875 0.042708333333333334
0 0.12578125 0.7638020833333333 0.05390625 0.0453125
0 0.176953125 0.7635416666666667 0.04453125 0.041666666666666664
0 0.2099609375 0.75703125 0.020703125 0.04635416666666667
0 0.2291015625 0.7578125 0.016796875 0.04791666666666667
0 0.9521484375 0.18932291666666667 0.044921875 0.16302083333333334
0 0.245703125 0.7583333333333333 0.01640625 0.04375
0 0.2619140625 0.7598958333333333 0.016796875 0.042708333333333334
0 0.0548828125 0.39739583333333334 0.062890625 0.14270833333333333
0 0.115625 0.4010416666666667 0.05859375 0.13541666666666666
0 0.487890625 0.7934895833333333 0.04921875 0.0359375
0 0.3884765625 0.8760416666666667 0.044140625 0.03854166666666667
0 0.341796875 0.8776041666666666 0.046875 0.03333333333333333
0 0.4361328125 0.8734375 0.048828125 0.034375
0 0.4359375 0.8364583333333333 0.05 0.0375
0 0.2810546875 0.7598958333333333 0.016796875 0.041666666666666664
0 0.300390625 0.7609375 0.01796875 0.042708333333333334
0 0.907421875 0.18072916666666666 0.0453125 0.18125
0 0.53203125 0.8161458333333333 0.03671875 0.05
0 0.9220703125 0.6604166666666667 0.059765625 0.075
0 0.6638671875 0.18229166666666666 0.048828125 0.17708333333333334
0 0.8080078125 0.6614583333333334 0.056640625 0.075
0 0.7212890625 0.7544270833333333 0.016015625 0.04114583333333333
0 0.740625 0.7544270833333333 0.02109375 0.0421875
0 0.7052734375 0.83515625 0.072265625 0.11614583333333334
0 0.780859375 0.77578125 0.04765625 0.0359375
0 0.78046875 0.8114583333333333 0.046875 0.03333333333333333
0 0.7763671875 0.8442708333333333 0.045703125 0.027083333333333334
0 0.026171875 0.7536458333333333 0.05078125 0.041666666666666664
0 0.7763671875 0.8778645833333333 0.045703125 0.034895833333333334
0 0.8353515625 0.75859375 0.050390625 0.03802083333333333
0 0.8294921875 0.8372395833333334 0.047265625 0.11302083333333333
0 0.8828125 0.8377604166666667 0.05 0.1140625
0 0.8951171875 0.7609375 0.054296875 0.035416666666666666
0 0.0548828125 0.17005208333333333 0.055859375 0.19427083333333334
0 0.1046875 0.171875 0.04375 0.190625
0 0.15625 0.17005208333333333 0.05859375 0.18697916666666667
0 0.208984375 0.1703125 0.0453125 0.18958333333333333
0 0.7521484375 0.6614583333333334 0.052734375 0.07395833333333333
0 0.571875 0.8161458333333333 0.0390625 0.04895833333333333
0 0.695703125 0.6625 0.05703125 0.075
0 0.9333984375 0.5807291666666666 0.060546875 0.08020833333333334
0 0.6171875 0.18046875 0.0421875 0.18072916666666666
0 0.53046875 0.17473958333333334 0.05 0.1921875
0 0.8654296875 0.6609375 0.054296875 0.075
0 0.484375 0.17473958333333334 0.0421875 0.19114583333333332
0 0.5705078125 0.8671875 0.040234375 0.05
0 0.628125 0.83359375 0.07109375 0.1203125
0 0.6826171875 0.7549479166666667 0.018359375 0.044270833333333336
0 0.702734375 0.7559895833333333 0.0203125 0.0421875
0 0.4396484375 0.17395833333333333 0.042578125 0.18958333333333333
0 0.3958984375 0.175 0.043359375 0.18645833333333334
0 0.3509765625 0.17317708333333334 0.043359375 0.18802083333333333
0 0.3048828125 0.17083333333333334 0.043359375 0.18541666666666667
0 0.697265625 0.5846354166666666 0.05625 0.07760416666666667
0 0.2583984375 0.16901041666666666 0.049609375 0.1890625
0 0.7544921875 0.58359375 0.054296875 0.07864583333333333
0 0.8154296875 0.5828125 0.058984375 0.08125
0 0.8740234375 0.5822916666666667 0.055859375 0.078125
0 0.640234375 0.6614583333333334 0.05390625 0.07395833333333333
0 0.5296875 0.86875 0.0375 0.04895833333333333
0 0.17890625 0.4010416666666667 0.06484375 0.1375
0 0.2431640625 0.39453125 0.063671875 0.1515625
0 0.54375 0.60390625 0.04453125 0.0640625
0 0.5005859375 0.665625 0.042578125 0.0625
0 0.4572265625 0.6669270833333333 0.040234375 0.06197916666666667
0 0.4150390625 0.6682291666666667 0.042578125 0.058333333333333334
0 0.457421875 0.5994791666666667 0.0421875 0.071875
0 0.413671875 0.60625 0.04140625 0.06354166666666666
0 0.412890625 0.540625 0.0453125 0.06458333333333334
0 0.362109375 0.6283854166666667 0.05703125 0.1359375
0 0.3029296875 0.6255208333333333 0.061328125 0.134375
0 0.1263671875 0.6708333333333333 0.056640625 0.04895833333333333
0 0.0697265625 0.67265625 0.052734375 0.0484375
0 0.58984375 0.60546875 0.04296875 0.0671875
0 0.180859375 0.6036458333333333 0.05625 0.065625
0 0.1845703125 0.66875 0.058203125 0.057291666666666664
0 0.2431640625 0.6638020833333333 0.056640625 0.0609375
0 0.3857421875 0.7533854166666667 0.046484375 0.0421875
0 0.4357421875 0.7591145833333334 0.048046875 0.0390625
0 0.487890625 0.75703125 0.053125 0.03697916666666667
0 0.5337890625 0.7638020833333333 0.038671875 0.0546875
0 0.5734375 0.76171875 0.040625 0.058854166666666666
0 0.3380859375 0.79765625 0.046484375 0.03697916666666667
0 0.4349609375 0.796875 0.048046875 0.0375
0 0.3369140625 0.7559895833333333 0.048046875 0.0421875
0 0.287109375 0.8388020833333333 0.0546875 0.11197916666666667
0 0.2390625 0.59921875 0.0609375 0.0640625
0 0.54609375 0.6682291666666667 0.0421875 0.06041666666666667
0 0.384765625 0.79765625 0.046875 0.04010416666666667
0 0.64140625 0.5841145833333333 0.0546875 0.07760416666666667
0 0.5541015625 0.4041666666666667 0.058203125 0.14166666666666666
0 0.4947265625 0.40651041666666665 0.057421875 0.13697916666666668
0 0.4330078125 0.40234375 0.062109375 0.1453125
0 0.5896484375 0.6692708333333334 0.042578125 0.057291666666666664
0 0.306640625 0.39557291666666666 0.06328125 0.15364583333333334
0 0.3705078125 0.40078125 0.061328125 0.1421875
0 0.612890625 0.40572916666666664 0.05859375 0.13854166666666667
0 0.7486328125 0.4015625 0.087109375 0.15104166666666666
0 0.672265625 0.40546875 0.05859375 0.1390625
0 0.930859375 0.39921875 0.08828125 0.15572916666666667
0 0.0619140625 0.5315104166666667 0.060546875 0.04635416666666667
0 0.12109375 0.5309895833333333 0.05546875 0.050520833333333334
0 0.0642578125 0.5796875 0.062109375 0.046875
0 0.124609375 0.58046875 0.0546875 0.0453125
0 0.06796875 0.6260416666666667 0.05859375 0.040625
0 0.1255859375 0.6247395833333333 0.055078125 0.04114583333333333
0 0.8390625 0.3997395833333333 0.09375 0.1546875
