0 0.23202614379084968 0.5586703431372549 0.028594771241830064 0.0744485294117647
0 0.3813316993464052 0.5609681372549019 0.03799019607843137 0.07904411764705882
0 0.3400735294117647 0.5615808823529411 0.030637254901960783 0.0778186274509804
0 0.3035130718954248 0.5591299019607843 0.035130718954248366 0.07291666666666667
0 0.2636846405228758 0.5615808823529411 0.030637254901960783 0.07536764705882353
0 0.19812091503267973 0.5585171568627451 0.03594771241830065 0.0741421568627451
0 0.7765522875816994 0.47962622549019607 0.042483660130718956 0.07996323529411764
0 0.12152777777777778 0.5572916666666666 0.03880718954248366 0.08149509803921569
0 0.8639705882352942 0.48253676470588236 0.03839869281045752 0.0821078431372549
0 0.8194444444444444 0.4803921568627451 0.03104575163398693 0.08394607843137254
0 0.7322303921568627 0.47794117647058826 0.03227124183006536 0.08394607843137254
0 0.690359477124183 0.4774816176470588 0.03594771241830065 0.078125
0 0.15992647058823528 0.5582107843137255 0.03390522875816993 0.08088235294117647
0 0.41911764705882354 0.5608149509803921 0.032679738562091505 0.07138480392156862
0 0.16748366013071894 0.14491421568627452 0.032679738562091505 0.0704656862745098
0 0.08088235294117647 0.14200367647058823 0.041666666666666664 0.06954656862745098
0 0.7359068627450981 0.26317401960784315 0.023284313725490197 0.07352941176470588
0 0.7663398692810458 0.2614889705882353 0.028594771241830064 0.06770833333333333
0 0.806781045751634 0.2604166666666667 0.028594771241830064 0.07230392156862746
0 0.8421160130718954 0.26026348039215685 0.030637254901960783 0.0701593137254902
0 0.8786764705882353 0.2614889705882353 0.029411764705882353 0.06770833333333333
0 0.14705882352941177 0.34359681372549017 0.027777777777777776 0.09037990196078431
0 0.19219771241830066 0.34528186274509803 0.04044117647058824 0.09129901960784313
0 0.24019607843137256 0.34482230392156865 0.03839869281045752 0.09037990196078431
0 0.2832924836601307 0.3463541666666667 0.04370915032679738 0.0934436274509804
0 0.32455065359477125 0.3471200980392157 0.03553921568627451 0.09497549019607843
0 0.36437908496732024 0.3475796568627451 0.03349673202614379 0.0934436274509804
0 0.4084967320261438 0.3472732843137255 0.04738562091503268 0.09037990196078431
0 0.525531045751634 0.3700980392156863 0.030637254901960783 0.08517156862745098
0 0.6993464052287581 0.26056985294117646 0.021241830065359478 0.06341911764705882
0 0.5620915032679739 0.3674938725490196 0.0392156862745098 0.08486519607843138
0 0.6491013071895425 0.36871936274509803 0.04084967320261438 0.0940563725490196
0 0.6919934640522876 0.36963848039215685 0.0392156862745098 0.08425245098039216
0 0.735702614379085 0.3684129901960784 0.03594771241830065 0.0818014705882353
0 0.7820669934640523 0.3714767156862745 0.04370915032679738 0.08057598039215687
0 0.8274101307189542 0.3697916666666667 0.03390522875816993 0.08455882352941177
0 0.8694852941176471 0.37025122549019607 0.030637254901960783 0.08302696078431372
0 0.10784313725490197 0.45358455882352944 0.04656862745098039 0.08363970588235294
0 0.15890522875816993 0.45128676470588236 0.035130718954248366 0.07904411764705882
0 0.20241013071895425 0.45955882352941174 0.034722222222222224 0.08088235294117647
0 0.24285130718954248 0.46078431372549017 0.03390522875816993 0.06924019607843138
0 0.28227124183006536 0.46262254901960786 0.035130718954248366 0.07291666666666667
0 0.3247549019607843 0.4644607843137255 0.03594771241830065 0.07230392156862746
0 0.3639705882352941 0.45940563725490197 0.032679738562091505 0.08057598039215687
0 0.6047794117647058 0.36703431372549017 0.03799019607843137 0.08823529411764706
0 0.6497140522875817 0.4771752450980392 0.03553921568627451 0.07689950980392157
0 0.6670751633986928 0.2624080882352941 0.035130718954248366 0.07628676470588236
0 0.5968137254901961 0.25857843137254904 0.027777777777777776 0.06678921568627451
0 0.12622549019607843 0.14246323529411764 0.03839869281045752 0.07291666666666667
0 0.5175653594771242 0.5798100490196079 0.028594771241830064 0.08057598039215687
0 0.20976307189542484 0.14353553921568626 0.0363562091503268 0.07261029411764706
0 0.24775326797385622 0.14215686274509803 0.03390522875816993 0.07475490196078431
0 0.28574346405228757 0.14231004901960784 0.03880718954248366 0.07261029411764706
0 0.3306781045751634 0.14215686274509803 0.03799019607843137 0.07230392156862746
0 0.5453431372549019 0.16145833333333334 0.06454248366013073 0.06495098039215687
0 0.5968137254901961 0.1640625 0.03431372549019608 0.060355392156862746
0 0.6294934640522876 0.1636029411764706 0.027777777777777776 0.05943627450980392
0 0.6638071895424836 0.16574754901960784 0.031862745098039214 0.061274509803921566
0 0.6952614379084967 0.1645220588235294 0.02287581699346405 0.061274509803921566
0 0.7265114379084967 0.16314338235294118 0.027369281045751634 0.06096813725490196
0 0.6088643790849673 0.4774816176470588 0.03227124183006536 0.08057598039215687
0 0.6284722222222222 0.25919117647058826 0.025735294117647058 0.06801470588235294
0 0.5651552287581699 0.47809436274509803 0.03553921568627451 0.07935049019607843
0 0.7647058823529411 0.1565563725490196 0.031862745098039214 0.08149509803921569
0 0.7990196078431373 0.15793504901960784 0.029411764705882353 0.08425245098039216
0 0.8433415032679739 0.15272671568627452 0.0298202614379085 0.09099264705882353
0 0.883578431372549 0.15150122549019607 0.032679738562091505 0.09099264705882353
0 0.1497140522875817 0.23805147058823528 0.0363562091503268 0.07659313725490197
0 0.19240196078431374 0.23943014705882354 0.03104575163398693 0.07689950980392157
0 0.23651960784313725 0.23514093137254902 0.03431372549019608 0.08792892156862746
0 0.2820669934640523 0.23544730392156862 0.03799019607843137 0.0860906862745098
0 0.32516339869281047 0.2337622549019608 0.04003267973856209 0.08762254901960784
0 0.3668300653594771 0.23728553921568626 0.03839869281045752 0.0897671568627451
0 0.4056372549019608 0.24555759803921567 0.035130718954248366 0.0744485294117647
0 0.5279820261437909 0.2619485294117647 0.026552287581699346 0.07536764705882353
0 0.5639297385620915 0.26026348039215685 0.0298202614379085 0.0701593137254902
0 0.5196078431372549 0.47380514705882354 0.032679738562091505 0.08302696078431372
0 0.5618872549019608 0.5805759803921569 0.03553921568627451 0.07720588235294118
0 0.440359477124183 0.45925245098039214 0.029411764705882353 0.0704656862745098
0 0.6452205882352942 0.5811887254901961 0.03308823529411765 0.07352941176470588
0 0.15849673202614378 0.6533394607843137 0.03431372549019608 0.07383578431372549
0 0.12091503267973856 0.6541053921568627 0.03104575163398693 0.08026960784313726
0 0.4256535947712418 0.758578431372549 0.03594771241830065 0.08455882352941177
0 0.36642156862745096 0.7599571078431373 0.05718954248366013 0.08241421568627451
0 0.2834967320261438 0.7524509803921569 0.05065359477124183 0.07475490196078431
0 0.23672385620915032 0.7515318627450981 0.03799019607843137 0.051470588235294115
0 0.18995098039215685 0.7653186274509803 0.032679738562091505 0.06678921568627451
0 0.15257352941176472 0.7643995098039216 0.02246732026143791 0.07720588235294118
0 0.12663398692810457 0.7634803921568627 0.02287581699346405 0.07720588235294118
0 0.9669117647058824 0.5188419117647058 0.03022875816993464 0.06832107843137254
0 0.9656862745098039 0.6931678921568627 0.03431372549019608 0.06096813725490196
0 0.7540849673202614 0.6832107843137255 0.03349673202614379 0.08272058823529412
0 0.7105800653594772 0.6809129901960784 0.03390522875816993 0.078125
0 0.6693218954248366 0.6795343137254902 0.0363562091503268 0.08026960784313726
0 0.6292892156862745 0.6790747549019608 0.03390522875816993 0.07689950980392157
0 0.19444444444444445 0.6596200980392157 0.028594771241830064 0.07659313725490197
0 0.23161764705882354 0.6580882352941176 0.03431372549019608 0.07352941176470588
0 0.2689950980392157 0.6574754901960784 0.034722222222222224 0.07720588235294118
0 0.3035130718954248 0.6609987745098039 0.028594771241830064 0.07689950980392157
0 0.9754901960784313 0.5991115196078431 0.04084967320261438 0.0701593137254902
0 0.9793709150326797 0.7809436274509803 0.03880718954248366 0.08333333333333333
0 0.9389297385620915 0.7810968137254902 0.026552287581699346 0.08854166666666667
0 0.8308823529411765 0.7958026960784313 0.03758169934640523 0.06403186274509803
0 0.7930964052287581 0.7950367647058824 0.030637254901960783 0.05759803921568627
0 0.7551062091503268 0.7936580882352942 0.02900326797385621 0.0548406862745098
0 0.7179330065359477 0.7913602941176471 0.026552287581699346 0.05759803921568627
0 0.590890522875817 0.6795343137254902 0.03553921568627451 0.0778186274509804
0 0.6811683006535948 0.7859987745098039 0.03390522875816993 0.05667892156862745
0 0.6133578431372549 0.7875306372549019 0.024918300653594773 0.05974264705882353
0 0.5782271241830066 0.7647058823529411 0.023284313725490197 0.05821078431372549
0 0.5459558823529411 0.7841605392156863 0.03308823529411765 0.0628063725490196
0 0.5120506535947712 0.7847732843137255 0.026552287581699346 0.06158088235294118
0 0.6076388888888888 0.5808823529411765 0.03308823529411765 0.0778186274509804
0 0.38174019607843135 0.6608455882352942 0.03227124183006536 0.07659313725490197
0 0.34375 0.6613051470588235 0.04125816993464052 0.07506127450980392
0 0.6435866013071896 0.7905943627450981 0.026552287581699346 0.0585171568627451
0 0.8519199346405228 0.5836397058823529 0.034722222222222224 0.08088235294117647
0 0.41564542483660133 0.6616115196078431 0.02900326797385621 0.078125
0 0.7679738562091504 0.5839460784313726 0.031862745098039214 0.07904411764705882
0 0.4040032679738562 0.4575674019607843 0.031862745098039214 0.07689950980392157
0 0.6842320261437909 0.5831801470588235 0.02696078431372549 0.07996323529411764
0 0.7230392156862745 0.5799632352941176 0.03676470588235294 0.07598039215686274
0 0.8086192810457516 0.5848651960784313 0.042075163398692814 0.08088235294117647
