0 0.5300245098039216 0.06893382352941177 0.0428921568627451 0.11887254901960784
0 0.9009395424836601 0.7287071078431373 0.04044117647058824 0.07383578431372549
0 0.8339460784313726 0.7717524509803921 0.05514705882352941 0.05821078431372549
0 0.7787990196078431 0.7947303921568627 0.03880718954248366 0.08088235294117647
0 0.7305964052287581 0.8163296568627451 0.04779411764705882 0.10814950980392157
0 0.6740196078431373 0.850796568627451 0.059640522875817 0.07107843137254902
0 0.6219362745098039 0.8872549019607843 0.044526143790849675 0.09129901960784313
0 0.5569852941176471 0.9090073529411765 0.068218954248366 0.0821078431372549
0 0.9677287581699346 0.5998774509803921 0.014705882352941176 0.0661764705882353
0 0.943218954248366 0.609375 0.013071895424836602 0.07169117647058823
0 0.5674019607843137 0.08762254901960784 0.035130718954248366 0.11274509803921569
0 0.6535947712418301 0.29901960784313725 0.022058823529411766 0.09497549019607843
0 0.625 0.30667892156862747 0.035130718954248366 0.08823529411764706
0 0.5647467320261438 0.3128063725490196 0.03880718954248366 0.04840686274509804
0 0.516952614379085 0.3095894607843137 0.0428921568627451 0.060355392156862746
0 0.46139705882352944 0.26455269607843135 0.03390522875816993 0.1210171568627451
0 0.42034313725490197 0.2647058823529412 0.041666666666666664 0.12193627450980392
0 0.9264705882352942 0.6148897058823529 0.02042483660130719 0.07169117647058823
0 0.9050245098039216 0.6205575980392157 0.02246732026143791 0.07322303921568628
0 0.8805147058823529 0.6202512254901961 0.024918300653594773 0.07383578431372549
0 0.8572303921568627 0.632046568627451 0.020016339869281044 0.07475490196078431
0 0.3819444444444444 0.26087622549019607 0.026143790849673203 0.11917892156862746
0 0.3451797385620915 0.25827205882352944 0.03839869281045752 0.1256127450980392
0 0.2922794117647059 0.24494485294117646 0.05024509803921569 0.12653186274509803
0 0.23529411764705882 0.23835784313725492 0.05473856209150327 0.15073529411764705
0 0.17463235294117646 0.2184436274509804 0.05841503267973856 0.1556372549019608
0 0.9313725490196079 0.7199754901960784 0.011437908496732025 0.07107843137254902
0 0.9597630718954249 0.7120098039215687 0.04616013071895425 0.061887254901960786
0 0.45322712418300654 0.9701286764705882 0.07230392156862746 0.060355392156862746
0 0.3845996732026144 0.9522058823529411 0.0559640522875817 0.09620098039215687
0 0.7967728758169934 0.31786151960784315 0.0363562091503268 0.0940563725490196
0 0.7544934640522876 0.31495098039215685 0.03839869281045752 0.07536764705882353
0 0.7128267973856209 0.3118872549019608 0.03758169934640523 0.0821078431372549
0 0.8688725490196079 0.33379289215686275 0.02042483660130719 0.07077205882352941
0 0.8903186274509803 0.3359375 0.01919934640522876 0.07261029411764706
0 0.9191176470588235 0.33762254901960786 0.041666666666666664 0.0778186274509804
0 0.9509803921568627 0.3411458333333333 0.018790849673202614 0.08486519607843138
0 0.4213643790849673 0.05330882352941176 0.0494281045751634 0.0900735294117647
0 0.9897875816993464 0.34620098039215685 0.02287581699346405 0.07720588235294118
0 0.3872549019607843 0.6372549019607843 0.05473856209150327 0.0704656862745098
0 0.3276143790849673 0.6395526960784313 0.03839869281045752 0.08792892156862746
0 0.27532679738562094 0.6516544117647058 0.06781045751633986 0.09497549019607843
0 0.09109477124183006 0.2103247549019608 0.08986928104575163 0.17861519607843138
0 0.20098039215686275 0.6678921568627451 0.049836601307189546 0.10294117647058823
0 0.05310457516339869 0.6992953431372549 0.10457516339869281 0.08363970588235294
0 0.9779411764705882 0.43903186274509803 0.04411764705882353 0.05575980392156863
0 0.9426062091503268 0.43474264705882354 0.01511437908496732 0.07536764705882353
0 0.9227941176470589 0.43213848039215685 0.016339869281045753 0.0897671568627451
0 0.9064542483660131 0.42754289215686275 0.016339869281045753 0.08731617647058823
0 0.8841911764705882 0.4309129901960784 0.02246732026143791 0.0897671568627451
0 0.8656045751633987 0.43244485294117646 0.01715686274509804 0.09221813725490197
0 0.8435457516339869 0.4330575980392157 0.027777777777777776 0.08915441176470588
0 0.7990196078431373 0.4306066176470588 0.05065359477124183 0.10018382352941177
0 0.7591911764705882 0.43474264705882354 0.024918300653594773 0.09252450980392157
0 0.05024509803921569 0.4486825980392157 0.06862745098039216 0.16268382352941177
0 0.6787173202614379 0.30545343137254904 0.025735294117647058 0.08884803921568628
0 0.1423611111111111 0.6799938725490197 0.06740196078431372 0.0940563725490196
0 0.8288398692810458 0.31755514705882354 0.02042483660130719 0.0940563725490196
0 0.9771241830065359 0.23682598039215685 0.026143790849673203 0.0704656862745098
0 0.8355800653594772 0.6377144607843137 0.024101307189542485 0.08670343137254902
0 0.07741013071895425 0.8673406862745098 0.068218954248366 0.18137254901960784
0 0.9836601307189542 0.5225183823529411 0.03594771241830065 0.0664828431372549
0 0.957312091503268 0.5246629901960784 0.01511437908496732 0.06832107843137254
0 0.9379084967320261 0.5222120098039216 0.024509803921568627 0.078125
0 0.914828431372549 0.5283394607843137 0.020016339869281044 0.08486519607843138
0 0.8962418300653595 0.5301776960784313 0.017973856209150325 0.08670343137254902
0 0.9381127450980392 0.23820465686274508 0.01838235294117647 0.05606617647058824
0 0.9150326797385621 0.2342218137254902 0.02369281045751634 0.06096813725490196
0 0.8872549019607843 0.20894607843137256 0.025326797385620915 0.06678921568627451
0 0.8678513071895425 0.1956188725490196 0.01511437908496732 0.08670343137254902
0 0.8484477124183006 0.19025735294117646 0.017973856209150325 0.09436274509803921
0 0.8218954248366013 0.19132965686274508 0.029411764705882353 0.09037990196078431
0 0.14869281045751634 0.8411458333333334 0.07352941176470588 0.1332720588235294
0 0.7949346405228758 0.16283700980392157 0.026143790849673203 0.09895833333333333
0 0.6858660130718954 0.1133578431372549 0.03839869281045752 0.13786764705882354
0 0.6482843137254902 0.10003063725490197 0.03676470588235294 0.12346813725490197
0 0.6131535947712419 0.10431985294117647 0.03349673202614379 0.11488970588235294
0 0.8764297385620915 0.5280330882352942 0.01919934640522876 0.0860906862745098
0 0.8519199346405228 0.5369178921568627 0.028186274509803922 0.0860906862745098
0 0.8174019607843137 0.5415134803921569 0.029411764705882353 0.09221813725490197
0 0.7790032679738562 0.5481004901960784 0.03594771241830065 0.0821078431372549
0 0.7346813725490197 0.5577512254901961 0.04861111111111111 0.08302696078431372
0 0.6791258169934641 0.5716911764705882 0.06004901960784314 0.08946078431372549
0 0.6004901960784313 0.5742953431372549 0.0915032679738562 0.0934436274509804
0 0.5189950980392157 0.5897671568627451 0.07230392156862746 0.12745098039215685
0 0.4485294117647059 0.6230085784313726 0.06290849673202614 0.07077205882352941
0 0.7622549019607843 0.15088848039215685 0.03431372549019608 0.12162990196078431
0 0.9534313725490197 0.23713235294117646 0.013888888888888888 0.061887254901960786
0 0.22732843137254902 0.821078431372549 0.07066993464052287 0.1636029411764706
0 0.34334150326797386 0.8074448529411765 0.03799019607843137 0.09712009803921569
0 0.8073937908496732 0.6429227941176471 0.03227124183006536 0.08425245098039216
0 0.7587826797385621 0.6548713235294118 0.04370915032679738 0.06770833333333333
0 0.7156862745098039 0.6731004901960784 0.04330065359477124 0.0900735294117647
0 0.6560457516339869 0.6879595588235294 0.06862745098039216 0.07628676470588236
0 0.579248366013072 0.7305453431372549 0.06209150326797386 0.10018382352941177
0 0.7324346405228758 0.43642769607843135 0.02369281045751634 0.09528186274509803
0 0.7048611111111112 0.4378063725490196 0.028186274509803922 0.10110294117647059
0 0.6660539215686274 0.47671568627450983 0.0428921568627451 0.01838235294117647
0 0.6654411764705882 0.45143995098039214 0.042483660130718956 0.02297794117647059
0 0.6139705882352942 0.4649203431372549 0.04820261437908497 0.0548406862745098
0 0.5706699346405228 0.4459252450980392 0.031862745098039214 0.09160539215686274
0 0.5304330065359477 0.7552083333333334 0.024918300653594773 0.061887254901960786
0 0.28982843137254904 0.8005514705882353 0.051879084967320264 0.12377450980392157
0 0.5073529411764706 0.7573529411764706 0.02042483660130719 0.07536764705882353
0 0.4522058823529412 0.7789522058823529 0.03022875816993464 0.06770833333333333
0 0.1337826797385621 0.43596813725490197 0.0755718954248366 0.15992647058823528
0 0.1983251633986928 0.44745710784313725 0.054330065359477125 0.13633578431372548
0 0.25674019607843135 0.44745710784313725 0.05024509803921569 0.14675245098039216
0 0.3394607843137255 0.4806985294117647 0.05555555555555555 0.05759803921568627
0 0.38848039215686275 0.46262254901960786 0.035130718954248366 0.08088235294117647
0 0.43075980392156865 0.45327818627450983 0.03308823529411765 0.09834558823529412
0 0.4736519607843137 0.45327818627450983 0.04534313725490196 0.09589460784313726
0 0.5081699346405228 0.45419730392156865 0.015522875816993464 0.08670343137254902
0 0.42054738562091504 0.7840073529411765 0.025735294117647058 0.07965686274509803
0 0.38500816993464054 0.7951899509803921 0.03799019607843137 0.07261029411764706
0 0.5377859477124183 0.4499080882352941 0.026552287581699346 0.08915441176470588
0 0.4812091503267974 0.7671568627450981 0.025326797385620915 0.06924019607843138
0 0.8474264705882353 0.31893382352941174 0.015931372549019607 0.10049019607843138
