0 0.9036458333333334 0.705859375 0.034375 0.03828125
0 0.9786458333333333 0.6130859375 0.042708333333333334 0.041796875
0 0.9747395833333333 0.7060546875 0.04114583333333333 0.042578125
0 0.8677083333333333 0.70859375 0.034375 0.03828125
0 0.14947916666666666 0.5154296875 0.0625 0.063671875
0 0.21119791666666668 0.5123046875 0.05260416666666667 0.062890625
0 0.27317708333333335 0.5154296875 0.06614583333333333 0.061328125
0 0.3341145833333333 0.5115234375 0.05260416666666667 0.069140625
0 0.39166666666666666 0.5130859375 0.059375 0.066796875
0 0.4544270833333333 0.5123046875 0.05572916666666667 0.065234375
0 0.51484375 0.516015625 0.05677083333333333 0.06484375
0 0.57421875 0.5126953125 0.0515625 0.059765625
0 0.63125 0.513671875 0.05520833333333333 0.05546875
0 0.69140625 0.51171875 0.06197916666666667 0.059375
0 0.7544270833333333 0.5109375 0.05260416666666667 0.06484375
0 0.8119791666666667 0.5099609375 0.05416666666666667 0.062890625
0 0.8619791666666666 0.50859375 0.042708333333333334 0.0578125
0 0.9377604166666667 0.7083984375 0.033854166666666664 0.035546875
0 0.934375 0.512890625 0.06770833333333333 0.07109375
0 0.13932291666666666 0.6140625 0.0671875 0.040625
0 0.20520833333333333 0.6134765625 0.059375 0.041015625
0 0.26796875 0.6123046875 0.05572916666666667 0.039453125
0 0.3294270833333333 0.610546875 0.06510416666666667 0.046875
0 0.39609375 0.611328125 0.058854166666666666 0.04765625
0 0.4596354166666667 0.61015625 0.059895833333333336 0.0453125
0 0.5309895833333333 0.612109375 0.0671875 0.04921875
0 0.6010416666666667 0.58359375 0.06145833333333333 0.034375
0 0.5958333333333333 0.617578125 0.0625 0.03125
0 0.6645833333333333 0.6142578125 0.059375 0.041015625
0 0.7294270833333333 0.6134765625 0.058854166666666666 0.041796875
0 0.7942708333333334 0.6166015625 0.05625 0.048046875
0 0.65703125 0.5779296875 0.04739583333333333 0.023046875
0 0.91875 0.61328125 0.06770833333333333 0.0390625
0 0.9854166666666667 0.5193359375 0.028125 0.050390625
0 0.8296875 0.706640625 0.034375 0.03828125
0 0.11015625 0.0994140625 0.05260416666666667 0.068359375
0 0.7567708333333333 0.708984375 0.034375 0.03828125
0 0.203125 0.7962890625 0.030208333333333334 0.073828125
0 0.1296875 0.40859375 0.05416666666666667 0.0734375
0 0.23489583333333333 0.796875 0.027083333333333334 0.06953125
0 0.27005208333333336 0.7962890625 0.03802083333333333 0.071484375
0 0.3138020833333333 0.7921875 0.033854166666666664 0.0765625
0 0.3533854166666667 0.7958984375 0.033854166666666664 0.077734375
0 0.38776041666666666 0.797265625 0.0296875 0.0734375
0 0.42265625 0.7947265625 0.0328125 0.076171875
0 0.4609375 0.79453125 0.0375 0.07265625
0 0.5778645833333333 0.8021484375 0.09739583333333333 0.063671875
0 0.7153645833333333 0.7783203125 0.13802083333333334 0.042578125
0 0.7182291666666667 0.82109375 0.134375 0.03828125
0 0.8380208333333333 0.799609375 0.07708333333333334 0.04921875
0 0.9125 0.7986328125 0.03958333333333333 0.066796875
0 0.9541666666666667 0.7984375 0.034375 0.06171875
0 0.16927083333333334 0.791796875 0.03229166666666667 0.084375
0 0.79375 0.7087890625 0.034375 0.038671875
0 0.13307291666666668 0.7939453125 0.0328125 0.083203125
0 0.16692708333333334 0.7130859375 0.03697916666666667 0.037890625
0 0.7213541666666666 0.71171875 0.034375 0.03828125
0 0.6807291666666667 0.710546875 0.034375 0.03828125
0 0.6432291666666666 0.71015625 0.034375 0.03828125
0 0.6088541666666667 0.7130859375 0.034375 0.038671875
0 0.5723958333333333 0.7095703125 0.034375 0.038671875
0 0.5348958333333333 0.7126953125 0.034375 0.038671875
0 0.4979166666666667 0.711328125 0.034375 0.03828125
0 0.4640625 0.7103515625 0.034375 0.038671875
0 0.42916666666666664 0.70625 0.034375 0.03828125
0 0.390625 0.70859375 0.034375 0.03828125
0 0.3541666666666667 0.7111328125 0.035416666666666666 0.036328125
0 0.31614583333333335 0.7138671875 0.035416666666666666 0.037109375
0 0.28072916666666664 0.7119140625 0.035416666666666666 0.035546875
0 0.24401041666666667 0.7140625 0.0359375 0.03984375
0 0.20625 0.710546875 0.030208333333333334 0.0359375
0 0.12604166666666666 0.7095703125 0.034375 0.035546875
0 0.19817708333333334 0.4080078125 0.058854166666666666 0.069921875
0 0.7653645833333333 0.2263671875 0.0515625 0.040234375
0 0.31927083333333334 0.4109375 0.05625 0.06875
0 0.49635416666666665 0.2251953125 0.057291666666666664 0.042578125
0 0.5502604166666667 0.222265625 0.0453125 0.04609375
0 0.6026041666666667 0.2234375 0.05520833333333333 0.04140625
0 0.6565104166666667 0.223828125 0.05260416666666667 0.0421875
0 0.7125 0.2251953125 0.04791666666666667 0.040234375
0 0.82109375 0.224609375 0.05260416666666667 0.0390625
0 0.88203125 0.2197265625 0.06822916666666666 0.046484375
0 0.9463541666666667 0.1095703125 0.06354166666666666 0.048828125
0 0.87890625 0.1087890625 0.0671875 0.052734375
0 0.81953125 0.1009765625 0.04635416666666667 0.066796875
0 0.16510416666666666 0.1001953125 0.053125 0.068359375
0 0.21796875 0.1009765625 0.05260416666666667 0.068359375
0 0.2721354166666667 0.1001953125 0.05260416666666667 0.068359375
0 0.33125 0.1029296875 0.053125 0.068359375
0 0.3841145833333333 0.1021484375 0.05260416666666667 0.068359375
0 0.43697916666666664 0.101953125 0.053125 0.06875
0 0.490625 0.1029296875 0.053125 0.068359375
0 0.5484375 0.1025390625 0.051041666666666666 0.069921875
0 0.603125 0.1015625 0.05625 0.071875
0 0.65859375 0.1009765625 0.050520833333333334 0.069140625
0 0.7125 0.1015625 0.051041666666666666 0.0703125
0 0.76875 0.09921875 0.05520833333333333 0.06953125
0 0.2557291666666667 0.410546875 0.05 0.0671875
0 0.44192708333333336 0.2240234375 0.0484375 0.042578125
0 0.38958333333333334 0.2244140625 0.052083333333333336 0.041015625
0 0.9567708333333333 0.2228515625 0.075 0.042578125
0 0.28125 0.22421875 0.04791666666666667 0.04296875
0 0.44088541666666664 0.41015625 0.059895833333333336 0.0703125
0 0.50234375 0.4099609375 0.05364583333333333 0.066015625
0 0.7364583333333333 0.41015625 0.06041666666666667 0.06875
0 0.7989583333333333 0.4095703125 0.057291666666666664 0.071484375
0 0.865625 0.40859375 0.053125 0.06875
0 0.9276041666666667 0.4080078125 0.059375 0.069921875
0 0.9791666666666666 0.4068359375 0.040625 0.076953125
0 0.3359375 0.2232421875 0.05520833333333333 0.044140625
0 0.3815104166666667 0.411328125 0.049479166666666664 0.06875
0 0.9161458333333333 0.319921875 0.07604166666666666 0.03828125
0 0.77734375 0.3177734375 0.05364583333333333 0.045703125
0 0.71796875 0.3169921875 0.058854166666666666 0.051171875
0 0.8411458333333334 0.3189453125 0.06770833333333333 0.039453125
0 0.5919270833333333 0.3173828125 0.06822916666666666 0.052734375
0 0.5239583333333333 0.3193359375 0.0625 0.048828125
0 0.46328125 0.31640625 0.0546875 0.04765625
0 0.22838541666666667 0.2232421875 0.05260416666666667 0.043359375
0 0.17369791666666667 0.223046875 0.05364583333333333 0.0453125
0 0.11927083333333334 0.2197265625 0.04895833333333333 0.046484375
0 0.13671875 0.315234375 0.06822916666666666 0.0546875
0 0.40260416666666665 0.318359375 0.059375 0.046875
0 0.65625 0.3169921875 0.058333333333333334 0.051171875
0 0.33828125 0.3171875 0.0609375 0.05078125
0 0.27291666666666664 0.317578125 0.065625 0.04765625
0 0.20572916666666666 0.316015625 0.06354166666666666 0.053125
