0 0.5615384615384615 0.6057692307692307 0.01987179487179487 0.041346153846153845
0 0.5852564102564103 0.6075721153846154 0.019230769230769232 0.04495192307692308
0 0.24903846153846154 0.3186298076923077 0.029487179487179487 0.07091346153846154
0 0.6495192307692308 0.6046875 0.020192307692307693 0.04879807692307692
0 0.6721153846153847 0.6057692307692307 0.01730769230769231 0.04855769230769231
0 0.7040064102564103 0.6092548076923077 0.010576923076923078 0.04591346153846154
0 0.7229166666666667 0.6081730769230769 0.01955128205128205 0.046153846153846156
0 0.7445512820512821 0.6022836538461539 0.01858974358974359 0.065625
0 0.7677884615384616 0.6039663461538461 0.020192307692307693 0.059375
0 0.7931089743589743 0.6050480769230769 0.022756410256410255 0.05961538461538462
0 0.8149038461538461 0.6026442307692308 0.017628205128205128 0.06923076923076923
0 0.8341346153846154 0.6060096153846154 0.017628205128205128 0.06923076923076923
0 0.8546474358974359 0.6084134615384615 0.017628205128205128 0.06923076923076923
0 0.021955128205128203 0.4876201923076923 0.0342948717948718 0.061778846153846156
0 0.07243589743589744 0.5182692307692308 0.058333333333333334 0.0125
0 0.13862179487179488 0.5217548076923076 0.05673076923076923 0.012259615384615384
0 0.06314102564102564 0.48365384615384616 0.032692307692307694 0.051923076923076926
0 0.09967948717948719 0.4852163461538462 0.03461538461538462 0.051682692307692304
0 0.1358974358974359 0.48834134615384617 0.032692307692307694 0.05216346153846154
0 0.16939102564102565 0.4889423076923077 0.029166666666666667 0.05096153846153846
0 0.20256410256410257 0.49591346153846155 0.027564102564102563 0.07115384615384615
0 0.29102564102564105 0.49651442307692306 0.057692307692307696 0.07956730769230769
0 0.3504807692307692 0.49627403846153845 0.05608974358974359 0.08004807692307692
0 0.4184294871794872 0.4997596153846154 0.07660256410256411 0.08269230769230769
0 0.622275641025641 0.6046875 0.023397435897435898 0.04879807692307692
0 0.4740384615384615 0.5121394230769231 0.026923076923076925 0.06274038461538461
0 0.6030448717948718 0.6027644230769231 0.013141025641025641 0.04735576923076923
0 0.6899038461538461 0.6129807692307693 0.015064102564102564 0.038461538461538464
0 0.9387820512820513 0.5423076923076923 0.019230769230769232 0.04903846153846154
0 0.9637820512820513 0.5387019230769231 0.025 0.05576923076923077
0 0.9064102564102564 0.45853365384615385 0.016025641025641024 0.05360576923076923
0 0.9314102564102564 0.4332932692307692 0.03076923076923077 0.02956730769230769
0 0.9491987179487179 0.46935096153846156 0.040705128205128206 0.03245192307692308
0 0.9831730769230769 0.43798076923076923 0.03493589743589744 0.026923076923076925
0 0.9613782051282052 0.37427884615384616 0.033012820512820513 0.06490384615384616
0 0.9278846153846154 0.3736778846153846 0.02435897435897436 0.06850961538461539
0 0.8394230769230769 0.35721153846153847 0.14102564102564102 0.09567307692307692
0 0.6998397435897435 0.3502403846153846 0.11762820512820513 0.09134615384615384
0 0.5751602564102564 0.34326923076923077 0.11762820512820513 0.09182692307692308
0 0.4477564102564103 0.3330528846153846 0.12628205128205128 0.08822115384615385
0 0.3483974358974359 0.2748798076923077 0.028846153846153848 0.02235576923076923
0 0.3384615384615385 0.33521634615384616 0.07884615384615384 0.062259615384615385
0 0.28221153846153846 0.32043269230769234 0.02980769230769231 0.07067307692307692
0 0.24711538461538463 0.2628605769230769 0.09423076923076923 0.024759615384615383
0 0.2173076923076923 0.3150240384615385 0.03205128205128205 0.07620192307692308
0 0.13221153846153846 0.334375 0.0375 0.03076923076923077
0 0.1309294871794872 0.29723557692307695 0.02532051282051282 0.03822115384615385
0 0.09358974358974359 0.31514423076923076 0.03141025641025641 0.07307692307692308
0 0.060737179487179487 0.31237980769230766 0.03108974358974359 0.06947115384615385
0 0.5419871794871794 0.5984375 0.016025641025641024 0.048317307692307694
0 0.9121794871794872 0.5367788461538462 0.03076923076923077 0.05673076923076923
0 0.5203525641025641 0.5090144230769231 0.05608974358974359 0.07091346153846154
0 0.591025641025641 0.5146634615384615 0.02435897435897436 0.06971153846153846
0 0.3 0.43509615384615385 0.04038461538461539 0.03076923076923077
0 0.35112179487179485 0.4128605769230769 0.05096153846153846 0.078125
0 0.3924679487179487 0.41790865384615383 0.03108974358974359 0.07427884615384615
0 0.4253205128205128 0.41778846153846155 0.027564102564102563 0.07548076923076923
0 0.46939102564102564 0.4260817307692308 0.038141025641025644 0.06995192307692308
0 0.5032051282051282 0.43377403846153845 0.025 0.059375
0 0.5520833333333334 0.4594951923076923 0.06826923076923076 0.017548076923076923
0 0.5371794871794872 0.42752403846153847 0.02564102564102564 0.04447115384615385
0 0.5637820512820513 0.42752403846153847 0.021153846153846155 0.042067307692307696
0 0.5862179487179487 0.42980769230769234 0.014743589743589743 0.04423076923076923
0 0.6057692307692307 0.4403846153846154 0.01858974358974359 0.05336538461538461
0 0.6368589743589743 0.4402644230769231 0.03012820512820513 0.05793269230769231
0 0.6649038461538461 0.44266826923076924 0.022756410256410255 0.05793269230769231
0 0.6895833333333333 0.4438701923076923 0.022756410256410255 0.05793269230769231
0 0.7205128205128205 0.43677884615384616 0.03076923076923077 0.07019230769230769
0 0.7493589743589744 0.4512019230769231 0.021794871794871794 0.046153846153846156
0 0.7857371794871795 0.4423076923076923 0.03108974358974359 0.07211538461538461
0 0.8407051282051282 0.4329326923076923 0.03141025641025641 0.028846153846153848
0 0.8338141025641026 0.465625 0.03685897435897436 0.03413461538461538
0 0.8729166666666667 0.46814903846153844 0.03493589743589744 0.03245192307692308
0 0.8788461538461538 0.4329326923076923 0.03717948717948718 0.03365384615384615
0 0.2549679487179487 0.43064903846153846 0.04006410256410257 0.03389423076923077
0 0.5631410256410256 0.5123798076923077 0.023076923076923078 0.06802884615384615
0 0.3017628205128205 0.3973557692307692 0.040705128205128206 0.03461538461538462
0 0.2126602564102564 0.39110576923076923 0.047115384615384615 0.035096153846153846
0 0.6184294871794872 0.5165865384615385 0.028525641025641025 0.07163461538461538
0 0.6467948717948718 0.5171875 0.021153846153846155 0.065625
0 0.6713141025641025 0.5163461538461539 0.01891025641025641 0.06875
0 0.7088141025641026 0.5375 0.04262820512820513 0.03653846153846154
0 0.757051282051282 0.5431490384615385 0.03076923076923077 0.026201923076923078
0 0.7487179487179487 0.5022836538461538 0.0391025641025641 0.03341346153846154
0 0.8113782051282051 0.5334134615384616 0.016987179487179486 0.051923076923076926
0 0.8647435897435898 0.5513221153846154 0.03141025641025641 0.023317307692307693
0 0.7858974358974359 0.5056490384615384 0.027564102564102563 0.03293269230769231
0 0.7865384615384615 0.5412259615384616 0.02564102564102564 0.02956730769230769
0 0.8759615384615385 0.5121394230769231 0.03461538461538462 0.03389423076923077
0 0.8371794871794872 0.5106971153846154 0.027564102564102563 0.02860576923076923
0 0.8342948717948718 0.54375 0.021794871794871794 0.03461538461538462
0 0.9876602564102565 0.5337740384615385 0.01826923076923077 0.06995192307692308
0 0.010576923076923078 0.4073317307692308 0.021153846153846155 0.05456730769230769
0 0.03205128205128205 0.40865384615384615 0.016025641025641024 0.05480769230769231
0 0.06442307692307692 0.41466346153846156 0.04230769230769231 0.04278846153846154
0 0.11971153846153847 0.41814903846153845 0.04455128205128205 0.042548076923076925
0 0.16602564102564102 0.42091346153846154 0.041025641025641026 0.04326923076923077
0 0.12980769230769232 0.3847355769230769 0.04230769230769231 0.02139423076923077
0 0.20993589743589744 0.42764423076923075 0.04230769230769231 0.035096153846153846
0 0.25769230769230766 0.39447115384615383 0.0391025641025641 0.036057692307692304
0 0.9830128205128205 0.6278846153846154 0.03461538461538462 0.0375
0 0.9911858974358975 0.3953125 0.01891025641025641 0.030528846153846153
0 0.9291666666666667 0.6292067307692307 0.029487179487179487 0.028125
0 0.6772435897435898 0.678125 0.023717948717948717 0.06346153846153846
0 0.6483974358974359 0.6764423076923077 0.027564102564102563 0.057692307692307696
0 0.6168269230769231 0.6754807692307693 0.028525641025641025 0.05432692307692308
0 0.5858974358974359 0.6737980769230769 0.03012820512820513 0.05721153846153846
0 0.5459935897435897 0.6707932692307692 0.04326923076923077 0.06081730769230769
0 0.5017628205128205 0.6686298076923077 0.041346153846153845 0.06610576923076923
0 0.45544871794871794 0.6537259615384615 0.03782051282051282 0.031490384615384615
0 0.41618589743589746 0.6491586538461539 0.0375 0.02956730769230769
0 0.4048076923076923 0.6810096153846154 0.01987179487179487 0.029326923076923077
0 0.43493589743589745 0.6908653846153846 0.03205128205128205 0.02451923076923077
0 0.3753205128205128 0.6811298076923077 0.03461538461538462 0.029086538461538462
0 0.3766025641025641 0.6502403846153846 0.03717948717948718 0.029326923076923077
0 0.33653846153846156 0.6489182692307692 0.03653846153846154 0.029086538461538462
0 0.33397435897435895 0.6807692307692308 0.03782051282051282 0.028365384615384615
0 0.2881410256410256 0.6622596153846154 0.04551282051282051 0.06538461538461539
0 0.9610576923076923 0.5942307692307692 0.035576923076923075 0.02548076923076923
0 0.14022435897435898 0.6576923076923077 0.038141025641025644 0.06778846153846153
0 0.10016025641025642 0.6548076923076923 0.038141025641025644 0.06778846153846153
0 0.060897435897435896 0.6533653846153846 0.03397435897435897 0.0673076923076923
0 0.021314102564102565 0.6540865384615384 0.03942307692307692 0.06586538461538462
0 0.8342948717948718 0.762860576923077 0.03205128205128205 0.06850961538461539
0 0.7022435897435897 0.676923076923077 0.023717948717948717 0.06346153846153846
0 0.729326923076923 0.6808894230769231 0.025961538461538463 0.05504807692307692
0 0.7533653846153846 0.6820913461538461 0.021474358974358974 0.056971153846153845
0 0.778525641025641 0.6814903846153846 0.02435897435897436 0.05576923076923077
0 0.48189102564102565 0.5995192307692307 0.058653846153846154 0.05048076923076923
0 0.4248397435897436 0.5704326923076923 0.04775641025641025 0.03125
0 0.37243589743589745 0.5637019230769231 0.041666666666666664 0.028846153846153848
0 0.328525641025641 0.5616586538461539 0.03653846153846154 0.02716346153846154
0 0.42259615384615384 0.6028846153846154 0.05032051282051282 0.03173076923076923
0 0.37387820512820513 0.5901442307692307 0.041346153846153845 0.01971153846153846
0 0.327724358974359 0.5890625 0.041346153846153845 0.019951923076923075
0 0.29118589743589746 0.5706730769230769 0.025961538461538463 0.05721153846153846
0 0.26842948717948717 0.5778846153846153 0.0125 0.07403846153846154
0 0.2419871794871795 0.5256009615384616 0.03333333333333333 0.06081730769230769
0 0.8038461538461539 0.7643028846153846 0.021794871794871794 0.06322115384615384
0 0.19807692307692307 0.5679086538461539 0.028205128205128206 0.054086538461538464
0 0.12772435897435896 0.5665865384615385 0.035576923076923075 0.06009615384615385
0 0.09086538461538461 0.5657451923076923 0.035576923076923075 0.05985576923076923
0 0.052564102564102565 0.5646634615384616 0.03782051282051282 0.05721153846153846
0 0.3211538461538462 0.6096153846153847 0.08269230769230769 0.017788461538461538
0 0.18493589743589745 0.6051682692307693 0.0891025641025641 0.015625
0 0.0953525641025641 0.6055288461538462 0.07211538461538461 0.014423076923076924
0 0.014583333333333334 0.5706730769230769 0.029166666666666667 0.07163461538461538
0 0.8073717948717949 0.6611778846153846 0.022435897435897436 0.018028846153846152
0 0.8088141025641026 0.6804086538461539 0.028525641025641025 0.018028846153846152
0 0.8057692307692308 0.7020432692307692 0.02564102564102564 0.020432692307692308
0 0.16490384615384615 0.5663461538461538 0.035576923076923075 0.06009615384615385
0 0.7799679487179487 0.7646634615384615 0.01891025641025641 0.07403846153846154
0 0.183974358974359 0.6621394230769231 0.03141025641025641 0.06754807692307692
0 0.729326923076923 0.7616586538461538 0.02467948717948718 0.071875
0 0.721474358974359 0.8611778846153846 0.07243589743589744 0.07091346153846154
0 0.6479166666666667 0.862139423076923 0.06506410256410257 0.071875
0 0.5759615384615384 0.8631009615384615 0.07115384615384615 0.0733173076923077
0 0.4982371794871795 0.8620192307692308 0.07724358974358975 0.07067307692307692
0 0.41923076923076924 0.8594951923076923 0.07435897435897436 0.06899038461538462
0 0.75625 0.7614182692307693 0.02467948717948718 0.071875
0 0.14615384615384616 0.8586538461538461 0.15384615384615385 0.08076923076923077
0 0.03125 0.8530048076923077 0.0625 0.0829326923076923
0 0.8056089743589744 0.8664663461538461 0.07147435897435897 0.06802884615384615
0 0.8863782051282051 0.8576923076923076 0.03365384615384615 0.06298076923076923
0 0.9171474358974359 0.8611778846153846 0.022115384615384617 0.05024038461538462
0 0.9482371794871794 0.8371394230769231 0.02980769230769231 0.030528846153846153
0 0.9860576923076924 0.8579326923076923 0.021474358974358974 0.05625
0 0.885576923076923 0.7631009615384615 0.022435897435897436 0.05841346153846154
0 0.9128205128205128 0.7612980769230769 0.028846153846153848 0.025961538461538463
0 0.9439102564102564 0.7623798076923077 0.026923076923076925 0.04735576923076923
0 0.989423076923077 0.7639423076923076 0.021794871794871794 0.052884615384615384
0 0.9102564102564102 0.6844951923076923 0.020512820512820513 0.062259615384615385
0 0.9517628205128205 0.6889423076923077 0.02980769230769231 0.06153846153846154
0 0.895673076923077 0.6122596153846154 0.02980769230769231 0.06153846153846154
0 0.9267628205128206 0.5942307692307692 0.02467948717948718 0.02548076923076923
0 0.23525641025641025 0.8091346153846154 0.017948717948717947 0.04230769230769231
0 0.23669871794871794 0.7682692307692308 0.025961538461538463 0.03317307692307692
0 0.3344551282051282 0.8627403846153846 0.0810897435897436 0.06778846153846153
0 0.23798076923076922 0.6536057692307692 0.02532051282051282 0.0625
0 0.7024038461538461 0.7631009615384615 0.025961538461538463 0.07572115384615384
0 0.6756410256410257 0.7600961538461538 0.021153846153846155 0.0764423076923077
0 0.6512820512820513 0.7587740384615385 0.02435897435897436 0.07524038461538461
0 0.23189102564102565 0.7280048076923077 0.029166666666666667 0.03870192307692308
0 0.5865384615384616 0.7590144230769231 0.03397435897435897 0.07475961538461538
0 0.5556089743589744 0.7581730769230769 0.013782051282051282 0.07115384615384615
0 0.5362179487179487 0.7586538461538461 0.01987179487179487 0.06682692307692308
0 0.5147435897435897 0.7626201923076923 0.017948717948717947 0.065625
0 0.49038461538461536 0.7572115384615384 0.027564102564102563 0.07211538461538461
0 0.4517628205128205 0.75 0.021474358974358974 0.07115384615384615
0 0.42900641025641023 0.7480769230769231 0.021474358974358974 0.07115384615384615
0 0.6229166666666667 0.7599759615384616 0.0266025641025641 0.0733173076923077
0 0.3780448717948718 0.7489182692307692 0.021474358974358974 0.07091346153846154
0 0.402724358974359 0.7486778846153846 0.02467948717948718 0.07091346153846154
0 0.25833333333333336 0.8634615384615385 0.05961538461538462 0.057692307692307696
0 0.03766025641025641 0.7413461538461539 0.03365384615384615 0.07259615384615385
0 0.12163461538461538 0.7429086538461539 0.029166666666666667 0.06850961538461539
0 0.1892628205128205 0.7758413461538461 0.033012820512820513 0.024278846153846154
0 0.07868589743589743 0.7415865384615384 0.029166666666666667 0.07067307692307692
0 0.18445512820512822 0.7442307692307693 0.052243589743589745 0.035096153846153846
0 0.2761217948717949 0.7560096153846154 0.0342948717948718 0.058653846153846154
0 0.33253205128205127 0.7552884615384615 0.06378205128205128 0.05721153846153846
