0 0.24921875 0.5587890625 0.06302083333333333 0.109765625
0 0.8158854166666667 0.122265625 0.0328125 0.1125
0 0.7817708333333333 0.1193359375 0.035416666666666666 0.119921875
0 0.74140625 0.123828125 0.0328125 0.109375
0 0.70625 0.1251953125 0.034375 0.108203125
0 0.5458333333333333 0.12578125 0.027083333333333334 0.1078125
0 0.6401041666666667 0.1216796875 0.03854166666666667 0.115234375
0 0.6080729166666666 0.1275390625 0.024479166666666666 0.106640625
0 0.5778645833333333 0.1224609375 0.0359375 0.119140625
0 0.8674479166666667 0.115625 0.0484375 0.1171875
0 0.6723958333333333 0.1220703125 0.028125 0.115234375
0 0.90625 0.1236328125 0.029166666666666667 0.100390625
0 0.09557291666666666 0.2845703125 0.0359375 0.100390625
0 0.9830729166666666 0.1134765625 0.033854166666666664 0.126953125
0 0.0203125 0.2830078125 0.040625 0.099609375
0 0.06328125 0.288671875 0.0296875 0.0921875
0 0.5135416666666667 0.1271484375 0.034375 0.105078125
0 0.13151041666666666 0.280859375 0.0296875 0.1109375
0 0.16536458333333334 0.278125 0.03802083333333333 0.115625
0 0.22135416666666666 0.278125 0.06354166666666666 0.1125
0 0.2859375 0.2771484375 0.06145833333333333 0.112890625
0 0.3424479166666667 0.280078125 0.044270833333333336 0.10546875
0 0.3921875 0.278515625 0.046875 0.10625
0 0.9403645833333333 0.1228515625 0.0390625 0.105859375
0 0.47942708333333334 0.1224609375 0.03802083333333333 0.123828125
0 0.28541666666666665 0.1384765625 0.041666666666666664 0.090234375
0 0.39453125 0.120703125 0.0328125 0.1296875
0 0.8026041666666667 0.6927734375 0.036458333333333336 0.099609375
0 0.759375 0.693359375 0.046875 0.10234375
0 0.7140625 0.6916015625 0.04375 0.106640625
0 0.6690104166666667 0.69296875 0.043229166666666666 0.11015625
0 0.6203125 0.6912109375 0.05520833333333333 0.115234375
0 0.5713541666666667 0.6923828125 0.041666666666666664 0.118359375
0 0.5278645833333333 0.6931640625 0.04739583333333333 0.116796875
0 0.48020833333333335 0.6951171875 0.04583333333333333 0.117578125
0 0.43359375 0.696484375 0.0484375 0.1140625
0 0.3697916666666667 0.55703125 0.042708333333333334 0.1109375
0 0.4354166666666667 0.1123046875 0.04895833333333333 0.142578125
0 0.33489583333333334 0.6978515625 0.051041666666666666 0.116796875
0 0.23307291666666666 0.693359375 0.05260416666666667 0.1078125
0 0.18645833333333334 0.70234375 0.042708333333333334 0.1171875
0 0.053125 0.1240234375 0.053125 0.124609375
0 0.09921875 0.12421875 0.04010416666666667 0.12265625
0 0.17135416666666667 0.1177734375 0.040625 0.135546875
0 0.20963541666666666 0.1248046875 0.03697916666666667 0.121484375
0 0.24609375 0.1326171875 0.03177083333333333 0.101953125
0 0.4375 0.2802734375 0.04375 0.101953125
0 0.3216145833333333 0.1220703125 0.030729166666666665 0.117578125
0 0.3572916666666667 0.1310546875 0.03958333333333333 0.108203125
0 0.28515625 0.6984375 0.04739583333333333 0.115625
0 0.48072916666666665 0.2802734375 0.04375 0.101171875
0 0.7268229166666667 0.2931640625 0.028645833333333332 0.068359375
0 0.58984375 0.270703125 0.05364583333333333 0.1234375
0 0.8661458333333333 0.4103515625 0.05520833333333333 0.112890625
0 0.9213541666666667 0.40859375 0.05625 0.11015625
0 0.97265625 0.4158203125 0.044270833333333336 0.101171875
0 0.04088541666666667 0.5607421875 0.044270833333333336 0.118359375
0 0.090625 0.56171875 0.05416666666666667 0.11796875
0 0.14557291666666666 0.5591796875 0.0546875 0.115234375
0 0.19348958333333333 0.5603515625 0.04114583333333333 0.113671875
0 0.13880208333333333 0.6974609375 0.04739583333333333 0.108984375
0 0.08385416666666666 0.7056640625 0.052083333333333336 0.112890625
0 0.03515625 0.708203125 0.0453125 0.10703125
0 0.8197916666666667 0.42421875 0.03125 0.08828125
0 0.9505208333333334 0.5537109375 0.04375 0.094921875
0 0.8703125 0.5541015625 0.03854166666666667 0.098046875
0 0.8286458333333333 0.555859375 0.04583333333333333 0.09921875
0 0.7768229166666667 0.55 0.05677083333333333 0.11484375
0 0.7213541666666666 0.55078125 0.04895833333333333 0.109375
0 0.6729166666666667 0.5583984375 0.04791666666666667 0.094921875
0 0.6231770833333333 0.5591796875 0.0453125 0.094140625
0 0.53515625 0.554296875 0.05572916666666667 0.109375
0 0.49505208333333334 0.5720703125 0.025520833333333333 0.073046875
0 0.46145833333333336 0.5669921875 0.036458333333333336 0.088671875
0 0.4197916666666667 0.5578125 0.04583333333333333 0.1078125
0 0.909375 0.5546875 0.03854166666666667 0.096875
0 0.5333333333333333 0.2712890625 0.058333333333333334 0.119921875
0 0.7802083333333333 0.418359375 0.041666666666666664 0.09921875
0 0.6973958333333333 0.419140625 0.035416666666666666 0.10234375
0 0.6372395833333333 0.278515625 0.0421875 0.1078125
0 0.6864583333333333 0.28046875 0.053125 0.1078125
0 0.8408854166666667 0.69453125 0.0390625 0.0953125
0 0.7635416666666667 0.2759765625 0.04583333333333333 0.103515625
0 0.8072916666666666 0.2751953125 0.03958333333333333 0.099609375
0 0.85 0.273828125 0.04479166666666667 0.103125
0 0.89609375 0.275 0.04635416666666667 0.10625
0 0.946875 0.2619140625 0.05520833333333333 0.122265625
0 0.022395833333333334 0.42265625 0.04479166666666667 0.12109375
0 0.0734375 0.422265625 0.05625 0.12109375
0 0.7385416666666667 0.41796875 0.042708333333333334 0.10078125
0 0.12057291666666667 0.4251953125 0.0390625 0.116015625
0 0.2015625 0.44375 0.023958333333333335 0.07421875
0 0.24739583333333334 0.4220703125 0.065625 0.115234375
0 0.31328125 0.421484375 0.06614583333333333 0.1125
0 0.37421875 0.4220703125 0.0390625 0.106640625
0 0.41770833333333335 0.4251953125 0.04479166666666667 0.099609375
0 0.46328125 0.4291015625 0.043229166666666666 0.090234375
0 0.5002604166666667 0.4365234375 0.0296875 0.074609375
0 0.5466145833333333 0.41640625 0.05364583333333333 0.11015625
0 0.6041666666666666 0.4150390625 0.06041666666666667 0.111328125
0 0.65625 0.42265625 0.042708333333333334 0.09765625
0 0.1640625 0.4236328125 0.04791666666666667 0.114453125
0 0.88046875 0.6939453125 0.03697916666666667 0.092578125
0 0.3848958333333333 0.6978515625 0.04791666666666667 0.116796875
0 0.95859375 0.694140625 0.04114583333333333 0.09296875
0 0.9203125 0.69453125 0.03854166666666667 0.09296875
0 0.9515625 0.8310546875 0.03958333333333333 0.090234375
0 0.9104166666666667 0.831640625 0.04375 0.090625
0 0.8677083333333333 0.83359375 0.042708333333333334 0.09453125
0 0.8252604166666667 0.833984375 0.0453125 0.0953125
0 0.7794270833333333 0.833984375 0.04635416666666667 0.09375
0 0.7361979166666667 0.8341796875 0.03802083333333333 0.093359375
0 0.6963541666666667 0.83828125 0.03958333333333333 0.0921875
0 0.6486979166666667 0.83203125 0.049479166666666664 0.1
0 0.59375 0.834375 0.058333333333333334 0.0984375
0 0.5453125 0.8421875 0.041666666666666664 0.09375
0 0.5049479166666667 0.8427734375 0.0390625 0.091796875
0 0.31640625 0.55703125 0.06614583333333333 0.11328125
0 0.34479166666666666 0.838671875 0.05520833333333333 0.11015625
0 0.24947916666666667 0.8421875 0.041666666666666664 0.109375
0 0.20416666666666666 0.844140625 0.046875 0.1109375
0 0.15885416666666666 0.85 0.040625 0.09921875
0 0.11067708333333333 0.850390625 0.05364583333333333 0.10703125
0 0.4546875 0.8384765625 0.051041666666666666 0.108203125
0 0.06276041666666667 0.8521484375 0.04114583333333333 0.108984375
0 0.40130208333333334 0.837109375 0.05572916666666667 0.10859375
0 0.020833333333333332 0.85390625 0.041666666666666664 0.1046875
0 0.29401041666666666 0.87421875 0.04635416666666667 0.04375
