0 0.3533496732026144 0.7693014705882353 0.06372549019607843 0.04044117647058824
0 0.7336601307189542 0.5883884803921569 0.022058823529411766 0.03400735294117647
0 0.8241421568627451 0.5159313725490197 0.020833333333333332 0.034926470588235295
0 0.7967728758169934 0.5240502450980392 0.028186274509803922 0.0272671568627451
0 0.7647058823529411 0.5372242647058824 0.028594771241830064 0.029105392156862746
0 0.7340686274509803 0.5477941176470589 0.02287581699346405 0.03615196078431373
0 0.7048611111111112 0.5626531862745098 0.025735294117647058 0.029105392156862746
0 0.8274101307189542 0.47901348039215685 0.024101307189542485 0.03462009803921569
0 0.7975898692810458 0.48912377450980393 0.026552287581699346 0.04258578431372549
0 0.7691993464052288 0.4990808823529412 0.024509803921568627 0.03615196078431373
0 0.514297385620915 0.7025122549019608 0.03758169934640523 0.04105392156862745
0 0.6768790849673203 0.5793504901960784 0.025326797385620915 0.03799019607843137
0 0.7663398692810458 0.5724571078431373 0.022058823529411766 0.04136029411764706
0 0.5087826797385621 0.7421875 0.04616013071895425 0.03278186274509804
0 0.5149101307189542 0.788296568627451 0.04534313725490196 0.04656862745098039
0 0.5627042483660131 0.6809129901960784 0.030637254901960783 0.046262254901960786
0 0.5584150326797386 0.7262561274509803 0.028594771241830064 0.02971813725490196
0 0.5629084967320261 0.764859068627451 0.03104575163398693 0.03400735294117647
0 0.5970179738562091 0.7420343137254902 0.024918300653594773 0.04595588235294118
0 0.5943627450980392 0.6954656862745098 0.02287581699346405 0.031862745098039214
0 0.6468545751633987 0.5952818627450981 0.0298202614379085 0.03615196078431373
0 0.7941176470588235 0.5614276960784313 0.0196078431372549 0.029105392156862746
0 0.8214869281045751 0.5520833333333334 0.028594771241830064 0.03370098039215686
0 0.7373366013071896 0.6268382352941176 0.029411764705882353 0.030637254901960783
0 0.2951388888888889 0.9048713235294118 0.0494281045751634 0.060355392156862746
0 0.2867647058823529 0.8543198529411765 0.06699346405228758 0.04013480392156863
0 0.3627450980392157 0.8806678921568627 0.06290849673202614 0.04381127450980392
0 0.42258986928104575 0.8449754901960784 0.0559640522875817 0.03860294117647059
0 0.4150326797385621 0.7994791666666666 0.05065359477124183 0.03278186274509804
0 0.411968954248366 0.7395833333333334 0.04534313725490196 0.05514705882352941
0 0.45955882352941174 0.7218137254901961 0.049019607843137254 0.03799019607843137
0 0.45955882352941174 0.7714460784313726 0.0392156862745098 0.034926470588235295
0 0.45669934640522875 0.6619178921568627 0.058823529411764705 0.04258578431372549
0 0.5116421568627451 0.6481311274509803 0.03880718954248366 0.05361519607843137
0 0.5061274509803921 0.5949754901960784 0.04330065359477124 0.04044117647058824
0 0.35110294117647056 0.8246017156862745 0.05106209150326797 0.0585171568627451
0 0.5093954248366013 0.5355392156862745 0.04084967320261438 0.04534313725490196
0 0.5923202614379085 0.5655637254901961 0.03839869281045752 0.04779411764705882
0 0.6431781045751634 0.5511642156862745 0.03227124183006536 0.04044117647058824
0 0.5645424836601307 0.6280637254901961 0.04084967320261438 0.0428921568627451
0 0.6027369281045751 0.6130514705882353 0.026552287581699346 0.04779411764705882
0 0.8188316993464052 0.6260723039215687 0.023284313725490197 0.02665441176470588
0 0.7902369281045751 0.6338848039215687 0.01511437908496732 0.03553921568627451
0 0.7640931372549019 0.647671568627451 0.024101307189542485 0.03615196078431373
0 0.8216911764705882 0.5909926470588235 0.02900326797385621 0.03431372549019608
0 0.7920751633986928 0.5958946078431373 0.025326797385620915 0.03860294117647059
0 0.7640931372549019 0.6119791666666666 0.024101307189542485 0.027879901960784315
0 0.7367238562091504 0.6620710784313726 0.024101307189542485 0.03799019607843137
0 0.5569852941176471 0.578890931372549 0.03553921568627451 0.04197303921568627
0 0.46772875816993464 0.8158700980392157 0.03349673202614379 0.04350490196078431
0 0.29391339869281047 0.43121936274509803 0.21119281045751634 0.05606617647058824
0 0.7062908496732027 0.5235906862745098 0.028594771241830064 0.03615196078431373
0 0.2013888888888889 0.7881433823529411 0.07434640522875817 0.04381127450980392
0 0.21241830065359477 0.8403799019607843 0.07434640522875817 0.04718137254901961
0 0.21915849673202614 0.8967524509803921 0.06495098039215687 0.04656862745098039
0 0.2289624183006536 0.9554227941176471 0.068218954248366 0.05238970588235294
0 0.2818627450980392 0.8036151960784313 0.07352941176470588 0.04350490196078431
0 0.8029003267973857 0.3837316176470588 0.030637254901960783 0.036458333333333336
0 0.8302696078431373 0.33670343137254904 0.020016339869281044 0.04044117647058824
0 0.8049428104575164 0.34237132352941174 0.028186274509803922 0.03462009803921569
0 0.8331290849673203 0.2928921568627451 0.01919934640522876 0.042279411764705885
0 0.7620506535947712 0.39797794117647056 0.039624183006535946 0.03125
0 0.7167075163398693 0.40732230392156865 0.039624183006535946 0.04503676470588235
0 0.3053513071895425 0.4909620098039216 0.20465686274509803 0.0585171568627451
0 0.6683006535947712 0.4175857843137255 0.04411764705882353 0.03860294117647059
0 0.7103758169934641 0.3561580882352941 0.13480392156862744 0.03278186274509804
0 0.721609477124183 0.30621936274509803 0.15727124183006536 0.0352328431372549
0 0.6115196078431373 0.42892156862745096 0.06045751633986928 0.05024509803921569
0 0.5529003267973857 0.45036764705882354 0.04044117647058824 0.0508578431372549
0 0.5022467320261438 0.4684436274509804 0.04616013071895425 0.05943627450980392
0 0.45159313725490197 0.4774816176470588 0.04861111111111111 0.04136029411764706
0 0.18586601307189543 0.7166053921568627 0.08251633986928104 0.061887254901960786
0 0.5504493464052288 0.3947610294117647 0.04861111111111111 0.04871323529411765
0 0.14848856209150327 0.9846813725490197 0.08946078431372549 0.032475490196078434
0 0.11662581699346405 0.8181678921568627 0.07720588235294118 0.06096813725490196
0 0.7352941176470589 0.5102634803921569 0.025326797385620915 0.03400735294117647
0 0.6742238562091504 0.5372242647058824 0.026552287581699346 0.03400735294117647
0 0.9070669934640523 0.5670955882352942 0.1352124183006536 0.07720588235294118
0 0.8302696078431373 0.37806372549019607 0.020016339869281044 0.0428921568627451
0 0.6715686274509803 0.48621323529411764 0.03104575163398693 0.04411764705882353
0 0.701797385620915 0.6796875 0.022058823529411766 0.0389093137254902
0 0.7015931372549019 0.6420036764705882 0.025735294117647058 0.036458333333333336
0 0.6631944444444444 0.6619178921568627 0.028186274509803922 0.026041666666666668
0 0.6627859477124183 0.7041973039215687 0.0298202614379085 0.043198529411764705
0 0.6276552287581699 0.7202818627450981 0.027369281045751634 0.032475490196078434
0 0.6309232026143791 0.6806066176470589 0.030637254901960783 0.030943627450980393
0 0.704248366013072 0.6041666666666666 0.027777777777777776 0.03370098039215686
0 0.6642156862745098 0.6312806372549019 0.032679738562091505 0.02971813725490196
0 0.6339869281045751 0.6409313725490197 0.02696078431372549 0.03431372549019608
0 0.5959967320261438 0.6568627450980392 0.026143790849673203 0.03125
0 0.9211601307189542 0.35692401960784315 0.1437908496732026 0.09252450980392157
0 0.9201388888888888 0.4600183823529412 0.13194444444444445 0.0744485294117647
0 0.032066993464052285 0.8514093137254902 0.0625 0.05821078431372549
0 0.030841503267973858 0.9293811274509803 0.05841503267973856 0.07077205882352941
0 0.14276960784313725 0.9375 0.09027777777777778 0.0428921568627451
0 0.49693627450980393 0.40793504901960786 0.04861111111111111 0.0585171568627451
0 0.12438725490196079 0.8783700980392157 0.0763888888888889 0.05759803921568627
0 0.0479983660130719 0.04932598039215686 0.06331699346405228 0.09865196078431372
0 0.3525326797385621 0.22962622549019607 0.02287581699346405 0.14981617647058823
0 0.3801062091503268 0.2271752450980392 0.02900326797385621 0.14246323529411764
0 0.41482843137254904 0.21982230392156862 0.04044117647058824 0.1400122549019608
0 0.45465686274509803 0.21982230392156862 0.03594771241830065 0.1400122549019608
0 0.5051062091503268 0.22472426470588236 0.06495098039215687 0.1130514705882353
0 0.7824754901960784 0.22012867647058823 0.03880718954248366 0.0701593137254902
0 0.8098447712418301 0.23100490196078433 0.01511437908496732 0.04779411764705882
0 0.826797385620915 0.22778799019607843 0.013071895424836602 0.04381127450980392
0 0.90625 0.23177083333333334 0.08782679738562091 0.0272671568627451
0 0.8848039215686274 0.2619485294117647 0.07761437908496732 0.022058823529411766
0 0.8927696078431373 0.28860294117647056 0.09027777777777778 0.02696078431372549
0 0.59375 0.23085171568627452 0.06985294117647059 0.06709558823529412
0 0.3443627450980392 0.3665747549019608 0.16258169934640523 0.0585171568627451
0 0.7091503267973857 0.4777879901960784 0.027777777777777776 0.03707107843137255
0 0.7406045751633987 0.4655330882352941 0.02287581699346405 0.045649509803921566
0 0.4401552287581699 0.41712622549019607 0.06495098039215687 0.04013480392156863
0 0.8308823529411765 0.43734681372549017 0.03104575163398693 0.04136029411764706
0 0.7973856209150327 0.4456188725490196 0.032679738562091505 0.04197303921568627
0 0.7673611111111112 0.4586397058823529 0.024101307189542485 0.03553921568627451
0 0.3206699346405229 0.23268995098039216 0.04084967320261438 0.14368872549019607
0 0.27941176470588236 0.22472426470588236 0.0392156862745098 0.12775735294117646
0 0.6962826797385621 0.22242647058823528 0.12295751633986927 0.06985294117647059
0 0.6211192810457516 0.05974264705882353 0.037173202614379085 0.11948529411764706
0 0.2922794117647059 0.053002450980392156 0.06495098039215687 0.10600490196078431
0 0.36213235294117646 0.05361519607843137 0.06495098039215687 0.10723039215686274
0 0.4229983660130719 0.05667892156862745 0.04044117647058824 0.1133578431372549
0 0.23304738562091504 0.23514093137254902 0.046977124183006536 0.12162990196078431
0 0.4742647058823529 0.05912990196078431 0.0392156862745098 0.11825980392156862
0 0.5277777777777778 0.057904411764705885 0.0457516339869281 0.11580882352941177
0 0.5774101307189542 0.05974264705882353 0.04044117647058824 0.11948529411764706
0 0.12765522875816993 0.047487745098039214 0.07312091503267974 0.09497549019607843
0 0.6593137254901961 0.05912990196078431 0.026143790849673203 0.11825980392156862
0 0.6893382352941176 0.06525735294117647 0.027369281045751634 0.11580882352941177
0 0.7242647058823529 0.06525735294117647 0.0392156862745098 0.11580882352941177
0 0.215890522875817 0.05361519607843137 0.09109477124183006 0.10723039215686274
0 0.7883986928104575 0.06449142156862746 0.03431372549019608 0.12162990196078431
0 0.1787173202614379 0.22840073529411764 0.04861111111111111 0.15962009803921567
0 0.12663398692810457 0.23330269607843138 0.042483660130718956 0.16942401960784315
0 0.07393790849673203 0.23927696078431374 0.04084967320261438 0.18137254901960784
0 0.7583741830065359 0.06525735294117647 0.02246732026143791 0.11580882352941177
0 0.034109477124183 0.24724264705882354 0.03880718954248366 0.16544117647058823
0 0.8129084967320261 0.07306985294117647 0.017973856209150325 0.11672794117647059
0 0.8372140522875817 0.07613357843137254 0.030637254901960783 0.10814950980392157
