0 0.7403645833333333 0.4201171875 0.03177083333333333 0.079296875
0 0.2703125 0.4078125 0.035416666666666666 0.09140625
0 0.23255208333333333 0.409375 0.03802083333333333 0.09140625
0 0.19322916666666667 0.4107421875 0.0375 0.084765625
0 0.40989583333333335 0.4087890625 0.03333333333333333 0.093359375
0 0.4466145833333333 0.407421875 0.034895833333333334 0.09296875
0 0.7036458333333333 0.4193359375 0.03333333333333333 0.082421875
0 0.675 0.4234375 0.021875 0.0828125
0 0.6421875 0.421484375 0.028125 0.08203125
0 0.5559895833333334 0.40859375 0.034895833333333334 0.0953125
0 0.5200520833333333 0.40859375 0.034895833333333334 0.09765625
0 0.48333333333333334 0.4078125 0.03333333333333333 0.09375
0 0.15416666666666667 0.4130859375 0.0375 0.084765625
0 0.3419270833333333 0.4095703125 0.033854166666666664 0.091796875
0 0.3765625 0.4087890625 0.03229166666666667 0.090234375
0 0.30859375 0.4083984375 0.0328125 0.092578125
0 0.45390625 0.726171875 0.0359375 0.071875
0 0.05234375 0.8146484375 0.0265625 0.074609375
0 0.5442708333333334 0.73125 0.0375 0.07421875
0 0.3375 0.519921875 0.06145833333333333 0.0875
0 0.42473958333333334 0.5203125 0.059895833333333336 0.08828125
0 0.6252604166666667 0.5232421875 0.049479166666666664 0.089453125
0 0.5669270833333333 0.5208984375 0.043229166666666666 0.094140625
0 0.5065104166666666 0.52265625 0.050520833333333334 0.08828125
0 0.69296875 0.5244140625 0.050520833333333334 0.094140625
0 0.78515625 0.546484375 0.0953125 0.06953125
0 0.98515625 0.5447265625 0.03177083333333333 0.076171875
0 0.9372395833333333 0.53828125 0.05364583333333333 0.0828125
0 0.8703125 0.538671875 0.0625 0.07890625
0 0.91875 0.6375 0.09791666666666667 0.08046875
0 0.8346354166666666 0.6365234375 0.050520833333333334 0.078515625
0 0.75078125 0.6345703125 0.0421875 0.081640625
0 0.6981770833333333 0.6333984375 0.03802083333333333 0.079296875
0 0.6609375 0.6302734375 0.03229166666666667 0.075390625
0 0.6268229166666667 0.628125 0.0328125 0.07421875
0 0.5908854166666667 0.628515625 0.0328125 0.07734375
0 0.24609375 0.517578125 0.07447916666666667 0.08515625
0 0.49973958333333335 0.7296875 0.03697916666666667 0.0734375
0 0.16822916666666668 0.5185546875 0.071875 0.087109375
0 0.053385416666666664 0.3962890625 0.0515625 0.036328125
0 0.5809895833333333 0.730859375 0.0328125 0.0734375
0 0.6182291666666667 0.731640625 0.03229166666666667 0.07265625
0 0.6567708333333333 0.7326171875 0.034375 0.069921875
0 0.6994791666666667 0.7369140625 0.034375 0.076171875
0 0.7838541666666666 0.420703125 0.027083333333333334 0.08046875
0 0.746875 0.7390625 0.034375 0.078125
0 0.7947916666666667 0.7384765625 0.035416666666666666 0.083984375
0 0.8419270833333333 0.7443359375 0.0484375 0.066015625
0 0.8984375 0.7427734375 0.046875 0.068359375
0 0.9541666666666667 0.7529296875 0.04791666666666667 0.073828125
0 0.06510416666666667 0.6142578125 0.071875 0.021484375
0 0.06901041666666667 0.642578125 0.07239583333333334 0.021875
0 0.20807291666666666 0.6177734375 0.033854166666666664 0.075390625
0 0.2513020833333333 0.619921875 0.0359375 0.07734375
0 0.2830729166666667 0.619140625 0.018229166666666668 0.0703125
0 0.058854166666666666 0.4375 0.042708333333333334 0.03515625
0 0.10625 0.4361328125 0.04583333333333333 0.037890625
0 0.08645833333333333 0.5453125 0.084375 0.0328125
0 0.8138020833333334 0.4228515625 0.03177083333333333 0.084765625
0 0.33541666666666664 0.717578125 0.020833333333333332 0.0640625
0 0.8989583333333333 0.4486328125 0.10416666666666667 0.030859375
0 0.6604166666666667 0.154296875 0.041666666666666664 0.08828125
0 0.71015625 0.154296875 0.043229166666666666 0.08828125
0 0.75625 0.1546875 0.0375 0.08671875
0 0.8127604166666667 0.15078125 0.0421875 0.08828125
0 0.87109375 0.1505859375 0.04114583333333333 0.085546875
0 0.9486979166666667 0.14609375 0.10260416666666666 0.09375
0 0.04791666666666667 0.290234375 0.09375 0.10703125
0 0.13125 0.2966796875 0.06041666666666667 0.098828125
0 0.19036458333333334 0.2958984375 0.0515625 0.099609375
0 0.2453125 0.29609375 0.05625 0.1
0 0.30052083333333335 0.29453125 0.053125 0.1015625
0 0.3575520833333333 0.2953125 0.05572916666666667 0.103125
0 0.41484375 0.2943359375 0.05572916666666667 0.106640625
0 0.47734375 0.29140625 0.05677083333333333 0.103125
0 0.5361979166666667 0.2912109375 0.0609375 0.105078125
0 0.596875 0.29140625 0.058333333333333334 0.103125
0 0.7239583333333334 0.2880859375 0.06354166666666666 0.108984375
0 0.7888020833333333 0.287890625 0.06302083333333333 0.10859375
0 0.84765625 0.2904296875 0.04739583333333333 0.101171875
0 0.9036458333333334 0.2888671875 0.04791666666666667 0.100390625
0 0.95546875 0.28984375 0.04114583333333333 0.10234375
0 0.37473958333333335 0.8384765625 0.03802083333333333 0.068359375
0 0.33671875 0.833984375 0.03697916666666667 0.08203125
0 0.30494791666666665 0.827734375 0.025520833333333333 0.08125
0 0.2755208333333333 0.830078125 0.03229166666666667 0.07890625
0 0.21666666666666667 0.8646484375 0.08125 0.025390625
0 0.2109375 0.8353515625 0.06979166666666667 0.033203125
0 0.140625 0.8220703125 0.05 0.082421875
0 0.09088541666666666 0.8193359375 0.044270833333333336 0.079296875
0 0.6109375 0.1572265625 0.0375 0.087109375
0 0.8973958333333333 0.4234375 0.09791666666666667 0.01953125
0 0.5440104166666667 0.1595703125 0.03697916666666667 0.083984375
0 0.41302083333333334 0.1619140625 0.03958333333333333 0.083984375
0 0.019270833333333334 0.54296875 0.036458333333333336 0.03515625
0 0.0265625 0.505859375 0.051041666666666666 0.03828125
0 0.415625 0.7181640625 0.025 0.065234375
0 0.3888020833333333 0.716796875 0.0265625 0.06796875
0 0.36015625 0.7154296875 0.025520833333333333 0.067578125
0 0.021354166666666667 0.81484375 0.029166666666666667 0.05546875
0 0.30390625 0.71484375 0.0265625 0.06640625
0 0.2713541666666667 0.714453125 0.027083333333333334 0.07265625
0 0.22890625 0.71328125 0.03697916666666667 0.06796875
0 0.1734375 0.721484375 0.027083333333333334 0.06953125
0 0.14296875 0.7208984375 0.024479166666666666 0.070703125
0 0.115625 0.7197265625 0.021875 0.070703125
0 0.08203125 0.7103515625 0.030729166666666665 0.069140625
0 0.0421875 0.7119140625 0.03229166666666667 0.072265625
0 0.9609375 0.8630859375 0.04479166666666667 0.095703125
0 0.8921875 0.8576171875 0.057291666666666664 0.097265625
0 0.8260416666666667 0.8552734375 0.065625 0.094921875
0 0.7333333333333333 0.85390625 0.059375 0.08203125
0 0.6705729166666666 0.846875 0.0515625 0.08046875
0 0.5841145833333333 0.84921875 0.0421875 0.065625
0 0.5424479166666667 0.8455078125 0.033854166666666664 0.070703125
0 0.5046875 0.8505859375 0.036458333333333336 0.066015625
0 0.46484375 0.8447265625 0.0390625 0.066796875
0 0.4231770833333333 0.842578125 0.03697916666666667 0.0671875
0 0.12682291666666667 0.150390625 0.15260416666666668 0.11953125
0 0.23072916666666668 0.1669921875 0.04375 0.081640625
0 0.27734375 0.167578125 0.0390625 0.08046875
0 0.3177083333333333 0.1662109375 0.034375 0.077734375
0 0.36822916666666666 0.162890625 0.0375 0.08359375
0 0.4518229166666667 0.160546875 0.0359375 0.08359375
0 0.6578125 0.288671875 0.059375 0.10703125
0 0.14635416666666667 0.61875 0.07083333333333333 0.07734375
0 0.54296875 0.628515625 0.034895833333333334 0.075
0 0.5002604166666667 0.6259765625 0.034895833333333334 0.074609375
0 0.46145833333333336 0.6228515625 0.03229166666666667 0.070703125
0 0.41484375 0.6134765625 0.0296875 0.056640625
0 0.38125 0.6216796875 0.034375 0.070703125
0 0.34765625 0.623046875 0.0296875 0.07578125
0 0.3145833333333333 0.6208984375 0.03229166666666667 0.076171875
