0 0.3980800653594771 0.3625919117647059 0.0298202614379085 0.021752450980392156
0 0.06842320261437909 0.37974877450980393 0.030637254901960783 0.022365196078431373
0 0.07066993464052287 0.4027267156862745 0.03022875816993464 0.022365196078431373
0 0.07393790849673203 0.4255514705882353 0.03349673202614379 0.022058823529411766
0 0.10886437908496732 0.4255514705882353 0.0298202614379085 0.02022058823529412
0 0.10355392156862746 0.40349264705882354 0.037173202614379085 0.022058823529411766
0 0.10273692810457516 0.38174019607843135 0.03390522875816993 0.0196078431372549
0 0.13684640522875818 0.38204656862745096 0.03349673202614379 0.020833333333333332
0 0.17197712418300654 0.40349264705882354 0.09722222222222222 0.02267156862745098
0 0.1423611111111111 0.4261642156862745 0.03227124183006536 0.023284313725490197
0 0.3662173202614379 0.3633578431372549 0.03145424836601307 0.02267156862745098
0 0.7475490196078431 0.4097732843137255 0.10049019607843138 0.018075980392156864
0 0.17422385620915032 0.4261642156862745 0.030637254901960783 0.022058823529411766
0 0.6233660130718954 0.36703431372549017 0.025326797385620915 0.01838235294117647
0 0.5927287581699346 0.3662683823529412 0.03349673202614379 0.01991421568627451
0 0.5578022875816994 0.36550245098039214 0.0298202614379085 0.02144607843137255
0 0.5275735294117647 0.3645833333333333 0.03390522875816993 0.0196078431372549
0 0.49244281045751637 0.36504289215686275 0.026552287581699346 0.022365196078431373
0 0.46405228758169936 0.3648897058823529 0.03022875816993464 0.02022058823529412
0 0.43218954248366015 0.3642769607843137 0.028594771241830064 0.020833333333333332
0 0.0639297385620915 0.35784313725490197 0.03390522875816993 0.02144607843137255
0 0.1002859477124183 0.35768995098039214 0.037173202614379085 0.021752450980392156
0 0.13602941176470587 0.35860906862745096 0.031862745098039214 0.02297794117647059
0 0.16830065359477125 0.3587622549019608 0.03104575163398693 0.02267156862745098
0 0.20261437908496732 0.3599877450980392 0.03022875816993464 0.02267156862745098
0 0.23447712418300654 0.36075367647058826 0.032679738562091505 0.021752450980392156
0 0.26838235294117646 0.36044730392156865 0.03104575163398693 0.020526960784313725
0 0.3002450980392157 0.36106004901960786 0.029411764705882353 0.021139705882352942
0 0.3319035947712418 0.36182598039215685 0.03145424836601307 0.023284313725490197
0 0.1729983660130719 0.38174019607843135 0.03227124183006536 0.0196078431372549
0 0.3014705882352941 0.4284620098039216 0.027777777777777776 0.020526960784313725
0 0.2093545751633987 0.4257046568627451 0.027369281045751634 0.019301470588235295
0 0.7457107843137255 0.43014705882352944 0.0298202614379085 0.014093137254901961
0 0.6493055555555556 0.40900735294117646 0.09191176470588236 0.0196078431372549
0 0.553921568627451 0.4100796568627451 0.09640522875816994 0.017463235294117647
0 0.46200980392156865 0.40808823529411764 0.08823529411764706 0.020833333333333332
0 0.5845588235294118 0.4306066176470588 0.03594771241830065 0.016237745098039217
0 0.5531045751633987 0.4293811274509804 0.025326797385620915 0.018075980392156864
0 0.525531045751634 0.43014705882352944 0.03145424836601307 0.01715686274509804
0 0.4934640522875817 0.42984068627450983 0.028594771241830064 0.018995098039215685
0 0.4622140522875817 0.42922794117647056 0.03145424836601307 0.015931372549019607
0 0.43075980392156865 0.42922794117647056 0.025735294117647058 0.017769607843137254
0 0.7134395424836601 0.42784926470588236 0.03308823529411765 0.011948529411764705
0 0.39828431372549017 0.42784926470588236 0.03022875816993464 0.018075980392156864
0 0.3993055555555556 0.3857230392156863 0.028186274509803922 0.018995098039215685
0 0.36642156862745096 0.38556985294117646 0.031862745098039214 0.021139705882352942
0 0.6823937908496732 0.4290747549019608 0.0298202614379085 0.01011029411764706
0 0.6552287581699346 0.36672794117647056 0.035130718954248366 0.017769607843137254
0 0.36825980392156865 0.42984068627450983 0.03145424836601307 0.017769607843137254
0 0.33700980392156865 0.42754289215686275 0.03349673202614379 0.020526960784313725
0 0.36744281045751637 0.4065563725490196 0.09191176470588236 0.0196078431372549
0 0.33435457516339867 0.38434436274509803 0.03227124183006536 0.019301470588235295
0 0.30187908496732024 0.38388480392156865 0.028594771241830064 0.01838235294117647
0 0.7767565359477124 0.4287683823529412 0.028186274509803922 0.013786764705882353
0 0.27124183006535946 0.42723651960784315 0.032679738562091505 0.022365196078431373
0 0.2724673202614379 0.3828125 0.02287581699346405 0.019301470588235295
0 0.23794934640522875 0.3840379901960784 0.03553921568627451 0.021139705882352942
0 0.2681781045751634 0.40487132352941174 0.09681372549019608 0.01991421568627451
0 0.23774509803921567 0.4258578431372549 0.02696078431372549 0.0196078431372549
0 0.20547385620915032 0.3825061274509804 0.027777777777777776 0.018688725490196078
0 0.6893382352941176 0.3671875 0.028186274509803922 0.018075980392156864
0 0.5600490196078431 0.3431372549019608 0.02696078431372549 0.02267156862745098
0 0.7508169934640523 0.36734068627450983 0.027777777777777776 0.02389705882352941
0 0.13337418300653595 0.2864583333333333 0.026552287581699346 0.02022058823529412
0 0.16482843137254902 0.2893688725490196 0.03227124183006536 0.022365196078431373
0 0.19934640522875818 0.2893688725490196 0.027777777777777776 0.020526960784313725
0 0.2332516339869281 0.28890931372549017 0.03022875816993464 0.02144607843137255
0 0.26838235294117646 0.28952205882352944 0.03104575163398693 0.02022058823529412
0 0.30106209150326796 0.28982843137254904 0.03104575163398693 0.02022058823529412
0 0.3347630718954248 0.29181985294117646 0.03308823529411765 0.018688725490196078
0 0.36825980392156865 0.2931985294117647 0.027369281045751634 0.020833333333333332
0 0.4021650326797386 0.2930453431372549 0.0298202614379085 0.022365196078431373
0 0.43218954248366015 0.29518995098039214 0.028594771241830064 0.021752450980392156
0 0.4660947712418301 0.2942708333333333 0.03104575163398693 0.01991421568627451
0 0.4977532679738562 0.29503676470588236 0.02900326797385621 0.02144607843137255
0 0.528390522875817 0.2965686274509804 0.02900326797385621 0.01838235294117647
0 0.5600490196078431 0.2959558823529412 0.02696078431372549 0.02022058823529412
0 0.5921160130718954 0.29610906862745096 0.034722222222222224 0.019301470588235295
0 0.6258169934640523 0.29641544117647056 0.028594771241830064 0.021139705882352942
0 0.6582924836601307 0.29641544117647056 0.0363562091503268 0.021752450980392156
0 0.1002859477124183 0.28630514705882354 0.037173202614379085 0.022365196078431373
0 0.6946486928104575 0.2959558823529412 0.03145424836601307 0.023284313725490197
0 0.09620098039215687 0.26286764705882354 0.03553921568627451 0.02144607843137255
0 0.16809640522875818 0.2659313725490196 0.03880718954248366 0.02144607843137255
0 0.7310049019607843 0.27496936274509803 0.030637254901960783 0.021139705882352942
0 0.6970996732026143 0.2728247549019608 0.03308823529411765 0.02297794117647059
0 0.6621732026143791 0.27236519607843135 0.03349673202614379 0.022058823529411766
0 0.6309232026143791 0.27496936274509803 0.030637254901960783 0.021752450980392156
0 0.5957924836601307 0.2746629901960784 0.03553921568627451 0.020526960784313725
0 0.5639297385620915 0.27236519607843135 0.0298202614379085 0.02389705882352941
0 0.5326797385620915 0.27190563725490197 0.031862745098039214 0.02420343137254902
0 0.4987745098039216 0.2731311274509804 0.03431372549019608 0.022365196078431373
0 0.4679330065359477 0.2711397058823529 0.026552287581699346 0.02267156862745098
0 0.4362745098039216 0.2725183823529412 0.03676470588235294 0.020526960784313725
0 0.40155228758169936 0.27159926470588236 0.028594771241830064 0.020526960784313725
0 0.369281045751634 0.26868872549019607 0.03594771241830065 0.025122549019607844
0 0.335375816993464 0.26868872549019607 0.03022875816993464 0.020833333333333332
0 0.2994281045751634 0.2688419117647059 0.03758169934640523 0.018688725490196078
0 0.2661356209150327 0.2665441176470588 0.026552287581699346 0.0196078431372549
0 0.2346813725490196 0.2665441176470588 0.0363562091503268 0.02022058823529412
0 0.20077614379084968 0.26363357843137253 0.026552287581699346 0.02297794117647059
0 0.12888071895424835 0.2624080882352941 0.027369281045751634 0.020526960784313725
0 0.7212009803921569 0.3648897058823529 0.025735294117647058 0.023284313725490197
0 0.7279411764705882 0.29856004901960786 0.032679738562091505 0.020526960784313725
0 0.7933006535947712 0.2981004901960784 0.025326797385620915 0.02144607843137255
0 0.17422385620915032 0.33394607843137253 0.02246732026143791 0.0196078431372549
0 0.20241013071895425 0.33547794117647056 0.0298202614379085 0.02022058823529412
0 0.23386437908496732 0.3359375 0.027369281045751634 0.017463235294117647
0 0.2665441176470588 0.33547794117647056 0.03553921568627451 0.02022058823529412
0 0.3002450980392157 0.33700980392156865 0.025326797385620915 0.02267156862745098
0 0.33108660130718953 0.3393075980392157 0.0298202614379085 0.018688725490196078
0 0.36519607843137253 0.3394607843137255 0.029411764705882353 0.01838235294117647
0 0.3946078431372549 0.34237132352941174 0.02287581699346405 0.015625
0 0.4959150326797386 0.3411458333333333 0.021241830065359478 0.018688725490196078
0 0.5247140522875817 0.3425245098039216 0.0298202614379085 0.01838235294117647
0 0.653390522875817 0.42800245098039214 0.026552287581699346 0.012254901960784314
0 0.590890522875817 0.3431372549019608 0.028186274509803922 0.02022058823529412
0 0.6229575163398693 0.34329044117647056 0.03104575163398693 0.02297794117647059
0 0.6548202614379085 0.34420955882352944 0.029411764705882353 0.021139705882352942
0 0.6868872549019608 0.34482230392156865 0.024101307189542485 0.02297794117647059
0 0.7865604575163399 0.34359681372549017 0.027369281045751634 0.020526960784313725
0 0.7855392156862745 0.36734068627450983 0.03104575163398693 0.022058823529411766
0 0.06290849673202614 0.33517156862745096 0.027777777777777776 0.018995098039215685
0 0.7600081699346405 0.29733455882352944 0.03145424836601307 0.01991421568627451
0 0.06454248366013073 0.3115808823529412 0.03022875816993464 0.02389705882352941
0 0.17524509803921567 0.31387867647058826 0.028594771241830064 0.017463235294117647
0 0.7871732026143791 0.32077205882352944 0.03594771241830065 0.020833333333333332
0 0.7391748366013072 0.33026960784313725 0.06331699346405228 0.03676470588235294
0 0.6901552287581699 0.31954656862745096 0.030637254901960783 0.02144607843137255
0 0.6605392156862745 0.3209252450980392 0.028594771241830064 0.018688725490196078
0 0.6282679738562091 0.32015931372549017 0.03594771241830065 0.0196078431372549
0 0.5951797385620915 0.3193933823529412 0.028594771241830064 0.021752450980392156
0 0.5643382352941176 0.31954656862745096 0.03308823529411765 0.02144607843137255
0 0.5314542483660131 0.31893382352941174 0.03022875816993464 0.02267156862745098
0 0.5010212418300654 0.3180147058823529 0.03390522875816993 0.02144607843137255
0 0.44669117647058826 0.32674632352941174 0.0690359477124183 0.0389093137254902
0 0.3972630718954248 0.31862745098039214 0.024918300653594773 0.025735294117647058
0 0.36744281045751637 0.31878063725490197 0.03145424836601307 0.02297794117647059
0 0.3359885620915033 0.31464460784313725 0.02900326797385621 0.02389705882352941
0 0.3008578431372549 0.31495098039215685 0.030637254901960783 0.02144607843137255
0 0.2694035947712418 0.31387867647058826 0.03227124183006536 0.022365196078431373
0 0.23794934640522875 0.3147977941176471 0.0298202614379085 0.018688725490196078
0 0.20588235294117646 0.3115808823529412 0.028594771241830064 0.020833333333333332
0 0.1213235294117647 0.32015931372549017 0.07516339869281045 0.04105392156862745
0 0.6129493464052288 0.43075980392156865 0.02165032679738562 0.015931372549019607
0 0.23080065359477125 0.49954044117647056 0.029411764705882353 0.023590686274509803
0 0.7495915032679739 0.3903186274509804 0.03022875816993464 0.017769607843137254
0 0.6772875816993464 0.5045955882352942 0.03349673202614379 0.02144607843137255
0 0.7099673202614379 0.5036764705882353 0.025326797385620915 0.0196078431372549
0 0.7432598039215687 0.5035232843137255 0.034722222222222224 0.020526960784313725
0 0.7814542483660131 0.5015318627450981 0.03349673202614379 0.01838235294117647
0 0.7824754901960784 0.5235906862745098 0.03308823529411765 0.02267156862745098
0 0.7465277777777778 0.5266544117647058 0.0363562091503268 0.02022058823529412
0 0.6429738562091504 0.5049019607843137 0.03022875816993464 0.022058823529411766
0 0.7120098039215687 0.5266544117647058 0.03594771241830065 0.02267156862745098
0 0.6452205882352942 0.5275735294117647 0.030637254901960783 0.01838235294117647
0 0.6094771241830066 0.5255821078431373 0.032679738562091505 0.022365196078431373
0 0.576797385620915 0.5248161764705882 0.032679738562091505 0.022058823529411766
0 0.5408496732026143 0.5255821078431373 0.035130718954248366 0.022365196078431373
0 0.5053104575163399 0.5491727941176471 0.027777777777777776 0.021752450980392156
0 0.5375816993464052 0.5491727941176471 0.035130718954248366 0.021139705882352942
0 0.6764705882352942 0.5283394607843137 0.03349673202614379 0.01991421568627451
0 0.5743464052287581 0.5485600490196079 0.031862745098039214 0.020526960784313725
0 0.6064133986928104 0.5009191176470589 0.034722222222222224 0.023284313725490197
0 0.6805555555555556 0.48299632352941174 0.03349673202614379 0.018688725490196078
0 0.4709967320261438 0.6130514705882353 0.028594771241830064 0.01838235294117647
0 0.5042892156862745 0.6121323529411765 0.0298202614379085 0.0196078431372549
0 0.5353349673202614 0.6133578431372549 0.030637254901960783 0.017769607843137254
0 0.5708741830065359 0.6127450980392157 0.03227124183006536 0.020833333333333332
0 0.6043709150326797 0.6138174019607843 0.034722222222222224 0.01991421568627451
0 0.6378676470588235 0.6136642156862745 0.028186274509803922 0.0196078431372549
0 0.6444035947712419 0.4806985294117647 0.0363562091503268 0.0196078431372549
0 0.6709558823529411 0.6145833333333334 0.03308823529411765 0.01838235294117647
0 0.7436683006535948 0.6145833333333334 0.03145424836601307 0.01838235294117647
0 0.7765522875816994 0.6130514705882353 0.031862745098039214 0.01838235294117647
0 0.6746323529411765 0.4583333333333333 0.03227124183006536 0.020833333333333332
0 0.7111928104575164 0.45787377450980393 0.03594771241830065 0.01991421568627451
0 0.7863562091503268 0.4810049019607843 0.03349673202614379 0.02022058823529412
0 0.7124183006535948 0.4810049019607843 0.03104575163398693 0.02022058823529412
0 0.7075163398692811 0.6145833333333334 0.032679738562091505 0.02144607843137255
0 0.608251633986928 0.5481004901960784 0.03022875816993464 0.02022058823529412
0 0.641952614379085 0.5494791666666666 0.028186274509803922 0.022365196078431373
0 0.6748366013071896 0.5500919117647058 0.032679738562091505 0.022365196078431373
0 0.744281045751634 0.5917585784313726 0.028594771241830064 0.018075980392156864
0 0.7763480392156863 0.5922181372549019 0.03145424836601307 0.018995098039215685
0 0.9197303921568627 0.5753676470588235 0.03227124183006536 0.05269607843137255
0 0.8886846405228758 0.5776654411764706 0.024918300653594773 0.05238970588235294
0 0.8602941176470589 0.5753676470588235 0.028594771241830064 0.05269607843137255
0 0.8302696078431373 0.5750612745098039 0.023284313725490197 0.0545343137254902
0 0.710171568627451 0.5920649509803921 0.0298202614379085 0.018688725490196078
0 0.8435457516339869 0.45879289215686275 0.031862745098039214 0.0585171568627451
0 0.9040032679738562 0.46017156862745096 0.03022875816993464 0.061274509803921566
0 0.9362745098039216 0.4612438725490196 0.029411764705882353 0.05912990196078431
0 0.943218954248366 0.3831188725490196 0.03431372549019608 0.0628063725490196
0 0.9101307189542484 0.3861825980392157 0.03104575163398693 0.05974264705882353
0 0.8813316993464052 0.3831188725490196 0.023284313725490197 0.05667892156862745
0 0.8517156862745098 0.38327205882352944 0.029411764705882353 0.06556372549019608
0 0.8733660130718954 0.45818014705882354 0.022058823529411766 0.05606617647058824
0 0.6717728758169934 0.5934436274509803 0.034722222222222224 0.017769607843137254
0 0.6388888888888888 0.5939031862745098 0.026143790849673203 0.01685049019607843
0 0.6076388888888888 0.594515931372549 0.02900326797385621 0.015625
0 0.7097630718954249 0.5485600490196079 0.02900326797385621 0.020526960784313725
0 0.7416258169934641 0.5488664215686274 0.03390522875816993 0.021752450980392156
0 0.778390522875817 0.5490196078431373 0.03145424836601307 0.02144607843137255
0 0.7790032679738562 0.5701593137254902 0.03594771241830065 0.020833333333333332
0 0.744281045751634 0.5719975490196079 0.032679738562091505 0.01838235294117647
0 0.7095588235294118 0.5719975490196079 0.03676470588235294 0.01838235294117647
0 0.6736111111111112 0.5724571078431373 0.035130718954248366 0.020526960784313725
0 0.6411356209150327 0.5719975490196079 0.030637254901960783 0.02144607843137255
0 0.608251633986928 0.5712316176470589 0.03104575163398693 0.02297794117647059
0 0.576797385620915 0.5701593137254902 0.028594771241830064 0.020833333333333332
0 0.5424836601307189 0.5716911764705882 0.03594771241830065 0.018995098039215685
0 0.5049019607843137 0.5693933823529411 0.03431372549019608 0.016237745098039217
0 0.5042892156862745 0.5885416666666666 0.0298202614379085 0.017769607843137254
0 0.5386029411764706 0.5919117647058824 0.037173202614379085 0.017769607843137254
0 0.5745506535947712 0.5920649509803921 0.03227124183006536 0.018688725490196078
0 0.44056372549019607 0.6112132352941176 0.02900326797385621 0.020833333333333332
0 0.0625 0.6147365196078431 0.03431372549019608 0.021752450980392156
0 0.09783496732026144 0.6145833333333334 0.0363562091503268 0.02144607843137255
0 0.13398692810457516 0.6139705882352942 0.03349673202614379 0.023284313725490197
0 0.3737745098039216 0.5240502450980392 0.03104575163398693 0.02542892156862745
0 0.34191176470588236 0.5240502450980392 0.029411764705882353 0.023590686274509803
0 0.30637254901960786 0.5235906862745098 0.03594771241830065 0.023284313725490197
0 0.27001633986928103 0.5252757352941176 0.035130718954248366 0.02297794117647059
0 0.2326388888888889 0.5237438725490197 0.028186274509803922 0.02297794117647059
0 0.20098039215686275 0.5232843137254902 0.03431372549019608 0.022058823529411766
0 0.40461601307189543 0.5225183823529411 0.030637254901960783 0.02665441176470588
0 0.16339869281045752 0.5246629901960784 0.03594771241830065 0.021139705882352942
0 0.0900735294117647 0.5215992647058824 0.04044117647058824 0.02420343137254902
0 0.05106209150326797 0.5217524509803921 0.03676470588235294 0.025122549019607844
0 0.0545343137254902 0.5484068627450981 0.04370915032679738 0.02022058823529412
0 0.09415849673202614 0.5467218137254902 0.02900326797385621 0.01991421568627451
0 0.12867647058823528 0.5477941176470589 0.03349673202614379 0.022058823529411766
0 0.1636029411764706 0.5473345588235294 0.0298202614379085 0.021752450980392156
0 0.12683823529411764 0.5214460784313726 0.027369281045751634 0.024509803921568627
0 0.7624591503267973 0.27588848039215685 0.03227124183006536 0.02297794117647059
0 0.3347630718954248 0.49892769607843135 0.03308823529411765 0.023590686274509803
0 0.2992238562091503 0.49954044117647056 0.027369281045751634 0.023590686274509803
0 0.7167075163398693 0.38848039215686275 0.030637254901960783 0.01838235294117647
0 0.6858660130718954 0.38893995098039214 0.03104575163398693 0.017463235294117647
0 0.6566584967320261 0.3874080882352941 0.028186274509803922 0.016237745098039217
0 0.6241830065359477 0.3874080882352941 0.031862745098039214 0.017463235294117647
0 0.5917075163398693 0.38848039215686275 0.03145424836601307 0.01838235294117647
0 0.5294117647058824 0.3869485294117647 0.026143790849673203 0.01838235294117647
0 0.4934640522875817 0.3869485294117647 0.028594771241830064 0.01838235294117647
0 0.4646650326797386 0.3869485294117647 0.02900326797385621 0.01838235294117647
0 0.43280228758169936 0.3866421568627451 0.03145424836601307 0.018995098039215685
0 0.19362745098039216 0.4496017156862745 0.04084967320261438 0.018688725490196078
0 0.19955065359477125 0.4762561274509804 0.02900326797385621 0.01991421568627451
0 0.16094771241830066 0.47411151960784315 0.04084967320261438 0.02420343137254902
0 0.15890522875816993 0.5018382352941176 0.032679738562091505 0.018995098039215685
0 0.19526143790849673 0.5004595588235294 0.031862745098039214 0.023590686274509803
0 0.2675653594771242 0.49892769607843135 0.03349673202614379 0.023590686274509803
0 0.198937908496732 0.5470281862745098 0.035130718954248366 0.020526960784313725
0 0.7802287581699346 0.3903186274509804 0.03349673202614379 0.015931372549019607
0 0.23284313725490197 0.547640931372549 0.03349673202614379 0.021139705882352942
0 0.30494281045751637 0.5482536764705882 0.030637254901960783 0.01991421568627451
0 0.23672385620915032 0.5914522058823529 0.03308823529411765 0.018688725490196078
0 0.27124183006535946 0.5932904411764706 0.032679738562091505 0.021139705882352942
0 0.30310457516339867 0.5926776960784313 0.02696078431372549 0.019301470588235295
0 0.3372140522875817 0.5925245098039216 0.03799019607843137 0.0196078431372549
0 0.37193627450980393 0.5925245098039216 0.026552287581699346 0.0196078431372549
0 0.40584150326797386 0.5905330882352942 0.03308823529411765 0.018688725490196078
0 0.20159313725490197 0.5928308823529411 0.03227124183006536 0.02022058823529412
0 0.40625 0.6113664215686274 0.03553921568627451 0.021139705882352942
0 0.33905228758169936 0.6127450980392157 0.035130718954248366 0.020833333333333332
0 0.3053513071895425 0.6141237745098039 0.0298202614379085 0.019301470588235295
0 0.27144607843137253 0.6142769607843137 0.03227124183006536 0.017769607843137254
0 0.2397875816993464 0.6113664215686274 0.03431372549019608 0.021752450980392156
0 0.20241013071895425 0.6138174019607843 0.03145424836601307 0.01991421568627451
0 0.16911764705882354 0.6136642156862745 0.03676470588235294 0.02022058823529412
0 0.37193627450980393 0.6133578431372549 0.030637254901960783 0.017769607843137254
0 0.16401143790849673 0.5925245098039216 0.034722222222222224 0.0196078431372549
0 0.1309232026143791 0.5908394607843137 0.0298202614379085 0.019301470588235295
0 0.09538398692810457 0.5914522058823529 0.03553921568627451 0.018688725490196078
0 0.33905228758169936 0.5484068627450981 0.03349673202614379 0.02022058823529412
0 0.3727532679738562 0.5490196078431373 0.028186274509803922 0.01838235294117647
0 0.40788398692810457 0.547640931372549 0.03308823529411765 0.018688725490196078
0 0.40727124183006536 0.5689338235294118 0.03349673202614379 0.02144607843137255
0 0.3715277777777778 0.5692401960784313 0.03553921568627451 0.020833333333333332
0 0.33905228758169936 0.5696997549019608 0.03104575163398693 0.02297794117647059
0 0.304125816993464 0.5709252450980392 0.03227124183006536 0.020526960784313725
0 0.27144607843137253 0.5692401960784313 0.028186274509803922 0.018995098039215685
0 0.23774509803921567 0.5698529411764706 0.03431372549019608 0.0196078431372549
0 0.2013888888888889 0.5704656862745098 0.03349673202614379 0.02144607843137255
0 0.167687908496732 0.5698529411764706 0.03553921568627451 0.02267156862745098
0 0.13071895424836602 0.5707720588235294 0.03594771241830065 0.018995098039215685
0 0.09579248366013073 0.5690870098039216 0.03227124183006536 0.021139705882352942
0 0.059027777777777776 0.5696997549019608 0.04125816993464052 0.01991421568627451
0 0.05821078431372549 0.5916053921568627 0.03880718954248366 0.020833333333333332
0 0.26981209150326796 0.5482536764705882 0.03390522875816993 0.01991421568627451
0 0.795547385620915 0.27619485294117646 0.03145424836601307 0.020526960784313725
0 0.5580065359477124 0.3874080882352941 0.03349673202614379 0.020526960784313725
0 0.19750816993464052 0.1640625 0.03227124183006536 0.02665441176470588
0 0.4025735294117647 0.22181372549019607 0.026552287581699346 0.024509803921568627
0 0.36764705882352944 0.21875 0.03431372549019608 0.024509803921568627
0 0.33312908496732024 0.2182904411764706 0.03390522875816993 0.023590686274509803
0 0.2994281045751634 0.2182904411764706 0.03022875816993464 0.02420343137254902
0 0.2694035947712418 0.21706495098039216 0.03308823529411765 0.024816176470588234
0 0.23447712418300654 0.21660539215686275 0.032679738562091505 0.023284313725490197
0 0.19975490196078433 0.21660539215686275 0.032679738562091505 0.025735294117647058
0 0.12663398692810457 0.21430759803921567 0.029411764705882353 0.02420343137254902
0 0.09048202614379085 0.21384803921568626 0.03799019607843137 0.02696078431372549
0 0.2994281045751634 0.19286151960784315 0.027777777777777776 0.02420343137254902
0 0.8051470588235294 0.15349264705882354 0.032679738562091505 0.023284313725490197
0 0.6936274509803921 0.1326593137254902 0.04003267973856209 0.011642156862745098
0 0.6587009803921569 0.13541666666666666 0.028186274509803922 0.014093137254901961
0 0.6623774509803921 0.15349264705882354 0.0363562091503268 0.016544117647058824
0 0.8037173202614379 0.17830882352941177 0.03553921568627451 0.02022058823529412
0 0.7691993464052288 0.17738970588235295 0.035130718954248366 0.024509803921568627
0 0.7342728758169934 0.17616421568627452 0.03227124183006536 0.022058823529411766
0 0.43443627450980393 0.22135416666666666 0.03308823529411765 0.02542892156862745
0 0.7007761437908496 0.17892156862745098 0.0298202614379085 0.024509803921568627
0 0.4679330065359477 0.22104779411764705 0.030637254901960783 0.026041666666666668
0 0.5347222222222222 0.22303921568627452 0.029411764705882353 0.02389705882352941
0 0.2326388888888889 0.16314338235294118 0.03308823529411765 0.02665441176470588
0 0.7694035947712419 0.15364583333333334 0.03390522875816993 0.01991421568627451
0 0.7383578431372549 0.15287990196078433 0.02900326797385621 0.02144607843137255
0 0.7046568627450981 0.15287990196078433 0.03104575163398693 0.02144607843137255
0 0.7369281045751634 0.12775735294117646 0.035130718954248366 0.026348039215686275
0 0.7706290849673203 0.13097426470588236 0.028186274509803922 0.02542892156862745
0 0.8065767973856209 0.12882965686274508 0.03799019607843137 0.022365196078431373
0 0.8118872549019608 0.10263480392156862 0.0298202614379085 0.025122549019607844
0 0.7743055555555556 0.10278799019607843 0.03553921568627451 0.023590686274509803
0 0.7342728758169934 0.10799632352941177 0.02900326797385621 0.014399509803921568
0 0.7024101307189542 0.11366421568627451 0.030637254901960783 0.023284313725490197
0 0.6670751633986928 0.11213235294117647 0.03758169934640523 0.025735294117647058
0 0.6021241830065359 0.19837622549019607 0.03022875816993464 0.02665441176470588
0 0.5688316993464052 0.19883578431372548 0.03227124183006536 0.024509803921568627
0 0.5676062091503268 0.22288602941176472 0.03390522875816993 0.022365196078431373
0 0.1926062091503268 0.13802083333333334 0.03880718954248366 0.022365196078431373
0 0.16115196078431374 0.1639093137254902 0.037173202614379085 0.025122549019607844
0 0.49979575163398693 0.22150735294117646 0.03308823529411765 0.025122549019607844
0 0.6658496732026143 0.17601102941176472 0.03839869281045752 0.018688725490196078
0 0.1642156862745098 0.21599264705882354 0.035130718954248366 0.028186274509803922
0 0.6674836601307189 0.20052083333333334 0.03022875816993464 0.021139705882352942
0 0.39767156862745096 0.24509803921568626 0.03308823529411765 0.02022058823529412
0 0.4340277777777778 0.24739583333333334 0.028186274509803922 0.023590686274509803
0 0.4632352941176471 0.24693627450980393 0.029411764705882353 0.02267156862745098
0 0.1597222222222222 0.18918504901960784 0.026143790849673203 0.02542892156862745
0 0.23631535947712418 0.18964460784313725 0.03227124183006536 0.024509803921568627
0 0.125 0.18964460784313725 0.03758169934640523 0.024509803921568627
0 0.26715686274509803 0.19071691176470587 0.028594771241830064 0.02665441176470588
0 0.36519607843137253 0.24356617647058823 0.029411764705882353 0.022058823529411766
0 0.7973856209150327 0.2512254901960784 0.029411764705882353 0.023284313725490197
0 0.7310049019607843 0.25076593137254904 0.034722222222222224 0.021139705882352942
0 0.6360294117647058 0.19990808823529413 0.028594771241830064 0.020526960784313725
0 0.6950571895424836 0.2503063725490196 0.03227124183006536 0.02022058823529412
0 0.6629901960784313 0.25 0.029411764705882353 0.0196078431372549
0 0.6296977124183006 0.24816176470588236 0.028186274509803922 0.022058823529411766
0 0.4991830065359477 0.24739583333333334 0.03594771241830065 0.023590686274509803
0 0.5328839869281046 0.24739583333333334 0.0298202614379085 0.021752450980392156
0 0.764501633986928 0.25076593137254904 0.03227124183006536 0.021139705882352942
0 0.33312908496732024 0.24479166666666666 0.0298202614379085 0.02389705882352941
0 0.2992238562091503 0.24617034313725492 0.03145424836601307 0.02420343137254902
0 0.26266339869281047 0.24463848039215685 0.031862745098039214 0.021139705882352942
0 0.701797385620915 0.2037377450980392 0.03349673202614379 0.022058823529411766
0 0.735498366013072 0.20205269607843138 0.027369281045751634 0.02420343137254902
0 0.7675653594771242 0.20006127450980393 0.03022875816993464 0.020833333333333332
0 0.7998366013071896 0.20143995098039216 0.03022875816993464 0.019301470588235295
0 0.797998366013072 0.2271752450980392 0.030637254901960783 0.01991421568627451
0 0.7655228758169934 0.22579656862745098 0.03022875816993464 0.02267156862745098
0 0.7320261437908496 0.22518382352941177 0.03676470588235294 0.022058823529411766
0 0.6981209150326797 0.22732843137254902 0.03104575163398693 0.0196078431372549
0 0.664828431372549 0.2261029411764706 0.028186274509803922 0.02389705882352941
0 0.6339869281045751 0.22579656862745098 0.032679738562091505 0.02267156862745098
0 0.1948529411764706 0.18949142156862744 0.0392156862745098 0.02420343137254902
0 0.6021241830065359 0.22441789215686275 0.03104575163398693 0.020526960784313725
0 0.09089052287581699 0.23897058823529413 0.034722222222222224 0.022058823529411766
0 0.12438725490196079 0.23866421568627452 0.03227124183006536 0.02389705882352941
0 0.1597222222222222 0.24310661764705882 0.03431372549019608 0.021139705882352942
0 0.19566993464052287 0.24034926470588236 0.032679738562091505 0.020526960784313725
0 0.2312091503267974 0.2426470588235294 0.03022875816993464 0.023284313725490197
0 0.5631127450980392 0.24846813725490197 0.02900326797385621 0.02267156862745098
0 0.5957924836601307 0.24923406862745098 0.03390522875816993 0.021139705882352942
