0 0.79453125 0.8015625 0.044270833333333336 0.06640625
0 0.46640625 0.19609375 0.06614583333333333 0.09765625
0 0.22005208333333334 0.781640625 0.043229166666666666 0.1109375
0 0.17604166666666668 0.802734375 0.036458333333333336 0.06171875
0 0.18541666666666667 0.6572265625 0.05 0.071484375
0 0.23463541666666668 0.6572265625 0.04635416666666667 0.068359375
0 0.28541666666666665 0.6564453125 0.04583333333333333 0.069921875
0 0.3338541666666667 0.655078125 0.05 0.06796875
0 0.38046875 0.655078125 0.0484375 0.06796875
0 0.42682291666666666 0.655078125 0.04114583333333333 0.0703125
0 0.4713541666666667 0.6509765625 0.042708333333333334 0.066796875
0 0.5177083333333333 0.6537109375 0.04791666666666667 0.068359375
0 0.5625 0.653515625 0.040625 0.06171875
0 0.66171875 0.652734375 0.034895833333333334 0.06328125
0 0.95 0.0568359375 0.05416666666666667 0.099609375
0 0.70234375 0.653125 0.04739583333333333 0.06484375
0 0.7463541666666667 0.65390625 0.03854166666666667 0.06328125
0 0.78828125 0.652734375 0.0359375 0.06328125
0 0.8265625 0.652734375 0.03125 0.06328125
0 0.86875 0.6521484375 0.03854166666666667 0.066796875
0 0.9130208333333333 0.6509765625 0.034375 0.066796875
0 0.9822916666666667 0.5537109375 0.03854166666666667 0.064453125
0 0.9380208333333333 0.5513671875 0.042708333333333334 0.069921875
0 0.8994791666666667 0.55859375 0.03854166666666667 0.053125
0 0.0640625 0.245703125 0.041666666666666664 0.06640625
0 0.6145833333333334 0.651953125 0.05 0.071875
0 0.7458333333333333 0.8015625 0.052083333333333336 0.0734375
0 0.95 0.1953125 0.052083333333333336 0.09375
0 0.83203125 0.19609375 0.05260416666666667 0.0921875
0 0.8434895833333333 0.80234375 0.044270833333333336 0.06640625
0 0.88671875 0.797265625 0.04739583333333333 0.0703125
0 0.9348958333333334 0.8025390625 0.036458333333333336 0.059765625
0 0.9752604166666666 0.80078125 0.04010416666666667 0.06328125
0 0.6963541666666667 0.791015625 0.036458333333333336 0.09765625
0 0.6596354166666667 0.791015625 0.0421875 0.09765625
0 0.028645833333333332 0.3900390625 0.05 0.094140625
0 0.6174479166666667 0.808984375 0.04114583333333333 0.06640625
0 0.5796875 0.8099609375 0.040625 0.066796875
0 0.5369791666666667 0.8115234375 0.04583333333333333 0.068359375
0 0.4947916666666667 0.782421875 0.03854166666666667 0.1046875
0 0.45338541666666665 0.7828125 0.043229166666666666 0.1109375
0 0.40911458333333334 0.784375 0.043229166666666666 0.10546875
0 0.36223958333333334 0.7857421875 0.0453125 0.095703125
0 0.31328125 0.783984375 0.0453125 0.10625
0 0.27109375 0.78125 0.0390625 0.11171875
0 0.12421875 0.2060546875 0.058854166666666666 0.087109375
0 0.175 0.206640625 0.04791666666666667 0.08359375
0 0.53125 0.1978515625 0.06666666666666667 0.094140625
0 0.59140625 0.1966796875 0.0578125 0.094140625
0 0.6447916666666667 0.1958984375 0.04583333333333333 0.095703125
0 0.7026041666666667 0.19765625 0.06354166666666666 0.09453125
0 0.7658854166666667 0.19296875 0.0546875 0.1015625
0 0.22890625 0.20390625 0.0546875 0.0890625
0 0.28828125 0.2013671875 0.05677083333333333 0.087109375
0 0.34765625 0.2009765625 0.058854166666666666 0.092578125
0 0.40546875 0.19453125 0.05677083333333333 0.090625
0 0.89140625 0.1939453125 0.0546875 0.091796875
0 0.0859375 0.390234375 0.05 0.08828125
0 0.8572916666666667 0.5525390625 0.0375 0.075390625
0 0.8854166666666666 0.442578125 0.05 0.0890625
0 0.24088541666666666 0.324609375 0.05677083333333333 0.0921875
0 0.2942708333333333 0.326171875 0.05416666666666667 0.0921875
0 0.34921875 0.3283203125 0.0453125 0.092578125
0 0.40208333333333335 0.3275390625 0.057291666666666664 0.094140625
0 0.46770833333333334 0.3240234375 0.05 0.088671875
0 0.5255208333333333 0.326171875 0.052083333333333336 0.0890625
0 0.5869791666666667 0.324609375 0.05 0.0921875
0 0.6375 0.3224609375 0.05 0.087109375
0 0.6940104166666666 0.320703125 0.0546875 0.0859375
0 0.7536458333333333 0.320703125 0.053125 0.0859375
0 0.81796875 0.323046875 0.0546875 0.090625
0 0.8739583333333333 0.320703125 0.05416666666666667 0.0859375
0 0.9408854166666667 0.3232421875 0.050520833333333334 0.092578125
0 0.9388020833333334 0.4423828125 0.0484375 0.087109375
0 0.10182291666666667 0.790625 0.09635416666666667 0.125
0 0.8278645833333333 0.4416015625 0.0484375 0.083984375
0 0.77890625 0.4427734375 0.0453125 0.086328125
0 0.7255208333333333 0.4435546875 0.05 0.087109375
0 0.6729166666666667 0.443359375 0.05416666666666667 0.0875
0 0.6205729166666667 0.4443359375 0.0546875 0.085546875
0 0.5669270833333333 0.4453125 0.04739583333333333 0.08359375
0 0.5177083333333333 0.4431640625 0.04791666666666667 0.085546875
0 0.4666666666666667 0.4556640625 0.052083333333333336 0.069921875
0 0.4140625 0.449609375 0.053125 0.08515625
0 0.3104166666666667 0.454296875 0.05520833333333333 0.06796875
0 0.2559895833333333 0.451171875 0.05260416666666667 0.071875
0 0.2046875 0.4521484375 0.051041666666666666 0.069921875
0 0.15182291666666667 0.4515625 0.05260416666666667 0.06875
0 0.103125 0.508203125 0.05520833333333333 0.0875
0 0.18697916666666667 0.3275390625 0.05 0.094140625
0 0.04635416666666667 0.507421875 0.057291666666666664 0.0890625
0 0.13671875 0.3271484375 0.049479166666666664 0.097265625
0 0.22265625 0.5572265625 0.04739583333333333 0.075390625
0 0.77265625 0.551953125 0.04739583333333333 0.0734375
0 0.7283854166666667 0.554296875 0.0484375 0.07890625
0 0.8916666666666667 0.05625 0.05416666666666667 0.09921875
0 0.8302083333333333 0.060546875 0.052083333333333336 0.09609375
0 0.76953125 0.058203125 0.05260416666666667 0.09609375
0 0.709375 0.060546875 0.052083333333333336 0.09609375
0 0.6559895833333333 0.059765625 0.05260416666666667 0.09609375
0 0.5848958333333333 0.0546875 0.06354166666666666 0.10625
0 0.5286458333333334 0.0560546875 0.059375 0.101171875
0 0.4625 0.0546875 0.06354166666666666 0.10078125
0 0.40078125 0.058203125 0.050520833333333334 0.09375
0 0.33958333333333335 0.0607421875 0.06145833333333333 0.094140625
0 0.8158854166666667 0.5552734375 0.04635416666666667 0.055078125
0 0.27890625 0.0615234375 0.058854166666666666 0.097265625
0 0.21979166666666666 0.0626953125 0.05 0.097265625
0 0.15859375 0.06171875 0.0609375 0.09921875
0 0.10651041666666666 0.06484375 0.0484375 0.09765625
0 0.06171875 0.14609375 0.043229166666666666 0.1265625
0 0.6721354166666667 0.5541015625 0.049479166666666664 0.076953125
0 0.6151041666666667 0.555078125 0.04583333333333333 0.07890625
0 0.5690104166666666 0.5529296875 0.050520833333333334 0.073828125
0 0.515625 0.553125 0.052083333333333336 0.07890625
0 0.46458333333333335 0.553125 0.05 0.07890625
0 0.41640625 0.5615234375 0.0484375 0.071484375
0 0.365625 0.5548828125 0.04583333333333333 0.075390625
0 0.3177083333333333 0.5564453125 0.05 0.076953125
0 0.27005208333333336 0.5564453125 0.04739583333333333 0.076953125
0 0.17213541666666668 0.555859375 0.04114583333333333 0.0734375
0 0.11015625 0.6279296875 0.0796875 0.115234375
