0 0.12071078431372549 0.12852328431372548 0.0763888888888889 0.06893382352941177
0 0.9665032679738562 0.5905330882352942 0.06781045751633986 0.07199754901960784
0 0.8966503267973857 0.5943627450980392 0.06454248366013073 0.07536764705882353
0 0.821078431372549 0.5968137254901961 0.08251633986928104 0.08149509803921569
0 0.7324346405228758 0.5962009803921569 0.08823529411764706 0.09252450980392157
0 0.6772875816993464 0.5813419117647058 0.024509803921568627 0.046875
0 0.6378676470588235 0.5890012254901961 0.039624183006535946 0.04871323529411765
0 0.5831290849673203 0.5845588235294118 0.06985294117647059 0.058823529411764705
0 0.5177696078431373 0.5949754901960784 0.05759803921568627 0.042279411764705885
0 0.463031045751634 0.5934436274509803 0.0494281045751634 0.052083333333333336
0 0.3694852941176471 0.5978860294117647 0.04861111111111111 0.053002450980392156
0 0.2005718954248366 0.48743872549019607 0.041666666666666664 0.06372549019607843
0 0.3214869281045752 0.5986519607843137 0.042483660130718956 0.05575980392156863
0 0.2689950980392157 0.5951286764705882 0.056781045751633986 0.0664828431372549
0 0.21875 0.5994178921568627 0.03880718954248366 0.07077205882352941
0 0.17463235294117646 0.6014093137254902 0.04044117647058824 0.052083333333333336
0 0.13684640522875818 0.5890012254901961 0.032679738562091505 0.021752450980392156
0 0.12826797385620914 0.6174938725490197 0.04411764705882353 0.030330882352941176
0 0.051879084967320264 0.5807291666666666 0.10375816993464053 0.1130514705882353
0 0.41564542483660133 0.5955882352941176 0.037173202614379085 0.049019607843137254
0 0.2434640522875817 0.48912377450980393 0.03431372549019608 0.06219362745098039
0 0.27879901960784315 0.49984681372549017 0.025735294117647058 0.04013480392156863
0 0.3000408496732026 0.4987745098039216 0.014297385620915032 0.04044117647058824
0 0.36887254901960786 0.49800857843137253 0.015522875816993464 0.0389093137254902
0 0.05249183006535948 0.10814950980392157 0.05841503267973856 0.10845588235294118
0 0.07087418300653595 0.28278186274509803 0.13112745098039216 0.09926470588235294
0 0.17851307189542484 0.1321997549019608 0.03349673202614379 0.08118872549019608
0 0.21609477124183007 0.13434436274509803 0.03676470588235294 0.07873774509803921
0 0.25183823529411764 0.12591911764705882 0.03308823529411765 0.11458333333333333
0 0.28880718954248363 0.12637867647058823 0.027777777777777776 0.1056985294117647
0 0.338031045751634 0.13066789215686275 0.05759803921568627 0.11550245098039216
0 0.3915441176470588 0.13648897058823528 0.04616013071895425 0.1014093137254902
0 0.44955065359477125 0.14705882352941177 0.054330065359477125 0.10294117647058823
0 0.9595588235294118 0.4417892156862745 0.032679738562091505 0.08149509803921569
0 0.5134803921568627 0.14950980392156862 0.06699346405228758 0.0974264705882353
0 0.6072303921568627 0.16681985294117646 0.051879084967320264 0.07873774509803921
0 0.6435866013071896 0.16712622549019607 0.01511437908496732 0.07567401960784313
0 0.6746323529411765 0.17647058823529413 0.04125816993464052 0.06740196078431372
0 0.7150735294117647 0.17432598039215685 0.04044117647058824 0.08272058823529412
0 0.7506127450980392 0.17876838235294118 0.03145424836601307 0.0818014705882353
0 0.7857434640522876 0.18275122549019607 0.037173202614379085 0.07628676470588236
0 0.8263888888888888 0.1873468137254902 0.035130718954248366 0.07567401960784313
0 0.8684640522875817 0.18259803921568626 0.03676470588235294 0.09313725490196079
0 0.34334150326797386 0.49724264705882354 0.03227124183006536 0.03799019607843137
0 0.31924019607843135 0.49693627450980393 0.016748366013071895 0.03982843137254902
0 0.5637254901960784 0.17003676470588236 0.03104575163398693 0.06801470588235294
0 0.9252450980392157 0.43949142156862747 0.03594771241830065 0.08057598039215687
0 0.8913398692810458 0.43933823529411764 0.025326797385620915 0.08088235294117647
0 0.8519199346405228 0.43995098039215685 0.04370915032679738 0.0821078431372549
0 0.4013480392156863 0.8590686274509803 0.08047385620915033 0.08517156862745098
0 0.30718954248366015 0.8699448529411765 0.0857843137254902 0.09589460784313726
0 0.2028186274509804 0.8509497549019608 0.10008169934640523 0.1485906862745098
0 0.9017565359477124 0.1878063725490196 0.028186274509803922 0.09068627450980392
0 0.9377042483660131 0.20113357843137256 0.03553921568627451 0.06158088235294118
0 0.7587826797385621 0.3226102941176471 0.03308823529411765 0.07169117647058823
0 0.7230392156862745 0.31418504901960786 0.03758169934640523 0.08915441176470588
0 0.6815767973856209 0.31418504901960786 0.044526143790849675 0.0860906862745098
0 0.6425653594771242 0.3236825980392157 0.02696078431372549 0.06709558823529412
0 0.610702614379085 0.32077205882352944 0.028594771241830064 0.06495098039215687
0 0.5757761437908496 0.3206188725490196 0.04125816993464052 0.06219362745098039
0 0.5257352941176471 0.3082107843137255 0.049019607843137254 0.08149509803921569
0 0.48080065359477125 0.3177083333333333 0.03104575163398693 0.058823529411764705
0 0.4485294117647059 0.3169424019607843 0.03431372549019608 0.06403186274509803
0 0.41074346405228757 0.31234681372549017 0.034722222222222224 0.0664828431372549
0 0.37254901960784315 0.31112132352941174 0.03676470588235294 0.06525735294117647
0 0.3382352941176471 0.3112745098039216 0.03349673202614379 0.06433823529411764
0 0.29901960784313725 0.3079044117647059 0.03349673202614379 0.06372549019607843
0 0.2581699346405229 0.30361519607843135 0.035130718954248366 0.0625
0 0.21568627450980393 0.30422794117647056 0.04003267973856209 0.06556372549019608
0 0.16584967320261437 0.30667892156862747 0.058823529411764705 0.06066176470588235
0 0.46017156862745096 0.8406862745098039 0.03227124183006536 0.10294117647058823
0 0.39133986928104575 0.5 0.024509803921568627 0.034926470588235295
0 0.7951388888888888 0.3229166666666667 0.03799019607843137 0.0741421568627451
0 0.8647875816993464 0.328125 0.03349673202614379 0.0741421568627451
0 0.8018790849673203 0.43949142156862747 0.03676470588235294 0.08057598039215687
0 0.7649101307189542 0.43137254901960786 0.03799019607843137 0.0974264705882353
0 0.7318218954248366 0.43183210784313725 0.02246732026143791 0.09589460784313726
0 0.7089460784313726 0.43244485294117646 0.023284313725490197 0.09957107843137254
0 0.6793300653594772 0.4059436274509804 0.025326797385620915 0.06004901960784314
0 0.647671568627451 0.40625 0.037173202614379085 0.05821078431372549
0 0.610498366013072 0.40548406862745096 0.03880718954248366 0.05912990196078431
0 0.5706699346405228 0.40379901960784315 0.03839869281045752 0.05514705882352941
0 0.5334967320261438 0.40379901960784315 0.031862745098039214 0.05269607843137255
0 0.49693627450980393 0.40379901960784315 0.03390522875816993 0.05759803921568627
0 0.46017156862745096 0.39950980392156865 0.0363562091503268 0.06066176470588235
0 0.4187091503267974 0.39981617647058826 0.0392156862745098 0.06372549019607843
0 0.37111928104575165 0.39705882352941174 0.051879084967320264 0.06372549019607843
0 0.3075980392156863 0.3935355392156863 0.0727124183006536 0.0701593137254902
0 0.24428104575163398 0.39108455882352944 0.04656862745098039 0.07077205882352941
0 0.19975490196078433 0.3893995098039216 0.04003267973856209 0.06740196078431372
0 0.14726307189542484 0.4401041666666667 0.06413398692810457 0.07996323529411764
0 0.0857843137254902 0.4181985294117647 0.056372549019607844 0.13112745098039216
0 0.027573529411764705 0.4258578431372549 0.05514705882352941 0.1133578431372549
0 0.9618055555555556 0.33517156862745096 0.03308823529411765 0.06801470588235294
0 0.8984885620915033 0.32613357843137253 0.03390522875816993 0.07261029411764706
0 0.8316993464052288 0.32536764705882354 0.031862745098039214 0.07904411764705882
0 0.41482843137254904 0.49923406862745096 0.020833333333333332 0.036458333333333336
0 0.9777369281045751 0.2029718137254902 0.0363562091503268 0.06832107843137254
0 0.4636437908496732 0.4973958333333333 0.025326797385620915 0.03768382352941176
0 0.1256127450980392 0.7149203431372549 0.10416666666666667 0.1253063725490196
0 0.040236928104575166 0.7230392156862745 0.0625 0.1090686274509804
0 0.9342320261437909 0.5185355392156863 0.0857843137254902 0.048100490196078434
0 0.8504901960784313 0.5188419117647058 0.06535947712418301 0.045649509803921566
0 0.764501633986928 0.5189950980392157 0.0625 0.051470588235294115
0 0.704248366013072 0.5271139705882353 0.022058823529411766 0.03278186274509804
0 0.3966503267973856 0.47181372549019607 0.024509803921568627 0.013480392156862746
0 0.8574346405228758 0.7887561274509803 0.05065359477124183 0.10202205882352941
0 0.20669934640522875 0.7457107843137255 0.03594771241830065 0.04963235294117647
0 0.801062091503268 0.8097426470588235 0.06045751633986928 0.08149509803921569
0 0.7316176470588235 0.8086703431372549 0.022058823529411766 0.08915441176470588
0 0.7081290849673203 0.8121936274509803 0.02165032679738562 0.09068627450980392
0 0.6791258169934641 0.8134191176470589 0.028186274509803922 0.08762254901960784
0 0.6341911764705882 0.8238357843137255 0.028186274509803922 0.0857843137254902
0 0.6060049019607843 0.8278186274509803 0.025735294117647058 0.08946078431372549
0 0.5761846405228758 0.8301164215686274 0.03145424836601307 0.09160539215686274
0 0.5263480392156863 0.8331801470588235 0.03227124183006536 0.10018382352941177
0 0.6740196078431373 0.48284313725490197 0.04330065359477124 0.06556372549019608
0 0.755718954248366 0.8071384803921569 0.02369281045751634 0.0860906862745098
0 0.2522467320261438 0.7423406862745098 0.044526143790849675 0.04779411764705882
0 0.30126633986928103 0.7356004901960784 0.042075163398692814 0.04534313725490196
0 0.19709967320261437 0.6910232843137255 0.03145424836601307 0.048100490196078434
0 0.43933823529411764 0.49816176470588236 0.023284313725490197 0.03860294117647059
0 0.352124183006536 0.6715686274509803 0.06781045751633986 0.03982843137254902
0 0.9448529411764706 0.7915134803921569 0.08905228758169935 0.09099264705882353
0 0.4158496732026144 0.71875 0.03349673202614379 0.06004901960784314
0 0.45445261437908496 0.71875 0.03553921568627451 0.061274509803921566
0 0.49244281045751637 0.7173713235294118 0.03227124183006536 0.06096813725490196
0 0.5332924836601307 0.7144607843137255 0.03553921568627451 0.056372549019607844
0 0.5751633986928104 0.7094056372549019 0.032679738562091505 0.06096813725490196
0 0.619281045751634 0.7080269607843137 0.03839869281045752 0.05821078431372549
0 0.6576797385620915 0.702359068627451 0.032679738562091505 0.04871323529411765
0 0.698937908496732 0.6996017156862745 0.04656862745098039 0.05422794117647059
0 0.7426470588235294 0.7008272058823529 0.03676470588235294 0.045649509803921566
0 0.8075980392156863 0.6838235294117647 0.08415032679738563 0.0741421568627451
0 0.8852124183006536 0.6798406862745098 0.07026143790849673 0.0741421568627451
0 0.9368872549019608 0.6760110294117647 0.026552287581699346 0.0585171568627451
0 0.36090686274509803 0.7247242647058824 0.07148692810457516 0.06403186274509803
0 0.9673202614379085 0.6746323529411765 0.026143790849673203 0.05575980392156863
0 0.2734885620915033 0.6767769607843137 0.03227124183006536 0.03615196078431373
0 0.23080065359477125 0.6645220588235294 0.03431372549019608 0.022058823529411766
0 0.6209150326797386 0.49525122549019607 0.0196078431372549 0.0389093137254902
0 0.4928513071895425 0.8353247549019608 0.03308823529411765 0.10263480392156862
0 0.6413398692810458 0.49693627450980393 0.021241830065359478 0.03553921568627451
0 0.5016339869281046 0.4852941176470588 0.04738562091503268 0.06433823529411764
0 0.5537173202614379 0.48452818627450983 0.054330065359477125 0.06587009803921569
0 0.599468954248366 0.49816176470588236 0.020016339869281044 0.03860294117647059
