0 0.7224264705882353 0.730187908496732 0.02144607843137255 0.04044117647058824
0 0.6986825980392157 0.7359068627450981 0.021139705882352942 0.04044117647058824
0 0.789828431372549 0.6721813725490197 0.018995098039215685 0.03390522875816993
0 0.7683823529411765 0.6766748366013072 0.0196078431372549 0.03390522875816993
0 0.7455575980392157 0.7226307189542484 0.020526960784313725 0.0392156862745098
0 0.7674632352941176 0.7150735294117647 0.02022058823529412 0.03880718954248366
0 0.7921262254901961 0.5992647058823529 0.020526960784313725 0.03349673202614379
0 0.7910539215686274 0.636437908496732 0.01838235294117647 0.031862745098039214
0 0.7884497549019608 0.7093545751633987 0.01685049019607843 0.03308823529411765
0 0.8336397058823529 0.6260212418300654 0.017769607843137254 0.027369281045751634
0 0.8340992647058824 0.5896650326797386 0.018688725490196078 0.034722222222222224
0 0.8121936274509803 0.6317401960784313 0.0196078431372549 0.0298202614379085
0 0.8109681372549019 0.6660539215686274 0.018995098039215685 0.02900326797385621
0 0.8321078431372549 0.6629901960784313 0.017769607843137254 0.027777777777777776
0 0.8098958333333334 0.7036356209150327 0.01991421568627451 0.03799019607843137
0 0.8319546568627451 0.6975081699346405 0.017463235294117647 0.034722222222222224
0 0.5124080882352942 0.28513071895424835 0.03400735294117647 0.05065359477124183
0 0.7461703431372549 0.6860702614379085 0.021139705882352942 0.0298202614379085
0 0.8137254901960784 0.5949754901960784 0.018995098039215685 0.0363562091503268
0 0.7230392156862745 0.6891339869281046 0.018995098039215685 0.035130718954248366
0 0.4753370098039216 0.3372140522875817 0.03400735294117647 0.05024509803921569
0 0.7696078431372549 0.6401143790849673 0.0196078431372549 0.03431372549019608
0 0.6309742647058824 0.471609477124183 0.02849264705882353 0.039624183006535946
0 0.6265318627450981 0.516952614379085 0.026348039215686275 0.0428921568627451
0 0.5984987745098039 0.5194035947712419 0.0272671568627451 0.04370915032679738
0 0.600796568627451 0.47406045751633985 0.02696078431372549 0.039624183006535946
0 0.6038602941176471 0.42749183006535946 0.027573529411764705 0.0428921568627451
0 0.5742953431372549 0.42830882352941174 0.030330882352941176 0.044526143790849675
0 0.5715379901960784 0.4752859477124183 0.02849264705882353 0.042075163398692814
0 0.5684742647058824 0.5230800653594772 0.029105392156862746 0.04125816993464052
0 0.5401348039215687 0.477124183006536 0.029411764705882353 0.04330065359477124
0 0.5367647058823529 0.5257352941176471 0.029411764705882353 0.041666666666666664
0 0.5050551470588235 0.5287990196078431 0.03216911764705882 0.046977124183006536
0 0.47028186274509803 0.5316584967320261 0.034926470588235295 0.046977124183006536
0 0.4336703431372549 0.5359477124183006 0.0352328431372549 0.04820261437908497
0 0.3958333333333333 0.5396241830065359 0.03799019607843137 0.049019607843137254
0 0.3552389705882353 0.5451388888888888 0.04013480392156863 0.0559640522875817
0 0.6588541666666666 0.46772875816993464 0.02420343137254902 0.04084967320261438
0 0.6553308823529411 0.5151143790849673 0.027573529411764705 0.041666666666666664
0 0.6818321078431373 0.5110294117647058 0.021752450980392156 0.03839869281045752
0 0.6836703431372549 0.4665032679738562 0.022365196078431373 0.04084967320261438
0 0.35784313725490197 0.7408088235294118 0.03799019607843137 0.04616013071895425
0 0.35952818627450983 0.6870915032679739 0.03768382352941176 0.05310457516339869
0 0.8399203431372549 0.49325980392156865 0.021752450980392156 0.034722222222222224
0 0.6992953431372549 0.696078431372549 0.021752450980392156 0.03676470588235294
0 0.8196997549019608 0.4542483660130719 0.018688725490196078 0.03676470588235294
0 0.8174019607843137 0.4963235294117647 0.0196078431372549 0.03839869281045752
0 0.7964154411764706 0.49816176470588236 0.01685049019607843 0.03799019607843137
0 0.5064338235294118 0.4775326797385621 0.03370098039215686 0.04820261437908497
0 0.7977941176470589 0.4556781045751634 0.0196078431372549 0.037173202614379085
0 0.7745098039215687 0.4993872549019608 0.0196078431372549 0.03799019607843137
0 0.7539828431372549 0.49979575163398693 0.02022058823529412 0.03880718954248366
0 0.7342218137254902 0.4199346405228758 0.02542892156862745 0.0392156862745098
0 0.7306985294117647 0.46262254901960786 0.02144607843137255 0.039624183006535946
0 0.7303921568627451 0.5053104575163399 0.02267156862745098 0.03839869281045752
0 0.7055759803921569 0.5081699346405228 0.02267156862745098 0.03676470588235294
0 0.7077205882352942 0.4632352941176471 0.022058823529411766 0.0392156862745098
0 0.7757352941176471 0.4577205882352941 0.02022058823529412 0.037173202614379085
0 0.4721200980392157 0.4812091503267974 0.03370098039215686 0.04820261437908497
0 0.43566176470588236 0.4834558823529412 0.037377450980392156 0.046977124183006536
0 0.39675245098039214 0.48856209150326796 0.037377450980392156 0.04738562091503268
0 0.5776654411764706 0.289624183006536 0.030330882352941176 0.04493464052287582
0 0.5459558823529411 0.29044117647058826 0.030637254901960783 0.04656862745098039
0 0.5456495098039216 0.3394607843137255 0.03125 0.04820261437908497
0 0.5111825980392157 0.3372140522875817 0.03400735294117647 0.05024509803921569
0 0.3555453431372549 0.26981209150326796 0.04197303921568627 0.05759803921568627
0 0.40012254901960786 0.2167075163398693 0.03982843137254902 0.05841503267973856
0 0.43964460784313725 0.22303921568627452 0.03615196078431373 0.058823529411764705
0 0.6070772058823529 0.2916666666666667 0.024816176470588234 0.04493464052287582
0 0.47702205882352944 0.22630718954248366 0.03553921568627451 0.056372549019607844
0 0.5471813725490197 0.23733660130718953 0.03125 0.05473856209150327
0 0.39828431372549017 0.275531045751634 0.03982843137254902 0.053513071895424834
0 0.3553921568627451 0.3298611111111111 0.041666666666666664 0.054330065359477125
0 0.39736519607843135 0.3329248366013072 0.03982843137254902 0.05555555555555555
0 0.4381127450980392 0.2792075163398693 0.037377450980392156 0.05024509803921569
0 0.4375 0.33231209150326796 0.037377450980392156 0.05024509803921569
0 0.4762561274509804 0.28370098039215685 0.0352328431372549 0.051879084967320264
0 0.5136335784313726 0.23202614379084968 0.03278186274509804 0.05310457516339869
0 0.3564644607843137 0.792687908496732 0.0389093137254902 0.04616013071895425
0 0.5767463235294118 0.3402777777777778 0.02849264705882353 0.04738562091503268
0 0.6349571078431373 0.34354575163398693 0.027879901960784315 0.049836601307189546
0 0.3570772058823529 0.48856209150326796 0.03952205882352941 0.049019607843137254
0 0.359375 0.4338235294117647 0.04105392156862745 0.05555555555555555
0 0.8521752450980392 0.2673611111111111 0.035845588235294115 0.06413398692810457
0 0.8134191176470589 0.26286764705882354 0.03553921568627451 0.0690359477124183
0 0.8425245098039216 0.3341503267973856 0.03553921568627451 0.06535947712418301
0 0.8034620098039216 0.3329248366013072 0.036458333333333336 0.06699346405228758
0 0.7630208333333334 0.3319035947712418 0.03952205882352941 0.06740196078431372
0 0.6058517156862745 0.34211601307189543 0.02665441176470588 0.053513071895424834
0 0.7734375 0.26062091503267976 0.04197303921568627 0.0718954248366013
0 0.7233455882352942 0.32965686274509803 0.032475490196078434 0.0718954248366013
0 0.6917892156862745 0.2959558823529412 0.02267156862745098 0.03880718954248366
0 0.6891850490196079 0.3445669934640523 0.021139705882352942 0.044526143790849675
0 0.6634497549019608 0.34334150326797386 0.02665441176470588 0.046977124183006536
0 0.6655943627450981 0.2949346405228758 0.02542892156862745 0.04656862745098039
0 0.639859068627451 0.24673202614379086 0.02971813725490196 0.04820261437908497
0 0.6355698529411765 0.2943218954248366 0.029105392156862746 0.0428921568627451
0 0.7271752450980392 0.2563316993464052 0.047487745098039214 0.06985294117647059
0 0.3558517156862745 0.8464052287581699 0.040747549019607844 0.05065359477124183
0 0.8411458333333334 0.4520016339869281 0.020526960784313725 0.037173202614379085
0 0.5035232843137255 0.7514297385620915 0.02971813725490196 0.042075163398692814
0 0.5954350490196079 0.7248774509803921 0.026041666666666668 0.042075163398692814
0 0.5652573529411765 0.7779820261437909 0.028799019607843136 0.0428921568627451
0 0.5655637254901961 0.7326388888888888 0.027573529411764705 0.03880718954248366
0 0.5677083333333334 0.6897467320261438 0.027573529411764705 0.03799019607843137
0 0.5683210784313726 0.6446078431372549 0.028799019607843136 0.0392156862745098
0 0.5678615196078431 0.5992647058823529 0.03155637254901961 0.042483660130718956
0 0.5375306372549019 0.6511437908496732 0.029105392156862746 0.04330065359477124
0 0.5363051470588235 0.6973039215686274 0.02849264705882353 0.0392156862745098
0 0.5350796568627451 0.7412173202614379 0.02971813725490196 0.039624183006535946
0 0.5347732843137255 0.7871732026143791 0.029105392156862746 0.04493464052287582
0 0.5035232843137255 0.8000408496732027 0.02971813725490196 0.0428921568627451
0 0.5033700980392157 0.7046568627450981 0.03125 0.04003267973856209
0 0.5038296568627451 0.6578839869281046 0.03400735294117647 0.04044117647058824
0 0.4699754901960784 0.713031045751634 0.031862745098039214 0.04044117647058824
0 0.46951593137254904 0.7618464052287581 0.03400735294117647 0.041666666666666664
0 0.4690563725490196 0.8090277777777778 0.03308823529411765 0.044526143790849675
0 0.43275122549019607 0.8198529411764706 0.036458333333333336 0.04820261437908497
0 0.4333639705882353 0.7714460784313726 0.03400735294117647 0.0428921568627451
0 0.4341299019607843 0.7220179738562091 0.03370098039215686 0.0428921568627451
0 0.43443627450980393 0.670751633986928 0.03615196078431373 0.04820261437908497
0 0.39675245098039214 0.7297794117647058 0.034926470588235295 0.044526143790849675
0 0.39629289215686275 0.7816584967320261 0.035845588235294115 0.0428921568627451
0 0.3958333333333333 0.8327205882352942 0.034926470588235295 0.04861111111111111
0 0.5963541666666666 0.6815767973856209 0.026041666666666668 0.042075163398692814
0 0.6243872549019608 0.6309232026143791 0.028186274509803922 0.04125816993464052
0 0.5943627450980392 0.7694035947712419 0.02696078431372549 0.04044117647058824
0 0.6236213235294118 0.7171160130718954 0.02665441176470588 0.037173202614379085
0 0.6243872549019608 0.6736111111111112 0.027573529411764705 0.04003267973856209
0 0.7477022058823529 0.6472630718954249 0.01991421568627451 0.034722222222222224
0 0.7253370098039216 0.6513480392156863 0.021139705882352942 0.037173202614379085
0 0.7268688725490197 0.6117238562091504 0.02297794117647059 0.03799019607843137
0 0.7011335784313726 0.6166258169934641 0.02297794117647059 0.03799019607843137
0 0.6755514705882353 0.6362336601307189 0.02144607843137255 0.05024509803921569
0 0.7015931372549019 0.6570669934640523 0.02267156862745098 0.03799019607843137
0 0.6747855392156863 0.7381535947712419 0.02297794117647059 0.049019607843137254
0 0.6488970588235294 0.752859477124183 0.022058823529411766 0.04003267973856209
0 0.6516544117647058 0.7095588235294118 0.022058823529411766 0.04003267973856209
0 0.6524203431372549 0.6662581699346405 0.023590686274509803 0.0392156862745098
0 0.6227022058823529 0.7610294117647058 0.02542892156862745 0.04411764705882353
0 0.6764705882352942 0.6875 0.02144607843137255 0.04738562091503268
