0 0.9283088235294118 0.12591911764705882 0.02246732026143791 0.029411764705882353
0 0.9434232026143791 0.25934436274509803 0.016748366013071895 0.03829656862745098
0 0.9293300653594772 0.15900735294117646 0.02042483660130719 0.032475490196078434
0 0.8082107843137255 0.4224877450980392 0.02246732026143791 0.03125
0 0.8310866013071896 0.42034313725490197 0.020833333333333332 0.03002450980392157
0 0.8533496732026143 0.4183517156862745 0.021241830065359478 0.029105392156862746
0 0.8741830065359477 0.4163602941176471 0.018790849673202614 0.028186274509803922
0 0.7861519607843137 0.4543504901960784 0.02246732026143791 0.025735294117647058
0 0.8100490196078431 0.4518995098039216 0.02287581699346405 0.02389705882352941
0 0.8300653594771242 0.4502144607843137 0.018790849673202614 0.02665441176470588
0 0.8511029411764706 0.4479166666666667 0.020833333333333332 0.025122549019607844
0 0.8696895424836601 0.4459252450980392 0.017973856209150325 0.02420343137254902
0 0.7861519607843137 0.4834558823529412 0.026552287581699346 0.02696078431372549
0 0.8133169934640523 0.47840073529411764 0.021241830065359478 0.02297794117647059
0 0.8347630718954249 0.47824754901960786 0.015931372549019607 0.025735294117647058
0 0.8535539215686274 0.47472426470588236 0.017565359477124183 0.021752450980392156
0 0.9211601307189542 0.2581188725490196 0.012254901960784314 0.035845588235294115
0 0.9285130718954249 0.22196691176470587 0.018790849673202614 0.02971813725490196
0 0.8878676470588235 0.27481617647058826 0.01838235294117647 0.02389705882352941
0 0.8684640522875817 0.27496936274509803 0.015522875816993464 0.0272671568627451
0 0.7295751633986928 0.2268688725490196 0.025326797385620915 0.0272671568627451
0 0.6333741830065359 0.2526041666666667 0.025735294117647058 0.03400735294117647
0 0.6646241830065359 0.25536151960784315 0.027777777777777776 0.033394607843137254
0 0.6966911764705882 0.25888480392156865 0.028186274509803922 0.03125
0 0.724468954248366 0.2616421568627451 0.023284313725490197 0.030637254901960783
0 0.8286356209150327 0.20557598039215685 0.023284313725490197 0.03002450980392157
0 0.8508986928104575 0.20940563725490197 0.018790849673202614 0.027879901960784315
0 0.8747957516339869 0.21323529411764705 0.024101307189542485 0.03002450980392157
0 0.8253676470588235 0.23759191176470587 0.024918300653594773 0.030943627450980393
0 0.8506944444444444 0.24096200980392157 0.020016339869281044 0.02849264705882353
0 0.8735702614379085 0.24371936274509803 0.017565359477124183 0.027879901960784315
0 0.8899101307189542 0.24479166666666666 0.015931372549019607 0.025735294117647058
0 0.8952205882352942 0.21614583333333334 0.012663398692810458 0.02971813725490196
0 0.8249591503267973 0.27037377450980393 0.024101307189542485 0.0272671568627451
0 0.8480392156862745 0.27175245098039214 0.018790849673202614 0.03002450980392157
0 0.8745915032679739 0.4719669117647059 0.015522875816993464 0.021752450980392156
0 0.6970996732026143 0.22303921568627452 0.024918300653594773 0.031862745098039214
0 0.7542892156862745 0.5329350490196079 0.01919934640522876 0.02665441176470588
0 0.8029003267973857 0.5261948529411765 0.020016339869281044 0.02542892156862745
0 0.9256535947712419 0.09681372549019608 0.021241830065359478 0.025735294117647058
0 0.9272875816993464 0.06709558823529412 0.024509803921568627 0.028799019607843136
0 0.9534313725490197 0.07643995098039216 0.021241830065359478 0.03278186274509804
0 0.9493464052287581 0.10876225490196079 0.01715686274509804 0.028186274509803922
0 0.9487336601307189 0.13511029411764705 0.017565359477124183 0.025735294117647058
0 0.6025326797385621 0.0822610294117647 0.03594771241830065 0.04442401960784314
0 0.02185457516339869 0.2778799019607843 0.04370915032679738 0.05698529411764706
0 0.08231209150326797 0.27910539215686275 0.07230392156862746 0.05392156862745098
0 0.023488562091503268 0.3347120098039216 0.046977124183006536 0.05361519607843137
0 0.08476307189542484 0.33486519607843135 0.0690359477124183 0.0508578431372549
0 0.15461601307189543 0.33394607843137253 0.060866013071895424 0.049019607843137254
0 0.026348039215686275 0.38909313725490197 0.05269607843137255 0.051470588235294115
0 0.08905228758169935 0.38848039215686275 0.0661764705882353 0.05024509803921569
0 0.15992647058823528 0.38587622549019607 0.06331699346405228 0.048100490196078434
0 0.27961601307189543 0.2896752450980392 0.05106209150326797 0.050551470588235295
0 0.7600081699346405 0.42386642156862747 0.01838235294117647 0.030943627450980393
0 0.7802287581699346 0.2844669117647059 0.0392156862745098 0.18167892156862744
0 0.8598856209150327 0.59375 0.017973856209150325 0.022058823529411766
0 0.8390522875816994 0.5983455882352942 0.016339869281045753 0.0196078431372549
0 0.8255718954248366 0.5219056372549019 0.021241830065359478 0.026041666666666668
0 0.8462009803921569 0.5180759803921569 0.01838235294117647 0.02389705882352941
0 0.8662173202614379 0.5124080882352942 0.01838235294117647 0.024816176470588234
0 0.7738970588235294 0.5585171568627451 0.02246732026143791 0.020833333333333332
0 0.7965686274509803 0.5546875 0.02287581699346405 0.02297794117647059
0 0.8208741830065359 0.5500919117647058 0.020016339869281044 0.019301470588235295
0 0.8423202614379085 0.5465686274509803 0.018790849673202614 0.017769607843137254
0 0.7792075163398693 0.5300245098039216 0.024918300653594773 0.02696078431372549
0 0.8629493464052288 0.5421262254901961 0.015931372549019607 0.018075980392156864
0 0.7953431372549019 0.5818014705882353 0.021241830065359478 0.025735294117647058
0 0.8208741830065359 0.5759803921568627 0.020016339869281044 0.02267156862745098
0 0.8417075163398693 0.5703125 0.017565359477124183 0.020526960784313725
0 0.8631535947712419 0.5652573529411765 0.016339869281045753 0.02267156862745098
0 0.7696078431372549 0.6133578431372549 0.025326797385620915 0.028799019607843136
0 0.795751633986928 0.6098345588235294 0.017973856209150325 0.02420343137254902
0 0.8190359477124183 0.6056985294117647 0.02042483660130719 0.025122549019607844
0 0.7685866013071896 0.5837928921568627 0.023284313725490197 0.02665441176470588
0 0.23590686274509803 0.3393075980392157 0.03553921568627451 0.05116421568627451
0 0.6674836601307189 0.21997549019607843 0.025326797385620915 0.03125
0 0.7322303921568627 0.18964460784313725 0.027369281045751634 0.03370098039215686
0 0.8147467320261438 0.13204656862745098 0.024101307189542485 0.03308823529411765
0 0.8398692810457516 0.13970588235294118 0.017973856209150325 0.03002450980392157
0 0.8623366013071896 0.14445465686274508 0.018790849673202614 0.030943627450980393
0 0.8860294117647058 0.15088848039215685 0.017973856209150325 0.02849264705882353
0 0.7886029411764706 0.09099264705882353 0.023284313725490197 0.028799019607843136
0 0.8155637254901961 0.09558823529411764 0.02246732026143791 0.028799019607843136
0 0.8394607843137255 0.10431985294117647 0.01715686274509804 0.02849264705882353
0 0.8627450980392157 0.11090686274509803 0.0196078431372549 0.029411764705882353
0 0.7918709150326797 0.057904411764705885 0.02246732026143791 0.031862745098039214
0 0.8145424836601307 0.06479779411764706 0.0196078431372549 0.030330882352941176
0 0.8410947712418301 0.07092524509803921 0.024509803921568627 0.030943627450980393
0 0.8649918300653595 0.0778186274509804 0.015931372549019607 0.026348039215686275
0 0.7888071895424836 0.02144607843137255 0.02369281045751634 0.03370098039215686
0 0.8149509803921569 0.03079044117647059 0.02042483660130719 0.03155637254901961
0 0.8412990196078431 0.037377450980392156 0.024918300653594773 0.032475490196078434
0 0.789828431372549 0.1256127450980392 0.025735294117647058 0.034926470588235295
0 0.761437908496732 0.1208639705882353 0.025326797385620915 0.03155637254901961
0 0.7630718954248366 0.08455882352941177 0.028594771241830064 0.03676470588235294
0 0.7640931372549019 0.014093137254901961 0.025735294117647058 0.028186274509803922
0 0.5306372549019608 0.06418504901960784 0.03594771241830065 0.047487745098039214
0 0.5296160130718954 0.019761029411764705 0.03799019607843137 0.036458333333333336
0 0.4846813725490196 0.05039828431372549 0.044526143790849675 0.04993872549019608
0 0.4368872549019608 0.04059436274509804 0.04534313725490196 0.05116421568627451
0 0.3895016339869281 0.031096813725490197 0.04616013071895425 0.04993872549019608
0 0.3368055555555556 0.02221200980392157 0.054330065359477125 0.04442401960784314
0 0.641952614379085 0.05116421568627451 0.030637254901960783 0.042279411764705885
0 0.8662173202614379 0.047487745098039214 0.01838235294117647 0.034926470588235295
0 0.6425653594771242 0.09267769607843138 0.031862745098039214 0.03829656862745098
0 0.6756535947712419 0.05943627450980392 0.03022875816993464 0.04105392156862745
0 0.7839052287581699 0.42340686274509803 0.026143790849673203 0.03002450980392157
0 0.6740196078431373 0.01838235294117647 0.035130718954248366 0.03370098039215686
0 0.7305964052287581 0.1133578431372549 0.03145424836601307 0.037377450980392156
0 0.7303921568627451 0.0742953431372549 0.03104575163398693 0.03768382352941176
0 0.7267156862745098 0.03661151960784314 0.027777777777777776 0.03400735294117647
0 0.7622549019607843 0.049019607843137254 0.02696078431372549 0.034926470588235295
0 0.6756535947712419 0.09957107843137254 0.03022875816993464 0.03982843137254902
0 0.6350081699346405 0.21369485294117646 0.024918300653594773 0.03707107843137255
0 0.8439542483660131 0.009957107843137254 0.022058823529411766 0.01991421568627451
0 0.0778186274509804 0.0862438725490196 0.06740196078431372 0.06158088235294118
0 0.477124183006536 0.1484375 0.041666666666666664 0.04442401960784314
0 0.47794117647058826 0.19332107843137256 0.0392156862745098 0.04105392156862745
0 0.4805964052287582 0.23728553921568626 0.04044117647058824 0.04197303921568627
0 0.5222630718954249 0.2424938725490196 0.03553921568627451 0.040747549019607844
0 0.5189950980392157 0.19868259803921567 0.03308823529411765 0.04013480392156863
0 0.5202205882352942 0.15517769607843138 0.03145424836601307 0.03707107843137255
0 0.5618872549019608 0.24601715686274508 0.034722222222222224 0.041666666666666664
0 0.5631127450980392 0.20404411764705882 0.037173202614379085 0.03860294117647059
0 0.5608660130718954 0.16099877450980393 0.03676470588235294 0.04258578431372549
0 0.6002859477124183 0.16712622549019607 0.03145424836601307 0.04013480392156863
0 0.6000816993464052 0.20894607843137256 0.03104575163398693 0.0392156862745098
0 0.5998774509803921 0.2498468137254902 0.034722222222222224 0.03707107843137255
0 0.6350081699346405 0.17340686274509803 0.02900326797385621 0.04044117647058824
0 0.6685049019607843 0.18137254901960784 0.027369281045751634 0.03860294117647059
0 0.6997549019607843 0.18489583333333334 0.026143790849673203 0.036458333333333336
0 0.43423202614379086 0.23330269607843138 0.04330065359477124 0.043198529411764705
0 0.3868464052287582 0.22993259803921567 0.04084967320261438 0.045649509803921566
0 0.4309640522875817 0.18979779411764705 0.04084967320261438 0.04013480392156863
0 0.38255718954248363 0.18336397058823528 0.044526143790849675 0.04258578431372549
0 0.15073529411764705 0.09941789215686274 0.061274509803921566 0.0548406862745098
0 0.08129084967320262 0.14736519607843138 0.07026143790849673 0.0545343137254902
0 0.15318627450980393 0.15517769607843138 0.0661764705882353 0.05238970588235294
0 0.08925653594771242 0.20174632352941177 0.06658496732026144 0.04932598039215686
0 0.16053921568627452 0.20818014705882354 0.06209150326797386 0.04381127450980392
0 0.025122549019607844 0.19960171568627452 0.05024509803921569 0.050551470588235295
0 0.021037581699346407 0.14154411764705882 0.042075163398692814 0.0508578431372549
0 0.8666258169934641 0.011642156862745098 0.02165032679738562 0.023284313725490197
0 0.02022058823529412 0.08042279411764706 0.04044117647058824 0.06158088235294118
0 0.3319035947712418 0.125 0.05106209150326797 0.0545343137254902
0 0.2826797385620915 0.17034313725490197 0.04084967320261438 0.04963235294117647
0 0.33231209150326796 0.17708333333333334 0.04779411764705882 0.041666666666666664
0 0.2847222222222222 0.22074142156862744 0.04493464052287582 0.048100490196078434
0 0.3382352941176471 0.22457107843137256 0.051470588235294115 0.04656862745098039
0 0.383374183006536 0.13403799019607843 0.04616013071895425 0.04871323529411765
0 0.431781045751634 0.14368872549019607 0.042483660130718956 0.04718137254901961
0 0.27450980392156865 0.11626838235294118 0.05228758169934641 0.05545343137254902
0 0.23835784313725492 0.3866421568627451 0.04044117647058824 0.04350490196078431
0 0.9483251633986928 0.1646752450980392 0.01511437908496732 0.026041666666666668
0 0.33843954248366015 0.38449754901960786 0.04861111111111111 0.04534313725490196
0 0.29473039215686275 0.6953125 0.044526143790849675 0.033394607843137254
0 0.24836601307189543 0.7034313725490197 0.04003267973856209 0.03431372549019608
0 0.25 0.7483149509803921 0.0392156862745098 0.03707107843137255
0 0.2959558823529412 0.7356004901960784 0.039624183006535946 0.03553921568627451
0 0.3431372549019608 0.7234987745098039 0.041666666666666664 0.03278186274509804
0 0.38562091503267976 0.7072610294117647 0.03022875816993464 0.033394607843137254
0 0.42687908496732024 0.6996017156862745 0.04084967320261438 0.02971813725490196
0 0.4693627450980392 0.6862745098039216 0.03349673202614379 0.03002450980392157
0 0.34538398692810457 0.6813725490196079 0.03799019607843137 0.029411764705882353
0 0.46834150326797386 0.6516544117647058 0.03145424836601307 0.03002450980392157
0 0.5484068627450981 0.6697303921568627 0.03145424836601307 0.03002450980392157
0 0.5841503267973857 0.6617647058823529 0.02696078431372549 0.029411764705882353
0 0.5465686274509803 0.6349571078431373 0.027777777777777776 0.023590686274509803
0 0.5816993464052288 0.6309742647058824 0.026143790849673203 0.024816176470588234
0 0.6139705882352942 0.6199448529411765 0.02696078431372549 0.023590686274509803
0 0.6127450980392157 0.6541053921568627 0.024509803921568627 0.028799019607843136
0 0.6454248366013072 0.6444546568627451 0.025326797385620915 0.027879901960784315
0 0.7032271241830066 0.6311274509803921 0.020833333333333332 0.028186274509803922
0 0.5116421568627451 0.6778492647058824 0.030637254901960783 0.03155637254901961
0 0.6437908496732027 0.6125919117647058 0.022058823529411766 0.0272671568627451
0 0.38439542483660133 0.6698835784313726 0.027777777777777776 0.0272671568627451
0 0.5126633986928104 0.6409313725490197 0.032679738562091505 0.029411764705882353
0 0.18525326797385622 0.7708333333333334 0.04616013071895425 0.04595588235294118
0 0.24591503267973855 0.6170343137254902 0.03104575163398693 0.03860294117647059
0 0.30106209150326796 0.6113664215686274 0.0457516339869281 0.03952205882352941
0 0.383374183006536 0.5928308823529411 0.042075163398692814 0.03860294117647059
0 0.42769607843137253 0.5830269607843137 0.03839869281045752 0.03370098039215686
0 0.4693627450980392 0.5775122549019608 0.03758169934640523 0.034926470588235295
0 0.24673202614379086 0.6597732843137255 0.04084967320261438 0.04013480392156863
0 0.2963643790849673 0.6544117647058824 0.044526143790849675 0.032475490196078434
0 0.42687908496732024 0.6628370098039216 0.03676470588235294 0.03462009803921569
0 0.3449754901960784 0.6427696078431373 0.039624183006535946 0.03553921568627451
0 0.42749183006535946 0.6223958333333334 0.03799019607843137 0.03155637254901961
0 0.4667075163398693 0.6153492647058824 0.0363562091503268 0.02971813725490196
0 0.5136846405228758 0.6069240196078431 0.034722222222222224 0.030637254901960783
0 0.5177696078431373 0.5693933823529411 0.034722222222222224 0.030943627450980393
0 0.5549428104575164 0.5654105392156863 0.02900326797385621 0.03462009803921569
0 0.5878267973856209 0.5591299019607843 0.03022875816993464 0.03125
0 0.553921568627451 0.6012561274509803 0.03104575163398693 0.03462009803921569
0 0.5902777777777778 0.5932904411764706 0.027777777777777776 0.030330882352941176
0 0.38623366013071897 0.6317401960784313 0.03145424836601307 0.032475490196078434
0 0.672998366013072 0.6070772058823529 0.02900326797385621 0.027879901960784315
0 0.6736111111111112 0.6372549019607843 0.026143790849673203 0.028186274509803922
0 0.7040441176470589 0.6003370098039216 0.02246732026143791 0.02971813725490196
0 0.5896650326797386 0.5062806372549019 0.03390522875816993 0.036458333333333336
0 0.5484068627450981 0.4759497549019608 0.03145424836601307 0.03278186274509804
0 0.5814950980392157 0.4716605392156863 0.0298202614379085 0.033394607843137254
0 0.5465686274509803 0.43765318627450983 0.031862745098039214 0.03462009803921569
0 0.5780228758169934 0.43612132352941174 0.03104575163398693 0.03462009803921569
0 0.6478758169934641 0.4319852941176471 0.03431372549019608 0.031862745098039214
0 0.6203022875816994 0.4681372549019608 0.03145424836601307 0.032475490196078434
0 0.6507352941176471 0.46629901960784315 0.028594771241830064 0.031862745098039214
0 0.5526960784313726 0.5117953431372549 0.032679738562091505 0.03278186274509804
0 0.678921568627451 0.46292892156862747 0.028594771241830064 0.03125
0 0.7091503267973857 0.4287683823529412 0.024509803921568627 0.03155637254901961
0 0.7083333333333334 0.46231617647058826 0.02696078431372549 0.03002450980392157
0 0.625 0.5033700980392157 0.028594771241830064 0.030637254901960783
0 0.653390522875817 0.5001531862745098 0.025735294117647058 0.030330882352941176
0 0.6813725490196079 0.4954044117647059 0.025326797385620915 0.03002450980392157
0 0.707312091503268 0.49356617647058826 0.024918300653594773 0.026348039215686275
0 0.7579656862745098 0.4866727941176471 0.02246732026143791 0.030330882352941176
0 0.7608251633986928 0.45511642156862747 0.020016339869281044 0.030330882352941176
0 0.6801470588235294 0.4332107843137255 0.02696078431372549 0.03431372549019608
0 0.5157271241830066 0.515625 0.03880718954248366 0.03431372549019608
0 0.4675245098039216 0.484375 0.03799019607843137 0.031862745098039214
0 0.4256535947712418 0.4921875 0.042483660130718956 0.03216911764705882
0 0.6462418300653595 0.5798100490196079 0.02696078431372549 0.0272671568627451
0 0.6174428104575164 0.5857843137254902 0.02165032679738562 0.027573529411764705
0 0.6954656862745098 0.5692401960784313 0.0298202614379085 0.030637254901960783
0 0.23958333333333334 0.46231617647058826 0.034722222222222224 0.04779411764705882
0 0.2875816993464052 0.4569546568627451 0.042483660130718956 0.043198529411764705
0 0.3372140522875817 0.45511642156862747 0.042075163398692814 0.04258578431372549
0 0.24183006535947713 0.5088848039215687 0.03104575163398693 0.041666666666666664
0 0.28737745098039214 0.5033700980392157 0.05024509803921569 0.03982843137254902
0 0.33700980392156865 0.49862132352941174 0.041666666666666664 0.03952205882352941
0 0.24305555555555555 0.5542279411764706 0.03349673202614379 0.042279411764705885
0 0.2890114379084967 0.547640931372549 0.0494281045751634 0.03829656862745098
0 0.33925653594771243 0.5419730392156863 0.03799019607843137 0.03860294117647059
0 0.38357843137254904 0.5358455882352942 0.042483660130718956 0.03860294117647059
0 0.4272875816993464 0.5291053921568627 0.041666666666666664 0.03431372549019608
0 0.4693627450980392 0.5235906862745098 0.03758169934640523 0.034926470588235295
0 0.3854166666666667 0.45389093137254904 0.04616013071895425 0.04013480392156863
0 0.42892156862745096 0.4499080882352941 0.03676470588235294 0.03768382352941176
0 0.4707924836601307 0.4456188725490196 0.04044117647058824 0.03829656862745098
0 0.38235294117647056 0.4950980392156863 0.04003267973856209 0.03553921568627451
0 0.1270424836601307 0.7815563725490197 0.05800653594771242 0.03431372549019608
0 0.2853349673202614 0.38449754901960786 0.054330065359477125 0.04534313725490196
0 0.6035539215686274 0.0389093137254902 0.03799019607843137 0.041666666666666664
0 0.860702614379085 0.34451593137254904 0.0196078431372549 0.02542892156862745
0 0.16605392156862744 0.46660539215686275 0.0559640522875817 0.04411764705882353
0 0.9379084967320261 0.3489583333333333 0.017973856209150325 0.03431372549019608
0 0.9368872549019608 0.3137254901960784 0.020016339869281044 0.03308823529411765
0 0.9174836601307189 0.3137254901960784 0.013071895424836602 0.03615196078431373
0 0.9174836601307189 0.35018382352941174 0.013071895424836602 0.03370098039215686
0 0.8991013071895425 0.35079656862745096 0.016339869281045753 0.031862745098039214
0 0.8974673202614379 0.31326593137254904 0.01715686274509804 0.036458333333333336
0 0.8786764705882353 0.3723958333333333 0.0196078431372549 0.0272671568627451
0 0.8549836601307189 0.3716299019607843 0.02042483660130719 0.025735294117647058
0 0.8799019607843137 0.34512867647058826 0.013888888888888888 0.023590686274509803
0 0.8770424836601307 0.3161764705882353 0.02042483660130719 0.028799019607843136
0 0.8092320261437909 0.34359681372549017 0.01715686274509804 0.02665441176470588
0 0.8345588235294118 0.34375 0.0196078431372549 0.02696078431372549
0 0.8314950980392157 0.37285539215686275 0.02165032679738562 0.028186274509803922
0 0.809640522875817 0.3737745098039216 0.017973856209150325 0.03002450980392157
0 0.7128267973856209 0.3785232843137255 0.024509803921568627 0.030330882352941176
0 0.6842320261437909 0.37974877450980393 0.02287581699346405 0.03278186274509804
0 0.6558415032679739 0.37974877450980393 0.026552287581699346 0.03278186274509804
0 0.6254084967320261 0.3791360294117647 0.025326797385620915 0.03462009803921569
0 0.59375 0.38097426470588236 0.030637254901960783 0.0352328431372549
0 0.7144607843137255 0.34375 0.027777777777777776 0.03002450980392157
0 0.6840277777777778 0.34620098039215685 0.02246732026143791 0.031862745098039214
0 0.6589052287581699 0.34390318627450983 0.024509803921568627 0.033394607843137254
0 0.6272467320261438 0.34359681372549017 0.02900326797385621 0.035845588235294115
0 0.5917075163398693 0.34206495098039214 0.030637254901960783 0.0352328431372549
0 0.7146650326797386 0.3095894607843137 0.028186274509803922 0.036458333333333336
0 0.6858660130718954 0.3089767156862745 0.022058823529411766 0.0352328431372549
0 0.09763071895424837 0.5203737745098039 0.06699346405228758 0.04381127450980392
0 0.0377859477124183 0.5819546568627451 0.06740196078431372 0.046875
0 0.1707516339869281 0.5182291666666666 0.061274509803921566 0.04258578431372549
0 0.17320261437908496 0.5654105392156863 0.05800653594771242 0.04381127450980392
0 0.28145424836601307 0.3391544117647059 0.05473856209150327 0.044730392156862746
0 0.3355800653594771 0.33700980392156865 0.05024509803921569 0.04350490196078431
0 0.3854166666666667 0.33838848039215685 0.04616013071895425 0.043198529411764705
0 0.06066176470588235 0.7924325980392157 0.06495098039215687 0.03829656862745098
0 0.18586601307189543 0.7201286764705882 0.04330065359477124 0.040747549019607844
0 0.12663398692810457 0.7340686274509803 0.061274509803921566 0.041666666666666664
0 0.05759803921568627 0.7449448529411765 0.06699346405228758 0.04258578431372549
0 0.18484477124183007 0.6761642156862745 0.04534313725490196 0.03676470588235294
0 0.12418300653594772 0.6862745098039216 0.06781045751633986 0.03615196078431373
0 0.054125816993464054 0.696078431372549 0.068218954248366 0.04105392156862745
0 0.3886846405228758 0.3831188725490196 0.04861111111111111 0.04258578431372549
0 0.44955065359477125 0.34068627450980393 0.042075163398692814 0.041666666666666664
0 0.4362745098039216 0.3828125 0.04003267973856209 0.0389093137254902
0 0.4791666666666667 0.38327205882352944 0.03758169934640523 0.03982843137254902
0 0.10804738562091504 0.5706188725490197 0.068218954248366 0.04197303921568627
0 0.5204248366013072 0.29993872549019607 0.03594771241830065 0.04105392156862745
0 0.5187908496732027 0.3821997549019608 0.032679738562091505 0.03768382352941176
0 0.5551470588235294 0.3805147058823529 0.03349673202614379 0.03431372549019608
0 0.5575980392156863 0.34298406862745096 0.03022875816993464 0.03707107843137255
0 0.5569852941176471 0.30284926470588236 0.02900326797385621 0.03829656862745098
0 0.5945669934640523 0.3049938725490196 0.03227124183006536 0.03952205882352941
0 0.6294934640522876 0.30621936274509803 0.029411764705882353 0.0389093137254902
0 0.6607434640522876 0.30775122549019607 0.024101307189542485 0.035845588235294115
0 0.5202205882352942 0.34175857843137253 0.03145424836601307 0.03768382352941176
0 0.17769607843137256 0.6299019607843137 0.04738562091503268 0.04656862745098039
0 0.1184640522875817 0.6403186274509803 0.056372549019607844 0.04350490196078431
0 0.0377859477124183 0.6487438725490197 0.06331699346405228 0.036458333333333336
