0 0.9088541666666666 0.50390625 0.03958333333333333 0.07265625
0 0.8651041666666667 0.5005859375 0.04791666666666667 0.080078125
0 0.7119791666666667 0.5029296875 0.030208333333333334 0.075390625
0 0.65625 0.4919921875 0.027083333333333334 0.091796875
0 0.6268229166666667 0.4935546875 0.028645833333333332 0.091796875
0 0.5963541666666666 0.4939453125 0.029166666666666667 0.091015625
0 0.5674479166666667 0.493359375 0.025520833333333333 0.0921875
0 0.5354166666666667 0.5015625 0.034375 0.078125
0 0.5028645833333333 0.4931640625 0.0265625 0.091796875
0 0.4752604166666667 0.4927734375 0.027604166666666666 0.091015625
0 0.44947916666666665 0.4927734375 0.023958333333333335 0.093359375
0 0.6830729166666667 0.500390625 0.024479166666666666 0.0828125
0 0.21536458333333333 0.748046875 0.024479166666666666 0.071875
0 0.7518229166666667 0.3591796875 0.0390625 0.061328125
0 0.27421875 0.744921875 0.024479166666666666 0.0703125
0 0.35390625 0.3587890625 0.0328125 0.105859375
0 0.39036458333333335 0.3599609375 0.0359375 0.103515625
0 0.42578125 0.366796875 0.0265625 0.09140625
0 0.45416666666666666 0.3666015625 0.026041666666666668 0.090234375
0 0.4856770833333333 0.3689453125 0.024479166666666666 0.087109375
0 0.5127604166666667 0.358984375 0.024479166666666666 0.10625
0 0.5395833333333333 0.3673828125 0.022916666666666665 0.091015625
0 0.24557291666666667 0.7466796875 0.024479166666666666 0.073828125
0 0.5705729166666667 0.3748046875 0.034895833333333334 0.078515625
0 0.6361979166666667 0.371875 0.03177083333333333 0.08203125
0 0.6713541666666667 0.373046875 0.035416666666666666 0.07890625
0 0.7088541666666667 0.36484375 0.03958333333333333 0.096875
0 0.421875 0.4931640625 0.028125 0.092578125
0 0.7927083333333333 0.3525390625 0.034375 0.074609375
0 0.9721354166666667 0.503515625 0.022395833333333334 0.071875
0 0.9921875 0.5046875 0.014583333333333334 0.0671875
0 0.6041666666666666 0.367578125 0.028125 0.0921875
0 0.39348958333333334 0.492578125 0.025520833333333333 0.090625
0 0.020572916666666666 0.5234375 0.04114583333333333 0.09453125
0 0.3223958333333333 0.503515625 0.052083333333333336 0.0359375
0 0.59609375 0.6126953125 0.0265625 0.095703125
0 0.6302083333333334 0.625 0.026041666666666668 0.06796875
0 0.6671875 0.62890625 0.027083333333333334 0.065625
0 0.7010416666666667 0.6173828125 0.036458333333333336 0.088671875
0 0.7388020833333333 0.622265625 0.0328125 0.0765625
0 0.7734375 0.6185546875 0.025 0.083984375
0 0.8075520833333333 0.621875 0.025520833333333333 0.0734375
0 0.5658854166666667 0.62109375 0.03177083333333333 0.0765625
0 0.83984375 0.6314453125 0.0265625 0.054296875
0 0.9088541666666666 0.627734375 0.029166666666666667 0.06640625
0 0.94453125 0.6224609375 0.024479166666666666 0.079296875
0 0.9864583333333333 0.619140625 0.029166666666666667 0.08203125
0 0.032552083333333336 0.761328125 0.04635416666666667 0.0859375
0 0.12916666666666668 0.7466796875 0.028125 0.069140625
0 0.16145833333333334 0.7455078125 0.029166666666666667 0.071484375
0 0.18880208333333334 0.75 0.022395833333333334 0.065625
0 0.8760416666666667 0.6421875 0.029166666666666667 0.0328125
0 0.53515625 0.612890625 0.027604166666666666 0.09296875
0 0.47734375 0.6189453125 0.030729166666666665 0.081640625
0 0.44557291666666665 0.6142578125 0.024479166666666666 0.090234375
0 0.3184895833333333 0.5310546875 0.0515625 0.016796875
0 0.31666666666666665 0.359375 0.035416666666666666 0.10390625
0 0.1203125 0.485546875 0.04583333333333333 0.11015625
0 0.16927083333333334 0.4869140625 0.04791666666666667 0.107421875
0 0.21380208333333334 0.4869140625 0.03802083333333333 0.105859375
0 0.25104166666666666 0.4890625 0.03229166666666667 0.10078125
0 0.2799479166666667 0.4966796875 0.022395833333333334 0.087109375
0 0.029427083333333333 0.644921875 0.04635416666666667 0.090625
0 0.12682291666666667 0.613671875 0.0390625 0.1015625
0 0.16484375 0.612109375 0.0328125 0.09921875
0 0.2 0.611328125 0.03229166666666667 0.10078125
0 0.23776041666666667 0.6123046875 0.03697916666666667 0.099609375
0 0.27395833333333336 0.612109375 0.03333333333333333 0.09921875
0 0.31015625 0.613671875 0.034895833333333334 0.09765625
0 0.34609375 0.6130859375 0.033854166666666664 0.098828125
0 0.38229166666666664 0.612109375 0.035416666666666666 0.09921875
0 0.415625 0.6146484375 0.029166666666666667 0.090234375
0 0.3625 0.494140625 0.029166666666666667 0.08828125
0 0.28177083333333336 0.3587890625 0.029166666666666667 0.105859375
0 0.7958333333333333 0.550390625 0.06979166666666667 0.0453125
0 0.21328125 0.36796875 0.03697916666666667 0.08828125
0 0.78046875 0.7458984375 0.0359375 0.072265625
0 0.8177083333333334 0.7458984375 0.030208333333333334 0.071484375
0 0.85234375 0.741015625 0.0328125 0.07890625
0 0.88671875 0.744140625 0.0328125 0.075
0 0.92109375 0.7376953125 0.0328125 0.087109375
0 0.9549479166666667 0.7400390625 0.0328125 0.078515625
0 0.98671875 0.7400390625 0.0265625 0.080859375
0 0.9815104166666667 0.8556640625 0.025520833333333333 0.078515625
0 0.9520833333333333 0.8458984375 0.03333333333333333 0.094921875
0 0.9192708333333334 0.848046875 0.029166666666666667 0.09921875
0 0.8888020833333333 0.847265625 0.03177083333333333 0.09921875
0 0.8604166666666667 0.844921875 0.025 0.0953125
0 0.8333333333333334 0.845703125 0.028125 0.0953125
0 0.8 0.846484375 0.040625 0.0984375
0 0.7596354166666667 0.846484375 0.022395833333333334 0.09375
0 0.7450520833333333 0.736328125 0.03177083333333333 0.090625
0 0.7330729166666666 0.8533203125 0.030729166666666665 0.083203125
0 0.715625 0.7572265625 0.023958333333333335 0.046484375
0 0.6377604166666667 0.73671875 0.04114583333333333 0.0875
0 0.42421875 0.7427734375 0.0296875 0.073046875
0 0.4544270833333333 0.7361328125 0.0265625 0.086328125
0 0.48151041666666666 0.7373046875 0.0234375 0.086328125
0 0.50546875 0.731640625 0.019270833333333334 0.08828125
0 0.6713541666666667 0.25390625 0.028125 0.075
0 0.7046875 0.2478515625 0.035416666666666666 0.087890625
0 0.7372395833333333 0.2470703125 0.027604166666666666 0.089453125
0 0.7677083333333333 0.24453125 0.026041666666666668 0.09609375
0 0.7942708333333334 0.2427734375 0.028125 0.101953125
0 0.5302083333333333 0.7375 0.028125 0.08671875
0 0.8580729166666666 0.2326171875 0.030729166666666665 0.117578125
0 0.88984375 0.2357421875 0.030729166666666665 0.112109375
0 0.5604166666666667 0.74140625 0.028125 0.0796875
0 0.5846354166666666 0.7509765625 0.018229166666666668 0.058984375
0 0.60546875 0.7568359375 0.018229166666666668 0.048828125
0 0.6809895833333334 0.73671875 0.04114583333333333 0.0875
0 0.24869791666666666 0.3587890625 0.030729166666666665 0.107421875
0 0.7010416666666667 0.848828125 0.03333333333333333 0.0890625
0 0.6252604166666667 0.8611328125 0.03802083333333333 0.062109375
0 0.9192708333333334 0.265234375 0.026041666666666668 0.053125
0 0.9604166666666667 0.2330078125 0.034375 0.114453125
0 0.9903645833333333 0.2294921875 0.021354166666666667 0.120703125
0 0.9643229166666667 0.3845703125 0.0359375 0.018359375
0 0.9341145833333333 0.3869140625 0.021354166666666667 0.049609375
0 0.8885416666666667 0.3767578125 0.03125 0.067578125
0 0.8619791666666666 0.3728515625 0.021875 0.076953125
0 0.83046875 0.3712890625 0.04010416666666667 0.083203125
0 0.7729166666666667 0.41484375 0.07395833333333333 0.04765625
0 0.7640625 0.4572265625 0.06979166666666667 0.033984375
0 0.7908854166666667 0.5013671875 0.08177083333333333 0.050390625
0 0.015104166666666667 0.395703125 0.030208333333333334 0.10078125
0 0.10963541666666667 0.36015625 0.03697916666666667 0.1046875
0 0.14583333333333334 0.3595703125 0.035416666666666666 0.105078125
0 0.1796875 0.367578125 0.030208333333333334 0.08984375
0 0.30234375 0.74609375 0.025520833333333333 0.0703125
0 0.6635416666666667 0.8486328125 0.035416666666666666 0.087890625
0 0.32890625 0.73359375 0.024479166666666666 0.09765625
0 0.390625 0.7421875 0.03333333333333333 0.078125
0 0.5877604166666667 0.851171875 0.03177083333333333 0.0890625
0 0.5533854166666666 0.852734375 0.0328125 0.084375
0 0.51875 0.8591796875 0.03333333333333333 0.073046875
0 0.4830729166666667 0.8578125 0.034895833333333334 0.078125
0 0.44479166666666664 0.8462890625 0.0375 0.096484375
0 0.4114583333333333 0.845703125 0.027083333333333334 0.09921875
0 0.37942708333333336 0.846484375 0.033854166666666664 0.0984375
0 0.3502604166666667 0.8470703125 0.025520833333333333 0.099609375
0 0.3143229166666667 0.8765625 0.04635416666666667 0.040625
0 0.27578125 0.8603515625 0.027604166666666666 0.070703125
0 0.24661458333333333 0.8595703125 0.027604166666666666 0.074609375
0 0.21015625 0.878125 0.04635416666666667 0.04140625
0 0.16979166666666667 0.8638671875 0.030208333333333334 0.071484375
0 0.13828125 0.8640625 0.030729166666666665 0.0734375
0 0.04583333333333333 0.85546875 0.051041666666666666 0.08515625
0 0.35885416666666664 0.75 0.030208333333333334 0.0609375
0 0.9638020833333333 0.40234375 0.0359375 0.01796875
0 0.82578125 0.2337890625 0.027604166666666666 0.113671875
0 0.4 0.2263671875 0.03229166666666667 0.128515625
0 0.0140625 0.2826171875 0.028125 0.102734375
0 0.12916666666666668 0.241015625 0.030208333333333334 0.10078125
0 0.15807291666666667 0.2423828125 0.025520833333333333 0.096484375
0 0.184375 0.2423828125 0.023958333333333335 0.098046875
0 0.2109375 0.2431640625 0.026041666666666668 0.092578125
0 0.2703125 0.234375 0.029166666666666667 0.1140625
0 0.303125 0.2349609375 0.034375 0.113671875
0 0.33645833333333336 0.230859375 0.028125 0.121875
0 0.365625 0.2298828125 0.03229166666666667 0.120703125
0 0.4296875 0.23203125 0.026041666666666668 0.11796875
0 0.49244791666666665 0.2322265625 0.034895833333333334 0.117578125
0 0.525 0.2310546875 0.027083333333333334 0.119140625
0 0.4596354166666667 0.236328125 0.030729166666666665 0.1125
0 0.6111979166666667 0.2466796875 0.0234375 0.087109375
0 0.553125 0.2314453125 0.025 0.117578125
0 0.5833333333333334 0.2498046875 0.028125 0.077734375
0 0.6390625 0.244140625 0.03125 0.09296875
