0 0.38439542483660133 0.5093443627450981 0.04738562091503268 0.07935049019607843
0 0.4485294117647059 0.3947610294117647 0.03676470588235294 0.07567401960784313
0 0.4099264705882353 0.4105392156862745 0.037173202614379085 0.04411764705882353
0 0.4875408496732026 0.39246323529411764 0.04125816993464052 0.07230392156862746
0 0.5234885620915033 0.39368872549019607 0.03145424836601307 0.06862745098039216
0 0.5586192810457516 0.39047181372549017 0.0363562091503268 0.06525735294117647
0 0.5953839869281046 0.38848039215686275 0.037173202614379085 0.06678921568627451
0 0.6388888888888888 0.38878676470588236 0.03839869281045752 0.07107843137254902
0 0.34334150326797386 0.5094975490196079 0.03390522875816993 0.07720588235294118
0 0.43137254901960786 0.508578431372549 0.0392156862745098 0.08149509803921569
0 0.36887254901960786 0.8563112745098039 0.04493464052287582 0.10110294117647059
0 0.5210375816993464 0.5024509803921569 0.034722222222222224 0.08149509803921569
0 0.565359477124183 0.49754901960784315 0.0457516339869281 0.0784313725490196
0 0.6045751633986928 0.49693627450980393 0.03104575163398693 0.07659313725490197
0 0.42116013071895425 0.8416053921568627 0.05555555555555555 0.09926470588235294
0 0.3241421568627451 0.8569240196078431 0.04044117647058824 0.1053921568627451
0 0.23243464052287582 0.8373161764705882 0.05310457516339869 0.08762254901960784
0 0.18055555555555555 0.8419117647058824 0.04330065359477124 0.08700980392156862
0 0.13562091503267973 0.8440563725490197 0.04330065359477124 0.07965686274509803
0 0.09027777777777778 0.8520220588235294 0.041666666666666664 0.0821078431372549
0 0.04411764705882353 0.8526348039215687 0.04738562091503268 0.08149509803921569
0 0.36887254901960786 0.4146752450980392 0.03676470588235294 0.048100490196078434
0 0.4722222222222222 0.8431372549019608 0.0392156862745098 0.11213235294117647
0 0.3327205882352941 0.4140625 0.037173202614379085 0.05116421568627451
0 0.8308823529411765 0.2777267156862745 0.03104575163398693 0.053002450980392156
0 0.9442401960784313 0.2737438725490196 0.03308823529411765 0.0548406862745098
0 0.7990196078431373 0.5791973039215687 0.028594771241830064 0.0664828431372549
0 0.8276143790849673 0.5819546568627451 0.028594771241830064 0.06219362745098039
0 0.8553921568627451 0.5785845588235294 0.02696078431372549 0.05912990196078431
0 0.8884803921568627 0.5779718137254902 0.03594771241830065 0.06096813725490196
0 0.920751633986928 0.5767463235294118 0.02696078431372549 0.06464460784313726
0 0.9464869281045751 0.5770526960784313 0.025326797385620915 0.0628063725490196
0 0.9918300653594772 0.6688112745098039 0.017973856209150325 0.05392156862745098
0 0.9758986928104575 0.5715379901960784 0.02696078431372549 0.05422794117647059
0 0.5204248366013072 0.8363970588235294 0.05392156862745098 0.1133578431372549
0 0.8570261437908496 0.4675245098039216 0.026143790849673203 0.06066176470588235
0 0.8860294117647058 0.47058823529411764 0.03104575163398693 0.05575980392156863
0 0.9195261437908496 0.46875 0.028594771241830064 0.05698529411764706
0 0.9481209150326797 0.4690563725490196 0.024509803921568627 0.05575980392156863
0 0.9791666666666666 0.4684436274509804 0.03758169934640523 0.05330882352941176
0 0.7939133986928104 0.47150735294117646 0.03390522875816993 0.0625
0 0.8811274509803921 0.36580882352941174 0.029411764705882353 0.05269607843137255
0 0.9652777777777778 0.6691176470588235 0.03431372549019608 0.05392156862745098
0 0.9101307189542484 0.6697303921568627 0.026143790849673203 0.05821078431372549
0 0.8251633986928104 0.6755514705882353 0.031862745098039214 0.061887254901960786
0 0.7930964052287581 0.6755514705882353 0.03227124183006536 0.06066176470588235
0 0.9863153594771242 0.7571997549019608 0.027369281045751634 0.0585171568627451
0 0.9571078431372549 0.7584252450980392 0.03022875816993464 0.06096813725490196
0 0.9272875816993464 0.7590379901960784 0.027777777777777776 0.05912990196078431
0 0.8986928104575164 0.7645526960784313 0.027777777777777776 0.06709558823529412
0 0.9338235294117647 0.6703431372549019 0.024509803921568627 0.05698529411764706
0 0.8676470588235294 0.7660845588235294 0.035130718954248366 0.06403186274509803
0 0.7969771241830066 0.7691482843137255 0.032679738562091505 0.07322303921568628
0 0.6531862745098039 0.8238357843137255 0.03839869281045752 0.1017156862745098
0 0.6119281045751634 0.8278186274509803 0.03758169934640523 0.11151960784313726
0 0.5680147058823529 0.8311887254901961 0.0428921568627451 0.11458333333333333
0 0.8529411764705882 0.6755514705882353 0.026143790849673203 0.06066176470588235
0 0.8827614379084967 0.6749387254901961 0.028594771241830064 0.06311274509803921
0 0.8312908496732027 0.7709865196078431 0.03594771241830065 0.06954656862745098
0 0.9736519607843137 0.27236519607843135 0.030637254901960783 0.052083333333333336
0 0.9084967320261438 0.36734068627450983 0.02696078431372549 0.04840686274509804
0 0.9665032679738562 0.3704044117647059 0.024509803921568627 0.04840686274509804
0 0.3831699346405229 0.27558210784313725 0.049019607843137254 0.11366421568627451
0 0.43218954248366015 0.27619485294117646 0.04493464052287582 0.11427696078431372
0 0.4791666666666667 0.2700674019607843 0.04084967320261438 0.10876225490196079
0 0.5216503267973857 0.2722120098039216 0.04003267973856209 0.10692401960784313
0 0.5635212418300654 0.27190563725490197 0.03799019607843137 0.109375
0 0.6049836601307189 0.2743566176470588 0.04411764705882353 0.1056985294117647
0 0.3335375816993464 0.28140318627450983 0.0428921568627451 0.1130514705882353
0 0.6531862745098039 0.2725183823529412 0.042483660130718956 0.10753676470588236
0 0.8829656862745098 0.17647058823529413 0.061683006535947715 0.05392156862745098
0 0.9470996732026143 0.17677696078431374 0.06331699346405228 0.05698529411764706
0 0.8047385620915033 0.2769607843137255 0.02369281045751634 0.05514705882352941
0 0.8602941176470589 0.2734375 0.024509803921568627 0.05116421568627451
0 0.8858251633986928 0.27328431372549017 0.026552287581699346 0.05269607843137255
0 0.9136029411764706 0.2743566176470588 0.024918300653594773 0.053002450980392156
0 0.8202614379084967 0.17463235294117646 0.06290849673202614 0.058823529411764705
0 0.9379084967320261 0.36764705882352944 0.028594771241830064 0.05330882352941176
0 0.2928921568627451 0.28293504901960786 0.0392156862745098 0.10998774509803921
0 0.1409313725490196 0.2535232843137255 0.0457516339869281 0.0818014705882353
0 0.9912173202614379 0.36795343137254904 0.020833333333333332 0.0508578431372549
0 0.30514705882352944 0.1559436274509804 0.0392156862745098 0.09191176470588236
0 0.3478349673202614 0.16482843137254902 0.03880718954248366 0.0741421568627451
0 0.3888888888888889 0.16973039215686275 0.04003267973856209 0.08272058823529412
0 0.43709150326797386 0.16605392156862744 0.05065359477124183 0.08394607843137254
0 0.4869281045751634 0.16084558823529413 0.04411764705882353 0.08639705882352941
0 0.18790849673202614 0.25628063725490197 0.041666666666666664 0.07751225490196079
0 0.5330882352941176 0.1636029411764706 0.03839869281045752 0.07659313725490197
0 0.056781045751633986 0.13174019607843138 0.05228758169934641 0.061887254901960786
0 0.10110294117647059 0.1329656862745098 0.034722222222222224 0.061274509803921566
0 0.1437908496732026 0.13511029411764705 0.04330065359477124 0.06556372549019608
0 0.1854575163398693 0.13664215686274508 0.03676470588235294 0.06311274509803921
0 0.0363562091503268 0.2630208333333333 0.05228758169934641 0.09160539215686274
0 0.09252450980392157 0.25965073529411764 0.054330065359477125 0.09221813725490197
0 0.6727941176470589 0.16329656862745098 0.04493464052287582 0.07598039215686274
0 0.8272058823529411 0.47120098039215685 0.031862745098039214 0.06372549019607843
0 0.47794117647058826 0.5062806372549019 0.042483660130718956 0.08241421568627451
0 0.19015522875816993 0.7412683823529411 0.04616013071895425 0.0664828431372549
0 0.20016339869281047 0.3711703431372549 0.05392156862745098 0.10447303921568628
0 0.14869281045751634 0.3717830882352941 0.049019607843137254 0.10447303921568628
0 0.10437091503267974 0.3720894607843137 0.037173202614379085 0.10263480392156862
0 0.05269607843137255 0.37300857843137253 0.06454248366013073 0.10692401960784313
0 0.215890522875817 0.4877450980392157 0.05269607843137255 0.10110294117647059
0 0.1607434640522876 0.4966299019607843 0.044526143790849675 0.09436274509803921
0 0.01715686274509804 0.6030943627450981 0.03431372549019608 0.08363970588235294
0 0.21915849673202614 0.6289828431372549 0.0428921568627451 0.07169117647058823
0 0.16523692810457516 0.6191789215686274 0.04125816993464052 0.09129901960784313
0 0.1170343137254902 0.6147365196078431 0.04616013071895425 0.09466911764705882
0 0.1352124183006536 0.7314644607843137 0.04656862745098039 0.06832107843137254
0 0.23570261437908496 0.742953431372549 0.0392156862745098 0.06372549019607843
0 0.07066993464052287 0.6161151960784313 0.04330065359477124 0.09436274509803921
0 0.03145424836601307 0.7495404411764706 0.04656862745098039 0.07996323529411764
0 0.6454248366013072 0.7028186274509803 0.04330065359477124 0.0784313725490196
0 0.08415032679738563 0.7490808823529411 0.03349673202614379 0.06678921568627451
0 0.5643382352941176 0.7058823529411765 0.03553921568627451 0.08455882352941177
0 0.6462418300653595 0.4950980392156863 0.04084967320261438 0.08026960784313726
0 0.3915441176470588 0.6162683823529411 0.04125816993464052 0.07628676470588236
0 0.43770424836601307 0.6119791666666666 0.04779411764705882 0.08486519607843138
0 0.4783496732026144 0.6076899509803921 0.03104575163398693 0.08057598039215687
0 0.5159313725490197 0.5968137254901961 0.032679738562091505 0.0784313725490196
0 0.6019199346405228 0.7046568627450981 0.03799019607843137 0.07720588235294118
0 0.5941584967320261 0.5926776960784313 0.034722222222222224 0.08057598039215687
0 0.5575980392156863 0.6040134803921569 0.03431372549019608 0.07935049019607843
0 0.35314542483660133 0.7299325980392157 0.04125816993464052 0.07751225490196079
0 0.39624183006535946 0.7285539215686274 0.042483660130718956 0.08088235294117647
0 0.43443627450980393 0.7066482843137255 0.03308823529411765 0.07077205882352941
0 0.46772875816993464 0.6982230392156863 0.026143790849673203 0.06556372549019608
0 0.5140931372549019 0.7136948529411765 0.037173202614379085 0.060355392156862746
0 0.6470588235294118 0.5986519607843137 0.03839869281045752 0.08088235294117647
