0 0.2140625 0.8806640625 0.065625 0.068359375
0 0.28880208333333335 0.8767578125 0.0703125 0.059765625
0 0.1265625 0.975 0.078125 0.04921875
0 0.209375 0.9697265625 0.07604166666666666 0.058203125
0 0.29453125 0.969921875 0.07135416666666666 0.05859375
0 0.35911458333333335 0.585546875 0.049479166666666664 0.0875
0 0.30182291666666666 0.5833984375 0.05677083333333333 0.083984375
0 0.2453125 0.5822265625 0.052083333333333336 0.086328125
0 0.18255208333333334 0.5869140625 0.058854166666666666 0.080859375
0 0.11328125 0.5822265625 0.058854166666666666 0.086328125
0 0.04973958333333333 0.58515625 0.059895833333333336 0.0828125
0 0.9755208333333333 0.52109375 0.04895833333333333 0.09296875
0 0.91953125 0.515625 0.05260416666666667 0.0859375
0 0.86796875 0.4990234375 0.0453125 0.080078125
0 0.80546875 0.4947265625 0.0390625 0.082421875
0 0.7515625 0.4966796875 0.04895833333333333 0.074609375
0 0.6984375 0.4962890625 0.04895833333333333 0.075390625
0 0.3497395833333333 0.2666015625 0.04010416666666667 0.084765625
0 0.06276041666666667 0.2521484375 0.04635416666666667 0.088671875
0 0.46953125 0.9591796875 0.016145833333333335 0.041796875
0 0.4236979166666667 0.9564453125 0.0234375 0.047265625
0 0.4934895833333333 0.83828125 0.04114583333333333 0.04921875
0 0.5393229166666667 0.8376953125 0.04739583333333333 0.043359375
0 0.359375 0.8904296875 0.05 0.048046875
0 0.40651041666666665 0.8908203125 0.0421875 0.048046875
0 0.9471354166666667 0.288671875 0.021354166666666667 0.1296875
0 0.4947916666666667 0.8904296875 0.04375 0.045703125
0 0.5411458333333333 0.891015625 0.046875 0.046875
0 0.35104166666666664 0.9513671875 0.026041666666666668 0.055078125
0 0.44869791666666664 0.95390625 0.0203125 0.05
0 0.3765625 0.9564453125 0.021875 0.053515625
0 0.02578125 0.79296875 0.03802083333333333 0.07265625
0 0.06197916666666667 0.794921875 0.028125 0.06953125
0 0.023177083333333334 0.884375 0.03697916666666667 0.0703125
0 0.062239583333333334 0.8802734375 0.0359375 0.069140625
0 0.13125 0.887890625 0.078125 0.075
0 0.4947916666666667 0.95546875 0.023958333333333335 0.05234375
0 0.4239583333333333 0.265234375 0.0375 0.0875
0 0.38567708333333334 0.26484375 0.0328125 0.084375
0 0.40078125 0.9564453125 0.0203125 0.050390625
0 0.10677083333333333 0.2564453125 0.03854166666666667 0.090234375
0 0.0296875 0.2673828125 0.016666666666666666 0.082421875
0 0.18463541666666666 0.2587890625 0.04010416666666667 0.083203125
0 0.9848958333333333 0.4318359375 0.03125 0.069921875
0 0.94921875 0.4099609375 0.0328125 0.084765625
0 0.815625 0.3966796875 0.035416666666666666 0.083984375
0 0.7486979166666666 0.389453125 0.03697916666666667 0.0765625
0 0.7013020833333333 0.38046875 0.0546875 0.0796875
0 0.6440104166666667 0.3841796875 0.0515625 0.073828125
0 0.5875 0.382421875 0.057291666666666664 0.078125
0 0.5325520833333334 0.3810546875 0.049479166666666664 0.080078125
0 0.4786458333333333 0.3814453125 0.05416666666666667 0.082421875
0 0.4236979166666667 0.384765625 0.049479166666666664 0.07734375
0 0.3690104166666667 0.383203125 0.0453125 0.07890625
0 0.31640625 0.38828125 0.05572916666666667 0.07421875
0 0.24036458333333333 0.38515625 0.06197916666666667 0.075
0 0.18828125 0.3798828125 0.043229166666666666 0.084765625
0 0.13072916666666667 0.3796875 0.06666666666666667 0.08203125
0 0.0671875 0.376171875 0.04583333333333333 0.08828125
0 0.0203125 0.375390625 0.040625 0.08828125
0 0.023697916666666666 0.4833984375 0.04114583333333333 0.083984375
0 0.06744791666666666 0.4806640625 0.0421875 0.087109375
0 0.12083333333333333 0.4861328125 0.06041666666666667 0.082421875
0 0.18567708333333333 0.485546875 0.0546875 0.08203125
0 0.23020833333333332 0.2607421875 0.041666666666666664 0.086328125
0 0.26614583333333336 0.2583984375 0.028125 0.086328125
0 0.3028645833333333 0.2587890625 0.0390625 0.090234375
0 0.6455729166666667 0.49609375 0.0546875 0.078125
0 0.5921875 0.4974609375 0.046875 0.075390625
0 0.5388020833333333 0.48515625 0.05572916666666667 0.08515625
0 0.47161458333333334 0.484765625 0.05677083333333333 0.0890625
0 0.4161458333333333 0.48203125 0.051041666666666666 0.08671875
0 0.45208333333333334 0.8408203125 0.040625 0.042578125
0 0.4661458333333333 0.2583984375 0.03854166666666667 0.086328125
0 0.5388020833333333 0.2615234375 0.0328125 0.098046875
0 0.8078125 0.2923828125 0.07604166666666666 0.112890625
0 0.8661458333333333 0.2962890625 0.025 0.120703125
0 0.9088541666666666 0.29609375 0.05416666666666667 0.1171875
0 0.9809895833333333 0.2748046875 0.04010416666666667 0.112890625
0 0.3609375 0.4802734375 0.04895833333333333 0.085546875
0 0.2986979166666667 0.4837890625 0.05364583333333333 0.080859375
0 0.24270833333333333 0.486328125 0.057291666666666664 0.07734375
0 0.5028645833333333 0.270703125 0.0296875 0.08125
0 0.22057291666666667 0.7662109375 0.06197916666666667 0.069921875
0 0.45234375 0.893359375 0.04114583333333333 0.04609375
0 0.40859375 0.8408203125 0.0390625 0.044140625
0 0.696875 0.90078125 0.022916666666666665 0.0578125
0 0.6705729166666666 0.9015625 0.025520833333333333 0.053125
0 0.6434895833333333 0.901953125 0.024479166666666666 0.05546875
0 0.6135416666666667 0.903515625 0.027083333333333334 0.05390625
0 0.5854166666666667 0.90625 0.027083333333333334 0.0515625
0 0.7859375 0.8109375 0.029166666666666667 0.059375
0 0.75625 0.8111328125 0.026041666666666668 0.061328125
0 0.7307291666666667 0.8123046875 0.023958333333333335 0.059765625
0 0.7013020833333333 0.812890625 0.027604166666666666 0.06015625
0 0.7278645833333334 0.896875 0.028645833333333332 0.06015625
0 0.6721354166666667 0.815234375 0.028645833333333332 0.05546875
0 0.6143229166666667 0.818359375 0.028645833333333332 0.05703125
0 0.58359375 0.819921875 0.0265625 0.05390625
0 0.7846354166666667 0.73671875 0.0234375 0.04921875
0 0.7299479166666667 0.7349609375 0.0328125 0.048046875
0 0.7013020833333333 0.734375 0.024479166666666666 0.05
0 0.6739583333333333 0.73671875 0.026041666666666668 0.0515625
0 0.41901041666666666 0.7125 0.05677083333333333 0.05546875
0 0.47890625 0.7119140625 0.0515625 0.051953125
0 0.5348958333333333 0.710546875 0.058333333333333334 0.0546875
0 0.6424479166666667 0.8138671875 0.022395833333333334 0.060546875
0 0.7575520833333333 0.897265625 0.025520833333333333 0.059375
0 0.7872395833333333 0.8994140625 0.03177083333333333 0.057421875
0 0.57890625 0.9767578125 0.0234375 0.044140625
0 0.6106770833333334 0.665234375 0.027604166666666666 0.05
0 0.6419270833333334 0.66328125 0.034895833333333334 0.05546875
0 0.6723958333333333 0.9744140625 0.03333333333333333 0.046484375
0 0.7005208333333334 0.976171875 0.019791666666666666 0.04609375
0 0.7229166666666667 0.9755859375 0.021875 0.044140625
0 0.7486979166666666 0.9763671875 0.027604166666666666 0.046484375
0 0.77890625 0.9759765625 0.028645833333333332 0.043359375
0 0.5825520833333333 0.66484375 0.024479166666666666 0.04453125
0 0.8752604166666667 0.7916015625 0.049479166666666664 0.082421875
0 0.8221354166666667 0.6880859375 0.04635416666666667 0.104296875
0 0.047135416666666666 0.6697265625 0.0515625 0.046484375
0 0.04296875 0.7181640625 0.04635416666666667 0.041796875
0 0.1109375 0.678125 0.04375 0.06796875
0 0.153125 0.6732421875 0.03229166666666667 0.066015625
0 0.18880208333333334 0.681640625 0.034895833333333334 0.0734375
0 0.22682291666666668 0.6841796875 0.04114583333333333 0.070703125
0 0.26875 0.683203125 0.036458333333333336 0.075
0 0.3109375 0.6759765625 0.035416666666666666 0.063671875
0 0.36015625 0.7125 0.0578125 0.05546875
0 0.6401041666666667 0.9712890625 0.028125 0.052734375
0 0.6065104166666667 0.97734375 0.0265625 0.04375
0 0.36432291666666666 0.768359375 0.05572916666666667 0.053125
0 0.15234375 0.7693359375 0.0640625 0.067578125
0 0.42213541666666665 0.7681640625 0.05677083333333333 0.051171875
0 0.6721354166666667 0.6599609375 0.019270833333333334 0.048828125
0 0.10651041666666666 0.7671875 0.015104166666666667 0.04765625
0 0.42239583333333336 0.587890625 0.06354166666666666 0.0828125
0 0.4825520833333333 0.587890625 0.05677083333333333 0.0859375
0 0.5817708333333333 0.5984375 0.026041666666666668 0.046875
0 0.4791666666666667 0.76875 0.052083333333333336 0.0515625
0 0.6106770833333334 0.5955078125 0.027604166666666666 0.044921875
0 0.9895833333333334 0.6462890625 0.017708333333333333 0.111328125
0 0.6393229166666666 0.59609375 0.0265625 0.03984375
0 0.6932291666666667 0.5919921875 0.025 0.044140625
0 0.7247395833333333 0.5931640625 0.03177083333333333 0.040234375
0 0.75390625 0.5919921875 0.021354166666666667 0.049609375
0 0.9463541666666667 0.654296875 0.05625 0.09453125
0 0.8854166666666666 0.5919921875 0.053125 0.089453125
0 0.53828125 0.767578125 0.06510416666666667 0.05234375
0 0.6666666666666666 0.5931640625 0.028125 0.042578125
0 0.93359375 0.763671875 0.044270833333333336 0.10546875
0 0.9848958333333333 0.762109375 0.03125 0.11015625
0 0.9466145833333334 0.8953125 0.0671875 0.13203125
0 0.6984375 0.66015625 0.029166666666666667 0.05390625
0 0.7278645833333334 0.65859375 0.021354166666666667 0.05390625
0 0.7559895833333333 0.6623046875 0.025520833333333333 0.052734375
0 0.7856770833333333 0.665625 0.03177083333333333 0.05078125
0 0.6190104166666667 0.739453125 0.021354166666666667 0.0515625
0 0.6455729166666667 0.7369140625 0.028645833333333332 0.049609375
0 0.5203125 0.9578125 0.021875 0.04921875
0 0.5434895833333333 0.9568359375 0.025520833333333333 0.051953125
0 0.08671875 0.7697265625 0.015104166666666667 0.044140625
0 0.8747395833333333 0.691796875 0.0359375 0.078125
0 0.8239583333333333 0.811328125 0.03958333333333333 0.0921875
0 0.3606770833333333 0.8419921875 0.05260416666666667 0.044921875
0 0.8200520833333333 0.9171875 0.030729166666666665 0.1109375
0 0.88046875 0.9189453125 0.04739583333333333 0.099609375
0 0.9916666666666667 0.901953125 0.017708333333333333 0.13671875
0 0.81484375 0.5953125 0.033854166666666664 0.0734375
0 0.78203125 0.588671875 0.024479166666666666 0.0546875
