0 0.4936683006535948 0.8163296568627451 0.01838235294117647 0.02849264705882353
0 0.3974673202614379 0.5287990196078431 0.04656862745098039 0.03431372549019608
0 0.44669117647058826 0.5307904411764706 0.05923202614379085 0.03829656862745098
0 0.5091911764705882 0.49831495098039214 0.0559640522875817 0.04013480392156863
0 0.5633169934640523 0.4993872549019608 0.05228758169934641 0.042279411764705885
0 0.5073529411764706 0.5378370098039216 0.0457516339869281 0.03707107843137255
0 0.5635212418300654 0.5378370098039216 0.0625 0.03707107843137255
0 0.6217320261437909 0.5390625 0.049836601307189546 0.03707107843137255
0 0.6738153594771242 0.5422794117647058 0.04534313725490196 0.028186274509803922
0 0.4485294117647059 0.49371936274509803 0.04003267973856209 0.03829656862745098
0 0.6801470588235294 0.5024509803921569 0.05473856209150327 0.03553921568627451
0 0.4536356209150327 0.18290441176470587 0.06658496732026144 0.08394607843137254
0 0.37969771241830064 0.1792279411764706 0.07393790849673203 0.08884803921568628
0 0.29125816993464054 0.17325367647058823 0.06209150326797386 0.09712009803921569
0 0.22181372549019607 0.17310049019607843 0.06781045751633986 0.07659313725490197
0 0.15216503267973855 0.16942401960784315 0.07066993464052287 0.08394607843137254
0 0.059027777777777776 0.15824142156862744 0.0886437908496732 0.06403186274509803
0 0.7871732026143791 0.5038296568627451 0.04820261437908497 0.03829656862745098
0 0.8457924836601307 0.5045955882352942 0.06004901960784314 0.032475490196078434
0 0.6205065359477124 0.49785539215686275 0.04738562091503268 0.0392156862745098
0 0.431781045751634 0.8529411764705882 0.0392156862745098 0.04718137254901961
0 0.40584150326797386 0.4931066176470588 0.053513071895424834 0.03952205882352941
0 0.34048202614379086 0.4931066176470588 0.03799019607843137 0.03462009803921569
0 0.5933415032679739 0.8232230392156863 0.0298202614379085 0.0545343137254902
0 0.940359477124183 0.8511029411764706 0.07761437908496732 0.08272058823529412
0 0.17034313725490197 0.38480392156862747 0.04411764705882353 0.03553921568627451
0 0.3874591503267974 0.8374693627450981 0.05269607843137255 0.030943627450980393
0 0.17626633986928106 0.8651960784313726 0.06576797385620915 0.05698529411764706
0 0.826797385620915 0.3115808823529412 0.07434640522875817 0.0741421568627451
0 0.7626633986928104 0.3098958333333333 0.05228758169934641 0.08057598039215687
0 0.6964869281045751 0.3037683823529412 0.08088235294117647 0.06709558823529412
0 0.29697712418300654 0.4955575980392157 0.059640522875817 0.03462009803921569
0 0.6239787581699346 0.29856004901960786 0.061683006535947715 0.07567401960784313
0 0.5600490196078431 0.2997855392156863 0.0718954248366013 0.07506127450980392
0 0.4944852941176471 0.3002450980392157 0.05923202614379085 0.07169117647058823
0 0.05473856209150327 0.33517156862745096 0.09967320261437909 0.06985294117647059
0 0.05249183006535948 0.25045955882352944 0.1017156862745098 0.0585171568627451
0 0.7875816993464052 0.19316789215686275 0.06535947712418301 0.08854166666666667
0 0.7236519607843137 0.19255514705882354 0.0625 0.08854166666666667
0 0.647671568627451 0.18887867647058823 0.07230392156862746 0.09099264705882353
0 0.5285947712418301 0.1881127450980392 0.06535947712418301 0.0821078431372549
0 0.7900326797385621 0.538296568627451 0.04411764705882353 0.025735294117647058
0 0.8431372549019608 0.5390625 0.061274509803921566 0.02665441176470588
0 0.9626225490196079 0.7248774509803921 0.0363562091503268 0.0704656862745098
0 0.9763071895424836 0.4954044117647059 0.05065359477124183 0.10355392156862746
0 0.35314542483660133 0.38786764705882354 0.056781045751633986 0.041666666666666664
0 0.28574346405228757 0.42754289215686275 0.06413398692810457 0.03462009803921569
0 0.9470996732026143 0.6102941176470589 0.024918300653594773 0.09191176470588236
0 0.9736519607843137 0.6112132352941176 0.025735294117647058 0.09497549019607843
0 0.3472222222222222 0.42815563725490197 0.05800653594771242 0.033394607843137254
0 0.41013071895424835 0.42861519607843135 0.05555555555555555 0.04656862745098039
0 0.4679330065359477 0.4341299019607843 0.05923202614379085 0.0392156862745098
0 0.46875 0.3903186274509804 0.054330065359477125 0.04411764705882353
0 0.409109477124183 0.38756127450980393 0.046977124183006536 0.026348039215686275
0 0.528390522875817 0.39629289215686275 0.054330065359477125 0.040747549019607844
0 0.5334967320261438 0.4341299019607843 0.05473856209150327 0.032475490196078434
0 0.5933415032679739 0.4352022058823529 0.05923202614379085 0.03707107843137255
0 0.2863562091503268 0.3861825980392157 0.05228758169934641 0.043198529411764705
0 0.5845588235294118 0.3947610294117647 0.061274509803921566 0.043198529411764705
0 0.696078431372549 0.3978247549019608 0.04738562091503268 0.036458333333333336
0 0.647671568627451 0.43275122549019607 0.0428921568627451 0.02971813725490196
0 0.6917892156862745 0.43244485294117646 0.04534313725490196 0.03400735294117647
0 0.7677696078431373 0.43535539215686275 0.051879084967320264 0.032475490196078434
0 0.8184232026143791 0.43765318627450983 0.044526143790849675 0.03216911764705882
0 0.8286356209150327 0.4059436274509804 0.05841503267973856 0.04044117647058824
0 0.7497957516339869 0.39828431372549017 0.0559640522875817 0.037377450980392156
0 0.22569444444444445 0.5010723039215687 0.039624183006535946 0.057904411764705885
0 0.2853349673202614 0.5289522058823529 0.053513071895424834 0.03462009803921569
0 0.8764297385620915 0.7293198529411765 0.015931372549019607 0.0818014705882353
0 0.897671568627451 0.7267156862745098 0.024918300653594773 0.07904411764705882
0 0.9334150326797386 0.7193627450980392 0.021241830065359478 0.08149509803921569
0 0.6480800653594772 0.39828431372549017 0.046977124183006536 0.034926470588235295
0 0.9234068627450981 0.49433210784313725 0.05024509803921569 0.09650735294117647
0 0.23100490196078433 0.3861825980392157 0.056781045751633986 0.048100490196078434
0 0.17769607843137256 0.4175857843137255 0.03594771241830065 0.031862745098039214
0 0.34191176470588236 0.532015931372549 0.04738562091503268 0.027879901960784315
0 0.9215686274509803 0.6121323529411765 0.02696078431372549 0.08700980392156862
0 0.7295751633986928 0.6608455882352942 0.051470588235294115 0.03125
0 0.7242647058823529 0.6190257352941176 0.04738562091503268 0.02665441176470588
0 0.6791258169934641 0.6266850490196079 0.05269607843137255 0.02971813725490196
0 0.5874183006535948 0.6420036764705882 0.05392156862745098 0.048100490196078434
0 0.17463235294117646 0.6507352941176471 0.0559640522875817 0.03308823529411765
0 0.24142156862745098 0.6081495098039216 0.04411764705882353 0.031862745098039214
0 0.2406045751633987 0.6496629901960784 0.056372549019607844 0.026041666666666668
0 0.29473039215686275 0.6622242647058824 0.06495098039215687 0.03155637254901961
0 0.2945261437908497 0.6246936274509803 0.051470588235294115 0.03308823529411765
0 0.3639705882352941 0.6132046568627451 0.049019607843137254 0.03952205882352941
0 0.2281454248366013 0.42463235294117646 0.054330065359477125 0.03860294117647059
0 0.36151960784313725 0.6571691176470589 0.06045751633986928 0.03370098039215686
0 0.26143790849673204 0.7265625 0.09068627450980392 0.03155637254901961
0 0.26266339869281047 0.7607230392156863 0.09722222222222222 0.028186274509803922
0 0.37254901960784315 0.7602634803921569 0.09558823529411764 0.03952205882352941
0 0.36070261437908496 0.7208946078431373 0.09803921568627451 0.03982843137254902
0 0.4483251633986928 0.7107843137254902 0.0428921568627451 0.022058823529411766
0 0.4977532679738562 0.7138480392156863 0.0494281045751634 0.023284313725490197
0 0.4922385620915033 0.7423406862745098 0.041666666666666664 0.026348039215686275
0 0.4477124183006536 0.7428002450980392 0.035130718954248366 0.02971813725490196
0 0.5688316993464052 0.7227328431372549 0.08619281045751634 0.04105392156862745
0 0.6529820261437909 0.7297794117647058 0.056781045751633986 0.05269607843137255
0 0.733047385620915 0.7392769607843137 0.06495098039215687 0.061887254901960786
0 0.8065767973856209 0.7418811274509803 0.060866013071895424 0.047487745098039214
0 0.4334150326797386 0.6547181372549019 0.059640522875817 0.04105392156862745
0 0.8758169934640523 0.6187193627450981 0.03104575163398693 0.08057598039215687
