0 0.8997140522875817 0.8431372549019608 0.04861111111111111 0.03308823529411765
0 0.4411764705882353 0.40625 0.10866013071895425 0.03553921568627451
0 0.7056781045751634 0.32889093137254904 0.0690359477124183 0.036458333333333336
0 0.7720588235294118 0.33026960784313725 0.05718954248366013 0.032475490196078434
0 0.9654820261437909 0.3318014705882353 0.044526143790849675 0.03553921568627451
0 0.8594771241830066 0.23560049019607843 0.05228758169934641 0.0545343137254902
0 0.8063725490196079 0.23988970588235295 0.049836601307189546 0.04718137254901961
0 0.7485702614379085 0.23835784313725492 0.06413398692810457 0.04779411764705882
0 0.6844362745098039 0.24004289215686275 0.05514705882352941 0.04381127450980392
0 0.6264297385620915 0.24310661764705882 0.056781045751633986 0.04013480392156863
0 0.5629084967320261 0.25245098039215685 0.06454248366013073 0.02022058823529412
0 0.5506535947712419 0.22012867647058823 0.0457516339869281 0.018688725490196078
0 0.5 0.21660539215686275 0.04738562091503268 0.011029411764705883
0 0.4812091503267974 0.2417279411764706 0.05310457516339869 0.03860294117647059
0 0.4227941176470588 0.24096200980392157 0.059640522875817 0.0389093137254902
0 0.352124183006536 0.2424938725490196 0.059640522875817 0.033394607843137254
0 0.35171568627450983 0.20526960784313725 0.05555555555555555 0.03799019607843137
0 0.633578431372549 0.29503676470588236 0.06209150326797386 0.03370098039215686
0 0.2855392156862745 0.24096200980392157 0.061274509803921566 0.03278186274509804
0 0.6370506535947712 0.32965686274509803 0.0625 0.03370098039215686
0 0.5690359477124183 0.3290441176470588 0.06535947712418301 0.034926470588235295
0 0.505718954248366 0.4053308823529412 0.01715686274509804 0.03615196078431373
0 0.545547385620915 0.40900735294117646 0.05841503267973856 0.028799019607843136
0 0.5506535947712419 0.37806372549019607 0.05555555555555555 0.029411764705882353
0 0.3016748366013072 0.4021139705882353 0.1556372549019608 0.04136029411764706
0 0.1147875816993464 0.4010416666666667 0.06290849673202614 0.03799019607843137
0 0.0443218954248366 0.40012254901960786 0.06985294117647059 0.037377450980392156
0 0.05310457516339869 0.36856617647058826 0.061274509803921566 0.02267156862745098
0 0.06862745098039216 0.328125 0.06045751633986928 0.023284313725490197
0 0.25735294117647056 0.32506127450980393 0.08986928104575163 0.03308823529411765
0 0.25857843137254904 0.28982843137254904 0.09313725490196079 0.03308823529411765
0 0.37479575163398693 0.32766544117647056 0.09763071895424837 0.02971813725490196
0 0.37336601307189543 0.2939644607843137 0.09803921568627451 0.03400735294117647
0 0.48284313725490197 0.33379289215686275 0.1053921568627451 0.01991421568627451
0 0.47794117647058826 0.31832107843137253 0.09558823529411764 0.00857843137254902
0 0.4775326797385621 0.2956495098039216 0.10457516339869281 0.034926470588235295
0 0.5676062091503268 0.2939644607843137 0.06740196078431372 0.03400735294117647
0 0.6090686274509803 0.41513480392156865 0.05392156862745098 0.01715686274509804
0 0.289624183006536 0.2037377450980392 0.06454248366013073 0.03799019607843137
0 0.23366013071895425 0.2025122549019608 0.041666666666666664 0.03553921568627451
0 0.9616013071895425 0.11917892156862746 0.04656862745098039 0.03982843137254902
0 0.8660130718954249 0.15441176470588236 0.06454248366013073 0.03860294117647059
0 0.8082107843137255 0.1556372549019608 0.04616013071895425 0.04595588235294118
0 0.7530637254901961 0.15012254901960784 0.05759803921568627 0.04963235294117647
0 0.6928104575163399 0.15180759803921567 0.05310457516339869 0.04258578431372549
0 0.6376633986928104 0.15303308823529413 0.05473856209150327 0.046262254901960786
0 0.5755718954248366 0.1567095588235294 0.06045751633986928 0.03155637254901961
0 0.5757761437908496 0.12285539215686274 0.06576797385620915 0.031862745098039214
0 0.5108251633986928 0.15548406862745098 0.06576797385620915 0.03462009803921569
0 0.5095996732026143 0.1210171568627451 0.06413398692810457 0.030637254901960783
0 0.440359477124183 0.15303308823529413 0.06944444444444445 0.033394607843137254
0 0.4389297385620915 0.12071078431372549 0.06658496732026144 0.028799019607843136
0 0.3737745098039216 0.15242034313725492 0.058823529411764705 0.03462009803921569
0 0.36887254901960786 0.11856617647058823 0.061274509803921566 0.030637254901960783
0 0.31270424836601307 0.15226715686274508 0.0559640522875817 0.03370098039215686
0 0.9693627450980392 0.16268382352941177 0.03104575163398693 0.041666666666666664
0 0.23243464052287582 0.23958333333333334 0.04003267973856209 0.03615196078431373
0 0.9256535947712419 0.18458946078431374 0.04820261437908497 0.07873774509803921
0 0.9842728758169934 0.24371936274509803 0.030637254901960783 0.046262254901960786
0 0.13500816993464052 0.2193627450980392 0.017565359477124183 0.0741421568627451
0 0.09089052287581699 0.24417892156862744 0.06331699346405228 0.020833333333333332
0 0.03431372549019608 0.24555759803921567 0.04656862745098039 0.013786764705882353
0 0.8688725490196079 0.7602634803921569 0.04330065359477124 0.06954656862745098
0 0.8752042483660131 0.6927083333333334 0.04616013071895425 0.06066176470588235
0 0.8845996732026143 0.6262254901960784 0.053513071895424834 0.06862745098039216
0 0.8829656862745098 0.5739889705882353 0.05024509803921569 0.03216911764705882
0 0.8944035947712419 0.5402879901960784 0.0494281045751634 0.03216911764705882
0 0.8882761437908496 0.5016850490196079 0.0494281045751634 0.03952205882352941
0 0.8946078431372549 0.44776348039215685 0.049019607843137254 0.06587009803921569
0 0.9025735294117647 0.3958333333333333 0.04616013071895425 0.03553921568627451
0 0.9089052287581699 0.3564644607843137 0.049836601307189546 0.03768382352941176
0 0.9109477124183006 0.31847426470588236 0.04820261437908497 0.03707107843137255
0 0.9156454248366013 0.27956495098039214 0.04861111111111111 0.03829656862745098
0 0.9571078431372549 0.24586397058823528 0.0196078431372549 0.03829656862745098
0 0.9187091503267973 0.24126838235294118 0.05310457516339869 0.03155637254901961
0 0.5917075163398693 0.3802083333333333 0.01919934640522876 0.028799019607843136
0 0.6215277777777778 0.3802083333333333 0.03145424836601307 0.026348039215686275
0 0.6625816993464052 0.3794424019607843 0.04656862745098039 0.02971813725490196
0 0.4722222222222222 0.5995710784313726 0.07434640522875817 0.00980392156862745
0 0.4462826797385621 0.6303615196078431 0.09027777777777778 0.03768382352941176
0 0.5424836601307189 0.6314338235294118 0.09722222222222222 0.037377450980392156
0 0.6384803921568627 0.6254595588235294 0.09068627450980392 0.046875
0 0.730187908496732 0.6317401960784313 0.0821078431372549 0.04044117647058824
0 0.7363153594771242 0.6034007352941176 0.08782679738562091 0.01011029411764706
0 0.8143382352941176 0.6315870098039216 0.08129084967320262 0.04258578431372549
0 0.9522058823529411 0.5629595588235294 0.056372549019607844 0.03462009803921569
0 0.8237336601307189 0.563265931372549 0.06495098039215687 0.04013480392156863
0 0.7453022875816994 0.5600490196078431 0.08374183006535947 0.03799019607843137
0 0.8082107843137255 0.5300245098039216 0.0755718954248366 0.018995098039215685
0 0.7318218954248366 0.5298713235294118 0.06985294117647059 0.01685049019607843
0 0.6715686274509803 0.5586703431372549 0.05718954248366013 0.03829656862745098
0 0.6078431372549019 0.5589767156862745 0.0661764705882353 0.03768382352941176
0 0.5281862745098039 0.5580575980392157 0.08741830065359477 0.03462009803921569
0 0.3917483660130719 0.5972732843137255 0.07352941176470588 0.01011029411764706
0 0.5424836601307189 0.5337009803921569 0.09722222222222222 0.012254901960784314
0 0.3678513071895425 0.6289828431372549 0.060866013071895424 0.037377450980392156
0 0.2988153594771242 0.6003370098039216 0.04125816993464052 0.013786764705882353
0 0.6517565359477124 0.7098651960784313 0.061683006535947715 0.028799019607843136
0 0.6511437908496732 0.6772365196078431 0.05310457516339869 0.017463235294117647
0 0.588031045751634 0.7129289215686274 0.06004901960784314 0.032475490196078434
0 0.5890522875816994 0.6821384803921569 0.06862745098039216 0.023590686274509803
0 0.5083741830065359 0.7106311274509803 0.08946078431372549 0.03278186274509804
0 0.40155228758169936 0.6992953431372549 0.08660130718954248 0.04871323529411765
0 0.32373366013071897 0.7022058823529411 0.05923202614379085 0.037377450980392156
0 0.2687908496732026 0.6999080882352942 0.041666666666666664 0.03278186274509804
0 0.14440359477124182 0.7049632352941176 0.03308823529411765 0.03799019607843137
0 0.09048202614379085 0.7069546568627451 0.05923202614379085 0.03707107843137255
0 0.0363562091503268 0.6957720588235294 0.04411764705882353 0.05575980392156863
0 0.09129901960784313 0.6318933823529411 0.07393790849673203 0.030943627450980393
0 0.1503267973856209 0.6303615196078431 0.025326797385620915 0.0352328431372549
0 0.1076388888888889 0.6043198529411765 0.07802287581699346 0.011948529411764705
0 0.0298202614379085 0.6213235294117647 0.04330065359477124 0.05575980392156863
0 0.2800245098039216 0.6303615196078431 0.08374183006535947 0.04258578431372549
0 0.43014705882352944 0.5582107843137255 0.09313725490196079 0.037377450980392156
0 0.43300653594771243 0.5281862745098039 0.09640522875816994 0.02022058823529412
0 0.33455882352941174 0.5602022058823529 0.09477124183006536 0.03400735294117647
0 0.7134395424836601 0.48651960784313725 0.07148692810457516 0.030637254901960783
0 0.7175245098039216 0.4564950980392157 0.06658496732026144 0.025735294117647058
0 0.7822712418300654 0.4878982843137255 0.058823529411764705 0.033394607843137254
0 0.7824754901960784 0.4560355392156863 0.0559640522875817 0.024816176470588234
0 0.838031045751634 0.48743872549019607 0.04861111111111111 0.031862745098039214
0 0.8402777777777778 0.4557291666666667 0.049836601307189546 0.02420343137254902
0 0.9421977124183006 0.47763480392156865 0.0428921568627451 0.011642156862745098
0 0.9407679738562091 0.49387254901960786 0.04330065359477124 0.018995098039215685
0 0.983251633986928 0.4768688725490196 0.035130718954248366 0.05422794117647059
0 0.9440359477124183 0.41222426470588236 0.03349673202614379 0.03216911764705882
0 0.9826388888888888 0.4114583333333333 0.03390522875816993 0.03125
0 0.7377450980392157 0.41161151960784315 0.056372549019607844 0.030330882352941176
0 0.7412173202614379 0.3802083333333333 0.056781045751633986 0.03125
0 0.6870915032679739 0.4100796568627451 0.03758169934640523 0.02665441176470588
0 0.6517565359477124 0.4099264705882353 0.027369281045751634 0.028186274509803922
0 0.6441993464052288 0.45327818627450983 0.06045751633986928 0.021752450980392156
0 0.6425653594771242 0.48299632352941174 0.061274509803921566 0.036458333333333336
0 0.5847630718954249 0.4528186274509804 0.053513071895424834 0.023284313725490197
0 0.5845588235294118 0.48330269607843135 0.049836601307189546 0.03400735294117647
0 0.25612745098039214 0.5605085784313726 0.05718954248366013 0.03216911764705882
0 0.13705065359477125 0.555453431372549 0.04044117647058824 0.03676470588235294
0 0.1213235294117647 0.5238970588235294 0.06372549019607843 0.016544117647058824
0 0.06229575163398693 0.5545343137254902 0.04779411764705882 0.041666666666666664
0 0.024509803921568627 0.5477941176470589 0.02042483660130719 0.04779411764705882
0 0.10457516339869281 0.4797794117647059 0.10375816993464053 0.03860294117647059
0 0.016544117647058824 0.4777879901960784 0.03308823529411765 0.04013480392156863
0 0.30249183006535946 0.11657475490196079 0.05514705882352941 0.03155637254901961
0 0.034722222222222224 0.44730392156862747 0.04084967320261438 0.0196078431372549
0 0.2704248366013072 0.4508272058823529 0.09477124183006536 0.02665441176470588
0 0.3686683006535948 0.4856004901960784 0.11723856209150327 0.03370098039215686
0 0.3758169934640523 0.453125 0.10866013071895425 0.028799019607843136
0 0.46343954248366015 0.48422181372549017 0.054330065359477125 0.035845588235294115
0 0.46139705882352944 0.45297181372549017 0.0559640522875817 0.023590686274509803
0 0.5232843137254902 0.4811580882352941 0.051470588235294115 0.033394607843137254
0 0.5212418300653595 0.45174632352941174 0.04820261437908497 0.021139705882352942
0 0.26491013071895425 0.48330269607843135 0.08455882352941177 0.036458333333333336
0 0.7075163398692811 0.6796875 0.05555555555555555 0.021752450980392156
0 0.24693627450980393 0.15104166666666666 0.0625 0.03125
0 0.1934232026143791 0.7800245098039216 0.05106209150326797 0.027573529411764705
0 0.8031045751633987 0.780484068627451 0.06209150326797386 0.035845588235294115
0 0.7248774509803921 0.7584252450980392 0.0494281045751634 0.030330882352941176
0 0.6664624183006536 0.7682291666666666 0.054330065359477125 0.03278186274509804
0 0.6066176470588235 0.7772671568627451 0.06209150326797386 0.03676470588235294
0 0.5361519607843137 0.7778799019607843 0.05514705882352941 0.03553921568627451
0 0.4724264705882353 0.7748161764705882 0.0625 0.04105392156862745
0 0.4056372549019608 0.7734375 0.03758169934640523 0.040747549019607844
0 0.4334150326797386 0.7627144607843137 0.012254901960784314 0.03155637254901961
0 0.35437091503267976 0.7752757352941176 0.05923202614379085 0.0352328431372549
0 0.29411764705882354 0.7755821078431373 0.056372549019607844 0.03462009803921569
0 0.24325980392156862 0.7795649509803921 0.042075163398692814 0.03155637254901961
0 0.1454248366013072 0.7783394607843137 0.03839869281045752 0.0389093137254902
0 0.0915032679738562 0.7780330882352942 0.061274509803921566 0.040747549019607844
0 0.030841503267973858 0.7688419117647058 0.053513071895424834 0.050551470588235295
0 0.039419934640522875 0.8439031862745098 0.053513071895424834 0.033394607843137254
0 0.153390522875817 0.844515931372549 0.05106209150326797 0.036458333333333336
0 0.24816176470588236 0.8454350490196079 0.05841503267973856 0.03400735294117647
0 0.25674019607843135 0.8193933823529411 0.05269607843137255 0.008272058823529412
0 0.3102532679738562 0.84375 0.05759803921568627 0.031862745098039214
0 0.3680555555555556 0.8412990196078431 0.05392156862745098 0.03431372549019608
0 0.42687908496732024 0.8454350490196079 0.05718954248366013 0.03768382352941176
0 0.4840686274509804 0.8469669117647058 0.05473856209150327 0.03462009803921569
0 0.5416666666666666 0.8462009803921569 0.05310457516339869 0.03431372549019608
0 0.6511437908496732 0.84375 0.051470588235294115 0.037377450980392156
0 0.5962009803921569 0.8428308823529411 0.051879084967320264 0.03615196078431373
0 0.7077205882352942 0.8435968137254902 0.05514705882352941 0.03952205882352941
0 0.7681781045751634 0.8420649509803921 0.05514705882352941 0.03952205882352941
0 0.8241421568627451 0.8452818627450981 0.053513071895424834 0.0392156862745098
0 0.2406045751633987 0.11917892156862746 0.06209150326797386 0.027573529411764705
0 0.9087009803921569 0.7800245098039216 0.0298202614379085 0.037377450980392156
0 0.8274101307189542 0.7103247549019608 0.04370915032679738 0.02971813725490196
0 0.0974264705882353 0.8443627450980392 0.05759803921568627 0.03431372549019608
0 0.7743055555555556 0.711703431372549 0.056781045751633986 0.032475490196078434
0 0.1926062091503268 0.7521446078431373 0.05269607843137255 0.024509803921568627
0 0.8208741830065359 0.6815257352941176 0.05923202614379085 0.022365196078431373
0 0.19219771241830066 0.7213541666666666 0.05841503267973856 0.0352328431372549
0 0.1999591503267974 0.6772365196078431 0.05759803921568627 0.047487745098039214
0 0.19301470588235295 0.6295955882352942 0.056781045751633986 0.04105392156862745
0 0.19566993464052287 0.5785845588235294 0.059640522875817 0.05606617647058824
0 0.18995098039215685 0.5027573529411765 0.06045751633986928 0.08946078431372549
0 0.18647875816993464 0.4209558823529412 0.061683006535947715 0.06678921568627451
0 0.17994281045751634 0.34589460784313725 0.0625 0.0778186274509804
0 0.17585784313725492 0.26731004901960786 0.060866013071895424 0.06954656862745098
0 0.1787173202614379 0.18167892156862744 0.061683006535947715 0.09497549019607843
0 0.11887254901960784 0.14950980392156862 0.051470588235294115 0.03125
0 0.0457516339869281 0.15042892156862744 0.0915032679738562 0.03370098039215686
0 0.7612336601307189 0.6750919117647058 0.04779411764705882 0.011948529411764705
0 0.7122140522875817 0.7094056372549019 0.05759803921568627 0.03462009803921569
