0 0.18933823529411764 0.6907169117647058 0.042075163398692814 0.07383578431372549
0 0.15502450980392157 0.5811887254901961 0.012663398692810458 0.06985294117647059
0 0.13705065359477125 0.5793504901960784 0.016748366013071895 0.06801470588235294
0 0.11683006535947713 0.5747549019607843 0.02287581699346405 0.06372549019607843
0 0.12254901960784313 0.6778492647058824 0.07352941176470588 0.06709558823529412
0 0.17708333333333334 0.30315563725490197 0.028186274509803922 0.024816176470588234
0 0.29411764705882354 0.7709865196078431 0.04738562091503268 0.06893382352941177
0 0.32393790849673204 0.5297181372549019 0.018790849673202614 0.09252450980392157
0 0.3729575163398693 0.538296568627451 0.02287581699346405 0.07536764705882353
0 0.39767156862745096 0.5614276960784313 0.02246732026143791 0.05545343137254902
0 0.43647875816993464 0.5511642156862745 0.03553921568627451 0.07904411764705882
0 0.47937091503267976 0.5663296568627451 0.04616013071895425 0.07567401960784313
0 0.5157271241830066 0.5949754901960784 0.01838235294117647 0.04779411764705882
0 0.545751633986928 0.5943627450980392 0.031862745098039214 0.05392156862745098
0 0.6019199346405228 0.5912990196078431 0.05514705882352941 0.08700980392156862
0 0.2406045751633987 0.7438725490196079 0.04820261437908497 0.07720588235294118
0 0.6633986928104575 0.6060049019607843 0.059640522875817 0.09191176470588236
0 0.7408088235294118 0.6246936274509803 0.08537581699346405 0.0741421568627451
0 0.8506944444444444 0.6501225490196079 0.0690359477124183 0.07965686274509803
0 0.9803921568627451 0.6876531862745098 0.031862745098039214 0.07689950980392157
0 0.9227941176470589 0.6724877450980392 0.07026143790849673 0.08333333333333333
0 0.9581290849673203 0.49846813725490197 0.08374183006535947 0.125
0 0.8662173202614379 0.4866727941176471 0.0886437908496732 0.12837009803921567
0 0.7930964052287581 0.4892769607843137 0.04370915032679738 0.09252450980392157
0 0.7352941176470589 0.47518382352941174 0.035130718954248366 0.09926470588235294
0 0.6940359477124183 0.4661458333333333 0.042483660130718956 0.08241421568627451
0 0.6341911764705882 0.46308210784313725 0.037173202614379085 0.0860906862745098
0 0.5882352941176471 0.4577205882352941 0.03839869281045752 0.09129901960784313
0 0.5422794117647058 0.4482230392156863 0.05024509803921569 0.09436274509803921
0 0.49979575163398693 0.44669117647058826 0.03308823529411765 0.08946078431372549
0 0.3488562091503268 0.5321691176470589 0.021241830065359478 0.0900735294117647
0 0.4591503267973856 0.4387254901960784 0.02696078431372549 0.08639705882352941
0 0.30126633986928103 0.5228247549019608 0.02246732026143791 0.07935049019607843
0 0.2520424836601307 0.5166973039215687 0.027777777777777776 0.08057598039215687
0 0.19076797385620914 0.5954350490196079 0.0196078431372549 0.06832107843137254
0 0.21180555555555555 0.5988051470588235 0.01919934640522876 0.06403186274509803
0 0.2318218954248366 0.6078431372549019 0.01919934640522876 0.06740196078431372
0 0.2522467320261438 0.610140931372549 0.02165032679738562 0.07322303921568628
0 0.2785947712418301 0.6254595588235294 0.027777777777777776 0.05912990196078431
0 0.30800653594771243 0.6269914215686274 0.025326797385620915 0.07199754901960784
0 0.3359885620915033 0.633578431372549 0.024101307189542485 0.06433823529411764
0 0.3627450980392157 0.6565563725490197 0.027777777777777776 0.03982843137254902
0 0.3984885620915033 0.657015931372549 0.034722222222222224 0.07935049019607843
0 0.4387254901960784 0.6721813725490197 0.03594771241830065 0.0704656862745098
0 0.4832516339869281 0.6868872549019608 0.0392156862745098 0.06495098039215687
0 0.5304330065359477 0.6942401960784313 0.05514705882352941 0.08272058823529412
0 0.6031454248366013 0.7136948529411765 0.068218954248366 0.06525735294117647
0 0.6854575163398693 0.7348345588235294 0.06454248366013073 0.0818014705882353
0 0.7508169934640523 0.7579656862745098 0.058823529411764705 0.0784313725490196
0 0.8188316993464052 0.7809436274509803 0.06985294117647059 0.0784313725490196
0 0.8882761437908496 0.7912071078431373 0.06576797385620915 0.08486519607843138
0 0.9638480392156863 0.8026960784313726 0.07393790849673203 0.0778186274509804
0 0.09967320261437909 0.49463848039215685 0.03431372549019608 0.04442401960784314
0 0.13623366013071894 0.484375 0.025735294117647058 0.0704656862745098
0 0.1701388888888889 0.49494485294117646 0.0363562091503268 0.06525735294117647
0 0.20036764705882354 0.5059742647058824 0.02165032679738562 0.07506127450980392
0 0.2252859477124183 0.5197610294117647 0.020833333333333332 0.06096813725490196
0 0.27532679738562094 0.5235906862745098 0.021241830065359478 0.07230392156862746
0 0.4319852941176471 0.4401041666666667 0.01919934640522876 0.078125
0 0.40951797385620914 0.4336703431372549 0.020833333333333332 0.08302696078431372
0 0.3831699346405229 0.42264093137254904 0.022058823529411766 0.09160539215686274
0 0.13071895424836602 0.13832720588235295 0.032679738562091505 0.07506127450980392
0 0.09763071895424837 0.1400122549019608 0.02369281045751634 0.07965686274509803
0 0.06924019607843138 0.13848039215686275 0.024101307189542485 0.07720588235294118
0 0.04411764705882353 0.13802083333333334 0.02042483660130719 0.07567401960784313
0 0.014705882352941176 0.13112745098039216 0.029411764705882353 0.0974264705882353
0 0.9323937908496732 0.2853860294117647 0.13602941176470587 0.15962009803921567
0 0.7518382352941176 0.27619485294117646 0.19730392156862744 0.15349264705882354
0 0.6286764705882353 0.30162377450980393 0.04003267973856209 0.09712009803921569
0 0.5833333333333334 0.30162377450980393 0.0392156862745098 0.09712009803921569
0 0.5330882352941176 0.2959558823529412 0.0392156862745098 0.10355392156862746
0 0.49019607843137253 0.2933517156862745 0.035130718954248366 0.09221813725490197
0 0.4540441176470588 0.2902879901960784 0.024101307189542485 0.0934436274509804
0 0.41911764705882354 0.2861519607843137 0.03676470588235294 0.08823529411764706
0 0.3684640522875817 0.28232230392156865 0.03676470588235294 0.09037990196078431
0 0.33435457516339867 0.28293504901960786 0.024101307189542485 0.08915441176470588
0 0.304125816993464 0.2864583333333333 0.028186274509803922 0.0821078431372549
0 0.2763480392156863 0.2757352941176471 0.023284313725490197 0.09252450980392157
0 0.21303104575163398 0.29411764705882354 0.03553921568627451 0.04779411764705882
0 0.24816176470588236 0.29503676470588236 0.030637254901960783 0.05698529411764706
0 0.1511437908496732 0.24892769607843138 0.05555555555555555 0.02542892156862745
0 0.13705065359477125 0.27527573529411764 0.030637254901960783 0.021139705882352942
0 0.17422385620915032 0.2772671568627451 0.03308823529411765 0.02022058823529412
0 0.14297385620915032 0.3014705882352941 0.031862745098039214 0.0196078431372549
0 0.16973039215686275 0.13633578431372548 0.024101307189542485 0.08455882352941177
0 0.19709967320261437 0.13771446078431374 0.01838235294117647 0.07873774509803921
0 0.22794117647058823 0.12791053921568626 0.026143790849673203 0.08241421568627451
0 0.2589869281045752 0.13158700980392157 0.027777777777777776 0.0860906862745098
0 0.3590686274509804 0.4212622549019608 0.02042483660130719 0.08639705882352941
0 0.32883986928104575 0.4227941176470588 0.03104575163398693 0.07536764705882353
0 0.20036764705882354 0.39889705882352944 0.02165032679738562 0.05575980392156863
0 0.2426470588235294 0.39996936274509803 0.02696078431372549 0.048100490196078434
0 0.17136437908496732 0.39920343137254904 0.024101307189542485 0.0661764705882353
0 0.14910130718954248 0.3863357843137255 0.012254901960784314 0.051470588235294115
0 0.13031045751633988 0.38235294117647056 0.01715686274509804 0.049019607843137254
0 0.10253267973856209 0.38066789215686275 0.026143790849673203 0.0548406862745098
0 0.06331699346405228 0.3555453431372549 0.03349673202614379 0.06464460784313726
0 0.017361111111111112 0.34987745098039214 0.034722222222222224 0.06004901960784314
0 0.052083333333333336 0.27956495098039214 0.05024509803921569 0.04503676470588235
0 0.1707516339869281 0.5891544117647058 0.015522875816993464 0.06433823529411764
0 0.8762254901960784 0.13005514705882354 0.08088235294117647 0.06464460784313726
0 0.9428104575163399 0.08088235294117647 0.0923202614379085 0.026348039215686275
0 0.761437908496732 0.07965686274509803 0.14460784313725492 0.15747549019607843
0 0.6501225490196079 0.10232843137254902 0.07230392156862746 0.1256127450980392
0 0.5782271241830066 0.11412377450980392 0.06495098039215687 0.10753676470588236
0 0.5112336601307189 0.10646446078431372 0.06331699346405228 0.11979166666666667
0 0.4583333333333333 0.10707720588235294 0.03594771241830065 0.11856617647058823
0 0.3931781045751634 0.13143382352941177 0.024101307189542485 0.07291666666666667
0 0.4209558823529412 0.13020833333333334 0.02246732026143791 0.07230392156862746
0 0.32659313725490197 0.12300857843137254 0.030637254901960783 0.0977328431372549
0 0.36213235294117646 0.11841299019607843 0.03308823529411765 0.10386029411764706
0 0.29248366013071897 0.12408088235294118 0.03349673202614379 0.10110294117647059
0 0.9613970588235294 0.12913602941176472 0.0755718954248366 0.06096813725490196
0 0.8668300653594772 0.9220281862745098 0.16911764705882354 0.10753676470588236
0 0.1002859477124183 0.26761642156862747 0.039624183006535946 0.08241421568627451
0 0.6460375816993464 0.8532475490196079 0.07148692810457516 0.10049019607843138
0 0.3584558823529412 0.7729779411764706 0.061683006535947715 0.1133578431372549
0 0.41891339869281047 0.7985600490196079 0.05759803921568627 0.10508578431372549
0 0.48876633986928103 0.8239889705882353 0.07230392156862746 0.12653186274509803
0 0.5680147058823529 0.8377757352941176 0.0755718954248366 0.12837009803921567
0 0.7326388888888888 0.8872549019607843 0.09109477124183006 0.11029411764705882
