0 0.923202614379085 0.5280330882352942 0.08741830065359477 0.017463235294117647
0 0.04513888888888889 0.5854779411764706 0.09027777777777778 0.0508578431372549
0 0.027777777777777776 0.6355698529411765 0.05555555555555555 0.043198529411764705
0 0.14072712418300654 0.5847120098039216 0.08292483660130719 0.04442401960784314
0 0.22834967320261437 0.5840992647058824 0.08251633986928104 0.048100490196078434
0 0.5359477124183006 0.6069240196078431 0.1642156862745098 0.08884803921568628
0 0.2340686274509804 0.6312806372549019 0.07516339869281045 0.04197303921568627
0 0.372140522875817 0.6110600490196079 0.14624183006535948 0.08792892156862746
0 0.7052696078431373 0.5989583333333334 0.1474673202614379 0.08762254901960784
0 0.8676470588235294 0.6072303921568627 0.1650326797385621 0.09191176470588236
0 0.14113562091503268 0.6317401960784313 0.08374183006535947 0.04779411764705882
0 0.9746732026143791 0.6064644607843137 0.049836601307189546 0.08792892156862746
0 0.024918300653594773 0.7469362745098039 0.049836601307189546 0.04534313725490196
0 0.9258578431372549 0.5104166666666666 0.09027777777777778 0.015931372549019607
0 0.8841911764705882 0.696078431372549 0.06740196078431372 0.034926470588235295
0 0.7696078431372549 0.7189031862745098 0.11601307189542484 0.08057598039215687
0 0.6482843137254902 0.7109375 0.10375816993464053 0.07873774509803921
0 0.5437091503267973 0.7155330882352942 0.06454248366013073 0.07628676470588236
0 0.46405228758169936 0.7204350490196079 0.07107843137254902 0.08118872549019608
0 0.39276960784313725 0.7236519607843137 0.06576797385620915 0.08517156862745098
0 0.32312091503267976 0.7233455882352942 0.061274509803921566 0.0821078431372549
0 0.20322712418300654 0.7383578431372549 0.09272875816993464 0.06433823529411764
0 0.10294117647058823 0.7487745098039216 0.09068627450980392 0.05392156862745098
0 0.1090686274509804 0.7000612745098039 0.09313725490196079 0.04105392156862745
0 0.028186274509803922 0.6994485294117647 0.05310457516339869 0.0392156862745098
0 0.9272875816993464 0.4912683823529412 0.09558823529411764 0.018688725490196078
0 0.06352124183006536 0.25505514705882354 0.1270424836601307 0.047487745098039214
0 0.8306781045751634 0.5177696078431373 0.08782679738562091 0.03799019607843137
0 0.431781045751634 0.21583946078431374 0.08986928104575163 0.043198529411764705
0 0.43504901960784315 0.2616421568627451 0.08660130718954248 0.04595588235294118
0 0.5185866013071896 0.21599264705882354 0.0559640522875817 0.0508578431372549
0 0.5173611111111112 0.26577818627450983 0.0690359477124183 0.04258578431372549
0 0.5870098039215687 0.22074142156862744 0.06454248366013073 0.040747549019607844
0 0.5888480392156863 0.26761642156862747 0.061683006535947715 0.04381127450980392
0 0.6546160130718954 0.22441789215686275 0.05923202614379085 0.021752450980392156
0 0.7205882352941176 0.2268688725490196 0.056372549019607844 0.012561274509803922
0 0.6558415032679739 0.2633272058823529 0.06495098039215687 0.04932598039215686
0 0.7261029411764706 0.2622549019607843 0.06413398692810457 0.052083333333333336
0 0.8135212418300654 0.21583946078431374 0.08619281045751634 0.050551470588235295
0 0.8178104575163399 0.26700367647058826 0.09477124183006536 0.047487745098039214
0 0.9158496732026143 0.21553308823529413 0.09558823529411764 0.047487745098039214
0 0.9262663398692811 0.26577818627450983 0.09354575163398693 0.04932598039215686
0 0.03308823529411765 0.36014093137254904 0.0661764705882353 0.09466911764705882
0 0.12990196078431374 0.3633578431372549 0.11601307189542484 0.08884803921568628
0 0.24468954248366012 0.3648897058823529 0.10866013071895425 0.09191176470588236
0 0.1707516339869281 0.21216299019607843 0.05718954248366013 0.048100490196078434
0 0.4193218954248366 0.3365502450980392 0.05841503267973856 0.047487745098039214
0 0.34701797385620914 0.3872549019607843 0.060866013071895424 0.05024509803921569
0 0.4140114379084967 0.38756127450980393 0.06413398692810457 0.0508578431372549
0 0.33782679738562094 0.2601102941176471 0.09722222222222222 0.05024509803921569
0 0.48590686274509803 0.33700980392156865 0.05759803921568627 0.04595588235294118
0 0.33374183006535946 0.20863970588235295 0.07924836601307189 0.04779411764705882
0 0.2440767973856209 0.20986519607843138 0.06004901960784314 0.04350490196078431
0 0.06883169934640523 0.2037377450980392 0.13766339869281047 0.05024509803921569
0 0.9221813725490197 0.13802083333333334 0.0886437908496732 0.048100490196078434
0 0.9283088235294118 0.08930759803921569 0.08537581699346405 0.046875
0 0.8237336601307189 0.13664215686274508 0.09354575163398693 0.05024509803921569
0 0.8278186274509803 0.08532475490196079 0.09844771241830065 0.050551470588235295
0 0.741421568627451 0.1332720588235294 0.0661764705882353 0.0508578431372549
0 0.6719771241830066 0.12928921568627452 0.06209150326797386 0.052083333333333336
0 0.6006944444444444 0.1328125 0.06331699346405228 0.04503676470588235
0 0.5310457516339869 0.12913602941176472 0.07107843137254902 0.04993872549019608
0 0.6029411764705882 0.08547794117647059 0.05473856209150327 0.04595588235294118
0 0.5334967320261438 0.07935049019607843 0.06944444444444445 0.04105392156862745
0 0.44342320261437906 0.13143382352941177 0.08782679738562091 0.041666666666666664
0 0.3508986928104575 0.12591911764705882 0.08823529411764706 0.04534313725490196
0 0.4456699346405229 0.08318014705882353 0.08905228758169935 0.04871323529411765
0 0.2420343137254902 0.12377450980392157 0.07148692810457516 0.04595588235294118
0 0.23529411764705882 0.07368259803921569 0.07434640522875817 0.04932598039215686
0 0.16258169934640523 0.12331495098039216 0.07598039215686274 0.04503676470588235
0 0.15931372549019607 0.07291666666666667 0.07598039215686274 0.04963235294117647
0 0.056576797385620915 0.11917892156862746 0.11315359477124183 0.051470588235294115
0 0.05494281045751634 0.06832107843137254 0.10661764705882353 0.04779411764705882
0 0.16748366013071894 0.2611825980392157 0.05718954248366013 0.04013480392156863
0 0.2406045751633987 0.2587316176470588 0.07516339869281045 0.047487745098039214
0 0.4838643790849673 0.3900122549019608 0.0625 0.05330882352941176
0 0.5463643790849673 0.33808210784313725 0.06331699346405228 0.045649509803921566
0 0.6182598039215687 0.3449754901960784 0.06658496732026144 0.04718137254901961
0 0.1488970588235294 0.8135723039215687 0.09354575163398693 0.02542892156862745
0 0.04758986928104575 0.8583026960784313 0.06331699346405228 0.05238970588235294
0 0.05004084967320262 0.8158700980392157 0.07475490196078431 0.025122549019607844
0 0.9660947712418301 0.7326899509803921 0.06781045751633986 0.045649509803921566
0 0.8880718954248366 0.7385110294117647 0.07516339869281045 0.043198529411764705
0 0.9599673202614379 0.6911764705882353 0.06862745098039216 0.03002450980392157
0 0.7587826797385621 0.34482230392156865 0.0625 0.04442401960784314
0 0.8261846405228758 0.34650735294117646 0.056781045751633986 0.03860294117647059
0 0.7514297385620915 0.3909313725490196 0.06413398692810457 0.04350490196078431
0 0.8245506535947712 0.3943014705882353 0.06658496732026144 0.0428921568627451
0 0.9252450980392157 0.3471200980392157 0.12418300653594772 0.04656862745098039
0 0.9236111111111112 0.39338235294117646 0.12091503267973856 0.04350490196078431
0 0.1409313725490196 0.5093443627450981 0.2246732026143791 0.05238970588235294
0 0.4756944444444444 0.4641544117647059 0.10416666666666667 0.04595588235294118
0 0.5827205882352942 0.4646139705882353 0.10089869281045752 0.04442401960784314
0 0.4791666666666667 0.5111825980392157 0.10130718954248366 0.046262254901960786
0 0.5857843137254902 0.5117953431372549 0.09068627450980392 0.04503676470588235
0 0.7081290849673203 0.46890318627450983 0.1213235294117647 0.03829656862745098
0 0.7054738562091504 0.5110294117647058 0.13480392156862744 0.04350490196078431
0 0.8298611111111112 0.47028186274509803 0.0959967320261438 0.01715686274509804
0 0.8325163398692811 0.48973651960784315 0.0857843137254902 0.015625
0 0.13848039215686275 0.8553921568627451 0.0915032679738562 0.05392156862745098
0 0.2397875816993464 0.8174019607843137 0.08006535947712418 0.03308823529411765
0 0.24305555555555555 0.8625919117647058 0.1053921568627451 0.04442401960784314
0 0.36764705882352944 0.8072916666666666 0.1053921568627451 0.0196078431372549
0 0.9070669934640523 0.9359681372549019 0.07475490196078431 0.056372549019607844
0 0.8125 0.9462316176470589 0.08986928104575163 0.0628063725490196
0 0.7191584967320261 0.9428615196078431 0.0763888888888889 0.06096813725490196
0 0.6299019607843137 0.9424019607843137 0.07352941176470588 0.06004901960784314
0 0.5322712418300654 0.9443933823529411 0.07352941176470588 0.05912990196078431
0 0.39501633986928103 0.9419424019607843 0.06781045751633986 0.05177696078431373
0 0.3270016339869281 0.9424019607843137 0.06576797385620915 0.05024509803921569
0 0.23651960784313725 0.9485294117647058 0.07679738562091504 0.05759803921568627
0 0.13031045751633988 0.9583333333333334 0.0915032679738562 0.04595588235294118
0 0.04064542483660131 0.9640012254901961 0.068218954248366 0.040747549019607844
0 0.926062091503268 0.46859681372549017 0.08741830065359477 0.021139705882352942
0 0.8899101307189542 0.8325674019607843 0.10743464052287582 0.05606617647058824
0 0.6621732026143791 0.8549325980392157 0.09967320261437909 0.053002450980392156
0 0.6877042483660131 0.8103553921568627 0.08700980392156862 0.028186274509803922
0 0.5639297385620915 0.8572303921568627 0.0951797385620915 0.05514705882352941
0 0.6141748366013072 0.3939950980392157 0.05841503267973856 0.04718137254901961
0 0.6913807189542484 0.3446691176470588 0.0625 0.041666666666666664
0 0.6832107843137255 0.39231004901960786 0.061683006535947715 0.046262254901960786
0 0.46200980392156865 0.8566176470588235 0.1053921568627451 0.06311274509803921
0 0.5868055555555556 0.8095894607843137 0.0959967320261438 0.029105392156862746
0 0.4810049019607843 0.8079044117647058 0.1017156862745098 0.020833333333333332
0 0.3562091503267974 0.8537071078431373 0.10130718954248366 0.06219362745098039
0 0.7779820261437909 0.8555453431372549 0.10743464052287582 0.05422794117647059
0 0.34987745098039214 0.33425245098039214 0.06658496732026144 0.052083333333333336
0 0.5490196078431373 0.38786764705882354 0.058823529411764705 0.049019607843137254
