0 0.3925653594771242 0.3590686274509804 0.04820261437908497 0.06311274509803921
0 0.7173202614379085 0.36933210784313725 0.028594771241830064 0.046875
0 0.7440767973856209 0.37423406862745096 0.023284313725490197 0.045649509803921566
0 0.44138071895424835 0.3616727941176471 0.04779411764705882 0.0585171568627451
0 0.48713235294117646 0.3636642156862745 0.042075163398692814 0.0625
0 0.5359477124183006 0.36534926470588236 0.05228758169934641 0.05361519607843137
0 0.5802696078431373 0.36580882352941174 0.0363562091503268 0.0545343137254902
0 0.6196895424836601 0.36764705882352944 0.03758169934640523 0.051470588235294115
0 0.6540032679738562 0.36871936274509803 0.025326797385620915 0.053002450980392156
0 0.6872957516339869 0.3711703431372549 0.03308823529411765 0.04932598039215686
0 0.7687908496732027 0.3759191176470588 0.02369281045751634 0.04779411764705882
0 0.5712826797385621 0.47824754901960786 0.03308823529411765 0.037377450980392156
0 0.6725898692810458 0.5101102941176471 0.0298202614379085 0.03370098039215686
0 0.26348039215686275 0.5505514705882353 0.06454248366013073 0.049019607843137254
0 0.33700980392156865 0.44224877450980393 0.05718954248366013 0.05361519607843137
0 0.3929738562091503 0.4397977941176471 0.049019607843137254 0.05361519607843137
0 0.33088235294117646 0.49463848039215685 0.051470588235294115 0.04136029411764706
0 0.38235294117647056 0.4931066176470588 0.04656862745098039 0.04442401960784314
0 0.3276143790849673 0.5471813725490197 0.06045751633986928 0.04350490196078431
0 0.38439542483660133 0.5433517156862745 0.04411764705882353 0.046262254901960786
0 0.2696078431372549 0.49463848039215685 0.05555555555555555 0.046262254901960786
0 0.44281045751633985 0.43933823529411764 0.04411764705882353 0.04534313725490196
0 0.4368872549019608 0.4880514705882353 0.042075163398692814 0.03799019607843137
0 0.48141339869281047 0.48452818627450983 0.04370915032679738 0.04197303921568627
0 0.4319852941176471 0.5332414215686274 0.04861111111111111 0.040747549019607844
0 0.48223039215686275 0.5294117647058824 0.042075163398692814 0.04963235294117647
0 0.5320669934640523 0.43734681372549017 0.03799019607843137 0.04381127450980392
0 0.5298202614379085 0.48192401960784315 0.041666666666666664 0.03553921568627451
0 0.5228758169934641 0.5265012254901961 0.03594771241830065 0.03707107843137255
0 0.4869281045751634 0.43857230392156865 0.03839869281045752 0.04381127450980392
0 0.7022058823529411 0.5055147058823529 0.02696078431372549 0.03431372549019608
0 0.19750816993464052 0.5024509803921569 0.06004901960784314 0.0545343137254902
0 0.12254901960784313 0.5649509803921569 0.0727124183006536 0.056372549019607844
0 0.676062091503268 0.47181372549019607 0.028594771241830064 0.034926470588235295
0 0.6781045751633987 0.4348958333333333 0.024509803921568627 0.036458333333333336
0 0.6491013071895425 0.4348958333333333 0.031862745098039214 0.03400735294117647
0 0.6407271241830066 0.4742647058823529 0.024101307189542485 0.03308823529411765
0 0.6386846405228758 0.5147058823529411 0.0298202614379085 0.03982843137254902
0 0.6037581699346405 0.5186887254901961 0.031862745098039214 0.04105392156862745
0 0.6088643790849673 0.4774816176470588 0.0363562091503268 0.03400735294117647
0 0.1962826797385621 0.5583639705882353 0.06740196078431372 0.04503676470588235
0 0.6123366013071896 0.4368872549019608 0.029411764705882353 0.03799019607843137
0 0.7951388888888888 0.37362132352941174 0.024918300653594773 0.04442401960784314
0 0.0428921568627451 0.4453125 0.08251633986928104 0.057291666666666664
0 0.12602124183006536 0.4410232843137255 0.07312091503267974 0.05606617647058824
0 0.19526143790849673 0.4404105392156863 0.06209150326797386 0.05238970588235294
0 0.041870915032679736 0.5076593137254902 0.08047385620915033 0.05330882352941176
0 0.12030228758169935 0.5061274509803921 0.06495098039215687 0.0545343137254902
0 0.042279411764705885 0.5709252450980392 0.07475490196078431 0.048100490196078434
0 0.577001633986928 0.4345894607843137 0.039624183006535946 0.03462009803921569
0 0.5700571895424836 0.5234375 0.03553921568627451 0.04197303921568627
0 0.9258578431372549 0.3776041666666667 0.051879084967320264 0.07077205882352941
0 0.9761029411764706 0.3772977941176471 0.03880718954248366 0.06403186274509803
0 0.7532679738562091 0.21798406862745098 0.018790849673202614 0.046262254901960786
0 0.7305964052287581 0.2113970588235294 0.016748366013071895 0.04718137254901961
0 0.7291666666666666 0.25765931372549017 0.016339869281045753 0.034926470588235295
0 0.7071078431372549 0.25566789215686275 0.02696078431372549 0.04381127450980392
0 0.7058823529411765 0.20680147058823528 0.021241830065359478 0.04840686274509804
0 0.6717728758169934 0.20098039215686275 0.02165032679738562 0.04656862745098039
0 0.6772875816993464 0.25183823529411764 0.026143790849673203 0.0508578431372549
0 0.6495098039215687 0.21951593137254902 0.0196078431372549 0.0977328431372549
0 0.6268382352941176 0.21568627450980393 0.02246732026143791 0.0900735294117647
0 0.6043709150326797 0.2103247549019608 0.016748366013071895 0.1014093137254902
0 0.5839460784313726 0.20496323529411764 0.02165032679738562 0.1017156862745098
0 0.5557598039215687 0.20143995098039216 0.0298202614379085 0.1056985294117647
0 0.5194035947712419 0.19837622549019607 0.034722222222222224 0.09650735294117647
0 0.47487745098039214 0.2104779411764706 0.014297385620915032 0.06311274509803921
0 0.4534313725490196 0.2026654411764706 0.02042483660130719 0.057291666666666664
0 0.40625 0.19347426470588236 0.026552287581699346 0.06158088235294118
0 0.3756127450980392 0.19102328431372548 0.023284313725490197 0.06525735294117647
0 0.3449754901960784 0.18612132352941177 0.027369281045751634 0.05667892156862745
0 0.30249183006535946 0.15487132352941177 0.0494281045751634 0.11979166666666667
0 0.25306372549019607 0.1478247549019608 0.04779411764705882 0.1014093137254902
0 0.2128267973856209 0.1490502450980392 0.02287581699346405 0.09834558823529412
0 0.1781045751633987 0.14154411764705882 0.04411764705882353 0.08700980392156862
0 0.13929738562091504 0.14690563725490197 0.028594771241830064 0.09650735294117647
0 0.1053921568627451 0.13955269607843138 0.03839869281045752 0.08118872549019608
0 0.07475490196078431 0.14185049019607843 0.0196078431372549 0.08149509803921569
0 0.7536764705882353 0.2616421568627451 0.02287581699346405 0.03615196078431373
0 0.7734885620915033 0.2621017156862745 0.020016339869281044 0.035845588235294115
0 0.772671568627451 0.21951593137254902 0.016748366013071895 0.043198529411764705
0 0.7961601307189542 0.2270220588235294 0.02042483660130719 0.044730392156862746
0 0.8012663398692811 0.32643995098039214 0.024101307189542485 0.04871323529411765
0 0.7745098039215687 0.32306985294117646 0.025326797385620915 0.045649509803921566
0 0.7473447712418301 0.32199754901960786 0.026552287581699346 0.052083333333333336
0 0.7209967320261438 0.31954656862745096 0.026143790849673203 0.04534313725490196
0 0.6879084967320261 0.31786151960784315 0.03104575163398693 0.04871323529411765
0 0.5962009803921569 0.30974264705882354 0.05269607843137255 0.04779411764705882
0 0.5416666666666666 0.3011642156862745 0.04411764705882353 0.0661764705882353
0 0.4950980392156863 0.29503676470588236 0.04820261437908497 0.05821078431372549
0 0.4424019607843137 0.29411764705882354 0.04330065359477124 0.061887254901960786
0 0.3946078431372549 0.2893688725490196 0.0457516339869281 0.06709558823529412
0 0.32659313725490197 0.3561580882352941 0.061683006535947715 0.0664828431372549
0 0.26143790849673204 0.3509497549019608 0.049019607843137254 0.07261029411764706
0 0.8629493464052288 0.37637867647058826 0.046977124183006536 0.07567401960784313
0 0.19914215686274508 0.3555453431372549 0.07312091503267974 0.06096813725490196
0 0.04125816993464052 0.34911151960784315 0.07598039215686274 0.06954656862745098
0 0.26429738562091504 0.27481617647058826 0.05473856209150327 0.06985294117647059
0 0.7048611111111112 0.4693627450980392 0.025735294117647058 0.03125
0 0.2020016339869281 0.2936580882352941 0.06985294117647059 0.05116421568627451
0 0.1227532679738562 0.2881433823529412 0.0763888888888889 0.06219362745098039
0 0.03758169934640523 0.2789522058823529 0.0718954248366013 0.06096813725490196
0 0.9848856209150327 0.2927389705882353 0.03104575163398693 0.07689950980392157
0 0.9562908496732027 0.28370098039215685 0.025326797385620915 0.0900735294117647
0 0.9201388888888888 0.27650122549019607 0.034722222222222224 0.07567401960784313
0 0.8819444444444444 0.2763480392156863 0.029411764705882353 0.0974264705882353
0 0.8359885620915033 0.26378676470588236 0.05106209150326797 0.09252450980392157
0 0.7967728758169934 0.26838235294117646 0.01838235294117647 0.037377450980392156
0 0.11764705882352941 0.35171568627450983 0.06944444444444445 0.056372549019607844
0 0.7079248366013072 0.43075980392156865 0.025326797385620915 0.032475490196078434
0 0.07802287581699346 0.6487438725490197 0.14950980392156862 0.030943627450980393
0 0.7320261437908496 0.46691176470588236 0.022058823529411766 0.03982843137254902
0 0.6282679738562091 0.6992953431372549 0.028594771241830064 0.022365196078431373
0 0.7767565359477124 0.5983455882352942 0.017565359477124183 0.03370098039215686
0 0.769812091503268 0.6309742647058824 0.025735294117647058 0.02665441176470588
0 0.7467320261437909 0.6346507352941176 0.018790849673202614 0.019301470588235295
0 0.7183415032679739 0.6449142156862745 0.027369281045751634 0.03308823529411765
0 0.6879084967320261 0.6505821078431373 0.024509803921568627 0.02971813725490196
0 0.6611519607843137 0.6544117647058824 0.026552287581699346 0.03615196078431373
0 0.6301062091503268 0.663296568627451 0.02900326797385621 0.028186274509803922
0 0.7479575163398693 0.6029411764705882 0.021241830065359478 0.031862745098039214
0 0.7181372549019608 0.6087622549019608 0.03349673202614379 0.03676470588235294
0 0.6872957516339869 0.6136642156862745 0.023284313725490197 0.03125
0 0.6566584967320261 0.6162683823529411 0.030637254901960783 0.036458333333333336
0 0.6219362745098039 0.6197916666666666 0.03227124183006536 0.03615196078431373
0 0.5874183006535948 0.7539828431372549 0.025326797385620915 0.031862745098039214
0 0.5578022875816994 0.7593443627450981 0.027369281045751634 0.030330882352941176
0 0.5921160130718954 0.7141544117647058 0.028186274509803922 0.03553921568627451
0 0.5622957516339869 0.7169117647058824 0.026552287581699346 0.03799019607843137
0 0.6580882352941176 0.6908700980392157 0.02369281045751634 0.03125
0 0.6854575163398693 0.6861213235294118 0.029411764705882353 0.022365196078431373
0 0.7171160130718954 0.6786151960784313 0.028186274509803922 0.03370098039215686
0 0.7489787581699346 0.6669730392156863 0.026552287581699346 0.025735294117647058
0 0.7734885620915033 0.6931678921568627 0.026552287581699346 0.024816176470588234
0 0.8116830065359477 0.6588541666666666 0.041666666666666664 0.05606617647058824
0 0.8613153594771242 0.6436887254901961 0.037173202614379085 0.061887254901960786
0 0.894812091503268 0.6318933823529411 0.01919934640522876 0.05177696078431373
0 0.9246323529411765 0.6276041666666666 0.024101307189542485 0.04442401960784314
0 0.971609477124183 0.6150428921568627 0.05269607843137255 0.06096813725490196
0 0.4207516339869281 0.585171568627451 0.11356209150326797 0.025122549019607844
0 0.5292075163398693 0.5666360294117647 0.08374183006535947 0.01991421568627451
0 0.5898692810457516 0.6720281862745098 0.03022875816993464 0.04197303921568627
0 0.7177287581699346 0.5700061274509803 0.029411764705882353 0.03155637254901961
0 0.7800245098039216 0.5612745098039216 0.026552287581699346 0.03370098039215686
0 0.8051470588235294 0.5828737745098039 0.02287581699346405 0.06709558823529412
0 0.7359068627450981 0.43152573529411764 0.026552287581699346 0.03216911764705882
0 0.7181372549019608 0.7109375 0.03349673202614379 0.03216911764705882
0 0.6879084967320261 0.7164522058823529 0.021241830065359478 0.02971813725490196
0 0.6570669934640523 0.7293198529411765 0.023284313725490197 0.03216911764705882
0 0.6235702614379085 0.7386642156862745 0.02900326797385621 0.027573529411764705
0 0.7747140522875817 0.6600796568627451 0.01919934640522876 0.03155637254901961
0 0.75 0.5663296568627451 0.031862745098039214 0.03155637254901961
0 0.5569852941176471 0.6801470588235294 0.03227124183006536 0.03002450980392157
0 0.7487745098039216 0.6977634803921569 0.02287581699346405 0.03462009803921569
0 0.5206290849673203 0.7305453431372549 0.034722222222222224 0.030943627450980393
0 0.3741830065359477 0.7189031862745098 0.05310457516339869 0.04197303921568627
0 0.3202614379084967 0.7323835784313726 0.05228758169934641 0.03462009803921569
0 0.26205065359477125 0.7496936274509803 0.056781045751633986 0.0545343137254902
0 0.1962826797385621 0.7622549019607843 0.060866013071895424 0.04350490196078431
0 0.21854575163398693 0.6329656862745098 0.09967320261437909 0.044730392156862746
0 0.7685866013071896 0.4635416666666667 0.03308823529411765 0.032475490196078434
0 0.7714460784313726 0.43121936274509803 0.025735294117647058 0.03155637254901961
0 0.7632761437908496 0.4993872549019608 0.03227124183006536 0.03676470588235294
0 0.05984477124183007 0.8535539215686274 0.06413398692810457 0.03860294117647059
0 0.8496732026143791 0.48422181372549017 0.0915032679738562 0.0744485294117647
0 0.9650735294117647 0.4774816176470588 0.04616013071895425 0.05606617647058824
0 0.8527369281045751 0.5741421568627451 0.03880718954248366 0.06924019607843138
0 0.894812091503268 0.5666360294117647 0.03553921568627451 0.07506127450980392
0 0.9415849673202614 0.5462622549019608 0.03839869281045752 0.05943627450980392
0 0.9836601307189542 0.5401348039215687 0.03431372549019608 0.0625
0 0.05984477124183007 0.7939644607843137 0.06740196078431372 0.048100490196078434
0 0.522671568627451 0.7712928921568627 0.03308823529411765 0.04197303921568627
0 0.1315359477124183 0.7765012254901961 0.058823529411764705 0.05361519607843137
0 0.9258578431372549 0.4811580882352941 0.0298202614379085 0.06341911764705882
0 0.06658496732026144 0.9036458333333334 0.058823529411764705 0.05606617647058824
0 0.7320261437908496 0.5052083333333334 0.022058823529411766 0.028799019607843136
0 0.14358660130718953 0.8887867647058824 0.06985294117647059 0.04534313725490196
0 0.13664215686274508 0.8319546568627451 0.0690359477124183 0.0389093137254902
0 0.4797794117647059 0.7006740196078431 0.04044117647058824 0.04595588235294118
0 0.47855392156862747 0.742953431372549 0.037173202614379085 0.03431372549019608
0 0.4797794117647059 0.7858455882352942 0.03390522875816993 0.04595588235294118
0 0.4303513071895425 0.7996323529411765 0.03880718954248366 0.03799019607843137
0 0.4332107843137255 0.7550551470588235 0.0428921568627451 0.04381127450980392
0 0.44138071895424835 0.6628370098039216 0.044526143790849675 0.04442401960784314
0 0.38112745098039214 0.8140318627450981 0.05392156862745098 0.044730392156862746
0 0.4323937908496732 0.7144607843137255 0.0428921568627451 0.03308823529411765
0 0.2042483660130719 0.8160232843137255 0.058823529411764705 0.046262254901960786
0 0.2062908496732026 0.8765318627450981 0.049019607843137254 0.061887254901960786
0 0.5228758169934641 0.6927083333333334 0.029411764705882353 0.03370098039215686
0 0.2659313725490196 0.8014705882352942 0.05800653594771242 0.0392156862745098
0 0.26266339869281047 0.8503370098039216 0.051470588235294115 0.04197303921568627
0 0.49060457516339867 0.65625 0.041666666666666664 0.03615196078431373
0 0.32230392156862747 0.7803308823529411 0.05392156862745098 0.03982843137254902
0 0.3790849673202614 0.7683823529411765 0.05310457516339869 0.03370098039215686
0 0.3263888888888889 0.8290441176470589 0.049019607843137254 0.04718137254901961
