0 0.5688316993464052 0.48973651960784315 0.024918300653594773 0.04871323529411765
0 0.5927287581699346 0.48606004901960786 0.0196078431372549 0.057291666666666664
0 0.5281862745098039 0.4924938725490196 0.03431372549019608 0.046875
0 0.6151960784313726 0.48391544117647056 0.02042483660130719 0.05116421568627451
0 0.21098856209150327 0.4105392156862745 0.037173202614379085 0.07291666666666667
0 0.6646241830065359 0.47855392156862747 0.0196078431372549 0.04044117647058824
0 0.6858660130718954 0.47472426470588236 0.024509803921568627 0.046875
0 0.09252450980392157 0.18458946078431374 0.04779411764705882 0.07873774509803921
0 0.707312091503268 0.4719669117647059 0.017565359477124183 0.0389093137254902
0 0.6405228758169934 0.48422181372549017 0.027777777777777776 0.05177696078431373
0 0.14910130718954248 0.18642769607843138 0.04820261437908497 0.08670343137254902
0 0.24325980392156862 0.19944852941176472 0.04534313725490196 0.07536764705882353
0 0.7305964052287581 0.46982230392156865 0.023284313725490197 0.03462009803921569
0 0.7626633986928104 0.24126838235294118 0.018790849673202614 0.05361519607843137
0 0.7438725490196079 0.24034926470588236 0.018790849673202614 0.05177696078431373
0 0.7271241830065359 0.2420343137254902 0.013071895424836602 0.04779411764705882
0 0.7140522875816994 0.23774509803921567 0.014705882352941176 0.04718137254901961
0 0.7009803921568627 0.23636642156862744 0.010620915032679739 0.050551470588235295
0 0.6872957516339869 0.23330269607843138 0.01184640522875817 0.04442401960784314
0 0.6740196078431373 0.22977941176470587 0.013071895424836602 0.051470588235294115
0 0.6580882352941176 0.22748161764705882 0.018790849673202614 0.046875
0 0.6405228758169934 0.22487745098039216 0.014705882352941176 0.05330882352941176
0 0.625 0.22487745098039216 0.017973856209150325 0.0545343137254902
0 0.605187908496732 0.22166053921568626 0.01919934640522876 0.06096813725490196
0 0.5878267973856209 0.21737132352941177 0.015522875816993464 0.053002450980392156
0 0.573937908496732 0.21706495098039216 0.013071895424836602 0.05422794117647059
0 0.5580065359477124 0.21568627450980393 0.018790849673202614 0.05392156862745098
0 0.5406454248366013 0.21246936274509803 0.01511437908496732 0.06158088235294118
0 0.5206290849673203 0.2109375 0.024918300653594773 0.0585171568627451
0 0.4957107843137255 0.20863970588235295 0.025735294117647058 0.06311274509803921
0 0.47181372549019607 0.2037377450980392 0.021241830065359478 0.0545343137254902
0 0.45016339869281047 0.19883578431372548 0.022058823529411766 0.06495098039215687
0 0.4287173202614379 0.19393382352941177 0.02246732026143791 0.06004901960784314
0 0.40665849673202614 0.19071691176470587 0.01919934640522876 0.06709558823529412
0 0.38296568627450983 0.18841911764705882 0.028186274509803922 0.0661764705882353
0 0.3584558823529412 0.18443627450980393 0.023284313725490197 0.07352941176470588
0 0.3306781045751634 0.18244485294117646 0.0298202614379085 0.06893382352941177
0 0.2986111111111111 0.18075980392156862 0.03431372549019608 0.07107843137254902
0 0.19669117647058823 0.1875 0.04616013071895425 0.08455882352941177
0 0.044730392156862746 0.18826593137254902 0.04861111111111111 0.07199754901960784
0 0.4340277777777778 0.06709558823529412 0.017565359477124183 0.03860294117647059
0 0.7879901960784313 0.24708946078431374 0.016339869281045753 0.046262254901960786
0 0.08026960784313726 0.0507046568627451 0.03880718954248366 0.09099264705882353
0 0.0377859477124183 0.04932598039215686 0.044526143790849675 0.09375
0 0.7487745098039216 0.46629901960784315 0.015522875816993464 0.04044117647058824
0 0.7622549019607843 0.4684436274509804 0.011437908496732025 0.04105392156862745
0 0.7763480392156863 0.4675245098039216 0.014297385620915032 0.0428921568627451
0 0.017565359477124183 0.6366421568627451 0.035130718954248366 0.0821078431372549
0 0.05290032679738562 0.6286764705882353 0.03390522875816993 0.09803921568627451
0 0.09477124183006536 0.6171875 0.0457516339869281 0.08057598039215687
0 0.13623366013071894 0.6155024509803921 0.03799019607843137 0.08455882352941177
0 0.17647058823529413 0.6063112745098039 0.03758169934640523 0.0778186274509804
0 0.20915032679738563 0.6055453431372549 0.027777777777777776 0.08057598039215687
0 0.24325980392156862 0.5912990196078431 0.03308823529411765 0.07598039215686274
0 0.2757352941176471 0.5960477941176471 0.032679738562091505 0.06403186274509803
0 0.30392156862745096 0.5939031862745098 0.026143790849673203 0.06893382352941177
0 0.33108660130718953 0.5905330882352942 0.027369281045751634 0.0628063725490196
0 0.3582516339869281 0.5894607843137255 0.025326797385620915 0.0661764705882353
0 0.3854166666666667 0.5848651960784313 0.0298202614379085 0.05821078431372549
0 0.4099264705882353 0.5805759803921569 0.01919934640522876 0.06740196078431372
0 0.4297385620915033 0.5713848039215687 0.018790849673202614 0.05024509803921569
0 0.4497549019607843 0.5690870098039216 0.021241830065359478 0.05545343137254902
0 0.4736519607843137 0.5664828431372549 0.028186274509803922 0.04963235294117647
0 0.49611928104575165 0.5644914215686274 0.016748366013071895 0.053002450980392156
0 0.5151143790849673 0.5608149509803921 0.02042483660130719 0.045649509803921566
0 0.5355392156862745 0.5571384803921569 0.02042483660130719 0.05361519607843137
0 0.5557598039215687 0.5525428921568627 0.017565359477124183 0.04503676470588235
0 0.1235702614379085 0.059283088235294115 0.046977124183006536 0.10692401960784313
0 0.00980392156862745 0.18520220588235295 0.01715686274509804 0.07996323529411764
0 0.1736111111111111 0.05652573529411765 0.05310457516339869 0.11182598039215687
0 0.27879901960784315 0.07506127450980392 0.03227124183006536 0.07720588235294118
0 0.8031045751633987 0.18290441176470587 0.014705882352941176 0.049019607843137254
0 0.7853349673202614 0.17800245098039216 0.016748366013071895 0.04044117647058824
0 0.7612336601307189 0.17310049019607843 0.015931372549019607 0.04779411764705882
0 0.747140522875817 0.17110906862745098 0.012254901960784314 0.05177696078431373
0 0.7316176470588235 0.16743259803921567 0.018790849673202614 0.04258578431372549
0 0.7152777777777778 0.16222426470588236 0.011437908496732025 0.05238970588235294
0 0.7028186274509803 0.16069240196078433 0.014297385620915032 0.04932598039215686
0 0.6868872549019608 0.15716911764705882 0.016748366013071895 0.056372549019607844
0 0.672998366013072 0.15242034313725492 0.014297385620915032 0.04932598039215686
0 0.6546160130718954 0.14981617647058823 0.01838235294117647 0.05575980392156863
0 0.6345996732026143 0.1478247549019608 0.02165032679738562 0.05116421568627451
0 0.6149918300653595 0.14246323529411764 0.016748366013071895 0.061887254901960786
0 0.5947712418300654 0.14139093137254902 0.02369281045751634 0.05974264705882353
0 0.5765931372549019 0.1400122549019608 0.01511437908496732 0.061887254901960786
0 0.5590277777777778 0.13403799019607843 0.017565359477124183 0.050551470588235295
0 0.5404411764705882 0.13051470588235295 0.021241830065359478 0.05943627450980392
0 0.5220588235294118 0.12653186274509803 0.015522875816993464 0.051470588235294115
0 0.5032679738562091 0.12178308823529412 0.022058823529411766 0.06096813725490196
0 0.4826388888888889 0.11856617647058823 0.01838235294117647 0.05330882352941176
0 0.4571078431372549 0.11366421568627451 0.032679738562091505 0.06311274509803921
0 0.40931372549019607 0.1018688725490196 0.024509803921568627 0.06525735294117647
0 0.38357843137254904 0.09696691176470588 0.02287581699346405 0.05912990196078431
0 0.3588643790849673 0.09145220588235294 0.026552287581699346 0.0701593137254902
0 0.33169934640522875 0.08930759803921569 0.028594771241830064 0.06525735294117647
0 0.3059640522875817 0.08517156862745098 0.021241830065359478 0.0741421568627451
0 0.230187908496732 0.06770833333333333 0.056781045751633986 0.12867647058823528
0 0.8071895424836601 0.25076593137254904 0.013888888888888888 0.046875
0 0.8508986928104575 0.18949142156862744 0.013888888888888888 0.053002450980392156
0 0.8376225490196079 0.25214460784313725 0.01511437908496732 0.03982843137254902
0 0.4362745098039216 0.35753676470588236 0.013071895424836602 0.049019607843137254
0 0.46568627450980393 0.35753676470588236 0.03758169934640523 0.049019607843137254
0 0.5014297385620915 0.359375 0.03390522875816993 0.04534313725490196
0 0.5355392156862745 0.35753676470588236 0.03349673202614379 0.042279411764705885
0 0.568218954248366 0.3570772058823529 0.029411764705882353 0.043198529411764705
0 0.6002859477124183 0.35983455882352944 0.03145424836601307 0.046875
0 0.653390522875817 0.3596813725490196 0.034722222222222224 0.0392156862745098
0 0.6832107843137255 0.35830269607843135 0.024918300653594773 0.040747549019607844
0 0.7093545751633987 0.3596813725490196 0.024101307189542485 0.041666666666666664
0 0.42177287581699346 0.3570772058823529 0.01838235294117647 0.048100490196078434
0 0.7312091503267973 0.3599877450980392 0.021241830065359478 0.03982843137254902
0 0.7710375816993464 0.35891544117647056 0.01919934640522876 0.03707107843137255
0 0.8956290849673203 0.35860906862745096 0.03145424836601307 0.03278186274509804
0 0.8684640522875817 0.3596813725490196 0.01715686274509804 0.032475490196078434
0 0.3457924836601307 0.4410232843137255 0.13848039215686275 0.047487745098039214
0 0.4618055555555556 0.43474264705882354 0.0951797385620915 0.05024509803921569
0 0.556781045751634 0.4319852941176471 0.08823529411764706 0.04779411764705882
0 0.6427696078431373 0.4273897058823529 0.0821078431372549 0.04779411764705882
0 0.7265114379084967 0.4224877450980392 0.08700980392156862 0.03860294117647059
0 0.015931372549019607 0.5381433823529411 0.028594771241830064 0.10079656862745098
0 0.7522467320261438 0.3587622549019608 0.01919934640522876 0.037377450980392156
0 0.40155228758169936 0.359375 0.018790849673202614 0.05024509803921569
0 0.3813316993464052 0.3555453431372549 0.02165032679738562 0.05667892156862745
0 0.3570261437908497 0.35661764705882354 0.026143790849673203 0.05821078431372549
0 0.17524509803921567 0.4166666666666667 0.031862745098039214 0.0857843137254902
0 0.13868464052287582 0.4175857843137255 0.04125816993464052 0.07291666666666667
0 0.10110294117647059 0.4195772058823529 0.030637254901960783 0.07506127450980392
0 0.06270424836601307 0.4180453431372549 0.044526143790849675 0.07628676470588236
0 0.021037581699346407 0.4189644607843137 0.04125816993464052 0.08792892156862746
0 0.8531454248366013 0.3056066176470588 0.01838235294117647 0.040747549019607844
0 0.8355800653594772 0.3053002450980392 0.014297385620915032 0.040747549019607844
0 0.7600081699346405 0.2991727941176471 0.015931372549019607 0.04503676470588235
0 0.7426470588235294 0.3003982843137255 0.016339869281045753 0.046262254901960786
0 0.7291666666666666 0.29886642156862747 0.013888888888888888 0.04932598039215686
0 0.7138480392156863 0.2974877450980392 0.014297385620915032 0.04718137254901961
0 0.6995506535947712 0.2965686274509804 0.014297385620915032 0.049019607843137254
0 0.6795343137254902 0.2962622549019608 0.027369281045751634 0.04779411764705882
0 0.6568627450980392 0.2933517156862745 0.016339869281045753 0.05422794117647059
0 0.6413398692810458 0.28982843137254904 0.016339869281045753 0.049019607843137254
0 0.6247957516339869 0.2890625 0.01511437908496732 0.050551470588235295
0 0.6076388888888888 0.29151348039215685 0.01511437908496732 0.0548406862745098
0 0.5733251633986928 0.5505514705882353 0.01838235294117647 0.05024509803921569
0 0.27532679738562094 0.35309436274509803 0.035130718954248366 0.05177696078431373
0 0.31066176470588236 0.3544730392156863 0.030637254901960783 0.05514705882352941
0 0.33455882352941174 0.3555453431372549 0.018790849673202614 0.05912990196078431
0 0.049836601307189546 0.5301776960784313 0.03676470588235294 0.10079656862745098
0 0.08966503267973856 0.5263480392156863 0.03880718954248366 0.09129901960784313
0 0.127859477124183 0.5251225490196079 0.03676470588235294 0.09375
0 0.167687908496732 0.5211397058823529 0.044526143790849675 0.0857843137254902
0 0.2741013071895425 0.2731311274509804 0.02287581699346405 0.0585171568627451
0 0.24080882352941177 0.31066176470588236 0.028186274509803922 0.07720588235294118
0 0.215890522875817 0.3118872549019608 0.02246732026143791 0.07965686274509803
0 0.18852124183006536 0.3091299019607843 0.0298202614379085 0.0857843137254902
0 0.15441176470588236 0.3091299019607843 0.03676470588235294 0.08762254901960784
0 0.1235702614379085 0.3083639705882353 0.024918300653594773 0.08915441176470588
0 0.09027777777777778 0.3080575980392157 0.03676470588235294 0.0897671568627451
0 0.04595588235294118 0.31066176470588236 0.04779411764705882 0.08455882352941177
0 0.9238153594771242 0.20143995098039216 0.015931372549019607 0.04013480392156863
0 0.9031862745098039 0.20052083333333334 0.008986928104575163 0.04442401960784314
0 0.8939950980392157 0.19776348039215685 0.009395424836601307 0.05116421568627451
0 0.8860294117647058 0.19806985294117646 0.008986928104575163 0.05177696078431373
0 0.8758169934640523 0.19393382352941177 0.010620915032679739 0.05943627450980392
0 0.8629493464052288 0.18995098039215685 0.012663398692810458 0.051470588235294115
0 0.24836601307189543 0.4134497549019608 0.03758169934640523 0.06893382352941177
0 0.8366013071895425 0.18550857843137256 0.013071895424836602 0.046262254901960786
0 0.8233251633986928 0.18520220588235295 0.01511437908496732 0.046875
0 0.8995098039215687 0.25980392156862747 0.010620915032679739 0.04840686274509804
0 0.8888888888888888 0.2584252450980392 0.011437908496732025 0.04381127450980392
0 0.872140522875817 0.2571997549019608 0.022058823529411766 0.045649509803921566
0 0.8513071895424836 0.25306372549019607 0.014705882352941176 0.03799019607843137
0 0.2930964052287582 0.27450980392156865 0.017565359477124183 0.05575980392156863
0 0.821078431372549 0.25245098039215685 0.016339869281045753 0.04350490196078431
0 0.3188316993464052 0.27420343137254904 0.03145424836601307 0.05575980392156863
0 0.38255718954248363 0.2766544117647059 0.027369281045751634 0.056372549019607844
0 0.20547385620915032 0.5170036764705882 0.029411764705882353 0.0940563725490196
0 0.24040032679738563 0.5108762254901961 0.03390522875816993 0.0818014705882353
0 0.27512254901960786 0.5153186274509803 0.034722222222222224 0.07107843137254902
0 0.3073937908496732 0.5139399509803921 0.0298202614379085 0.0664828431372549
0 0.3366013071895425 0.5153186274509803 0.029411764705882353 0.061887254901960786
0 0.36356209150326796 0.5127144607843137 0.02369281045751634 0.0548406862745098
0 0.38909313725490197 0.5076593137254902 0.028186274509803922 0.06311274509803921
0 0.41421568627450983 0.5050551470588235 0.022058823529411766 0.05606617647058824
0 0.4616013071895425 0.4987745098039216 0.031862745098039214 0.05269607843137255
0 0.49019607843137253 0.49800857843137253 0.02696078431372549 0.05422794117647059
0 0.4511846405228758 0.6453737745098039 0.020833333333333332 0.053002450980392156
0 0.5947712418300654 0.29151348039215685 0.010620915032679739 0.05545343137254902
0 0.5786356209150327 0.2884497549019608 0.01919934640522876 0.04932598039215686
0 0.5606617647058824 0.2861519607843137 0.014297385620915032 0.052083333333333336
0 0.5447303921568627 0.2867647058823529 0.017565359477124183 0.05269607843137255
0 0.5281862745098039 0.28370098039215685 0.015522875816993464 0.058823529411764705
0 0.511437908496732 0.28278186274509803 0.0196078431372549 0.05575980392156863
0 0.49060457516339867 0.28109681372549017 0.021241830065359478 0.057904411764705885
0 0.4660947712418301 0.27910539215686275 0.028594771241830064 0.05392156862745098
0 0.43770424836601307 0.28017769607843135 0.028186274509803922 0.05177696078431373
0 0.409109477124183 0.27956495098039214 0.027369281045751634 0.050551470588235295
0 0.35171568627450983 0.27542892156862747 0.03431372549019608 0.05392156862745098
0 0.5904820261437909 0.5465686274509803 0.01511437908496732 0.0428921568627451
0 0.47487745098039214 0.6430759803921569 0.02165032679738562 0.04840686274509804
0 0.6211192810457516 0.5412071078431373 0.013480392156862746 0.04136029411764706
0 0.6186683006535948 0.6636029411764706 0.027369281045751634 0.042279411764705885
0 0.5874183006535948 0.6749387254901961 0.03349673202614379 0.04595588235294118
0 0.5196078431372549 0.6911764705882353 0.032679738562091505 0.04840686274509804
0 0.47610294117647056 0.7055759803921569 0.04616013071895425 0.04656862745098039
0 0.43137254901960786 0.7143075980392157 0.04084967320261438 0.04503676470588235
0 0.38766339869281047 0.7296262254901961 0.04656862745098039 0.043198529411764705
0 0.6540032679738562 0.6560968137254902 0.03594771241830065 0.04136029411764706
0 0.29268790849673204 0.7598039215686274 0.06331699346405228 0.05392156862745098
0 0.20383986928104575 0.7826286764705882 0.032679738562091505 0.06464460784313726
0 0.1715686274509804 0.7948835784313726 0.024509803921568627 0.0701593137254902
0 0.13500816993464052 0.8072916666666666 0.03880718954248366 0.05759803921568627
0 0.09191176470588236 0.8201593137254902 0.03676470588235294 0.06495098039215687
0 0.04840686274509804 0.8302696078431373 0.05024509803921569 0.05698529411764706
0 0.011029411764705883 0.8406862745098039 0.022058823529411766 0.06801470588235294
0 0.2375408496732026 0.7754289215686274 0.03145424836601307 0.05943627450980392
0 0.5608660130718954 0.6185661764705882 0.021241830065359478 0.04840686274509804
0 0.6162173202614379 0.6076899509803921 0.034722222222222224 0.03829656862745098
0 0.6793300653594772 0.5943627450980392 0.03349673202614379 0.042279411764705885
0 0.6053921568627451 0.5447303921568627 0.016339869281045753 0.04779411764705882
0 0.9058415032679739 0.5874693627450981 0.0363562091503268 0.021139705882352942
0 0.9060457516339869 0.5628063725490197 0.0392156862745098 0.025735294117647058
0 0.7465277777777778 0.5753676470588235 0.014297385620915032 0.04718137254901961
0 0.7316176470588235 0.578890931372549 0.018790849673202614 0.03952205882352941
0 0.8647875816993464 0.5974264705882353 0.031862745098039214 0.03676470588235294
0 0.6484885620915033 0.5991115196078431 0.027369281045751634 0.03768382352941176
0 0.8433415032679739 0.6053921568627451 0.017565359477124183 0.028799019607843136
0 0.8006535947712419 0.6190257352941176 0.0196078431372549 0.03278186274509804
0 0.7853349673202614 0.6231617647058824 0.020016339869281044 0.03676470588235294
0 0.7618464052287581 0.6297487745098039 0.02287581699346405 0.035845588235294115
0 0.7336601307189542 0.6348039215686274 0.029411764705882353 0.03615196078431373
0 0.6958741830065359 0.6418504901960784 0.025735294117647058 0.03615196078431373
0 0.7081290849673203 0.5856311274509803 0.024918300653594773 0.0389093137254902
0 0.821078431372549 0.6119791666666666 0.016339869281045753 0.03278186274509804
0 0.5377859477124183 0.6214767156862745 0.02165032679738562 0.04258578431372549
0 0.5551470588235294 0.6839767156862745 0.031862745098039214 0.045649509803921566
0 0.4948937908496732 0.6334252450980392 0.024101307189542485 0.043198529411764705
0 0.1650326797385621 0.7155330882352942 0.03594771241830065 0.08547794117647059
0 0.13051470588235295 0.7219669117647058 0.03553921568627451 0.0934436274509804
0 0.0872140522875817 0.7346813725490197 0.0428921568627451 0.08823529411764706
0 0.04554738562091503 0.7386642156862745 0.03799019607843137 0.09620098039215687
0 0.014093137254901961 0.7513786764705882 0.024918300653594773 0.09834558823529412
0 0.7820669934640523 0.5136335784313726 0.020016339869281044 0.033394607843137254
0 0.7659313725490197 0.5174632352941176 0.012254901960784314 0.04105392156862745
0 0.7518382352941176 0.5205269607843137 0.015931372549019607 0.034926470588235295
0 0.7338643790849673 0.5229779411764706 0.020016339869281044 0.041666666666666664
0 0.7167075163398693 0.524203431372549 0.014297385620915032 0.04044117647058824
0 0.7007761437908496 0.5269607843137255 0.016748366013071895 0.04595588235294118
0 0.6860702614379085 0.5303308823529411 0.01184640522875817 0.03860294117647059
0 0.5165441176470589 0.6253063725490197 0.023284313725490197 0.0428921568627451
0 0.6525735294117647 0.5366115196078431 0.020016339869281044 0.03952205882352941
0 0.6354166666666666 0.5392156862745098 0.014297385620915032 0.044730392156862746
0 0.19914215686274508 0.7015931372549019 0.02900326797385621 0.08823529411764706
0 0.22977941176470587 0.6971507352941176 0.034722222222222224 0.08118872549019608
0 0.6717728758169934 0.5341605392156863 0.01838235294117647 0.045649509803921566
0 0.29983660130718953 0.6781556372549019 0.021241830065359478 0.06464460784313726
0 0.3229166666666667 0.6727941176470589 0.026552287581699346 0.05575980392156863
0 0.2687908496732026 0.6815257352941176 0.04084967320261438 0.0548406862745098
0 0.35375816993464054 0.6662071078431373 0.026143790849673203 0.06525735294117647
0 0.377859477124183 0.6605392156862745 0.021241830065359478 0.05024509803921569
0 0.3993055555555556 0.65625 0.020016339869281044 0.058823529411764705
0 0.42197712418300654 0.6508884803921569 0.03104575163398693 0.04503676470588235
