0 0.3472222222222222 0.3857230392156863 0.03594771241830065 0.056372549019607844
0 0.26491013071895425 0.38082107843137253 0.04534313725490196 0.058823529411764705
0 0.985498366013072 0.31816789215686275 0.0298202614379085 0.10263480392156862
0 0.30187908496732024 0.1948529411764706 0.04003267973856209 0.07598039215686274
0 0.3400735294117647 0.1953125 0.030637254901960783 0.0744485294117647
0 0.49836601307189543 0.19761029411764705 0.03758169934640523 0.07720588235294118
0 0.4166666666666667 0.19730392156862744 0.0457516339869281 0.0704656862745098
0 0.46017156862745096 0.19868259803921567 0.037173202614379085 0.07628676470588236
0 0.5402369281045751 0.19745710784313725 0.03880718954248366 0.07628676470588236
0 0.39072712418300654 0.38327205882352944 0.04616013071895425 0.05943627450980392
0 0.3743872549019608 0.1959252450980392 0.037173202614379085 0.07567401960784313
0 0.47814542483660133 0.3854166666666667 0.039624183006535946 0.05759803921568627
0 0.3619281045751634 0.12699142156862744 0.051470588235294115 0.029105392156862746
0 0.06004901960784314 0.08946078431372549 0.04084967320261438 0.09987745098039216
0 0.10743464052287582 0.08869485294117647 0.04656862745098039 0.10079656862745098
0 0.15625 0.1092218137254902 0.02900326797385621 0.05606617647058824
0 0.18586601307189543 0.10876225490196079 0.025326797385620915 0.0545343137254902
0 0.21548202614379086 0.09941789215686274 0.02900326797385621 0.078125
0 0.24754901960784315 0.10079656862745098 0.02369281045751634 0.07291666666666667
0 0.2806372549019608 0.1018688725490196 0.03676470588235294 0.07506127450980392
0 0.5821078431372549 0.19623161764705882 0.03676470588235294 0.07751225490196079
0 0.40788398692810457 0.09666053921568628 0.03799019607843137 0.08363970588235294
0 0.4452614379084967 0.09681372549019608 0.03594771241830065 0.08517156862745098
0 0.4795751633986928 0.11534926470588236 0.029411764705882353 0.047487745098039214
0 0.5098039215686274 0.11795343137254902 0.027777777777777776 0.04350490196078431
0 0.01919934640522876 0.09037990196078431 0.03839869281045752 0.09926470588235294
0 0.6274509803921569 0.1948529411764706 0.04493464052287582 0.08026960784313726
0 0.01715686274509804 0.3425245098039216 0.03431372549019608 0.09191176470588236
0 0.7134395424836601 0.20143995098039216 0.034722222222222224 0.06954656862745098
0 0.9440359477124183 0.31832107843137253 0.049019607843137254 0.0974264705882353
0 0.8962418300653595 0.3229166666666667 0.0392156862745098 0.08823529411764706
0 0.8329248366013072 0.29993872549019607 0.011437908496732025 0.05269607843137255
0 0.8059640522875817 0.29212622549019607 0.0392156862745098 0.0701593137254902
0 0.7626633986928104 0.2939644607843137 0.041666666666666664 0.06954656862745098
0 0.7087418300653595 0.29411764705882354 0.04656862745098039 0.06433823529411764
0 0.6605392156862745 0.2935049019607843 0.031862745098039214 0.06311274509803921
0 0.6203022875816994 0.2925857843137255 0.044526143790849675 0.0704656862745098
0 0.5743464052287581 0.29212622549019607 0.04411764705882353 0.0701593137254902
0 0.53125 0.29411764705882354 0.04044117647058824 0.06433823529411764
0 0.48590686274509803 0.2928921568627451 0.044526143790849675 0.06740196078431372
0 0.4424019607843137 0.29074754901960786 0.04084967320261438 0.07230392156862746
0 0.39767156862745096 0.2913602941176471 0.04370915032679738 0.06495098039215687
0 0.3443627450980392 0.2858455882352941 0.05555555555555555 0.07475490196078431
0 0.2702205882352941 0.2884497549019608 0.0494281045751634 0.07322303921568628
0 0.18116830065359477 0.30683210784313725 0.0494281045751634 0.04381127450980392
0 0.1795343137254902 0.36121323529411764 0.04616013071895425 0.06004901960784314
0 0.10620915032679738 0.3564644607843137 0.04084967320261438 0.06587009803921569
0 0.058823529411764705 0.3471200980392157 0.04493464052287582 0.07965686274509803
0 0.5500408496732027 0.1012561274509804 0.04534313725490196 0.0744485294117647
0 0.9652777777777778 0.20052083333333334 0.07107843137254902 0.09834558823529412
0 0.9072712418300654 0.2025122549019608 0.04411764705882353 0.09926470588235294
0 0.8594771241830066 0.19638480392156862 0.05065359477124183 0.0821078431372549
0 0.8084150326797386 0.19730392156862744 0.04820261437908497 0.0784313725490196
0 0.7573529411764706 0.19607843137254902 0.04820261437908497 0.07536764705882353
0 0.6727941176470589 0.19623161764705882 0.04493464052287582 0.07996323529411764
0 0.012050653594771242 0.5713848039215687 0.024101307189542485 0.09436274509803921
0 0.06638071895424837 0.577359068627451 0.07965686274509803 0.0934436274509804
0 0.6768790849673203 0.09451593137254902 0.04820261437908497 0.09283088235294118
0 0.14787581699346405 0.2104779411764706 0.05473856209150327 0.10049019607843138
0 0.08986928104575163 0.21323529411764705 0.05310457516339869 0.09313725490196079
0 0.04861111111111111 0.2184436274509804 0.02696078431372549 0.08517156862745098
0 0.8282271241830066 0.4771752450980392 0.06740196078431372 0.0940563725490196
0 0.6879084967320261 0.47732843137254904 0.07352941176470588 0.08884803921568628
0 0.6033496732026143 0.4736519607843137 0.0857843137254902 0.09436274509803921
0 0.20588235294117646 0.20971200980392157 0.058823529411764705 0.10324754901960784
0 0.5220588235294118 0.47012867647058826 0.0718954248366013 0.08792892156862746
0 0.3946078431372549 0.46829044117647056 0.06372549019607843 0.08915441176470588
0 0.21711601307189543 0.49433210784313725 0.068218954248366 0.019301470588235295
0 0.23529411764705882 0.4462316176470588 0.06862745098039216 0.024816176470588234
0 0.2193627450980392 0.4719669117647059 0.0727124183006536 0.021752450980392156
0 0.15645424836601307 0.4644607843137255 0.0457516339869281 0.07475490196078431
0 0.40298202614379086 0.6979166666666666 0.054330065359477125 0.09313725490196079
0 0.4556781045751634 0.47074142156862747 0.05106209150326797 0.09099264705882353
0 0.2577614379084967 0.19286151960784315 0.04084967320261438 0.07383578431372549
0 0.3451797385620915 0.6976102941176471 0.06045751633986928 0.09068627450980392
0 0.2806372549019608 0.6948529411764706 0.06372549019607843 0.08946078431372549
0 0.12867647058823528 0.5834865196078431 0.04003267973856209 0.0744485294117647
0 0.19158496732026145 0.5718443627450981 0.07679738562091504 0.09712009803921569
0 0.26266339869281047 0.5816482843137255 0.06372549019607843 0.10018382352941177
0 0.3284313725490196 0.5822610294117647 0.06045751633986928 0.09650735294117647
0 0.39338235294117646 0.5845588235294118 0.06454248366013073 0.09375
0 0.45526960784313725 0.5837928921568627 0.053513071895424834 0.09099264705882353
0 0.5157271241830066 0.5868566176470589 0.0625 0.09099264705882353
0 0.5786356209150327 0.5874693627450981 0.05923202614379085 0.08854166666666667
0 0.6431781045751634 0.5870098039215687 0.053513071895424834 0.08946078431372549
0 0.704248366013072 0.5890012254901961 0.06045751633986928 0.09528186274509803
0 0.7910539215686274 0.5914522058823529 0.07883986928104575 0.09283088235294118
0 0.029411764705882353 0.6858149509803921 0.058823529411764705 0.10079656862745098
0 0.09191176470588236 0.686734068627451 0.06535947712418301 0.0977328431372549
0 0.15236928104575165 0.6966911764705882 0.05065359477124183 0.08333333333333333
0 0.21405228758169934 0.6946997549019608 0.06862745098039216 0.08915441176470588
0 0.4636437908496732 0.7002144607843137 0.05718954248366013 0.09037990196078431
0 0.6301062091503268 0.10263480392156862 0.037173202614379085 0.07659313725490197
0 0.5285947712418301 0.7041973039215687 0.06535947712418301 0.09589460784313726
0 0.6162173202614379 0.6744791666666666 0.025735294117647058 0.045649509803921566
0 0.8345588235294118 0.38388480392156865 0.04084967320261438 0.0704656862745098
0 0.7855392156862745 0.3831188725490196 0.051470588235294115 0.06709558823529412
0 0.7111928104575164 0.3840379901960784 0.04493464052287582 0.06770833333333333
0 0.6687091503267973 0.3828125 0.035130718954248366 0.07077205882352941
0 0.6339869281045751 0.3825061274509804 0.035130718954248366 0.06832107843137254
0 0.5974264705882353 0.38235294117647056 0.03145424836601307 0.06985294117647059
0 0.9180964052287581 0.4430147058823529 0.08946078431372549 0.07291666666666667
0 0.5608660130718954 0.38143382352941174 0.03758169934640523 0.06556372549019608
0 0.01940359477124183 0.21691176470588236 0.02900326797385621 0.08517156862745098
0 0.9618055555555556 0.08517156862745098 0.05106209150326797 0.10110294117647059
0 0.9082924836601307 0.08838848039215687 0.05269607843137255 0.10263480392156862
0 0.8492647058823529 0.09191176470588236 0.05392156862745098 0.09252450980392157
0 0.7894199346405228 0.09375 0.05923202614379085 0.09191176470588236
0 0.730187908496732 0.0934436274509804 0.0559640522875817 0.09252450980392157
0 0.5189950980392157 0.3863357843137255 0.042075163398692814 0.06066176470588235
0 0.9131944444444444 0.5340073529411765 0.0959967320261438 0.07169117647058823
0 0.9803921568627451 0.5332414215686274 0.0392156862745098 0.07077205882352941
0 0.8799019607843137 0.6294424019607843 0.05228758169934641 0.06464460784313726
0 0.6566584967320261 0.7066482843137255 0.05514705882352941 0.0934436274509804
0 0.7222222222222222 0.7063419117647058 0.0718954248366013 0.09650735294117647
0 0.792687908496732 0.7094056372549019 0.0559640522875817 0.08915441176470588
0 0.7428513071895425 0.4710477941176471 0.030637254901960783 0.07935049019607843
0 0.10212418300653595 0.47549019607843135 0.05555555555555555 0.05330882352941176
0 0.05535130718954248 0.46017156862745096 0.034722222222222224 0.08088235294117647
0 0.016339869281045753 0.46568627450980393 0.032679738562091505 0.06862745098039216
0 0.9881535947712419 0.750765931372549 0.025326797385620915 0.02297794117647059
0 0.9491421568627451 0.75 0.04779411764705882 0.026348039215686275
0 0.8986928104575164 0.7455575980392157 0.04411764705882353 0.023590686274509803
0 0.8988970588235294 0.7201286764705882 0.04370915032679738 0.023590686274509803
0 0.8553921568627451 0.7480085784313726 0.04411764705882353 0.023590686274509803
0 0.8525326797385621 0.7250306372549019 0.04411764705882353 0.023590686274509803
0 0.9824346405228758 0.6259191176470589 0.035130718954248366 0.07536764705882353
0 0.9356617647058824 0.6294424019607843 0.05514705882352941 0.06403186274509803
0 0.5819035947712419 0.6712622549019608 0.0363562091503268 0.04718137254901961
0 0.5925245098039216 0.10278799019607843 0.034722222222222224 0.07689950980392157
