0 0.7208904109589042 0.5776442307692308 0.07448630136986302 0.03701923076923077
0 0.1151541095890411 0.2456730769230769 0.06592465753424658 0.02548076923076923
0 0.2046232876712329 0.24026442307692308 0.09674657534246575 0.031490384615384615
0 0.2091181506849315 0.2170673076923077 0.0877568493150685 0.011538461538461539
0 0.3045804794520548 0.23713942307692307 0.09460616438356165 0.04014423076923077
0 0.4066780821917808 0.2403846153846154 0.0916095890410959 0.032692307692307694
0 0.5055650684931506 0.24098557692307693 0.1035958904109589 0.030048076923076924
0 0.5104880136986302 0.21766826923076923 0.09717465753424658 0.01706730769230769
0 0.4116010273972603 0.21598557692307693 0.09717465753424658 0.01610576923076923
0 0.6044520547945206 0.23317307692307693 0.08647260273972603 0.038461538461538464
0 0.6975599315068494 0.2325721153846154 0.08690068493150685 0.031490384615384615
0 0.7917380136986302 0.22608173076923077 0.09375 0.040625
0 0.9488441780821918 0.22295673076923078 0.08347602739726027 0.037259615384615384
0 0.9655393835616438 0.2644230769230769 0.06977739726027397 0.04471153846153846
0 0.0351027397260274 0.2296875 0.06592465753424658 0.030528846153846153
0 0.044306506849315065 0.3855769230769231 0.07577054794520548 0.03221153846153846
0 0.12992294520547945 0.3864182692307692 0.09118150684931507 0.03341346153846154
0 0.11408390410958905 0.22067307692307692 0.08433219178082192 0.020673076923076922
0 0.8835616438356164 0.26526442307692305 0.08304794520547945 0.045432692307692306
0 0.7866010273972602 0.2681490384615385 0.1091609589041096 0.03870192307692308
0 0.6881421232876712 0.2705528846153846 0.08518835616438356 0.042067307692307696
0 0.3362585616438356 0.7769230769230769 0.08176369863013698 0.03701923076923077
0 0.4225171232876712 0.7751201923076924 0.0898972602739726 0.039663461538461536
0 0.7168236301369864 0.48040865384615383 0.09631849315068493 0.034375
0 0.5104880136986302 0.7745192307692308 0.08433219178082192 0.03942307692307692
0 0.6025256849315068 0.7746394230769231 0.0954623287671233 0.03822115384615385
0 0.693707191780822 0.7734375 0.0877568493150685 0.037259615384615384
0 0.07363013698630137 0.737139423076923 0.07534246575342465 0.025721153846153845
0 0.16160102739726026 0.7372596153846154 0.0997431506849315 0.02451923076923077
0 0.2502140410958904 0.7417067307692308 0.0783390410958904 0.031009615384615385
0 0.3336900684931507 0.7418269230769231 0.08518835616438356 0.03125
0 0.04023972602739726 0.2778846153846154 0.06763698630136987 0.03894230769230769
0 0.11815068493150685 0.278125 0.08047945205479452 0.040865384615384616
0 0.2163955479452055 0.2751201923076923 0.09118150684931507 0.03581730769230769
0 0.3092893835616438 0.27560096153846153 0.08261986301369863 0.036298076923076926
0 0.4068921232876712 0.2759615384615385 0.10059931506849315 0.0375
0 0.5104880136986302 0.27584134615384615 0.10059931506849315 0.03822115384615385
0 0.6016695205479452 0.2722355769230769 0.08518835616438356 0.039663461538461536
0 0.2202482876712329 0.38377403846153846 0.09032534246575342 0.03822115384615385
0 0.3073630136986301 0.38125 0.08304794520547945 0.035096153846153846
0 0.0430222602739726 0.34951923076923075 0.08176369863013698 0.03798076923076923
0 0.1252140410958904 0.34807692307692306 0.08176369863013698 0.040865384615384616
0 0.3501712328767123 0.44146634615384617 0.0839041095890411 0.036298076923076926
0 0.4381421232876712 0.4402644230769231 0.09118150684931507 0.034375
0 0.5269691780821918 0.4408653846153846 0.08732876712328767 0.03317307692307692
0 0.6217893835616438 0.44182692307692306 0.0954623287671233 0.035096153846153846
0 0.6436215753424658 0.5786057692307692 0.0800513698630137 0.03701923076923077
0 0.5543664383561644 0.5787259615384616 0.0958904109589041 0.036778846153846155
0 0.4518407534246575 0.5810096153846154 0.10573630136986302 0.041826923076923074
0 0.3540239726027397 0.5764423076923076 0.08732876712328767 0.05096153846153846
0 0.2579195205479452 0.5741586538461538 0.09375 0.053125
0 0.1622431506849315 0.5817307692307693 0.09674657534246575 0.03798076923076923
0 0.07255993150684932 0.5840144230769231 0.08176369863013698 0.043028846153846154
0 0.9242294520547946 0.4342548076923077 0.1053082191780822 0.036778846153846155
0 0.8176369863013698 0.43653846153846154 0.09503424657534247 0.03701923076923077
0 0.9272260273972602 0.4754807692307692 0.1035958904109589 0.038461538461538464
0 0.8242722602739726 0.47644230769230766 0.10402397260273973 0.04230769230769231
0 0.7183219178082192 0.4311298076923077 0.09503424657534247 0.023798076923076922
0 0.7217465753424658 0.45300480769230766 0.08904109589041095 0.020432692307692308
0 0.260916095890411 0.44098557692307694 0.0954623287671233 0.03581730769230769
0 0.2529965753424658 0.7774038461538462 0.0839041095890411 0.0375
0 0.532320205479452 0.4796875 0.09375 0.04014423076923077
0 0.3463184931506849 0.48088942307692306 0.09332191780821918 0.03774038461538461
0 0.2131849315068493 0.34603365384615387 0.09332191780821918 0.03581730769230769
0 0.3045804794520548 0.3450721153846154 0.0860445205479452 0.037259615384615384
0 0.4201626712328767 0.3794471153846154 0.13998287671232876 0.04110576923076923
0 0.5622859589041096 0.3782451923076923 0.14169520547945205 0.04447115384615385
0 0.686429794520548 0.3769230769230769 0.10231164383561644 0.03990384615384615
0 0.7844606164383562 0.37536057692307695 0.0920376712328767 0.037259615384615384
0 0.6705907534246576 0.3346153846153846 0.07491438356164383 0.03461538461538462
0 0.7587756849315068 0.33413461538461536 0.0997431506849315 0.035576923076923075
0 0.8799229452054794 0.37319711538461536 0.0800513698630137 0.04495192307692308
0 0.9582619863013698 0.3716346153846154 0.0723458904109589 0.041826923076923074
0 0.8608732876712328 0.3296875 0.08476027397260275 0.039663461538461536
0 0.9456335616438356 0.32992788461538464 0.08047945205479452 0.036778846153846155
0 0.05971746575342466 0.44963942307692306 0.09375 0.04399038461538462
0 0.15325342465753425 0.4455528846153846 0.0916095890410959 0.03581730769230769
0 0.0682791095890411 0.4890625 0.09032534246575342 0.03389423076923077
0 0.1624571917808219 0.4858173076923077 0.09289383561643835 0.03076923076923077
0 0.2534246575342466 0.4826923076923077 0.08904109589041095 0.03701923076923077
0 0.4381421232876712 0.4801682692307692 0.09118150684931507 0.039663461538461536
0 0.1701626712328767 0.7737980769230769 0.08261986301369863 0.04519230769230769
0 0.6258561643835616 0.4784855769230769 0.08561643835616438 0.04014423076923077
0 0.9079623287671232 0.6385817307692307 0.11558219178082192 0.03581730769230769
0 0.6001712328767124 0.7412259615384615 0.0779109589041096 0.019951923076923075
0 0.5986729452054794 0.7247596153846154 0.08090753424657535 0.0125
0 0.690068493150685 0.7370192307692308 0.08904109589041095 0.028365384615384615
0 0.8039383561643836 0.7719951923076923 0.11815068493150685 0.036778846153846155
0 0.9263698630136986 0.7751201923076924 0.11815068493150685 0.03485576923076923
0 0.9141695205479452 0.7391826923076923 0.12371575342465753 0.028846153846153848
0 0.08668664383561644 0.903485576923077 0.09289383561643835 0.031971153846153844
0 0.175513698630137 0.9030048076923077 0.08904109589041095 0.03293269230769231
0 0.06678082191780822 0.5439903846153846 0.08732876712328767 0.036057692307692304
0 0.07855308219178082 0.8635817307692307 0.08946917808219178 0.03774038461538461
0 0.16887842465753425 0.8628605769230769 0.08861301369863013 0.039663461538461536
0 0.15924657534246575 0.5454326923076923 0.09075342465753425 0.03221153846153846
0 0.289597602739726 0.8953125 0.12371575342465753 0.04591346153846154
0 0.4282962328767123 0.8917067307692308 0.12628424657534246 0.048317307692307694
0 0.5571489726027398 0.8782451923076923 0.11857876712328767 0.06706730769230769
0 0.6992722602739726 0.8860576923076923 0.1365582191780822 0.061057692307692306
0 0.08369006849315068 0.7756009615384616 0.09118150684931507 0.048317307692307694
0 0.7386558219178082 0.8371394230769231 0.09289383561643835 0.034375
0 0.8373287671232876 0.9002403846153846 0.09674657534246575 0.036057692307692304
0 0.8467465753424658 0.8650240384615384 0.08133561643835617 0.030528846153846153
0 0.8413955479452054 0.8310096153846154 0.0877568493150685 0.02980769230769231
0 0.9368578767123288 0.8317307692307693 0.1014554794520548 0.03317307692307692
0 0.9407106164383562 0.8665865384615384 0.0920376712328767 0.03173076923076923
0 0.9375 0.9006009615384616 0.0958904109589041 0.03581730769230769
0 0.3058647260273973 0.8495192307692307 0.09289383561643835 0.04519230769230769
0 0.4437071917808219 0.5401442307692308 0.0860445205479452 0.03365384615384615
0 0.1481164383561644 0.6801682692307692 0.09332191780821918 0.03341346153846154
0 0.2827482876712329 0.676923076923077 0.1733732876712329 0.041826923076923074
0 0.9190924657534246 0.6759615384615385 0.125 0.03653846153846154
0 0.792166095890411 0.6759615384615385 0.11601027397260275 0.03894230769230769
0 0.7887414383561644 0.6381009615384615 0.12200342465753425 0.034375
0 0.6830051369863014 0.6382211538461539 0.0877568493150685 0.03413461538461538
0 0.6102311643835616 0.6367788461538462 0.05607876712328767 0.03173076923076923
0 0.5261130136986302 0.6403846153846153 0.1113013698630137 0.027403846153846154
0 0.4178082191780822 0.6408653846153847 0.09674657534246575 0.03125
0 0.2799657534246575 0.6350961538461538 0.125 0.023557692307692307
0 0.14961472602739725 0.6448317307692307 0.0920376712328767 0.029086538461538462
0 0.052440068493150686 0.6467548076923076 0.10059931506849315 0.03341346153846154
0 0.6896404109589042 0.676923076923077 0.0839041095890411 0.03461538461538462
0 0.4190924657534247 0.7401442307692307 0.08732876712328767 0.03413461538461538
0 0.5104880136986302 0.7366586538461538 0.09289383561643835 0.027644230769230768
0 0.055222602739726026 0.6823317307692308 0.09332191780821918 0.03581730769230769
0 0.9315068493150684 0.5263221153846154 0.10787671232876712 0.01610576923076923
0 0.9379280821917808 0.5485576923076924 0.1035958904109589 0.025961538461538463
0 0.9409246575342466 0.5794471153846154 0.1095890410958904 0.03293269230769231
0 0.8236301369863014 0.5776442307692308 0.11558219178082192 0.03894230769230769
0 0.8011558219178082 0.5381009615384615 0.09118150684931507 0.03293269230769231
0 0.7247431506849316 0.5399038461538461 0.053082191780821915 0.03701923076923077
0 0.6461900684931506 0.5412259615384616 0.08090753424657535 0.03389423076923077
0 0.5434503424657534 0.540625 0.11172945205479452 0.036057692307692304
0 0.6025256849315068 0.6793269230769231 0.09118150684931507 0.03173076923076923
0 0.5115582191780822 0.6813701923076924 0.08647260273972603 0.03293269230769231
0 0.4203767123287671 0.6789663461538461 0.09845890410958905 0.03581730769230769
0 0.4800941780821918 0.34134615384615385 0.0783390410958904 0.021634615384615384
0 0.5894691780821918 0.34435096153846156 0.06934931506849315 0.02235576923076923
