0 0.4236979166666667 0.4220703125 0.0140625 0.087109375
0 0.061197916666666664 0.686328125 0.12239583333333333 0.025
0 0.06197916666666667 0.7134765625 0.12395833333333334 0.022265625
0 0.08229166666666667 0.2666015625 0.07083333333333333 0.072265625
0 0.7390625 0.986328125 0.159375 0.02890625
0 0.5828125 0.98671875 0.14479166666666668 0.02734375
0 0.2890625 0.9703125 0.125 0.02421875
0 0.1453125 0.9837890625 0.146875 0.032421875
0 0.97109375 0.873828125 0.033854166666666664 0.08828125
0 0.9260416666666667 0.88515625 0.04479166666666667 0.071875
0 0.6731770833333334 0.4287109375 0.0203125 0.086328125
0 0.8239583333333333 0.9421875 0.153125 0.02734375
0 0.6651041666666667 0.9369140625 0.15833333333333333 0.024609375
0 0.6638020833333333 0.907421875 0.15572916666666667 0.03046875
0 0.50703125 0.93203125 0.1484375 0.0203125
0 0.5078125 0.9072265625 0.14583333333333334 0.024609375
0 0.5096354166666667 0.882421875 0.14635416666666667 0.0234375
0 0.3578125 0.9216796875 0.14375 0.026953125
0 0.35625 0.90078125 0.14791666666666667 0.01484375
0 0.35651041666666666 0.8783203125 0.1484375 0.026171875
0 0.21901041666666668 0.91953125 0.12864583333333332 0.025
0 0.8229166666666666 0.9138671875 0.15416666666666667 0.024609375
0 0.6411458333333333 0.4263671875 0.017708333333333333 0.090234375
0 0.6221354166666667 0.4259765625 0.011979166666666667 0.083984375
0 0.6078125 0.4248046875 0.011458333333333333 0.089453125
0 0.8588541666666667 0.6001953125 0.13958333333333334 0.027734375
0 0.8510416666666667 0.6267578125 0.13958333333333334 0.024609375
0 0.8510416666666667 0.653515625 0.13541666666666666 0.02421875
0 0.9408854166666667 0.6048828125 0.016145833333333335 0.074609375
0 0.2596354166666667 0.4109375 0.013020833333333334 0.08984375
0 0.27109375 0.4119140625 0.013020833333333334 0.090234375
0 0.28463541666666664 0.4119140625 0.013020833333333334 0.090234375
0 0.29661458333333335 0.4138671875 0.0109375 0.083984375
0 0.30755208333333334 0.412890625 0.0109375 0.08359375
0 0.3184895833333333 0.412890625 0.0109375 0.08359375
0 0.3294270833333333 0.412890625 0.0109375 0.08359375
0 0.35390625 0.416796875 0.0203125 0.096875
0 0.38645833333333335 0.4125 0.03333333333333333 0.103125
0 0.7747395833333334 0.4326171875 0.025520833333333333 0.094140625
0 0.44114583333333335 0.422265625 0.016666666666666666 0.08671875
0 0.47552083333333334 0.4220703125 0.019791666666666666 0.091796875
0 0.5052083333333334 0.4169921875 0.021875 0.105859375
0 0.9630208333333333 0.6041015625 0.020833333333333332 0.083203125
0 0.5502604166666667 0.421484375 0.0140625 0.08984375
0 0.5325520833333334 0.4240234375 0.011979166666666667 0.085546875
0 0.571875 0.423046875 0.022916666666666665 0.08671875
0 0.7315104166666667 0.821875 0.1546875 0.02421875
0 0.21640625 0.895703125 0.1234375 0.0203125
0 0.21536458333333333 0.8716796875 0.12864583333333332 0.023828125
0 0.0984375 0.9111328125 0.11041666666666666 0.021484375
0 0.035416666666666666 0.571875 0.07083333333333333 0.02734375
0 0.8552083333333333 0.5509765625 0.14375 0.023046875
0 0.71328125 0.546875 0.1359375 0.0234375
0 0.859375 0.5234375 0.140625 0.028125
0 0.7190104166666667 0.5181640625 0.13385416666666666 0.030859375
0 0.5763020833333333 0.5416015625 0.13177083333333334 0.026953125
0 0.08541666666666667 0.3689453125 0.04479166666666667 0.044921875
0 0.06380208333333333 0.40859375 0.0484375 0.03515625
0 0.07838541666666667 0.4451171875 0.0421875 0.027734375
0 0.4401041666666667 0.5380859375 0.13229166666666667 0.029296875
0 0.31927083333333334 0.533984375 0.10625 0.02734375
0 0.58125 0.5146484375 0.134375 0.026953125
0 0.44635416666666666 0.5111328125 0.134375 0.023828125
0 0.325 0.506640625 0.10729166666666666 0.0265625
0 0.18776041666666668 0.530078125 0.13489583333333333 0.028125
0 0.7036458333333333 0.4328125 0.027083333333333334 0.0921875
0 0.1875 0.5013671875 0.134375 0.026953125
0 0.06458333333333334 0.523828125 0.10416666666666667 0.02578125
0 0.06067708333333333 0.4970703125 0.1046875 0.021484375
0 0.8705729166666667 0.416796875 0.0265625 0.0921875
0 0.8161458333333333 0.4275390625 0.026041666666666668 0.093359375
0 0.03411458333333333 0.599609375 0.06822916666666666 0.0265625
0 0.7075520833333333 0.6486328125 0.1328125 0.024609375
0 0.03515625 0.62578125 0.0703125 0.025
0 0.1234375 0.601953125 0.103125 0.02578125
0 0.09895833333333333 0.8908203125 0.10416666666666667 0.019140625
0 0.0984375 0.866796875 0.1 0.02734375
0 0.8755208333333333 0.8314453125 0.041666666666666664 0.062109375
0 0.8325520833333333 0.8306640625 0.044270833333333336 0.061328125
0 0.7299479166666667 0.8490234375 0.15572916666666667 0.028515625
0 0.5848958333333333 0.8451171875 0.13125 0.024609375
0 0.44869791666666664 0.840625 0.13177083333333334 0.0234375
0 0.061197916666666664 0.7408203125 0.12239583333333333 0.026171875
0 0.19765625 0.6951171875 0.1296875 0.023828125
0 0.19375 0.7197265625 0.13229166666666667 0.024609375
0 0.19244791666666666 0.7462890625 0.1296875 0.023828125
0 0.3216145833333333 0.69765625 0.1078125 0.0234375
0 0.32395833333333335 0.7234375 0.10833333333333334 0.0234375
0 0.31875 0.7505859375 0.109375 0.026953125
0 0.44869791666666664 0.7029296875 0.13177083333333334 0.028515625
0 0.4515625 0.7306640625 0.134375 0.024609375
0 0.4552083333333333 0.757421875 0.134375 0.02421875
0 0.5770833333333333 0.70625 0.10833333333333334 0.02734375
0 0.57734375 0.734375 0.10885416666666667 0.02421875
0 0.5765625 0.7591796875 0.10416666666666667 0.022265625
0 0.6986979166666667 0.711328125 0.1328125 0.0265625
0 0.12682291666666667 0.5759765625 0.10260416666666666 0.022265625
0 0.7096354166666666 0.6240234375 0.1328125 0.021484375
0 0.7348958333333333 0.43359375 0.03229166666666667 0.09609375
0 0.8161458333333333 0.1490234375 0.046875 0.101171875
0 0.98046875 0.1576171875 0.03802083333333333 0.089453125
0 0.18958333333333333 0.2892578125 0.019791666666666666 0.101171875
0 0.21119791666666668 0.2908203125 0.013020833333333334 0.072265625
0 0.22473958333333333 0.298828125 0.015104166666666667 0.08828125
0 0.2390625 0.296484375 0.014583333333333334 0.0890625
0 0.265625 0.295703125 0.020833333333333332 0.084375
0 0.28463541666666664 0.2955078125 0.016145833333333335 0.094921875
0 0.9408854166666667 0.1572265625 0.034895833333333334 0.087890625
0 0.30078125 0.2958984375 0.019270833333333334 0.090234375
0 0.34765625 0.2958984375 0.016145833333333335 0.093359375
0 0.5828125 0.6177734375 0.10520833333333333 0.025390625
0 0.4518229166666667 0.81484375 0.12760416666666666 0.02578125
0 0.5833333333333334 0.816796875 0.13125 0.0296875
0 0.4765625 0.614453125 0.10520833333333333 0.0265625
0 0.3528645833333333 0.6373046875 0.12760416666666666 0.026953125
0 0.396875 0.303515625 0.0125 0.0875
0 0.33255208333333336 0.29765625 0.015104166666666667 0.09140625
0 0.8986979166666667 0.1564453125 0.043229166666666666 0.086328125
0 0.859375 0.148828125 0.03125 0.10234375
0 0.7078125 0.596875 0.13958333333333334 0.0265625
0 0.5833333333333334 0.64453125 0.10625 0.0265625
0 0.47317708333333336 0.6416015625 0.10885416666666667 0.024609375
0 0.14036458333333332 0.126171875 0.0359375 0.12265625
0 0.20703125 0.127734375 0.025520833333333333 0.1203125
0 0.25703125 0.1294921875 0.07239583333333334 0.118359375
0 0.32734375 0.130078125 0.06510416666666667 0.1203125
0 0.38776041666666666 0.140625 0.05677083333333333 0.0984375
0 0.43697916666666664 0.1431640625 0.036458333333333336 0.102734375
0 0.47578125 0.144140625 0.0390625 0.1
0 0.5171875 0.1443359375 0.035416666666666666 0.102734375
0 0.5588541666666667 0.1447265625 0.042708333333333334 0.101171875
0 0.08463541666666667 0.3201171875 0.043229166666666666 0.028515625
0 0.5994791666666667 0.1474609375 0.03125 0.101171875
0 0.63984375 0.146875 0.043229166666666666 0.1
0 0.6825520833333333 0.148828125 0.0390625 0.0953125
0 0.7247395833333333 0.1498046875 0.03697916666666667 0.091015625
0 0.7690104166666667 0.1482421875 0.0359375 0.099609375
0 0.41432291666666665 0.305859375 0.011979166666666667 0.0875
0 0.42682291666666666 0.30625 0.011979166666666667 0.0875
0 0.3815104166666667 0.30390625 0.011979166666666667 0.0875
0 0.48671875 0.3013671875 0.033854166666666664 0.097265625
0 0.8403645833333333 0.3048828125 0.0203125 0.097265625
0 0.8755208333333333 0.3056640625 0.026041666666666668 0.101953125
0 0.12291666666666666 0.4046875 0.022916666666666665 0.0953125
0 0.18802083333333333 0.40625 0.027083333333333334 0.10078125
0 0.22057291666666667 0.409765625 0.024479166666666666 0.09453125
0 0.24713541666666666 0.41015625 0.013020833333333334 0.08984375
0 0.44817708333333334 0.2986328125 0.021354166666666667 0.093359375
0 0.8145833333333333 0.301953125 0.01875 0.09453125
0 0.1703125 0.828515625 0.15729166666666666 0.02890625
0 0.16510416666666666 0.7986328125 0.16041666666666668 0.026171875
0 0.9833333333333333 0.719140625 0.028125 0.0984375
0 0.8380208333333333 0.766796875 0.134375 0.02421875
0 0.6986979166666667 0.7634765625 0.1328125 0.025390625
0 0.8424479166666666 0.7423828125 0.1359375 0.023828125
0 0.7026041666666667 0.7369140625 0.13333333333333333 0.023828125
0 0.8466145833333333 0.716015625 0.14114583333333333 0.02734375
0 0.31614583333333335 0.809375 0.12916666666666668 0.02578125
0 0.78125 0.3015625 0.020833333333333332 0.09921875
0 0.3143229166666667 0.8357421875 0.12552083333333333 0.022265625
0 0.7166666666666667 0.31953125 0.017708333333333333 0.07265625
0 0.2328125 0.606640625 0.10625 0.021875
0 0.35911458333333335 0.5849609375 0.1328125 0.026953125
0 0.2375 0.58125 0.10520833333333333 0.025
0 0.12473958333333333 0.6298828125 0.10260416666666666 0.022265625
0 0.23229166666666667 0.6310546875 0.10729166666666666 0.022265625
0 0.35546875 0.6130859375 0.12864583333333332 0.023828125
0 0.5528645833333333 0.3044921875 0.011979166666666667 0.087890625
0 0.5393229166666667 0.30703125 0.011979166666666667 0.0875
0 0.5989583333333334 0.3072265625 0.0125 0.087890625
0 0.6205729166666667 0.3072265625 0.011979166666666667 0.087890625
0 0.6518229166666667 0.306640625 0.011979166666666667 0.0875
0 0.67578125 0.3091796875 0.011979166666666667 0.087890625
0 0.68828125 0.3078125 0.011979166666666667 0.0875
0 0.5846354166666666 0.30625 0.011979166666666667 0.0875
0 0.7395833333333334 0.3046875 0.027083333333333334 0.0890625
