0 0.8236882716049383 0.6955295138888888 0.06404320987654322 0.032552083333333336
0 0.7021604938271605 0.6717664930555556 0.07330246913580248 0.027560763888888888
0 0.7008101851851852 0.7006293402777778 0.06597222222222222 0.025390625
0 0.7598379629629629 0.6915147569444444 0.04050925925925926 0.038411458333333336
0 0.9153163580246914 0.6722005208333334 0.06905864197530864 0.022352430555555556
0 0.03298611111111111 0.8541666666666666 0.05131172839506173 0.022135416666666668
0 0.9795524691358025 0.6714409722222222 0.041666666666666664 0.0234375
0 0.27642746913580246 0.8542751736111112 0.03510802469135803 0.064453125
0 0.314429012345679 0.8524305555555556 0.04089506172839506 0.0681423611111111
0 0.3856095679012346 0.8716362847222222 0.09375 0.022786458333333332
0 0.4664351851851852 0.8708767361111112 0.06172839506172839 0.021701388888888888
0 0.46296296296296297 0.845703125 0.05478395061728395 0.022135416666666668
0 0.5374228395061729 0.8424479166666666 0.07407407407407407 0.026475694444444444
0 0.5391589506172839 0.8718532986111112 0.0783179012345679 0.030164930555555556
0 0.6122685185185185 0.8311631944444444 0.06404320987654322 0.018229166666666668
0 0.6143904320987654 0.8513454861111112 0.06828703703703703 0.016493055555555556
0 0.6168981481481481 0.8736979166666666 0.06867283950617284 0.021701388888888888
0 0.6861496913580247 0.8601345486111112 0.0628858024691358 0.014539930555555556
0 0.6869212962962963 0.8772786458333334 0.06905864197530864 0.014973958333333334
0 0.7573302469135802 0.8441840277777778 0.07021604938271606 0.010416666666666666
0 0.7581018518518519 0.8552517361111112 0.06712962962962964 0.007378472222222222
0 0.7571373456790124 0.8679470486111112 0.06520061728395062 0.007595486111111111
0 0.7579089506172839 0.8778211805555556 0.07137345679012345 0.011284722222222222
0 0.8142361111111112 0.8499348958333334 0.03973765432098766 0.027560763888888888
0 0.8198302469135802 0.8736979166666666 0.046296296296296294 0.010850694444444444
0 0.8773148148148148 0.8645833333333334 0.05169753086419753 0.03428819444444445
0 0.9330632716049383 0.8611111111111112 0.053626543209876545 0.03602430555555555
0 0.9818672839506173 0.8562282986111112 0.031635802469135804 0.037543402777777776
0 0.14564043209876543 0.8616536458333334 0.03742283950617284 0.048394097222222224
0 0.9124228395061729 0.6986762152777778 0.06712962962962964 0.024956597222222224
0 0.09297839506172839 0.8777126736111112 0.06172839506172839 0.022786458333333332
0 0.03761574074074074 0.87890625 0.048996913580246916 0.023871527777777776
0 0.9741512345679012 0.6980251736111112 0.05092592592592592 0.021918402777777776
0 0.02797067901234568 0.7703993055555556 0.05131172839506173 0.04513888888888889
0 0.07677469135802469 0.7628038194444444 0.04552469135802469 0.017795138888888888
0 0.08275462962962964 0.7835286458333334 0.045910493827160496 0.015407986111111112
0 0.1267361111111111 0.7737630208333334 0.04436728395061729 0.03233506944444445
0 0.19656635802469136 0.771484375 0.04976851851851852 0.030381944444444444
0 0.2486496913580247 0.7631293402777778 0.04436728395061729 0.044487847222222224
0 0.2984182098765432 0.7593315972222222 0.048996913580246916 0.04513888888888889
0 0.35262345679012347 0.7568359375 0.047839506172839504 0.04318576388888889
0 0.41087962962962965 0.7619357638888888 0.05478395061728395 0.050347222222222224
0 0.4683641975308642 0.7645399305555556 0.05015432098765432 0.0390625
0 0.5185185185185185 0.7628038194444444 0.05092592592592592 0.03819444444444445
0 0.5771604938271605 0.7649739583333334 0.04861111111111111 0.03993055555555555
0 0.6286651234567902 0.7624782986111112 0.047453703703703706 0.04014756944444445
0 0.6847993827160493 0.7591145833333334 0.05478395061728395 0.04210069444444445
0 0.7409336419753086 0.7590060763888888 0.04282407407407408 0.044487847222222224
0 0.7962962962962963 0.7600911458333334 0.06095679012345679 0.04275173611111111
0 0.8659336419753086 0.7478298611111112 0.06828703703703703 0.01953125
0 0.8614969135802469 0.7703993055555556 0.06481481481481481 0.019965277777777776
0 0.9427083333333334 0.7422960069444444 0.08757716049382716 0.016710069444444444
0 0.9371141975308642 0.7670355902777778 0.0763888888888889 0.024088541666666668
0 0.08661265432098765 0.8532986111111112 0.053626543209876545 0.020399305555555556
0 0.08661265432098765 0.7166883680555556 0.08603395061728394 0.018880208333333332
0 0.46392746913580246 0.2367621527777778 0.056712962962962965 0.06163194444444445
0 0.22743055555555555 0.1095920138888889 0.056712962962962965 0.1015625
0 0.5642361111111112 0.537109375 0.09297839506172839 0.023871527777777776
0 0.47492283950617287 0.5379774305555556 0.08333333333333333 0.022569444444444444
0 0.6614583333333334 0.5125868055555556 0.08757716049382716 0.025173611111111112
0 0.5619212962962963 0.6944444444444444 0.04359567901234568 0.030381944444444444
0 0.6215277777777778 0.6678602430555556 0.07253086419753087 0.019314236111111112
0 0.5692515432098766 0.5103081597222222 0.09297839506172839 0.024956597222222224
0 0.47685185185185186 0.5093315972222222 0.09182098765432099 0.032552083333333336
0 0.404320987654321 0.5349392361111112 0.05169753086419753 0.08159722222222222
0 0.3454861111111111 0.5372178819444444 0.053626543209876545 0.07703993055555555
0 0.6255787037037037 0.6994357638888888 0.06597222222222222 0.029079861111111112
0 0.2351466049382716 0.5451388888888888 0.03742283950617284 0.05946180555555555
0 0.6514274691358025 0.5379774305555556 0.07291666666666667 0.022569444444444444
0 0.1909722222222222 0.5454644097222222 0.038580246913580245 0.05750868055555555
0 0.9728009259259259 0.42578125 0.04359567901234568 0.08116319444444445
0 0.9184027777777778 0.4271918402777778 0.059027777777777776 0.083984375
0 0.857445987654321 0.4318576388888889 0.05285493827160494 0.07118055555555555
0 0.8076774691358025 0.4329427083333333 0.0466820987654321 0.06770833333333333
0 0.7573302469135802 0.4338107638888889 0.04552469135802469 0.06944444444444445
0 0.7042824074074074 0.4341362847222222 0.050540123456790126 0.06792534722222222
0 0.6593364197530864 0.4406467013888889 0.038580246913580245 0.057074652777777776
0 0.6107253086419753 0.4411892361111111 0.04089506172839506 0.055989583333333336
0 0.5640432098765432 0.4420572916666667 0.04243827160493827 0.054253472222222224
0 0.5233410493827161 0.4402126736111111 0.04050925925925926 0.057074652777777776
0 0.4546682098765432 0.4306640625 0.07291666666666667 0.07703993055555555
0 0.017361111111111112 0.548828125 0.03009259259259259 0.0724826388888889
0 0.3630401234567901 0.4574652777777778 0.0933641975308642 0.024305555555555556
0 0.47434413580246915 0.5630425347222222 0.08680555555555555 0.025390625
0 0.6556712962962963 0.5625 0.08526234567901235 0.022135416666666668
0 0.08506944444444445 0.6960720486111112 0.08526234567901235 0.019748263888888888
0 0.9859182098765432 0.6182725694444444 0.02970679012345679 0.037760416666666664
0 0.9145447530864198 0.6183810763888888 0.07600308641975309 0.026692708333333332
0 0.8327546296296297 0.62109375 0.08217592592592593 0.029513888888888888
0 0.7521219135802469 0.6192491319444444 0.07523148148148148 0.031032986111111112
0 0.6705246913580247 0.619140625 0.08101851851851852 0.030815972222222224
0 0.5916280864197531 0.6192491319444444 0.07291666666666667 0.028428819444444444
0 0.515625 0.6200086805555556 0.07523148148148148 0.029079861111111112
0 0.4367283950617284 0.6195746527777778 0.07175925925925926 0.031684027777777776
0 0.24209104938271606 0.6239149305555556 0.07600308641975309 0.03211805555555555
0 0.16493055555555555 0.6235894097222222 0.06597222222222222 0.028862847222222224
0 0.566358024691358 0.5625 0.09567901234567901 0.022569444444444444
0 0.0777391975308642 0.6362847222222222 0.09606481481481481 0.029079861111111112
0 0.22839506172839505 0.6970486111111112 0.05864197530864197 0.03993055555555555
0 0.2916666666666667 0.6885850694444444 0.06018518518518518 0.05078125
0 0.3578317901234568 0.7003038194444444 0.06828703703703703 0.025173611111111112
0 0.43171296296296297 0.6881510416666666 0.07175925925925926 0.054253472222222224
0 0.5111882716049383 0.6956380208333334 0.041666666666666664 0.03537326388888889
0 0.5588348765432098 0.6676432291666666 0.03742283950617284 0.018880208333333332
0 0.8888888888888888 0.5330946180555556 0.05941358024691358 0.07747395833333333
0 0.8368055555555556 0.5462239583333334 0.035493827160493825 0.053385416666666664
0 0.7935956790123457 0.5437282986111112 0.02854938271604938 0.054036458333333336
0 0.7579089506172839 0.5448133680555556 0.03202160493827161 0.05056423611111111
0 0.7239583333333334 0.5458984375 0.02353395061728395 0.04969618055555555
0 0.9567901234567902 0.5339626736111112 0.06095679012345679 0.07356770833333333
0 0.3630401234567901 0.4331597222222222 0.0933641975308642 0.023003472222222224
0 0.36226851851851855 0.4047309027777778 0.09722222222222222 0.025173611111111112
0 0.2644675925925926 0.458984375 0.09066358024691358 0.02734375
0 0.2662037037037037 0.23404947916666666 0.03935185185185185 0.059244791666666664
0 0.2183641975308642 0.2365451388888889 0.038580246913580245 0.061197916666666664
0 0.17380401234567902 0.2328559027777778 0.04359567901234568 0.06510416666666667
0 0.10262345679012345 0.5516493055555556 0.10570987654320987 0.04991319444444445
0 0.09895833333333333 0.5101996527777778 0.10841049382716049 0.020399305555555556
0 0.10435956790123457 0.4782986111111111 0.12384259259259259 0.023871527777777776
0 0.10262345679012345 0.4481336805555556 0.11574074074074074 0.025173611111111112
0 0.08912037037037036 0.4203559027777778 0.11342592592592593 0.022569444444444444
0 0.061921296296296294 0.3848741319444444 0.11381172839506173 0.030164930555555556
0 0.06867283950617284 0.3516710069444444 0.11265432098765432 0.028428819444444444
0 0.07966820987654322 0.2917751736111111 0.11921296296296297 0.07660590277777778
0 0.35455246913580246 0.23524305555555555 0.031635802469135804 0.06727430555555555
0 0.11477623456790123 0.21983506944444445 0.050540123456790126 0.04210069444444445
0 0.8935185185185185 0.12076822916666667 0.05941358024691358 0.08051215277777778
0 0.8364197530864198 0.12109375 0.05478395061728395 0.0798611111111111
0 0.7660108024691358 0.1300998263888889 0.0775462962962963 0.06141493055555555
0 0.7104552469135802 0.13151041666666666 0.02662037037037037 0.059027777777777776
0 0.6797839506172839 0.12782118055555555 0.03009259259259259 0.06510416666666667
0 0.6255787037037037 0.11480034722222222 0.061342592592592594 0.09244791666666667
0 0.5530478395061729 0.11707899305555555 0.06520061728395062 0.087890625
0 0.48148148148148145 0.1095920138888889 0.06635802469135803 0.1015625
0 0.41608796296296297 0.1095920138888889 0.055169753086419755 0.10026041666666667
0 0.35204475308641975 0.11002604166666667 0.06674382716049383 0.0993923611111111
0 0.28510802469135804 0.1095920138888889 0.05709876543209876 0.0959201388888889
0 0.03260030864197531 0.20670572916666666 0.060570987654320986 0.0857204861111111
0 0.4079861111111111 0.2377387152777778 0.05439814814814815 0.06358506944444445
0 0.16184413580246915 0.6971571180555556 0.06442901234567901 0.038411458333333336
0 0.5241126543209876 0.236328125 0.052083333333333336 0.06640625
0 0.2662037037037037 0.4315321180555556 0.0941358024691358 0.022786458333333332
0 0.19135802469135801 0.4583333333333333 0.04938271604938271 0.026041666666666668
0 0.18904320987654322 0.4306640625 0.05478395061728395 0.023654513888888888
0 0.17669753086419754 0.4038628472222222 0.05478395061728395 0.0234375
0 0.9537037037037037 0.3238932291666667 0.05478395061728395 0.0666232638888889
0 0.8996913580246914 0.3231336805555556 0.05169753086419753 0.06640625
0 0.8460648148148148 0.3284505208333333 0.038580246913580245 0.05186631944444445
0 0.7501929012345679 0.3246527777777778 0.05594135802469136 0.05946180555555555
0 0.6932870370370371 0.3258463541666667 0.05169753086419753 0.060546875
0 0.6375385802469136 0.326171875 0.04976851851851852 0.062065972222222224
0 0.5806327160493827 0.3264973958333333 0.05092592592592592 0.059244791666666664
0 0.5297067901234568 0.328125 0.04861111111111111 0.058159722222222224
0 0.47685185185185186 0.3275824652777778 0.0470679012345679 0.05837673611111111
0 0.41878858024691357 0.3270399305555556 0.053626543209876545 0.06076388888888889
0 0.35204475308641975 0.3271484375 0.0466820987654321 0.057074652777777776
0 0.2941743827160494 0.3266059027777778 0.050540123456790126 0.05946180555555555
0 0.23996913580246915 0.3284505208333333 0.05632716049382716 0.060112847222222224
0 0.18267746913580246 0.3257378472222222 0.056712962962962965 0.06336805555555555
0 0.9606481481481481 0.23763020833333334 0.06404320987654322 0.059895833333333336
0 0.8913966049382716 0.23860677083333334 0.06442901234567901 0.0627170138888889
0 0.8234953703703703 0.2370876736111111 0.058256172839506175 0.060980902777777776
0 0.7627314814814815 0.2368706597222222 0.05169753086419753 0.06488715277777778
0 0.7029320987654321 0.2367621527777778 0.06095679012345679 0.06163194444444445
0 0.640625 0.2365451388888889 0.05594135802469136 0.061197916666666664
0 0.5804398148148148 0.2365451388888889 0.055169753086419755 0.062065972222222224
0 0.14506172839506173 0.1183810763888889 0.09567901234567901 0.09092881944444445
0 0.2835648148148148 0.5348307291666666 0.05169753086419753 0.07877604166666667
0 0.2619598765432099 0.4034288194444444 0.09567901234567901 0.025173611111111112
