0 0.34681372549019607 0.9656862745098039 0.04656862745098039 0.02022058823529412
0 0.30106209150326796 0.9025735294117647 0.04330065359477124 0.015931372549019607
0 0.4624183006535948 0.9410232843137255 0.08088235294117647 0.0744485294117647
0 0.5467728758169934 0.9396446078431373 0.07802287581699346 0.07475490196078431
0 0.23713235294117646 0.3089767156862745 0.15236928104575165 0.10447303921568628
0 0.13398692810457516 0.30744485294117646 0.051470588235294115 0.10753676470588236
0 0.08415032679738563 0.3088235294117647 0.03758169934640523 0.09803921568627451
0 0.02369281045751634 0.3079044117647059 0.04738562091503268 0.1053921568627451
0 0.605187908496732 0.9140625 0.03308823529411765 0.03278186274509804
0 0.6435866013071896 0.9178921568627451 0.04044117647058824 0.029411764705882353
0 0.6076388888888888 0.960171568627451 0.039624183006535946 0.032475490196078434
0 0.6491013071895425 0.960171568627451 0.03839869281045752 0.030637254901960783
0 0.6946486928104575 0.9100796568627451 0.0559640522875817 0.030943627450980393
0 0.8274101307189542 0.9390318627450981 0.07720588235294118 0.07352941176470588
0 0.39215686274509803 0.9590992647058824 0.04003267973856209 0.03462009803921569
0 0.9697712418300654 0.9388786764705882 0.059640522875817 0.07628676470588236
0 0.7561274509803921 0.9195772058823529 0.06045751633986928 0.03768382352941176
0 0.7587826797385621 0.9583333333333334 0.05759803921568627 0.03676470588235294
0 0.6977124183006536 0.9568014705882353 0.05800653594771242 0.034926470588235295
0 0.040236928104575166 0.5393688725490197 0.04779411764705882 0.09712009803921569
0 0.1474673202614379 0.19286151960784315 0.042483660130718956 0.09834558823529412
0 0.10273692810457516 0.19087009803921567 0.042075163398692814 0.10049019607843138
0 0.056781045751633986 0.18918504901960784 0.04003267973856209 0.10018382352941177
0 0.01613562091503268 0.18964460784313725 0.03227124183006536 0.09803921568627451
0 0.403390522875817 0.19148284313725492 0.04044117647058824 0.09865196078431372
0 0.4452614379084967 0.1950061274509804 0.03839869281045752 0.0934436274509804
0 0.48733660130718953 0.19378063725490197 0.04084967320261438 0.09712009803921569
0 0.5553513071895425 0.18443627450980393 0.04616013071895425 0.11213235294117647
0 0.5972222222222222 0.1946997549019608 0.032679738562091505 0.09283088235294118
0 0.6358251633986928 0.19240196078431374 0.04044117647058824 0.09436274509803921
0 0.8954248366013072 0.9171262254901961 0.05392156862745098 0.048100490196078434
0 0.6840277777777778 0.22748161764705882 0.046977124183006536 0.02297794117647059
0 0.3402777777777778 0.31096813725490197 0.04411764705882353 0.09926470588235294
0 0.4812091503267974 0.31265318627450983 0.04084967320261438 0.09650735294117647
0 0.6196895424836601 0.42830882352941174 0.04493464052287582 0.09191176470588236
0 0.6905637254901961 0.42830882352941174 0.04779411764705882 0.09191176470588236
0 0.7634803921568627 0.42815563725490197 0.08741830065359477 0.08854166666666667
0 0.9424019607843137 0.4267769607843137 0.08660130718954248 0.08884803921568628
0 0.9556781045751634 0.31142769607843135 0.023284313725490197 0.0940563725490196
0 0.9195261437908496 0.30683210784313725 0.04493464052287582 0.10018382352941177
0 0.7665441176470589 0.30713848039215685 0.044526143790849675 0.10386029411764706
0 0.7091503267973857 0.3049938725490196 0.05228758169934641 0.10631127450980392
0 0.6558415032679739 0.31035539215686275 0.04370915032679738 0.09803921568627451
0 0.6094771241830066 0.3095894607843137 0.04084967320261438 0.09957107843137254
0 0.664828431372549 0.5364583333333334 0.02900326797385621 0.09436274509803921
0 0.6270424836601307 0.5359987745098039 0.04330065359477124 0.09037990196078431
0 0.5816993464052288 0.5410539215686274 0.042483660130718956 0.09129901960784313
0 0.5361519607843137 0.5379901960784313 0.044526143790849675 0.09436274509803921
0 0.3929738562091503 0.3098958333333333 0.04411764705882353 0.10324754901960784
0 0.4928513071895425 0.5361519607843137 0.03553921568627451 0.09681372549019608
0 0.42687908496732024 0.5372242647058824 0.042483660130718956 0.09589460784313726
0 0.36151960784313725 0.5347732843137255 0.042483660130718956 0.09099264705882353
0 0.3167892156862745 0.5359987745098039 0.042075163398692814 0.0934436274509804
0 0.0392156862745098 0.42340686274509803 0.02369281045751634 0.10049019607843138
0 0.23284313725490197 0.42861519607843135 0.03758169934640523 0.09252450980392157
0 0.18770424836601307 0.4293811274509804 0.0494281045751634 0.0940563725490196
0 0.13562091503267973 0.42861519607843135 0.05065359477124183 0.09252450980392157
0 0.0798611111111111 0.4287683823529412 0.053513071895424834 0.09283088235294118
0 0.4395424836601307 0.42861519607843135 0.04738562091503268 0.09252450980392157
0 0.4852941176470588 0.42754289215686275 0.04084967320261438 0.0934436274509804
0 0.3939950980392157 0.930453431372549 0.04861111111111111 0.015931372549019607
0 0.34701797385620914 0.9463848039215687 0.04534313725490196 0.015318627450980392
0 0.5671977124183006 0.3086703431372549 0.04125816993464052 0.10079656862745098
0 0.5230800653594772 0.3092830882352941 0.0428921568627451 0.10018382352941177
0 0.46017156862745096 0.5341605392156863 0.01919934640522876 0.09283088235294118
0 0.681781045751634 0.2028186274509804 0.04738562091503268 0.02267156862745098
0 0.6807598039215687 0.17754289215686275 0.04044117647058824 0.024816176470588234
0 0.6811683006535948 0.15119485294117646 0.04534313725490196 0.02420343137254902
0 0.03594771241830065 0.7503063725490197 0.06372549019607843 0.06924019607843138
0 0.13031045751633988 0.7420343137254902 0.04820261437908497 0.05575980392156863
0 0.20669934640522875 0.749234068627451 0.09967320261437909 0.06709558823529412
0 0.28717320261437906 0.749234068627451 0.05228758169934641 0.07322303921568628
0 0.34395424836601307 0.7481617647058824 0.05555555555555555 0.0741421568627451
0 0.9001225490196079 0.8409926470588235 0.07965686274509803 0.07965686274509803
0 0.9707924836601307 0.8394607843137255 0.05759803921568627 0.07965686274509803
0 0.8141339869281046 0.8399203431372549 0.0784313725490196 0.07751225490196079
0 0.7312091503267973 0.8397671568627451 0.07598039215686274 0.07720588235294118
0 0.6615604575163399 0.8201593137254902 0.05923202614379085 0.03799019607843137
0 0.6605392156862745 0.8583026960784313 0.05718954248366013 0.03768382352941176
0 0.590890522875817 0.8386948529411765 0.0763888888888889 0.07506127450980392
0 0.4950980392156863 0.8391544117647058 0.06862745098039216 0.07291666666666667
0 0.4229983660130719 0.8394607843137255 0.07148692810457516 0.0704656862745098
0 0.4293300653594771 0.7454044117647058 0.10457516339869281 0.07169117647058823
0 0.020833333333333332 0.8455882352941176 0.041666666666666664 0.07352941176470588
0 0.1343954248366013 0.8394607843137255 0.04084967320261438 0.05821078431372549
0 0.18055555555555555 0.8504901960784313 0.04738562091503268 0.058823529411764705
0 0.23284313725490197 0.8448223039215687 0.05392156862745098 0.07199754901960784
0 0.29125816993464054 0.8442095588235294 0.05228758169934641 0.07383578431372549
0 0.35314542483660133 0.8325674019607843 0.053513071895424834 0.06587009803921569
0 0.06433823529411764 0.9301470588235294 0.05106209150326797 0.025735294117647058
0 0.061274509803921566 0.9647671568627451 0.049019607843137254 0.024509803921568627
0 0.12091503267973856 0.9560355392156863 0.049836601307189546 0.04381127450980392
0 0.176062091503268 0.9401041666666666 0.05065359477124183 0.02420343137254902
0 0.17687908496732027 0.9641544117647058 0.05228758169934641 0.02022058823529412
0 0.2326388888888889 0.9247855392156863 0.05759803921568627 0.02971813725490196
0 0.23774509803921567 0.9575674019607843 0.05555555555555555 0.03155637254901961
0 0.2949346405228758 0.9424019607843137 0.04738562091503268 0.028799019607843136
0 0.34558823529411764 0.9267769607843137 0.04656862745098039 0.015931372549019607
0 0.07495915032679738 0.8458946078431373 0.06004901960784314 0.07107843137254902
0 0.5177696078431373 0.7460171568627451 0.068218954248366 0.06985294117647059
0 0.5849673202614379 0.7346813725490197 0.05800653594771242 0.05024509803921569
0 0.6464460784313726 0.734375 0.05759803921568627 0.04656862745098039
0 0.6809640522875817 0.12607230392156862 0.04493464052287582 0.02297794117647059
0 0.7261029411764706 0.19439338235294118 0.03308823529411765 0.09221813725490197
0 0.772671568627451 0.18903186274509803 0.044526143790849675 0.09987745098039216
0 0.8133169934640523 0.20052083333333334 0.028594771241830064 0.07689950980392157
0 0.8421160130718954 0.20189950980392157 0.023284313725490197 0.07352941176470588
0 0.8700980392156863 0.20220588235294118 0.027777777777777776 0.07107843137254902
0 0.9087009803921569 0.20465686274509803 0.03145424836601307 0.06372549019607843
0 0.9838643790849673 0.20143995098039216 0.02900326797385621 0.06954656862745098
0 0.9511846405228758 0.20082720588235295 0.030637254901960783 0.06832107843137254
0 0.08231209150326797 0.6522671568627451 0.042075163398692814 0.09681372549019608
0 0.1323529411764706 0.6507352941176471 0.05228758169934641 0.09681372549019608
0 0.20772058823529413 0.6501225490196079 0.05269607843137255 0.09558823529411764
0 0.25796568627450983 0.6499693627450981 0.0428921568627451 0.09528186274509803
0 0.30310457516339867 0.6485906862745098 0.04330065359477124 0.09558823529411764
0 0.35171568627450983 0.6484375 0.04656862745098039 0.09528186274509803
0 0.43913398692810457 0.6469056372549019 0.04656862745098039 0.09221813725490197
0 0.4848856209150327 0.6469056372549019 0.04003267973856209 0.09528186274509803
0 0.7283496732026143 0.7475490196078431 0.07026143790849673 0.07291666666666667
0 0.8031045751633987 0.7489276960784313 0.07434640522875817 0.07261029411764706
0 0.8815359477124183 0.7611825980392157 0.042483660130718956 0.02665441176470588
0 0.9761029411764706 0.6516544117647058 0.04779411764705882 0.08946078431372549
0 0.9301470588235294 0.6493566176470589 0.03758169934640523 0.09099264705882353
0 0.8837826797385621 0.6452205882352942 0.03880718954248366 0.09191176470588236
0 0.5714869281045751 0.42800245098039214 0.03676470588235294 0.09129901960784313
0 0.8363970588235294 0.6478247549019608 0.04616013071895425 0.09712009803921569
0 0.7610294117647058 0.6475183823529411 0.041666666666666664 0.0934436274509804
0 0.7167075163398693 0.6475183823529411 0.04125816993464052 0.0934436274509804
0 0.6666666666666666 0.6481311274509803 0.056372549019607844 0.09466911764705882
0 0.6154003267973857 0.6436887254901961 0.04044117647058824 0.08884803921568628
0 0.5727124183006536 0.6458333333333334 0.04003267973856209 0.09620098039215687
0 0.5285947712418301 0.6473651960784313 0.03758169934640523 0.09620098039215687
0 0.7973856209150327 0.6527267156862745 0.025326797385620915 0.06709558823529412
0 0.5281862745098039 0.4273897058823529 0.042483660130718956 0.09313725490196079
0 0.22589869281045752 0.5405943627450981 0.04084967320261438 0.08425245098039216
0 0.693218954248366 0.5338541666666666 0.02042483660130719 0.08915441176470588
0 0.1854575163398693 0.5352328431372549 0.03676470588235294 0.09191176470588236
0 0.9665032679738562 0.5393688725490197 0.061274509803921566 0.0940563725490196
0 0.9013480392156863 0.5379901960784313 0.0494281045751634 0.09436274509803921
0 0.8421160130718954 0.5416666666666666 0.04534313725490196 0.09252450980392157
0 0.7587826797385621 0.5392156862745098 0.03308823529411765 0.09987745098039216
0 0.11151960784313726 0.5407475490196079 0.08823529411764706 0.09375
0 0.03533496732026144 0.6530330882352942 0.04616013071895425 0.09528186274509803
