0 0.5453431372549019 0.07521446078431372 0.1380718954248366 0.02849264705882353
0 0.13664215686274508 0.8857230392156863 0.12622549019607843 0.01715686274509804
0 0.5406454248366013 0.31066176470588236 0.1417483660130719 0.08517156862745098
0 0.6848447712418301 0.28829656862745096 0.13602941176470587 0.02389705882352941
0 0.6830065359477124 0.31403186274509803 0.13562091503267973 0.02389705882352941
0 0.6832107843137255 0.3414522058823529 0.13602941176470587 0.0272671568627451
0 0.8214869281045751 0.29473039215686275 0.1315359477124183 0.02267156862745098
0 0.8198529411764706 0.3190870098039216 0.1315359477124183 0.022365196078431373
0 0.8212826797385621 0.34329044117647056 0.127859477124183 0.023590686274509803
0 0.9475081699346405 0.2935049019607843 0.10580065359477124 0.02267156862745098
0 0.9452614379084967 0.31847426470588236 0.11029411764705882 0.021139705882352942
0 0.9444444444444444 0.3434436274509804 0.1119281045751634 0.02389705882352941
0 0.0392156862745098 0.3987438725490196 0.07516339869281045 0.024816176470588234
0 0.037377450980392156 0.4260110294117647 0.07475490196078431 0.027879901960784315
0 0.10518790849673203 0.38480392156862747 0.060866013071895424 0.02267156862745098
0 0.10804738562091504 0.40609681372549017 0.056781045751633986 0.020526960784313725
0 0.10518790849673203 0.43137254901960786 0.05759803921568627 0.024509803921568627
0 0.15461601307189543 0.43504901960784315 0.024918300653594773 0.04105392156862745
0 0.6701388888888888 0.6709558823529411 0.13194444444444445 0.020833333333333332
0 0.4076797385620915 0.3393075980392157 0.10947712418300654 0.02297794117647059
0 0.5316584967320261 0.7120098039215687 0.14256535947712418 0.028186274509803922
0 0.409109477124183 0.31403186274509803 0.11233660130718955 0.02389705882352941
0 0.28717320261437906 0.33287377450980393 0.12173202614379085 0.02849264705882353
0 0.8288398692810458 0.18167892156862744 0.14052287581699346 0.026348039215686275
0 0.8306781045751634 0.2104779411764706 0.1343954248366013 0.027573529411764705
0 0.8280228758169934 0.23988970588235295 0.13562091503267973 0.027573529411764705
0 0.9170751633986928 0.20894607843137256 0.032679738562091505 0.08823529411764706
0 0.9507761437908496 0.2110906862745098 0.037173202614379085 0.09191176470588236
0 0.9848856209150327 0.2113970588235294 0.03104575163398693 0.08762254901960784
0 0.08312908496732026 0.2849264705882353 0.07883986928104575 0.022058823529411766
0 0.0886437908496732 0.30775122549019607 0.08088235294117647 0.02297794117647059
0 0.08537581699346405 0.33486519607843135 0.07679738562091504 0.023284313725490197
0 0.14419934640522875 0.3003982843137255 0.02287581699346405 0.0389093137254902
0 0.17054738562091504 0.3007046568627451 0.02900326797385621 0.03768382352941176
0 0.19730392156862744 0.2994791666666667 0.026143790849673203 0.03707107843137255
0 0.15665849673202614 0.3678002450980392 0.023284313725490197 0.08425245098039216
0 0.18055555555555555 0.3662683823529412 0.02369281045751634 0.08731617647058823
0 0.20261437908496732 0.3645833333333333 0.021241830065359478 0.08517156862745098
0 0.2847222222222222 0.2772671568627451 0.12908496732026145 0.025122549019607844
0 0.28451797385620914 0.30422794117647056 0.12214052287581699 0.027573529411764705
0 0.40727124183006536 0.28799019607843135 0.10866013071895425 0.025735294117647058
0 0.53125 0.6862745098039216 0.1417483660130719 0.02389705882352941
0 0.5306372549019608 0.6660539215686274 0.14297385620915032 0.015931372549019607
0 0.3997140522875817 0.7136948529411765 0.11887254901960784 0.024816176470588234
0 0.6911764705882353 0.43995098039215685 0.12990196078431374 0.02267156862745098
0 0.8220996732026143 0.39139093137254904 0.12050653594771242 0.02420343137254902
0 0.8190359477124183 0.41605392156862747 0.12091503267973856 0.022058823529411766
0 0.8192401960784313 0.4419424019607843 0.1213235294117647 0.02665441176470588
0 0.900531045751634 0.41574754901960786 0.027369281045751634 0.07720588235294118
0 0.9321895424836601 0.4149816176470588 0.03104575163398693 0.078125
0 0.965890522875817 0.4166666666666667 0.0298202614379085 0.07904411764705882
0 0.9916258169934641 0.41574754901960786 0.01919934640522876 0.07475490196078431
0 0.026756535947712417 0.48161764705882354 0.053513071895424834 0.02389705882352941
0 0.028594771241830064 0.5049019607843137 0.05392156862745098 0.02144607843137255
0 0.029411764705882353 0.5268075980392157 0.05228758169934641 0.020526960784313725
0 0.09313725490196079 0.4806985294117647 0.08006535947712418 0.02022058823529412
0 0.09436274509803921 0.5036764705882353 0.07598039215686274 0.02144607843137255
0 0.1919934640522876 0.21461397058823528 0.03104575163398693 0.11979166666666667
0 0.16462418300653595 0.21492034313725492 0.02287581699346405 0.12040441176470588
0 0.13909313725490197 0.21568627450980393 0.028186274509803922 0.11764705882352941
0 0.09293300653594772 0.5257352941176471 0.06740196078431372 0.01838235294117647
0 0.6928104575163399 0.41559436274509803 0.13071895424836602 0.02297794117647059
0 0.6930147058823529 0.39077818627450983 0.13357843137254902 0.02297794117647059
0 0.5586192810457516 0.4384191176470588 0.1352124183006536 0.02144607843137255
0 0.5571895424836601 0.41191789215686275 0.13398692810457516 0.02542892156862745
0 0.3997140522875817 0.6885723039215687 0.1156045751633987 0.023590686274509803
0 0.39624183006535946 0.6645220588235294 0.11764705882352941 0.017769607843137254
0 0.2908496732026144 0.7072610294117647 0.09477124183006536 0.027879901960784315
0 0.2883986928104575 0.6757046568627451 0.09313725490196079 0.030330882352941176
0 0.11519607843137254 0.7120098039215687 0.07107843137254902 0.02144607843137255
0 0.1156045751633987 0.6916360294117647 0.07516339869281045 0.018075980392156864
0 0.11172385620915033 0.6701899509803921 0.07066993464052287 0.021752450980392156
0 0.18055555555555555 0.4352022058823529 0.02369281045751634 0.04381127450980392
0 0.6854575163398693 0.23866421568627452 0.13725490196078433 0.027573529411764705
0 0.2034313725490196 0.43596813725490197 0.02287581699346405 0.04044117647058824
0 0.2943218954248366 0.4027267156862745 0.13602941176470587 0.02542892156862745
0 0.2945261437908497 0.43213848039215685 0.13316993464052287 0.026041666666666668
0 0.9015522875816994 0.9437806372549019 0.12009803921568628 0.021139705882352942
0 0.2820669934640523 0.1717218137254902 0.14256535947712418 0.024816176470588234
0 0.4250408496732026 0.38786764705882354 0.11968954248366014 0.02144607843137255
0 0.7785947712418301 0.9191176470588235 0.12745098039215685 0.01838235294117647
0 0.4256535947712418 0.43535539215686275 0.12336601307189543 0.025122549019607844
0 0.5553513071895425 0.3866421568627451 0.13357843137254902 0.02144607843137255
0 0.29268790849673204 0.3789828431372549 0.13602941176470587 0.02267156862745098
0 0.6844362745098039 0.20955882352941177 0.1352124183006536 0.028186274509803922
0 0.5433006535947712 0.23835784313725492 0.14052287581699346 0.02696078431372549
0 0.5424836601307189 0.2104779411764706 0.13562091503267973 0.025122549019607844
0 0.13786764705882354 0.9053308823529411 0.12622549019607843 0.016544117647058824
0 0.03553921568627451 0.9422487745098039 0.06781045751633986 0.018075980392156864
0 0.036968954248366014 0.9238664215686274 0.07066993464052287 0.016237745098039217
0 0.036968954248366014 0.9057904411764706 0.07393790849673203 0.017463235294117647
0 0.034722222222222224 0.8851102941176471 0.06944444444444445 0.020833333333333332
0 0.9305555555555556 0.8192401960784313 0.12826797385620914 0.025122549019607844
0 0.9307598039215687 0.7928921568627451 0.12867647058823528 0.028186274509803922
0 0.7984068627450981 0.8198529411764706 0.13194444444444445 0.028186274509803922
0 0.7949346405228758 0.7936580882352942 0.125 0.020526960784313725
0 0.795547385620915 0.7679227941176471 0.12622549019607843 0.027879901960784315
0 0.6656454248366013 0.8169424019607843 0.11968954248366014 0.022365196078431373
0 0.6670751633986928 0.7950367647058824 0.12581699346405228 0.01838235294117647
0 0.6689133986928104 0.7734375 0.12295751633986927 0.01991421568627451
0 0.6693218954248366 0.7542892156862745 0.12050653594771242 0.014705882352941176
0 0.5943627450980392 0.8160232843137255 0.021241830065359478 0.020526960784313725
0 0.5912990196078431 0.7948835784313726 0.020833333333333332 0.020526960784313725
0 0.5933415032679739 0.7734375 0.02165032679738562 0.01991421568627451
0 0.13848039215686275 0.9235600490196079 0.12745098039215685 0.018075980392156864
0 0.1343954248366013 0.9416360294117647 0.125 0.01685049019607843
0 0.2679738562091503 0.8647365196078431 0.12990196078431374 0.015012254901960785
0 0.2661356209150327 0.8829656862745098 0.12622549019607843 0.018995098039215685
0 0.7828839869281046 0.8979779411764706 0.12622549019607843 0.020833333333333332
0 0.7845179738562091 0.8771446078431373 0.12295751633986927 0.018995098039215685
0 0.7863562091503268 0.859375 0.12663398692810457 0.014093137254901961
0 0.6535947712418301 0.9393382352941176 0.12091503267973856 0.02144607843137255
0 0.6548202614379085 0.9165134803921569 0.12009803921568628 0.020526960784313725
0 0.6556372549019608 0.8927696078431373 0.1184640522875817 0.022058823529411766
0 0.6546160130718954 0.8697916666666666 0.12540849673202614 0.02267156862745098
0 0.5230800653594772 0.9371936274509803 0.1409313725490196 0.024509803921568627
0 0.5927287581699346 0.7542892156862745 0.02696078431372549 0.014705882352941176
0 0.514501633986928 0.9154411764705882 0.11723856209150327 0.015931372549019607
0 0.514501633986928 0.8763786764705882 0.11723856209150327 0.018075980392156864
0 0.43852124183006536 0.9068627450980392 0.027369281045751634 0.08333333333333333
0 0.41013071895424835 0.9080882352941176 0.03022875816993464 0.08088235294117647
0 0.37806372549019607 0.9087009803921569 0.03145424836601307 0.07965686274509803
0 0.34701797385620914 0.9113051470588235 0.02900326797385621 0.078125
0 0.26429738562091504 0.9419424019607843 0.12581699346405228 0.015012254901960785
0 0.2651143790849673 0.9235600490196079 0.12418300653594772 0.018075980392156864
0 0.2665441176470588 0.9034926470588235 0.12377450980392157 0.02022058823529412
0 0.5238970588235294 0.8970588235294118 0.13602941176470587 0.02144607843137255
0 0.15747549019607843 0.49846813725490197 0.01511437908496732 0.07169117647058823
0 0.5175653594771242 0.8177083333333334 0.12990196078431374 0.022058823529411766
0 0.9162581699346405 0.8768382352941176 0.12745098039215685 0.01838235294117647
0 0.1133578431372549 0.7640931372549019 0.08292483660130719 0.02022058823529412
0 0.034109477124183 0.8246017156862745 0.068218954248366 0.019301470588235295
0 0.03329248366013072 0.8031556372549019 0.06331699346405228 0.018688725490196078
0 0.03594771241830065 0.78125 0.06535947712418301 0.02144607843137255
0 0.9348447712418301 0.7216605392156863 0.13031045751633988 0.02420343137254902
0 0.9358660130718954 0.6963848039215687 0.12581699346405228 0.02267156862745098
0 0.9364787581699346 0.6735600490196079 0.1270424836601307 0.021752450980392156
0 0.803921568627451 0.7072610294117647 0.13071895424836602 0.04932598039215686
0 0.8037173202614379 0.6709558823529411 0.13357843137254902 0.018995098039215685
0 0.6697303921568627 0.7167585784313726 0.13112745098039216 0.021139705882352942
0 0.6697303921568627 0.6930147058823529 0.13276143790849673 0.020833333333333332
0 0.2832924836601307 0.19975490196078433 0.1417483660130719 0.02696078431372549
0 0.28227124183006536 0.23177083333333334 0.14297385620915032 0.03278186274509804
0 0.3743872549019608 0.20511642156862744 0.03390522875816993 0.08731617647058823
0 0.41237745098039214 0.20526960784313725 0.04125816993464052 0.0857843137254902
0 0.45179738562091504 0.20680147058823528 0.03839869281045752 0.08823529411764706
0 0.542687908496732 0.18137254901960784 0.13929738562091504 0.03002450980392157
0 0.11458333333333333 0.7833946078431373 0.07965686274509803 0.016544117647058824
0 0.119281045751634 0.8023897058823529 0.10457516339869281 0.01715686274509804
0 0.12091503267973856 0.8224571078431373 0.10130718954248366 0.01991421568627451
0 0.17851307189542484 0.7722120098039216 0.026143790849673203 0.036458333333333336
0 0.9129901960784313 0.8981311274509803 0.12745098039215685 0.021139705882352942
0 0.9078839869281046 0.9214154411764706 0.12295751633986927 0.020526960784313725
0 0.5157271241830066 0.7951899509803921 0.12622549019607843 0.021139705882352942
0 0.5155228758169934 0.7731311274509803 0.12581699346405228 0.019301470588235295
0 0.5130718954248366 0.7539828431372549 0.12990196078431374 0.014093137254901961
0 0.38929738562091504 0.8203125 0.11683006535947713 0.01991421568627451
0 0.3911356209150327 0.8000919117647058 0.11723856209150327 0.01685049019607843
0 0.3901143790849673 0.7786458333333334 0.11519607843137254 0.023590686274509803
0 0.7775735294117647 0.9413296568627451 0.12540849673202614 0.020526960784313725
0 0.28656045751633985 0.8212316176470589 0.07965686274509803 0.015012254901960785
0 0.2883986928104575 0.7881433823529411 0.08333333333333333 0.014399509803921568
0 0.2867647058823529 0.7715992647058824 0.08006535947712418 0.016237745098039217
0 0.28717320261437906 0.7536764705882353 0.08415032679738563 0.015318627450980392
0 0.23141339869281047 0.8100490196078431 0.01919934640522876 0.03431372549019608
0 0.21262254901960784 0.8118872549019608 0.01919934640522876 0.03676470588235294
0 0.1909722222222222 0.8098958333333334 0.02246732026143791 0.0389093137254902
0 0.22508169934640523 0.7732843137254902 0.0196078431372549 0.03615196078431373
0 0.20322712418300654 0.7729779411764706 0.02246732026143791 0.034926470588235295
0 0.28880718954248363 0.8034620098039216 0.08088235294117647 0.014399509803921568
0 0.17790032679738563 0.49525122549019607 0.02165032679738562 0.0701593137254902
0 0.4244281045751634 0.4105392156862745 0.12091503267973856 0.02267156862745098
0 0.28308823529411764 0.48284313725490197 0.09477124183006536 0.022058823529411766
0 0.5279820261437909 0.5969669117647058 0.1474673202614379 0.02297794117647059
0 0.5290032679738562 0.6233149509803921 0.14950980392156862 0.02665441176470588
0 0.670547385620915 0.5772058823529411 0.12622549019607843 0.023284313725490197
0 0.6701388888888888 0.6014093137254902 0.12867647058823528 0.02267156862745098
0 0.6709558823529411 0.6266850490196079 0.13031045751633988 0.023590686274509803
0 0.8002450980392157 0.5804227941176471 0.12336601307189543 0.02297794117647059
0 0.7973856209150327 0.6050857843137255 0.11764705882352941 0.02267156862745098
0 0.7990196078431373 0.6286764705882353 0.11764705882352941 0.023284313725490197
0 0.9348447712418301 0.5880821078431373 0.13031045751633988 0.021752450980392156
0 0.928921568627451 0.6102941176470589 0.13071895424836602 0.018995098039215685
0 0.9274918300653595 0.632046568627451 0.127859477124183 0.02267156862745098
0 0.17095588235294118 0.7153799019607843 0.026552287581699346 0.06801470588235294
0 0.19607843137254902 0.7136948529411765 0.02042483660130719 0.06893382352941177
0 0.21691176470588236 0.7146139705882353 0.021241830065359478 0.07077205882352941
0 0.03839869281045752 0.6678921568627451 0.07679738562091504 0.0196078431372549
0 0.03799019607843137 0.6885723039215687 0.07352941176470588 0.021139705882352942
0 0.20077614379084968 0.4973958333333333 0.024101307189542485 0.0744485294117647
0 0.5449346405228758 0.1018688725490196 0.13725490196078433 0.026041666666666668
0 0.5453431372549019 0.12867647058823528 0.13480392156862744 0.027573529411764705
0 0.6913807189542484 0.07536764705882353 0.14583333333333334 0.0196078431372549
0 0.6901552287581699 0.10232843137254902 0.14338235294117646 0.028799019607843136
0 0.4554738562091503 0.09666053921568628 0.04003267973856209 0.09037990196078431
0 0.6899509803921569 0.13189338235294118 0.14297385620915032 0.0272671568627451
0 0.8435457516339869 0.07659313725490197 0.1380718954248366 0.022058823529411766
0 0.8386437908496732 0.10217524509803921 0.13480392156862744 0.030943627450980393
0 0.8370098039215687 0.1328125 0.1380718954248366 0.029105392156862746
0 0.9575163398692811 0.08088235294117647 0.08496732026143791 0.025735294117647058
0 0.5318627450980392 0.5736825980392157 0.14705882352941177 0.018688725490196078
0 0.9562908496732027 0.10998774509803921 0.08905228758169935 0.025735294117647058
0 0.3888888888888889 0.6246936274509803 0.125 0.024509803921568627
0 0.27450980392156865 0.6230085784313726 0.09640522875816994 0.023590686274509803
0 0.28104575163398693 0.5064338235294118 0.10947712418300654 0.0196078431372549
0 0.28104575163398693 0.5277267156862745 0.1184640522875817 0.018075980392156864
0 0.3960375816993464 0.48268995098039214 0.11151960784313726 0.02420343137254902
0 0.3999183006535948 0.5073529411764706 0.119281045751634 0.0196078431372549
0 0.4007352941176471 0.5300245098039216 0.11356209150326797 0.023284313725490197
0 0.5334967320261438 0.4788602941176471 0.16176470588235295 0.020833333333333332
0 0.5390114379084967 0.5168504901960784 0.15400326797385622 0.05269607843137255
0 0.6805555555555556 0.48192401960784315 0.12745098039215685 0.024509803921568627
0 0.6830065359477124 0.5064338235294118 0.12663398692810457 0.024509803921568627
0 0.6813725490196079 0.5321691176470589 0.12908496732026145 0.022058823529411766
0 0.8169934640522876 0.48483455882352944 0.13480392156862744 0.023590686274509803
0 0.8155637254901961 0.5094975490196079 0.1352124183006536 0.02144607843137255
0 0.8161764705882353 0.5332414215686274 0.13071895424836602 0.02420343137254902
0 0.9436274509803921 0.4892769607843137 0.11356209150326797 0.01838235294117647
0 0.943218954248366 0.5101102941176471 0.11601307189542484 0.02267156862745098
0 0.9417892156862745 0.5356924019607843 0.11642156862745098 0.024816176470588234
0 0.028390522875816993 0.5752144607843137 0.053513071895424834 0.021752450980392156
0 0.027573529411764705 0.5975796568627451 0.051879084967320264 0.019301470588235295
0 0.026756535947712417 0.6202512254901961 0.05024509803921569 0.02297794117647059
0 0.10253267973856209 0.5775122549019608 0.0923202614379085 0.02144607843137255
0 0.09987745098039216 0.5998774509803921 0.09027777777777778 0.0196078431372549
0 0.09906045751633986 0.6214767156862745 0.08537581699346405 0.02297794117647059
0 0.16319444444444445 0.6193321078431373 0.023284313725490197 0.11243872549019608
0 0.18831699346405228 0.6196384803921569 0.02369281045751634 0.109375
0 0.21180555555555555 0.6200980392156863 0.024101307189542485 0.1090686274509804
0 0.2916666666666667 0.5755208333333334 0.12418300653594772 0.022365196078431373
0 0.27267156862745096 0.5983455882352942 0.0959967320261438 0.023284313725490197
0 0.38419117647058826 0.6018688725490197 0.11887254901960784 0.021139705882352942
0 0.9532271241830066 0.13633578431372548 0.0951797385620915 0.024509803921568627
0 0.03880718954248366 0.7098651960784313 0.07434640522875817 0.02144607843137255
0 0.11764705882352941 0.09298406862745098 0.032679738562091505 0.08547794117647059
0 0.07577614379084967 0.2264093137254902 0.08292483660130719 0.024509803921568627
0 0.41687091503267976 0.09528186274509803 0.037173202614379085 0.08823529411764706
0 0.38031045751633985 0.0977328431372549 0.03594771241830065 0.08762254901960784
0 0.27941176470588236 0.125 0.15931372549019607 0.032475490196078434
0 0.013480392156862746 0.09068627450980392 0.02369281045751634 0.08762254901960784
0 0.044730392156862746 0.09022671568627451 0.0363562091503268 0.08670343137254902
0 0.08190359477124183 0.09114583333333333 0.03553921568627451 0.08854166666666667
0 0.0784313725490196 0.19653799019607843 0.08823529411764706 0.03462009803921569
0 0.2775735294117647 0.06326593137254902 0.1556372549019608 0.030330882352941176
0 0.27818627450980393 0.0939031862745098 0.1568627450980392 0.02849264705882353
