0 0.46536458333333336 0.5328125 0.0765625 0.0234375
0 0.5536458333333333 0.5787109375 0.08854166666666667 0.027734375
0 0.5638020833333334 0.2470703125 0.09322916666666667 0.119140625
0 0.5489583333333333 0.524609375 0.08541666666666667 0.0265625
0 0.5471354166666667 0.494140625 0.0890625 0.034375
0 0.7682291666666666 0.48984375 0.10208333333333333 0.04609375
0 0.46171875 0.508984375 0.08385416666666666 0.02578125
0 0.6419270833333334 0.5796875 0.08802083333333334 0.0234375
0 0.8700520833333333 0.5373046875 0.1015625 0.047265625
0 0.7690104166666667 0.5384765625 0.10052083333333334 0.048828125
0 0.6356770833333333 0.494140625 0.08385416666666666 0.034375
0 0.6388020833333333 0.5251953125 0.07552083333333333 0.027734375
0 0.46848958333333335 0.24921875 0.0984375 0.1140625
0 0.64296875 0.5533203125 0.08385416666666666 0.028515625
0 0.4666666666666667 0.5556640625 0.07708333333333334 0.021484375
0 0.9604166666666667 0.5361328125 0.08125 0.048828125
0 0.46380208333333334 0.5802734375 0.0828125 0.026953125
0 0.08671875 0.5162109375 0.07552083333333333 0.041015625
0 0.37447916666666664 0.533203125 0.078125 0.02265625
0 0.7591145833333334 0.2572265625 0.09010416666666667 0.082421875
0 0.8697916666666666 0.4884765625 0.10104166666666667 0.048046875
0 0.19895833333333332 0.1013671875 0.09166666666666666 0.145703125
0 0.26979166666666665 0.1498046875 0.04479166666666667 0.038671875
0 0.31666666666666665 0.142578125 0.051041666666666666 0.05390625
0 0.36796875 0.1439453125 0.049479166666666664 0.033984375
0 0.4166666666666667 0.14453125 0.04895833333333333 0.03359375
0 0.465625 0.1427734375 0.05 0.029296875
0 0.5143229166666666 0.1046875 0.04635416666666667 0.10390625
0 0.26927083333333335 0.10859375 0.04375 0.04296875
0 0.315625 0.0876953125 0.051041666666666666 0.054296875
0 0.3692708333333333 0.105078125 0.052083333333333336 0.040625
0 0.4192708333333333 0.1087890625 0.04479166666666667 0.039453125
0 0.465625 0.1033203125 0.046875 0.042578125
0 0.6283854166666667 0.0806640625 0.14635416666666667 0.126953125
0 0.76328125 0.1154296875 0.1078125 0.052734375
0 0.8700520833333333 0.1115234375 0.1046875 0.046484375
0 0.76484375 0.062890625 0.1046875 0.05
0 0.8721354166666667 0.0599609375 0.10885416666666667 0.056640625
0 0.09348958333333333 0.2798828125 0.0796875 0.091015625
0 0.17447916666666666 0.2666015625 0.08020833333333334 0.116796875
0 0.37005208333333334 0.255859375 0.09010416666666667 0.12421875
0 0.26927083333333335 0.2609375 0.10833333333333334 0.1125
0 0.85078125 0.253125 0.09010416666666667 0.07578125
0 0.371875 0.5068359375 0.08333333333333333 0.030078125
0 0.9421875 0.2513671875 0.09375 0.078515625
0 0.7505208333333333 0.19296875 0.09166666666666666 0.040625
0 0.37786458333333334 0.5548828125 0.0828125 0.020703125
0 0.3765625 0.581640625 0.08541666666666667 0.03359375
0 0.28229166666666666 0.5099609375 0.07604166666666666 0.046484375
0 0.28828125 0.55 0.0890625 0.0328125
0 0.28802083333333334 0.58359375 0.090625 0.034375
0 0.18072916666666666 0.515625 0.075 0.04453125
0 0.1890625 0.553515625 0.09166666666666666 0.03046875
0 0.18932291666666667 0.5849609375 0.0921875 0.033984375
0 0.09453125 0.5529296875 0.09114583333333333 0.031640625
0 0.0953125 0.5859375 0.08958333333333333 0.034375
0 0.020833333333333332 0.584375 0.041666666666666664 0.0375
0 0.96640625 0.34765625 0.06822916666666666 0.053125
0 0.9653645833333333 0.3986328125 0.06927083333333334 0.049609375
0 0.8768229166666667 0.3478515625 0.10572916666666667 0.048046875
0 0.8752604166666667 0.3994140625 0.10572916666666667 0.048046875
0 0.76640625 0.4013671875 0.1015625 0.055078125
0 0.6544270833333333 0.392578125 0.11614583333333334 0.1046875
0 0.54140625 0.401953125 0.09739583333333333 0.09765625
0 0.44036458333333334 0.4060546875 0.10572916666666667 0.088671875
0 0.34322916666666664 0.4109375 0.08854166666666667 0.09140625
0 0.240625 0.4134765625 0.11770833333333333 0.092578125
0 0.1453125 0.4234375 0.07395833333333333 0.0734375
0 0.05755208333333333 0.426171875 0.10260416666666666 0.07890625
0 0.9197916666666667 0.189453125 0.07291666666666667 0.03828125
0 0.96015625 0.4873046875 0.08072916666666667 0.045703125
0 0.55234375 0.55078125 0.09114583333333333 0.0265625
0 0.12447916666666667 0.7197265625 0.06875 0.027734375
0 0.86484375 0.622265625 0.10052083333333334 0.04609375
0 0.9596354166666666 0.62109375 0.0828125 0.04765625
0 0.7734375 0.7822265625 0.09479166666666666 0.044140625
0 0.8671875 0.7814453125 0.09270833333333334 0.043359375
0 0.9588541666666667 0.777734375 0.084375 0.053125
0 0.7768229166666667 0.7365234375 0.0890625 0.044140625
0 0.8677083333333333 0.7361328125 0.09375 0.041796875
0 0.959375 0.7306640625 0.08229166666666667 0.028515625
0 0.78515625 0.9271484375 0.09635416666666667 0.042578125
0 0.7640625 0.6216796875 0.1 0.046484375
0 0.77734375 0.8841796875 0.09635416666666667 0.041796875
0 0.8752604166666667 0.88359375 0.09635416666666667 0.04296875
0 0.96796875 0.930859375 0.06510416666666667 0.04453125
0 0.9638020833333333 0.8837890625 0.07239583333333334 0.042578125
0 0.5625 0.8626953125 0.26458333333333334 0.176171875
0 0.3106770833333333 0.87421875 0.2296875 0.15546875
0 0.09661458333333334 0.884765625 0.19322916666666667 0.13359375
0 0.10989583333333333 0.14921875 0.08541666666666667 0.0515625
0 0.10286458333333333 0.094140625 0.08385416666666666 0.0578125
0 0.03958333333333333 0.720703125 0.07916666666666666 0.03828125
0 0.88359375 0.9279296875 0.0984375 0.043359375
0 0.96015625 0.6689453125 0.08072916666666667 0.044140625
0 0.6575520833333334 0.243359375 0.09114583333333333 0.121875
0 0.7734375 0.6693359375 0.10104166666666667 0.045703125
0 0.8716145833333333 0.66953125 0.0953125 0.04375
0 0.12291666666666666 0.6935546875 0.071875 0.024609375
0 0.121875 0.6712890625 0.06979166666666667 0.019140625
0 0.11953125 0.6427734375 0.07552083333333333 0.037109375
0 0.034895833333333334 0.648046875 0.06979166666666667 0.03515625
0 0.20182291666666666 0.6958984375 0.08802083333333334 0.022265625
0 0.20182291666666666 0.6734375 0.0828125 0.021875
0 0.2 0.643359375 0.08229166666666667 0.0328125
0 0.29921875 0.71796875 0.0984375 0.0328125
0 0.29973958333333334 0.6875 0.09947916666666666 0.028125
0 0.20442708333333334 0.7193359375 0.0828125 0.026171875
0 0.3 0.6298828125 0.09270833333333334 0.026171875
0 0.4010416666666667 0.7169921875 0.09375 0.030859375
0 0.40286458333333336 0.682421875 0.09114583333333333 0.03828125
0 0.49453125 0.7173828125 0.0890625 0.032421875
0 0.4953125 0.684375 0.08958333333333333 0.03203125
0 0.49609375 0.6505859375 0.0890625 0.035546875
0 0.5908854166666667 0.7173828125 0.0921875 0.030078125
0 0.296875 0.6578125 0.096875 0.0296875
0 0.5869791666666667 0.6640625 0.07291666666666667 0.03125
0 0.5932291666666667 0.691015625 0.08541666666666667 0.02265625
