0 0.9428104575163399 0.6070772058823529 0.026143790849673203 0.01685049019607843
0 0.45894607843137253 0.14935661764705882 0.05269607843137255 0.07751225490196079
0 0.8931781045751634 0.6052389705882353 0.024918300653594773 0.015625
0 0.3815359477124183 0.15165441176470587 0.035130718954248366 0.0704656862745098
0 0.4158496732026144 0.14996936274509803 0.03349673202614379 0.07506127450980392
0 0.9199346405228758 0.6064644607843137 0.02042483660130719 0.014399509803921568
0 0.6721813725490197 0.7444852941176471 0.03553921568627451 0.10049019607843138
0 0.5173611111111112 0.7349877450980392 0.03145424836601307 0.10049019607843138
0 0.5921160130718954 0.7532169117647058 0.04044117647058824 0.07751225490196079
0 0.8907271241830066 0.6216299019607843 0.025735294117647058 0.014093137254901961
0 0.9166666666666666 0.6228553921568627 0.02287581699346405 0.013480392156862746
0 0.9413807189542484 0.6237745098039216 0.023284313725490197 0.015931372549019607
0 0.9409722222222222 0.6395526960784313 0.023284313725490197 0.015625
0 0.9172794117647058 0.6415441176470589 0.024918300653594773 0.012867647058823529
0 0.8899101307189542 0.6375612745098039 0.030637254901960783 0.01838235294117647
0 0.9787581699346405 0.5836397058823529 0.024509803921568627 0.01838235294117647
0 0.9775326797385621 0.6014093137254902 0.02696078431372549 0.01715686274509804
0 0.9771241830065359 0.6188725490196079 0.024509803921568627 0.017769607843137254
0 0.16237745098039216 0.6953125 0.024918300653594773 0.09037990196078431
0 0.6315359477124183 0.7608762254901961 0.03104575163398693 0.07689950980392157
0 0.18913398692810457 0.6957720588235294 0.02042483660130719 0.08762254901960784
0 0.24591503267973855 0.7008272058823529 0.021241830065359478 0.07996323529411764
0 0.2696078431372549 0.7051164215686274 0.022058823529411766 0.08731617647058823
0 0.2986111111111111 0.7095588235294118 0.028594771241830064 0.09313725490196079
0 0.32679738562091504 0.7120098039215687 0.02696078431372549 0.08762254901960784
0 0.3611111111111111 0.7029718137254902 0.018790849673202614 0.09834558823529412
0 0.38480392156862747 0.7149203431372549 0.029411764705882353 0.10386029411764706
0 0.4166666666666667 0.7170649509803921 0.031862745098039214 0.10018382352941177
0 0.4497549019607843 0.7215073529411765 0.03104575163398693 0.10600490196078431
0 0.4832516339869281 0.7253370098039216 0.03349673202614379 0.0977328431372549
0 0.5535130718954249 0.7346813725490197 0.03676470588235294 0.1017156862745098
0 0.21793300653594772 0.6989889705882353 0.03227124183006536 0.08854166666666667
0 0.9738562091503268 0.6392463235294118 0.027777777777777776 0.021752450980392156
0 0.7924836601307189 0.6243872549019608 0.03104575163398693 0.042279411764705885
0 0.9189133986928104 0.5893075980392157 0.024101307189542485 0.016237745098039217
0 0.5586192810457516 0.14767156862745098 0.034722222222222224 0.0741421568627451
0 0.5191993464052288 0.14950980392156862 0.041666666666666664 0.07169117647058823
0 0.24305555555555555 0.5802696078431373 0.021241830065359478 0.03676470588235294
0 0.2638888888888889 0.5828737745098039 0.01715686274509804 0.03400735294117647
0 0.2820669934640523 0.5833333333333334 0.020016339869281044 0.03615196078431373
0 0.30310457516339867 0.5857843137254902 0.018790849673202614 0.032475490196078434
0 0.3249591503267974 0.5879289215686274 0.016748366013071895 0.03370098039215686
0 0.3443627450980392 0.5886948529411765 0.018790849673202614 0.03155637254901961
0 0.36356209150326796 0.5914522058823529 0.02042483660130719 0.035845588235294115
0 0.22426470588235295 0.5765931372549019 0.01715686274509804 0.03002450980392157
0 0.38623366013071897 0.5931372549019608 0.020016339869281044 0.031862745098039214
0 0.4303513071895425 0.5972732843137255 0.020016339869281044 0.03278186274509804
0 0.4513888888888889 0.6004901960784313 0.018790849673202614 0.03553921568627451
0 0.5165441176470589 0.6021752450980392 0.017565359477124183 0.04136029411764706
0 0.5408496732026143 0.6034007352941176 0.02369281045751634 0.0389093137254902
0 0.5659722222222222 0.6058517156862745 0.01919934640522876 0.04197303921568627
0 0.5884395424836601 0.6081495098039216 0.024101307189542485 0.0428921568627451
0 0.613562091503268 0.6109068627450981 0.018790849673202614 0.0428921568627451
0 0.6386846405228758 0.6122855392156863 0.026552287581699346 0.04136029411764706
0 0.6631944444444444 0.6150428921568627 0.020833333333333332 0.04442401960784314
0 0.40645424836601307 0.5946691176470589 0.021241830065359478 0.03553921568627451
0 0.20506535947712418 0.5762867647058824 0.018790849673202614 0.03125
0 0.17340686274509803 0.5758272058823529 0.034722222222222224 0.03707107843137255
0 0.11683006535947713 0.5338541666666666 0.0718954248366013 0.08854166666666667
0 0.8923611111111112 0.5874693627450981 0.023284313725490197 0.01685049019607843
0 0.9366830065359477 0.5511642156862745 0.02287581699346405 0.012867647058823529
0 0.9129901960784313 0.5499387254901961 0.022058823529411766 0.012254901960784314
0 0.8907271241830066 0.5491727941176471 0.020016339869281044 0.01133578431372549
0 0.764297385620915 0.6236213235294118 0.021241830065359478 0.043198529411764705
0 0.738562091503268 0.6196384803921569 0.027777777777777776 0.03829656862745098
0 0.5935457516339869 0.14598651960784315 0.03104575163398693 0.07383578431372549
0 0.4579248366013072 0.3489583333333333 0.03839869281045752 0.0704656862745098
0 0.49816176470588236 0.35049019607843135 0.03880718954248366 0.07230392156862746
0 0.5473856209150327 0.35003063725490197 0.05800653594771242 0.07506127450980392
0 0.5962009803921569 0.35232843137254904 0.0363562091503268 0.07598039215686274
0 0.6446078431372549 0.35232843137254904 0.04738562091503268 0.0784313725490196
0 0.6995506535947712 0.35263480392156865 0.0625 0.07904411764705882
0 0.8065767973856209 0.3558517156862745 0.06576797385620915 0.08118872549019608
0 0.8700980392156863 0.359375 0.05555555555555555 0.03370098039215686
0 0.9268790849673203 0.36136642156862747 0.05555555555555555 0.03707107843137255
0 0.7060866013071896 0.7519914215686274 0.026552287581699346 0.109375
0 0.9068627450980392 0.3102022058823529 0.049019607843137254 0.035845588235294115
0 0.9820261437908496 0.36121323529411764 0.03758169934640523 0.04350490196078431
0 0.04309640522875817 0.5121017156862745 0.061683006535947715 0.04258578431372549
0 0.03574346405228758 0.5551470588235294 0.068218954248366 0.04350490196078431
0 0.9430147058823529 0.5900735294117647 0.023284313725490197 0.01715686274509804
0 0.7428513071895425 0.7605698529411765 0.039624183006535946 0.0934436274509804
0 0.4591503267973856 0.2532169117647059 0.04330065359477124 0.07138480392156862
0 0.829248366013072 0.7222732843137255 0.022058823529411766 0.036458333333333336
0 0.3784722222222222 0.029411764705882353 0.04125816993464052 0.056372549019607844
0 0.3276143790849673 0.029564950980392156 0.05555555555555555 0.05667892156862745
0 0.2832924836601307 0.03232230392156863 0.03145424836601307 0.06403186274509803
0 0.24754901960784315 0.03278186274509804 0.0392156862745098 0.06311274509803921
0 0.1664624183006536 0.035845588235294115 0.051879084967320264 0.0704656862745098
0 0.11866830065359477 0.035845588235294115 0.044526143790849675 0.06924019607843138
0 0.0639297385620915 0.07521446078431372 0.06331699346405228 0.0744485294117647
0 0.6299019607843137 0.14430147058823528 0.042483660130718956 0.0784313725490196
0 0.6985294117647058 0.13449754901960784 0.08496732026143791 0.0900735294117647
0 0.7769607843137255 0.13174019607843138 0.06454248366013073 0.09681372549019608
0 0.8363970588235294 0.13112745098039216 0.04861111111111111 0.09497549019607843
0 0.9121732026143791 0.20021446078431374 0.09313725490196079 0.09099264705882353
0 0.9828431372549019 0.20021446078431374 0.03594771241830065 0.08854166666666667
0 0.28921568627450983 0.2541360294117647 0.049019607843137254 0.06770833333333333
0 0.3396650326797386 0.2536764705882353 0.0494281045751634 0.06862745098039216
0 0.40012254901960786 0.2535232843137255 0.07230392156862746 0.06893382352941177
0 0.6875 0.616421568627451 0.02369281045751634 0.03982843137254902
0 0.42116013071895425 0.028799019607843136 0.04411764705882353 0.05698529411764706
0 0.5059232026143791 0.25306372549019607 0.04861111111111111 0.07291666666666667
0 0.4652777777777778 0.026501225490196078 0.03758169934640523 0.050551470588235295
0 0.5533088235294118 0.024509803921568627 0.039624183006535946 0.04656862745098039
0 0.34191176470588236 0.15272671568627452 0.03839869281045752 0.07138480392156862
0 0.30249183006535946 0.15226715686274508 0.039624183006535946 0.07169117647058823
0 0.26348039215686275 0.15502450980392157 0.03758169934640523 0.06678921568627451
0 0.22794117647058823 0.1557904411764706 0.03349673202614379 0.06709558823529412
0 0.1597222222222222 0.14353553921568626 0.09313725490196079 0.09221813725490197
0 0.25 0.2533700980392157 0.026143790849673203 0.06678921568627451
0 0.22181372549019607 0.25306372549019607 0.027777777777777776 0.06801470588235294
0 0.16973039215686275 0.26746323529411764 0.060866013071895424 0.037377450980392156
0 0.08619281045751634 0.2611825980392157 0.0988562091503268 0.04503676470588235
0 0.9654820261437909 0.038449754901960786 0.05923202614379085 0.07689950980392157
0 0.9076797385620915 0.039675245098039214 0.04738562091503268 0.07689950980392157
0 0.8529411764705882 0.015931372549019607 0.04820261437908497 0.029411764705882353
0 0.7996323529411765 0.018075980392156864 0.0428921568627451 0.03615196078431373
0 0.7491830065359477 0.0196078431372549 0.05228758169934641 0.03676470588235294
0 0.698937908496732 0.020067401960784315 0.04656862745098039 0.035845588235294115
0 0.6480800653594772 0.02221200980392157 0.04861111111111111 0.04258578431372549
0 0.5990604575163399 0.022058823529411766 0.04861111111111111 0.041666666666666664
0 0.5077614379084967 0.02619485294117647 0.0457516339869281 0.050551470588235295
0 0.5622957516339869 0.25566789215686275 0.04779411764705882 0.07077205882352941
0 0.6143790849673203 0.2526041666666667 0.051470588235294115 0.07506127450980392
0 0.6664624183006536 0.25306372549019607 0.051879084967320264 0.07475490196078431
0 0.3974673202614379 0.4733455882352941 0.049019607843137254 0.06924019607843138
0 0.3449754901960784 0.4753370098039216 0.04779411764705882 0.06525735294117647
0 0.2951388888888889 0.46951593137254904 0.04861111111111111 0.06341911764705882
0 0.24183006535947713 0.46246936274509803 0.05228758169934641 0.07199754901960784
0 0.900531045751634 0.8184742647058824 0.024101307189542485 0.029105392156862746
0 0.8745915032679739 0.8147977941176471 0.017973856209150325 0.02420343137254902
0 0.8484477124183006 0.8094362745098039 0.024509803921568627 0.025122549019607844
0 0.9003267973856209 0.7890625 0.02696078431372549 0.02297794117647059
0 0.8743872549019608 0.7878370098039216 0.020833333333333332 0.0272671568627451
0 0.8511029411764706 0.7849264705882353 0.020016339869281044 0.02389705882352941
0 0.9042075163398693 0.7616421568627451 0.02246732026143791 0.03002450980392157
0 0.8790849673202614 0.7601102941176471 0.024509803921568627 0.025735294117647058
0 0.8527369281045751 0.7567401960784313 0.023284313725490197 0.029411764705882353
0 0.9325980392156863 0.7345281862745098 0.021241830065359478 0.035845588235294115
0 0.9072712418300654 0.7299325980392157 0.02287581699346405 0.033394607843137254
0 0.8792892156862745 0.7287071078431373 0.024918300653594773 0.0352328431372549
0 0.8541666666666666 0.7250306372549019 0.02369281045751634 0.03155637254901961
0 0.45383986928104575 0.47518382352941174 0.04820261437908497 0.07904411764705882
0 0.5026552287581699 0.4794730392156863 0.04534313725490196 0.07536764705882353
0 0.5551470588235294 0.49494485294117646 0.05555555555555555 0.05177696078431373
0 0.6141748366013072 0.4966299019607843 0.054330065359477125 0.05269607843137255
0 0.7203839869281046 0.2529105392156863 0.05269607843137255 0.07689950980392157
0 0.775531045751634 0.2522977941176471 0.05269607843137255 0.07996323529411764
0 0.8274101307189542 0.2526041666666667 0.0494281045751634 0.08118872549019608
0 0.03880718954248366 0.3929227941176471 0.0718954248366013 0.09528186274509803
0 0.10437091503267974 0.4036458333333333 0.05923202614379085 0.07567401960784313
0 0.18137254901960784 0.3547794117647059 0.041666666666666664 0.04656862745098039
0 0.23304738562091504 0.34451593137254904 0.05923202614379085 0.06525735294117647
0 0.778390522875817 0.7665441176470589 0.024918300653594773 0.09987745098039216
0 0.29105392156862747 0.34849877450980393 0.05269607843137255 0.0664828431372549
0 0.4074754901960784 0.3486519607843137 0.05923202614379085 0.07107843137254902
0 0.9797794117647058 0.5022977941176471 0.04044117647058824 0.045649509803921566
0 0.980187908496732 0.45205269607843135 0.039624183006535946 0.053002450980392156
0 0.9248366013071896 0.49785539215686275 0.06045751633986928 0.05024509803921569
0 0.8672385620915033 0.49816176470588236 0.049836601307189546 0.051470588235294115
0 0.8735702614379085 0.44669117647058826 0.05923202614379085 0.051470588235294115
0 0.7007761437908496 0.4993872549019608 0.034722222222222224 0.051470588235294115
0 0.6613562091503268 0.49954044117647056 0.03839869281045752 0.05422794117647059
0 0.349468954248366 0.3481924019607843 0.056781045751633986 0.06954656862745098
0 0.7126225490196079 0.6187193627450981 0.02165032679738562 0.04258578431372549
