0 0.3415032679738562 0.20955882352941177 0.05555555555555555 0.0821078431372549
0 0.14910130718954248 0.20481004901960784 0.09803921568627451 0.09528186274509803
0 0.5051062091503268 0.18091299019607843 0.054330065359477125 0.14491421568627452
0 0.39889705882352944 0.17647058823529413 0.054330065359477125 0.14460784313725492
0 0.3319035947712418 0.36014093137254904 0.04616013071895425 0.08057598039215687
0 0.2826797385620915 0.2184436274509804 0.05473856209150327 0.061887254901960786
0 0.22732843137254902 0.2029718137254902 0.05024509803921569 0.0977328431372549
0 0.8176062091503268 0.8308823529411765 0.03390522875816993 0.05269607843137255
0 0.9168709150326797 0.2997855392156863 0.03390522875816993 0.02420343137254902
0 0.4025735294117647 0.6220894607843137 0.06495098039215687 0.05545343137254902
0 0.06719771241830065 0.20940563725490197 0.061683006535947715 0.09099264705882353
0 0.9820261437908496 0.49463848039215685 0.03431372549019608 0.06341911764705882
0 0.09906045751633986 0.5931372549019608 0.034722222222222224 0.04656862745098039
0 0.19158496732026145 0.5951286764705882 0.032679738562091505 0.046875
0 0.16033496732026145 0.5928308823529411 0.024918300653594773 0.04718137254901961
0 0.13562091503267973 0.5906862745098039 0.02042483660130719 0.04350490196078431
0 0.13868464052287582 0.6835171568627451 0.04779411764705882 0.0821078431372549
0 0.023080065359477125 0.6954656862745098 0.04370915032679738 0.04534313725490196
0 0.06311274509803921 0.6865808823529411 0.03145424836601307 0.04534313725490196
0 0.0951797385620915 0.6816789215686274 0.029411764705882353 0.08639705882352941
0 0.19076797385620914 0.6704963235294118 0.03839869281045752 0.06770833333333333
0 0.34844771241830064 0.6150428921568627 0.03839869281045752 0.06709558823529412
0 0.230187908496732 0.6139705882352942 0.03799019607843137 0.07475490196078431
0 0.2704248366013072 0.6145833333333334 0.03758169934640523 0.08088235294117647
0 0.26000816993464054 0.36014093137254904 0.09109477124183006 0.08302696078431372
0 0.17585784313725492 0.3518688725490196 0.07393790849673203 0.11182598039215687
0 0.08823529411764706 0.3642769607843137 0.05718954248366013 0.0821078431372549
0 0.03390522875816993 0.3630514705882353 0.049019607843137254 0.08026960784313726
0 0.9707924836601307 0.8074448529411765 0.03145424836601307 0.05422794117647059
0 0.9383169934640523 0.8053002450980392 0.029411764705882353 0.05116421568627451
0 0.8809232026143791 0.8069852941176471 0.017565359477124183 0.0428921568627451
0 0.9082924836601307 0.8074448529411765 0.028186274509803922 0.04258578431372549
0 0.8531454248366013 0.8261335784313726 0.034722222222222224 0.0628063725490196
0 0.7849264705882353 0.8287377450980392 0.03145424836601307 0.056372549019607844
0 0.7506127450980392 0.8250612745098039 0.03390522875816993 0.05514705882352941
0 0.1111111111111111 0.803921568627451 0.024509803921568627 0.09926470588235294
0 0.713031045751634 0.8252144607843137 0.03799019607843137 0.05238970588235294
0 0.6345996732026143 0.8138786764705882 0.11233660130718955 0.06832107843137254
0 0.40951797385620914 0.8451286764705882 0.0625 0.01685049019607843
0 0.40870098039215685 0.8244485294117647 0.06004901960784314 0.02022058823529412
0 0.47549019607843135 0.8422181372549019 0.0661764705882353 0.020833333333333332
0 0.5418709150326797 0.8324142156862745 0.0625 0.02267156862745098
0 0.5412581699346405 0.8095894607843137 0.06862745098039216 0.021139705882352942
0 0.5339052287581699 0.7856924019607843 0.06372549019607843 0.023590686274509803
0 0.4511846405228758 0.1798406862745098 0.04616013071895425 0.14276960784313725
0 0.5582107843137255 0.17784926470588236 0.046977124183006536 0.1412377450980392
0 0.6832107843137255 0.48912377450980393 0.0494281045751634 0.021139705882352942
0 0.6654411764705882 0.18183210784313725 0.05065359477124183 0.140625
0 0.1542075163398693 0.4831495098039216 0.06576797385620915 0.07904411764705882
0 0.08374183006535947 0.4880514705882353 0.059640522875817 0.0741421568627451
0 0.21343954248366012 0.49892769607843135 0.04861111111111111 0.047487745098039214
0 0.40298202614379086 0.4970894607843137 0.054330065359477125 0.05116421568627451
0 0.3449754901960784 0.4961703431372549 0.05923202614379085 0.053002450980392156
0 0.28880718954248363 0.4909620098039216 0.049019607843137254 0.05422794117647059
0 0.6286764705882353 0.4885110294117647 0.05392156862745098 0.05606617647058824
0 0.026552287581699346 0.4811580882352941 0.05228758169934641 0.08057598039215687
0 0.5688316993464052 0.49785539215686275 0.05514705882352941 0.05698529411764706
0 0.45465686274509803 0.4846813725490196 0.0457516339869281 0.04044117647058824
0 0.6239787581699346 0.4413296568627451 0.05759803921568627 0.027879901960784315
0 0.5584150326797386 0.43903186274509803 0.049836601307189546 0.028186274509803922
0 0.46691176470588236 0.7846200980392157 0.056372549019607844 0.025122549019607844
0 0.4730392156862745 0.8147977941176471 0.06454248366013073 0.02971813725490196
0 0.4074754901960784 0.7915134803921569 0.056781045751633986 0.04258578431372549
0 0.34395424836601307 0.8129595588235294 0.06454248366013073 0.0860906862745098
0 0.5110294117647058 0.49816176470588236 0.056372549019607844 0.05330882352941176
0 0.2734885620915033 0.8212316176470589 0.060866013071895424 0.06525735294117647
0 0.9640522875816994 0.3553921568627451 0.051470588235294115 0.09497549019607843
0 0.8727532679738562 0.33118872549019607 0.039624183006535946 0.032475490196078434
0 0.3860294117647059 0.3746936274509804 0.056372549019607844 0.05943627450980392
0 0.3903186274509804 0.32567401960784315 0.05841503267973856 0.031862745098039214
0 0.443218954248366 0.37515318627450983 0.05718954248366013 0.060355392156862746
0 0.5010212418300654 0.3720894607843137 0.054330065359477125 0.0585171568627451
0 0.5614787581699346 0.3714767156862745 0.05841503267973856 0.05912990196078431
0 0.7700163398692811 0.30621936274509803 0.06862745098039216 0.04197303921568627
0 0.7661356209150327 0.34589460784313725 0.06985294117647059 0.034926470588235295
0 0.9168709150326797 0.37025122549019607 0.03390522875816993 0.06219362745098039
0 0.6678921568627451 0.33409926470588236 0.04820261437908497 0.04013480392156863
0 0.6158088235294118 0.3818933823529412 0.046977124183006536 0.040747549019607844
0 0.6660539215686274 0.38174019607843135 0.04616013071895425 0.042279411764705885
0 0.7162990196078431 0.38419117647058826 0.05106209150326797 0.037377450980392156
0 0.7724673202614379 0.3818933823529412 0.05473856209150327 0.03216911764705882
0 0.8261846405228758 0.3463541666666667 0.04861111111111111 0.036458333333333336
0 0.826797385620915 0.3831188725490196 0.04738562091503268 0.03216911764705882
0 0.8772467320261438 0.3792892156862745 0.042075163398692814 0.044730392156862746
0 0.6182598039215687 0.3371629901960784 0.04861111111111111 0.047487745098039214
0 0.6119281045751634 0.1790747549019608 0.05065359477124183 0.140625
0 0.2128267973856209 0.8077512254901961 0.05065359477124183 0.08731617647058823
0 0.08088235294117647 0.8075980392156863 0.03022875816993464 0.09926470588235294
0 0.7657271241830066 0.5997242647058824 0.054330065359477125 0.05238970588235294
0 0.7001633986928104 0.6196384803921569 0.06781045751633986 0.06832107843137254
0 0.6231617647058824 0.6191789215686274 0.068218954248366 0.0661764705882353
0 0.5494281045751634 0.6204044117647058 0.06781045751633986 0.058823529411764705
0 0.4736519607843137 0.6220894607843137 0.06985294117647059 0.060355392156862746
0 0.6883169934640523 0.5105698529411765 0.05310457516339869 0.018688725490196078
0 0.7361111111111112 0.4603247549019608 0.049836601307189546 0.040747549019607844
0 0.7344771241830066 0.5024509803921569 0.03676470588235294 0.03125
0 0.795547385620915 0.49862132352941174 0.0559640522875817 0.0389093137254902
0 0.889297385620915 0.49172794117647056 0.05065359477124183 0.05943627450980392
0 0.8390522875816994 0.48943014705882354 0.029411764705882353 0.03768382352941176
0 0.9401552287581699 0.47931985294117646 0.042075163398692814 0.08731617647058823
0 0.9665032679738562 0.2034313725490196 0.04656862745098039 0.08639705882352941
0 0.9185049019607843 0.20649509803921567 0.04534313725490196 0.08946078431372549
0 0.8615196078431373 0.17784926470588236 0.061274509803921566 0.13817401960784315
0 0.7951388888888888 0.1790747549019608 0.05923202614379085 0.13572303921568626
0 0.7312091503267973 0.17647058823529413 0.06699346405228758 0.14276960784313725
0 0.8255718954248366 0.5713848039215687 0.04003267973856209 0.049019607843137254
0 0.15502450980392157 0.8051470588235294 0.060866013071895424 0.09497549019607843
0 0.8282271241830066 0.6251531862745098 0.05106209150326797 0.05667892156862745
0 0.9262663398692811 0.610140931372549 0.04534313725490196 0.08425245098039216
0 0.016952614379084966 0.8053002450980392 0.03308823529411765 0.09712009803921569
0 0.9681372549019608 0.7103247549019608 0.058823529411764705 0.08057598039215687
0 0.9001225490196079 0.7126225490196079 0.07475490196078431 0.07904411764705882
0 0.8225081699346405 0.7147671568627451 0.0755718954248366 0.0857843137254902
0 0.7481617647058824 0.7121629901960784 0.07066993464052287 0.08792892156862746
0 0.6740196078431373 0.7110906862745098 0.0718954248366013 0.08639705882352941
0 0.6015114379084967 0.7107843137254902 0.06985294117647059 0.0821078431372549
0 0.5259395424836601 0.7118566176470589 0.07230392156862746 0.08241421568627451
0 0.44955065359477125 0.7328431372549019 0.06658496732026144 0.025735294117647058
0 0.38357843137254904 0.678921568627451 0.06699346405228758 0.014093137254901961
0 0.45322712418300654 0.6937806372549019 0.0690359477124183 0.04871323529411765
0 0.37663398692810457 0.7140012254901961 0.07026143790849673 0.05361519607843137
0 0.32107843137254904 0.7127757352941176 0.03594771241830065 0.05667892156862745
0 0.2820669934640523 0.7207414215686274 0.03880718954248366 0.05606617647058824
0 0.2354983660130719 0.7268688725490197 0.039624183006535946 0.05974264705882353
0 0.9667075163398693 0.6227022058823529 0.027369281045751634 0.057904411764705885
0 0.8790849673202614 0.6110600490196079 0.04411764705882353 0.08425245098039216
0 0.3090277777777778 0.6124387254901961 0.03390522875816993 0.07720588235294118
