0 0.7536458333333333 0.0953125 0.11666666666666667 0.06015625
0 0.7515625 0.0322265625 0.115625 0.057421875
0 0.6322916666666667 0.0388671875 0.11145833333333334 0.056640625
0 0.40390625 0.0529296875 0.10989583333333333 0.055859375
0 0.5213541666666667 0.0447265625 0.11354166666666667 0.061328125
0 0.5244791666666667 0.1056640625 0.11354166666666667 0.055078125
0 0.4088541666666667 0.1107421875 0.11041666666666666 0.055859375
0 0.5388020833333333 0.9376953125 0.06822916666666666 0.098046875
0 0.628125 0.9625 0.103125 0.05859375
0 0.6263020833333334 0.8998046875 0.10572916666666667 0.065234375
0 0.7354166666666667 0.957421875 0.109375 0.06640625
0 0.8723958333333334 0.962109375 0.11458333333333333 0.05703125
0 0.63828125 0.1 0.11197916666666667 0.0578125
0 0.87109375 0.0302734375 0.1203125 0.051171875
0 0.03177083333333333 0.9666015625 0.0625 0.055078125
0 0.9666666666666667 0.0279296875 0.06875 0.051171875
0 0.9658854166666667 0.0859375 0.0703125 0.0625
0 0.11588541666666667 0.9685546875 0.10572916666666667 0.052734375
0 0.8703125 0.9021484375 0.11354166666666667 0.060546875
0 0.440625 0.9046875 0.08229166666666667 0.05546875
0 0.45234375 0.9591796875 0.10260416666666666 0.051171875
0 0.3419270833333333 0.911328125 0.11197916666666667 0.05234375
0 0.34270833333333334 0.970703125 0.11041666666666666 0.05546875
0 0.22604166666666667 0.9138671875 0.10729166666666666 0.055078125
0 0.23020833333333332 0.9685546875 0.1125 0.053515625
0 0.11588541666666667 0.9150390625 0.10364583333333334 0.052734375
0 0.97578125 0.753125 0.050520833333333334 0.053125
0 0.9734375 0.8080078125 0.05416666666666667 0.056640625
0 0.03046875 0.9125 0.058854166666666666 0.05390625
0 0.87109375 0.0876953125 0.11822916666666666 0.058984375
0 0.9653645833333333 0.9615234375 0.06927083333333334 0.060546875
0 0.14401041666666667 0.8056640625 0.0953125 0.051953125
0 0.8856770833333333 0.8087890625 0.11822916666666666 0.061328125
0 0.07239583333333334 0.062890625 0.11354166666666667 0.05859375
0 0.19296875 0.120703125 0.11302083333333333 0.05625
0 0.1875 0.0599609375 0.1125 0.060546875
0 0.3229166666666667 0.0498046875 0.04895833333333333 0.047265625
0 0.30130208333333336 0.1125 0.09947916666666666 0.059375
0 0.6260416666666667 0.3984375 0.11458333333333333 0.053125
0 0.51328125 0.3416015625 0.10677083333333333 0.059765625
0 0.51484375 0.402734375 0.10677083333333333 0.05703125
0 0.40677083333333336 0.346484375 0.103125 0.05546875
0 0.62421875 0.3388671875 0.1109375 0.060546875
0 0.4080729166666667 0.4046875 0.10260416666666666 0.05546875
0 0.30390625 0.40625 0.10572916666666667 0.05546875
0 0.19348958333333333 0.3494140625 0.10572916666666667 0.059765625
0 0.19713541666666667 0.408203125 0.10364583333333334 0.053125
0 0.0890625 0.3544921875 0.10208333333333333 0.055078125
0 0.09270833333333334 0.408984375 0.10625 0.05234375
0 0.018229166666666668 0.35 0.036458333333333336 0.05625
0 0.019791666666666666 0.4078125 0.03958333333333333 0.05625
0 0.03958333333333333 0.49296875 0.07916666666666666 0.0546875
0 0.0421875 0.54765625 0.084375 0.04921875
0 0.30104166666666665 0.349609375 0.10625 0.05703125
0 0.7377604166666667 0.3951171875 0.1078125 0.051953125
0 0.07942708333333333 0.122265625 0.11197916666666667 0.05703125
0 0.8481770833333333 0.3908203125 0.10989583333333333 0.056640625
0 0.06979166666666667 0.2130859375 0.11458333333333333 0.056640625
0 0.07473958333333333 0.269140625 0.10677083333333333 0.05234375
0 0.18072916666666666 0.208984375 0.10833333333333334 0.05546875
0 0.18020833333333333 0.2658203125 0.10104166666666667 0.051171875
0 0.28854166666666664 0.2080078125 0.10520833333333333 0.055859375
0 0.2890625 0.263671875 0.11041666666666666 0.053125
0 0.39869791666666665 0.2033203125 0.10885416666666667 0.060546875
0 0.4002604166666667 0.26171875 0.10885416666666667 0.05390625
0 0.5091145833333334 0.197265625 0.1109375 0.0578125
0 0.5109375 0.25859375 0.10833333333333334 0.0578125
0 0.61953125 0.1927734375 0.1109375 0.060546875
0 0.6221354166666667 0.2515625 0.11302083333333333 0.0578125
0 0.7333333333333333 0.1896484375 0.11145833333333334 0.062109375
0 0.7369791666666666 0.2498046875 0.11041666666666666 0.055859375
0 0.8505208333333333 0.187109375 0.11458333333333333 0.0578125
0 0.8513020833333333 0.24375 0.10989583333333333 0.05546875
0 0.95703125 0.1833984375 0.08802083333333334 0.058984375
0 0.9541666666666667 0.24140625 0.090625 0.0546875
0 0.9528645833333333 0.3314453125 0.09427083333333333 0.058984375
0 0.8481770833333333 0.3345703125 0.10989583333333333 0.055859375
0 0.95390625 0.390234375 0.09427083333333333 0.053125
0 0.13098958333333333 0.49375 0.10052083333333334 0.05390625
0 0.9651041666666667 0.90234375 0.071875 0.05625
0 0.1359375 0.5478515625 0.10104166666666667 0.050390625
0 0.24010416666666667 0.5453125 0.10416666666666667 0.05078125
0 0.25 0.676171875 0.10208333333333333 0.04921875
0 0.14322916666666666 0.62421875 0.09791666666666667 0.04921875
0 0.14791666666666667 0.6767578125 0.096875 0.048046875
0 0.045572916666666664 0.6640625 0.09114583333333333 0.07109375
0 0.048177083333333336 0.7533203125 0.09635416666666667 0.052734375
0 0.047135416666666666 0.8052734375 0.09427083333333333 0.046484375
0 0.14765625 0.7517578125 0.09947916666666666 0.051171875
0 0.24791666666666667 0.7513671875 0.09791666666666667 0.052734375
0 0.24270833333333333 0.80546875 0.096875 0.05390625
0 0.2484375 0.6240234375 0.10520833333333333 0.051171875
0 0.3497395833333333 0.748046875 0.09947916666666666 0.05546875
0 0.45234375 0.7498046875 0.09947916666666666 0.054296875
0 0.4505208333333333 0.8060546875 0.10208333333333333 0.055078125
0 0.5552083333333333 0.7509765625 0.10520833333333333 0.054296875
0 0.55703125 0.806640625 0.10052083333333334 0.05390625
0 0.6588541666666666 0.7494140625 0.10104166666666667 0.053515625
0 0.6588541666666666 0.806640625 0.1 0.05625
0 0.7651041666666667 0.7529296875 0.1125 0.053515625
0 0.7682291666666666 0.8091796875 0.11041666666666666 0.058984375
0 0.8861979166666667 0.746484375 0.1265625 0.06015625
0 0.3458333333333333 0.804296875 0.10104166666666667 0.05390625
0 0.35703125 0.675 0.1046875 0.04921875
0 0.3533854166666667 0.623828125 0.10677083333333333 0.053125
0 0.4627604166666667 0.6771484375 0.10364583333333334 0.053515625
0 0.3424479166666667 0.490625 0.1078125 0.05703125
0 0.3453125 0.5427734375 0.10208333333333333 0.049609375
0 0.4513020833333333 0.4869140625 0.10364583333333334 0.054296875
0 0.4518229166666667 0.5427734375 0.1078125 0.055078125
0 0.5651041666666666 0.483984375 0.11875 0.0578125
0 0.5669270833333333 0.5421875 0.11302083333333333 0.05625
0 0.684375 0.4798828125 0.11458333333333333 0.056640625
0 0.67734375 0.5365234375 0.1078125 0.056640625
0 0.79921875 0.480078125 0.11510416666666666 0.0546875
0 0.7981770833333334 0.5365234375 0.1140625 0.051953125
0 0.9135416666666667 0.4765625 0.11145833333333334 0.05
0 0.9138020833333333 0.53203125 0.11197916666666667 0.059375
0 0.9205729166666666 0.6158203125 0.10989583333333333 0.056640625
0 0.9200520833333333 0.673046875 0.11197916666666667 0.0546875
0 0.8096354166666667 0.6181640625 0.10885416666666667 0.055859375
0 0.8104166666666667 0.67421875 0.10416666666666667 0.0546875
0 0.70078125 0.6169921875 0.10572916666666667 0.056640625
0 0.7002604166666667 0.674609375 0.1109375 0.05703125
0 0.5713541666666667 0.621484375 0.109375 0.053125
0 0.5703125 0.6755859375 0.11041666666666666 0.052734375
0 0.46380208333333334 0.6234375 0.10260416666666666 0.0546875
0 0.23697916666666666 0.491796875 0.10416666666666667 0.05546875
0 0.7364583333333333 0.3359375 0.11145833333333334 0.0625
