0 0.6724358974358975 0.85 0.03632478632478633 0.06009615384615385
0 0.8311965811965812 0.8461538461538461 0.06324786324786325 0.014903846153846155
0 0.8294871794871795 0.8263221153846154 0.07264957264957266 0.018990384615384614
0 0.7574786324786325 0.8513221153846153 0.052564102564102565 0.05985576923076923
0 0.7121794871794872 0.8460336538461538 0.03803418803418803 0.065625
0 0.1502136752136752 0.8691105769230769 0.03632478632478633 0.05552884615384615
0 0.47606837606837604 0.8502403846153846 0.040170940170940174 0.06682692307692308
0 0.2465811965811966 0.8647836538461539 0.028205128205128206 0.05216346153846154
0 0.31132478632478633 0.8709134615384615 0.047435897435897434 0.035096153846153846
0 0.3713675213675214 0.8427884615384615 0.039316239316239315 0.038461538461538464
0 0.4252136752136752 0.8525240384615385 0.05726495726495726 0.057451923076923074
0 0.5408119658119658 0.8471153846153846 0.05854700854700855 0.06586538461538462
0 0.6288461538461538 0.8491586538461539 0.04230769230769231 0.06658653846153846
0 0.20235042735042735 0.8581730769230769 0.03803418803418803 0.06778846153846153
0 0.8294871794871795 0.8643028846153846 0.07264957264957266 0.019471153846153846
0 0.33611111111111114 0.7721153846153846 0.045726495726495724 0.021634615384615384
0 0.10235042735042735 0.8743990384615384 0.050854700854700854 0.04495192307692308
0 0.3420940170940171 0.7942307692307692 0.049145299145299144 0.020673076923076922
0 0.3955128205128205 0.7733173076923077 0.049145299145299144 0.009615384615384616
0 0.3905982905982906 0.7503605769230769 0.05213675213675214 0.031490384615384615
0 0.3959401709401709 0.7920673076923077 0.054273504273504275 0.017788461538461538
0 0.44764957264957267 0.7705528846153846 0.029487179487179487 0.05360576923076923
0 0.4873931623931624 0.7614182692307693 0.050854700854700854 0.07956730769230769
0 0.5288461538461539 0.7582932692307692 0.021794871794871794 0.07091346153846154
0 0.5784188034188035 0.7378605769230769 0.04401709401709402 0.030048076923076924
0 0.5769230769230769 0.7647836538461539 0.05384615384615385 0.019471153846153846
0 0.5717948717948718 0.790625 0.05213675213675214 0.03028846153846154
0 0.6262820512820513 0.7487980769230769 0.045726495726495724 0.07067307692307692
0 0.685042735042735 0.7597355769230769 0.05299145299145299 0.096875
0 0.7408119658119658 0.7456730769230769 0.03632478632478633 0.07451923076923077
0 0.8053418803418804 0.7612980769230769 0.05854700854700855 0.07451923076923077
0 0.8630341880341881 0.75625 0.050854700854700854 0.08701923076923077
0 0.926923076923077 0.7576923076923077 0.05042735042735043 0.08413461538461539
0 0.9835470085470085 0.7573317307692308 0.018376068376068377 0.08725961538461538
0 0.027136752136752137 0.8600961538461539 0.02863247863247863 0.05673076923076923
0 0.05726495726495726 0.8640625 0.02905982905982906 0.06370192307692307
0 0.9010683760683761 0.8456730769230769 0.06025641025641026 0.07259615384615385
0 0.33782051282051284 0.7473557692307692 0.049145299145299144 0.020673076923076922
0 0.24572649572649571 0.27740384615384617 0.04786324786324787 0.04230769230769231
0 0.25064102564102564 0.7698317307692307 0.03205128205128205 0.07908653846153846
0 0.1844017094017094 0.07560096153846153 0.09615384615384616 0.07908653846153846
0 0.3128205128205128 0.06658653846153846 0.06752136752136752 0.09951923076923076
0 0.03888888888888889 0.7427884615384616 0.04188034188034188 0.017788461538461538
0 0.38098290598290596 0.06911057692307693 0.06282051282051282 0.09447115384615384
0 0.45427350427350427 0.06382211538461538 0.07692307692307693 0.11466346153846153
0 0.5128205128205128 0.10420673076923077 0.03675213675213675 0.021875
0 0.5512820512820513 0.10480769230769231 0.041025641025641026 0.022596153846153846
0 0.7061965811965812 0.05757211538461538 0.08846153846153847 0.10985576923076923
0 0.8613247863247864 0.25721153846153844 0.047435897435897434 0.04903846153846154
0 0.10747863247863249 0.07860576923076923 0.03974358974358974 0.07788461538461539
0 0.7837606837606838 0.2575721153846154 0.04957264957264957 0.048317307692307694
0 0.8634615384615385 0.06586538461538462 0.06025641025641026 0.09615384615384616
0 0.9393162393162393 0.06009615384615385 0.08803418803418804 0.09807692307692308
0 0.6497863247863248 0.35841346153846154 0.025213675213675214 0.016826923076923076
0 0.06965811965811966 0.28197115384615384 0.03247863247863248 0.047596153846153844
0 0.10833333333333334 0.26995192307692306 0.03803418803418803 0.05
0 0.46474358974358976 0.2645432692307692 0.05512820512820513 0.04639423076923077
0 0.5333333333333333 0.265625 0.04786324786324787 0.04903846153846154
0 0.5938034188034188 0.27127403846153847 0.049145299145299144 0.04495192307692308
0 0.7202991452991453 0.2641826923076923 0.04658119658119658 0.051923076923076926
0 0.7925213675213675 0.06430288461538461 0.07991452991452991 0.10168269230769231
0 0.28717948717948716 0.7612980769230769 0.03333333333333333 0.09134615384615384
0 0.05363247863247863 0.10552884615384615 0.047435897435897434 0.021634615384615384
0 0.15726495726495726 0.7716346153846154 0.05299145299145299 0.08125
0 0.20534188034188033 0.768389423076923 0.03974358974358974 0.07475961538461538
0 0.9256410256410257 0.25600961538461536 0.05213675213675214 0.04903846153846154
0 0.9147435897435897 0.3557692307692308 0.03461538461538462 0.0125
0 0.7833333333333333 0.34362980769230766 0.04871794871794872 0.006009615384615385
0 0.7423076923076923 0.35757211538461536 0.039316239316239315 0.013701923076923077
0 0.19166666666666668 0.35396634615384615 0.021794871794871794 0.05216346153846154
0 0.22756410256410256 0.3544471153846154 0.045726495726495724 0.05360576923076923
0 0.2775641025641026 0.3543269230769231 0.045726495726495724 0.05144230769230769
0 0.3173076923076923 0.3534855769230769 0.03461538461538462 0.05552884615384615
0 0.050854700854700854 0.07596153846153846 0.05897435897435897 0.03028846153846154
0 0.35555555555555557 0.35192307692307695 0.039316239316239315 0.05384615384615385
0 0.42735042735042733 0.35625 0.040170940170940174 0.05
0 0.5181623931623932 0.3311298076923077 0.03034188034188034 0.011778846153846154
0 0.5211538461538462 0.34591346153846153 0.03632478632478633 0.010576923076923078
0 0.5536324786324787 0.3625 0.02863247863247863 0.00625
0 0.5183760683760684 0.35841346153846154 0.03504273504273504 0.009615384615384616
0 0.6433760683760684 0.34435096153846156 0.025213675213675214 0.011298076923076923
0 0.15341880341880343 0.2647836538461538 0.042735042735042736 0.05552884615384615
0 0.325 0.2669471153846154 0.049145299145299144 0.051201923076923075
0 0.39465811965811964 0.2639423076923077 0.055982905982905985 0.04278846153846154
0 0.3901709401709402 0.35372596153846153 0.02564102564102564 0.045432692307692306
0 0.6151709401709402 0.0578125 0.09017094017094017 0.115625
0 0.09893162393162393 0.7699519230769231 0.05683760683760684 0.0764423076923077
0 0.08311965811965812 0.5667067307692307 0.06367521367521367 0.08725961538461538
0 0.7032051282051283 0.5524038461538462 0.03461538461538462 0.07019230769230769
0 0.8773504273504273 0.6498798076923077 0.03675213675213675 0.071875
0 0.576068376068376 0.5649038461538461 0.04188034188034188 0.0764423076923077
0 0.5264957264957265 0.567548076923077 0.02564102564102564 0.06634615384615385
0 0.48354700854700855 0.5974759615384615 0.03803418803418803 0.014663461538461538
0 0.44529914529914527 0.5600961538461539 0.037606837606837605 0.07884615384615384
0 0.3942307692307692 0.5622596153846153 0.055982905982905985 0.07692307692307693
0 0.3485042735042735 0.5618990384615384 0.03632478632478633 0.08004807692307692
0 0.2903846153846154 0.553125 0.06709401709401709 0.015865384615384615
0 0.2923076923076923 0.5742788461538462 0.06837606837606838 0.016826923076923076
0 0.2935897435897436 0.5948317307692308 0.06068376068376068 0.018990384615384614
0 0.22179487179487178 0.5622596153846153 0.0641025641025641 0.08413461538461539
0 0.15 0.5598557692307692 0.06666666666666667 0.0889423076923077
0 0.022863247863247862 0.5691105769230769 0.04145299145299145 0.08245192307692308
0 0.030982905982905984 0.6609375 0.049145299145299144 0.025721153846153845
0 0.040170940170940174 0.6882211538461539 0.05897435897435897 0.02403846153846154
0 0.10598290598290598 0.6778846153846154 0.05384615384615385 0.04471153846153846
0 0.8386752136752137 0.6486778846153847 0.03205128205128205 0.071875
0 0.8036324786324787 0.6484375 0.03803418803418803 0.07379807692307692
0 0.7239316239316239 0.6522836538461538 0.03675213675213675 0.07427884615384615
0 0.7611111111111111 0.65 0.038461538461538464 0.07884615384615384
0 0.6111111111111112 0.6568509615384616 0.062393162393162394 0.08341346153846153
0 0.5534188034188035 0.6542067307692307 0.04957264957264957 0.07524038461538461
0 0.775 0.5740384615384615 0.052564102564102565 0.041346153846153845
0 0.4583333333333333 0.6585336538461538 0.050854700854700854 0.090625
0 0.04764957264957265 0.7837740384615385 0.03547008547008547 0.06081730769230769
0 0.38504273504273506 0.6600961538461538 0.04957264957264957 0.07067307692307692
0 0.3282051282051282 0.6611778846153846 0.042735042735042736 0.0733173076923077
0 0.2760683760683761 0.6667067307692308 0.044444444444444446 0.07427884615384615
0 0.22414529914529915 0.6623798076923076 0.04316239316239316 0.08245192307692308
0 0.17243589743589743 0.6608173076923077 0.050854700854700854 0.07884615384615384
0 0.9143162393162393 0.6513221153846154 0.03376068376068376 0.06658653846153846
0 0.8286324786324787 0.5580528846153846 0.04786324786324787 0.08774038461538461
0 0.6638888888888889 0.557451923076923 0.03205128205128205 0.07451923076923077
0 0.9188034188034188 0.5586538461538462 0.05128205128205128 0.08413461538461539
0 0.21645299145299146 0.47415865384615385 0.03205128205128205 0.010817307692307692
0 0.20619658119658119 0.4868990384615385 0.031196581196581197 0.011778846153846154
0 0.21175213675213675 0.49939903846153844 0.03974358974358974 0.010817307692307692
0 0.15555555555555556 0.49158653846153844 0.06837606837606838 0.02403846153846154
0 0.08482905982905983 0.4980769230769231 0.05854700854700855 0.023076923076923078
0 0.08653846153846154 0.47475961538461536 0.06538461538461539 0.021634615384615384
0 0.15491452991452992 0.46778846153846154 0.07136752136752136 0.021153846153846155
0 0.1564102564102564 0.4438701923076923 0.07008547008547009 0.025721153846153845
0 0.07777777777777778 0.4520432692307692 0.06153846153846154 0.023798076923076922
0 0.029914529914529916 0.47920673076923076 0.029914529914529916 0.065625
0 0.01623931623931624 0.3551682692307692 0.03162393162393162 0.05216346153846154
0 0.06452991452991454 0.34278846153846154 0.024786324786324785 0.038461538461538464
0 0.09871794871794871 0.3412259615384615 0.022222222222222223 0.04399038461538462
0 0.08461538461538462 0.3733173076923077 0.03504273504273504 0.020673076923076922
0 0.1547008547008547 0.3700721153846154 0.040170940170940174 0.010336538461538461
0 0.8705128205128205 0.5586538461538462 0.03675213675213675 0.08605769230769231
0 0.2604700854700855 0.4854567307692308 0.03461538461538462 0.012259615384615384
0 0.21217948717948718 0.45913461538461536 0.027777777777777776 0.014423076923076924
0 0.5769230769230769 0.4640625 0.04957264957264957 0.08629807692307692
0 0.9816239316239316 0.6627403846153846 0.018803418803418803 0.07740384615384616
0 0.9681623931623932 0.5799278846153846 0.03034188034188034 0.08725961538461538
0 0.9179487179487179 0.45889423076923075 0.062393162393162394 0.08317307692307692
0 0.8623931623931624 0.4609375 0.04957264957264957 0.08774038461538461
0 0.8094017094017094 0.4520432692307692 0.04957264957264957 0.103125
0 0.7536324786324786 0.4515625 0.06196581196581197 0.10168269230769231
0 0.31837606837606836 0.46466346153846155 0.05299145299145299 0.07548076923076923
0 0.5222222222222223 0.4594951923076923 0.05128205128205128 0.08341346153846153
0 0.6754273504273505 0.6581730769230769 0.0594017094017094 0.08413461538461539
0 0.4288461538461538 0.46334134615384615 0.04316239316239316 0.078125
0 0.37564102564102564 0.4653846153846154 0.06068376068376068 0.07692307692307693
0 0.47478632478632476 0.46310096153846153 0.04188034188034188 0.07716346153846154
