0 0.0690359477124183 0.12959558823529413 0.0457516339869281 0.0900735294117647
0 0.8519199346405228 0.8085171568627451 0.08782679738562091 0.052083333333333336
0 0.42953431372549017 0.5294117647058824 0.04616013071895425 0.13602941176470587
0 0.380718954248366 0.5284926470588235 0.0457516339869281 0.13602941176470587
0 0.3292483660130719 0.5292585784313726 0.05228758169934641 0.13511029411764705
0 0.9697712418300654 0.3477328431372549 0.06045751633986928 0.15196078431372548
0 0.8968545751633987 0.3489583333333333 0.07965686274509803 0.14950980392156862
0 0.8198529411764706 0.3486519607843137 0.06862745098039216 0.14767156862745098
0 0.7495915032679739 0.34941789215686275 0.06862745098039216 0.1479779411764706
0 0.6748366013071896 0.34941789215686275 0.06535947712418301 0.14430147058823528
0 0.608047385620915 0.34941789215686275 0.06495098039215687 0.14430147058823528
0 0.5377859477124183 0.3518688725490196 0.06495098039215687 0.14430147058823528
0 0.46977124183006536 0.35018382352941174 0.06535947712418301 0.14460784313725492
0 0.40298202614379086 0.3518688725490196 0.06495098039215687 0.14430147058823528
0 0.33762254901960786 0.3524816176470588 0.05841503267973856 0.14246323529411764
0 0.9697712418300654 0.12254901960784313 0.06045751633986928 0.1868872549019608
0 0.8944035947712419 0.12423406862745098 0.08619281045751634 0.18167892156862744
0 0.8041258169934641 0.12791053921568626 0.08619281045751634 0.18167892156862744
0 0.7128267973856209 0.13143382352941177 0.07761437908496732 0.17647058823529413
0 0.6268382352941176 0.13158700980392157 0.07475490196078431 0.17555147058823528
0 0.5406454248366013 0.13618259803921567 0.07475490196078431 0.17555147058823528
0 0.46139705882352944 0.13786764705882354 0.07475490196078431 0.17524509803921567
0 0.38419117647058826 0.1407781862745098 0.06985294117647059 0.17432598039215685
0 0.3073937908496732 0.13878676470588236 0.07720588235294118 0.17585784313725492
0 0.2571486928104575 0.8655024509803921 0.04125816993464052 0.032475490196078434
0 0.4824346405228758 0.5300245098039216 0.04656862745098039 0.14154411764705882
0 0.5351307189542484 0.5289522058823529 0.05228758169934641 0.13756127450980393
0 0.5896650326797386 0.532015931372549 0.051879084967320264 0.13756127450980393
0 0.6439950980392157 0.5332414215686274 0.051879084967320264 0.13756127450980393
0 0.5696486928104575 0.6657475490196079 0.030637254901960783 0.042279411764705885
0 0.5339052287581699 0.664828431372549 0.03104575163398693 0.042279411764705885
0 0.4985702614379085 0.6640625 0.030637254901960783 0.04197303921568627
0 0.46405228758169936 0.6625306372549019 0.03104575163398693 0.04197303921568627
0 0.42953431372549017 0.6599264705882353 0.030637254901960783 0.042279411764705885
0 0.3952205882352941 0.6593137254901961 0.030637254901960783 0.042279411764705885
0 0.36090686274509803 0.6593137254901961 0.030637254901960783 0.042279411764705885
0 0.32679738562091504 0.6587009803921569 0.03104575163398693 0.04350490196078431
0 0.78125 0.7173713235294118 0.03227124183006536 0.04503676470588235
0 0.7436683006535948 0.7162990196078431 0.03227124183006536 0.044730392156862746
0 0.7097630718954249 0.7092524509803921 0.03227124183006536 0.044730392156862746
0 0.21752450980392157 0.8648897058823529 0.03308823529411765 0.061274509803921566
0 0.6764705882352942 0.7074142156862745 0.031862745098039214 0.044730392156862746
0 0.6055964052287581 0.7104779411764706 0.03227124183006536 0.044730392156862746
0 0.568218954248366 0.710171568627451 0.03104575163398693 0.042279411764705885
0 0.5334967320261438 0.7112438725490197 0.03104575163398693 0.04197303921568627
0 0.4973447712418301 0.7092524509803921 0.03145424836601307 0.042279411764705885
0 0.4638480392156863 0.7063419117647058 0.03145424836601307 0.04197303921568627
0 0.4305555555555556 0.7037377450980392 0.03104575163398693 0.042279411764705885
0 0.39644607843137253 0.7043504901960784 0.03145424836601307 0.042279411764705885
0 0.3639705882352941 0.7022058823529411 0.03104575163398693 0.042279411764705885
0 0.32945261437908496 0.7026654411764706 0.03145424836601307 0.04197303921568627
0 0.9859068627450981 0.5664828431372549 0.0298202614379085 0.07536764705882353
0 0.9305555555555556 0.5730698529411765 0.07761437908496732 0.06341911764705882
0 0.6415441176470589 0.7103247549019608 0.03390522875816993 0.046875
0 0.6076388888888888 0.6640625 0.03390522875816993 0.04442401960784314
0 0.17238562091503268 0.8544730392156863 0.03594771241830065 0.06556372549019608
0 0.08476307189542484 0.8635110294117647 0.039624183006535946 0.0585171568627451
0 0.207312091503268 0.44806985294117646 0.03145424836601307 0.06525735294117647
0 0.1744281045751634 0.4476102941176471 0.031862745098039214 0.06495098039215687
0 0.12806372549019607 0.4407169117647059 0.04370915032679738 0.07077205882352941
0 0.0690359477124183 0.4410232843137255 0.04411764705882353 0.07077205882352941
0 0.0181781045751634 0.4420955882352941 0.0363562091503268 0.07291666666666667
0 0.2647058823529412 0.33700980392156865 0.03839869281045752 0.07598039215686274
0 0.22263071895424835 0.3397671568627451 0.03839869281045752 0.07598039215686274
0 0.18382352941176472 0.3405330882352941 0.03594771241830065 0.07199754901960784
0 0.1548202614379085 0.3391544117647059 0.017973856209150325 0.06678921568627451
0 0.12806372549019607 0.3385416666666667 0.026552287581699346 0.06556372549019608
0 0.09415849673202614 0.33808210784313725 0.03553921568627451 0.0628063725490196
0 0.05473856209150327 0.33792892156862747 0.03022875816993464 0.06433823529411764
0 0.016748366013071895 0.34099264705882354 0.03349673202614379 0.0661764705882353
0 0.24775326797385622 0.23636642156862744 0.039624183006535946 0.08302696078431372
0 0.2028186274509804 0.23560049019607843 0.037173202614379085 0.08272058823529412
0 0.16441993464052287 0.23866421568627452 0.037173202614379085 0.08272058823529412
0 0.12214052287581699 0.23697916666666666 0.041666666666666664 0.08302696078431372
0 0.0784313725490196 0.23697916666666666 0.041666666666666664 0.08302696078431372
0 0.032475490196078434 0.23912377450980393 0.04534313725490196 0.08363970588235294
0 0.22201797385620914 0.1256127450980392 0.04534313725490196 0.0900735294117647
0 0.1687091503267974 0.12699142156862744 0.0457516339869281 0.0897671568627451
0 0.12173202614379085 0.12714460784313725 0.0457516339869281 0.0900735294117647
0 0.02042483660130719 0.13005514705882354 0.04084967320261438 0.09037990196078431
0 0.24080882352941177 0.44730392156862747 0.0298202614379085 0.0625
0 0.2734885620915033 0.44745710784313725 0.0298202614379085 0.06219362745098039
0 0.029411764705882353 0.5490196078431373 0.03594771241830065 0.0704656862745098
0 0.06964869281045752 0.5485600490196079 0.0363562091503268 0.0701593137254902
0 0.9385212418300654 0.8079044117647058 0.0821078431372549 0.05514705882352941
0 0.008986928104575163 0.866421568627451 0.017973856209150325 0.06433823529411764
0 0.29248366013071897 0.7316176470588235 0.03431372549019608 0.06678921568627451
0 0.25449346405228757 0.7271752450980392 0.03431372549019608 0.06709558823529412
0 0.21772875816993464 0.7238051470588235 0.03431372549019608 0.06709558823529412
0 0.19178921568627452 0.7152267156862745 0.017565359477124183 0.05177696078431373
0 0.15134803921568626 0.7247242647058824 0.030637254901960783 0.0628063725490196
0 0.1213235294117647 0.7222732843137255 0.02696078431372549 0.06219362745098039
0 0.0915032679738562 0.7215073529411765 0.02696078431372549 0.0625
0 0.06066176470588235 0.7228860294117647 0.0298202614379085 0.06341911764705882
0 0.03145424836601307 0.7202818627450981 0.026143790849673203 0.06433823529411764
0 0.13316993464052287 0.8169424019607843 0.03104575163398693 0.05422794117647059
0 0.007761437908496732 0.7190563725490197 0.015522875816993464 0.0625
0 0.2681781045751634 0.6237745098039216 0.028186274509803922 0.04105392156862745
0 0.23080065359477125 0.6364889705882353 0.03758169934640523 0.06403186274509803
0 0.18137254901960784 0.6386335784313726 0.03758169934640523 0.06403186274509803
0 0.14072712418300654 0.6355698529411765 0.03799019607843137 0.06403186274509803
0 0.09844771241830065 0.6349571078431373 0.03758169934640523 0.06403186274509803
0 0.051674836601307186 0.6326593137254902 0.04125816993464052 0.06372549019607843
0 0.2769607843137255 0.5525428921568627 0.03839869281045752 0.06893382352941177
0 0.2318218954248366 0.5530024509803921 0.03880718954248366 0.06924019607843138
0 0.1909722222222222 0.5510110294117647 0.0363562091503268 0.0701593137254902
0 0.14787581699346405 0.5494791666666666 0.03594771241830065 0.0701593137254902
0 0.1090686274509804 0.5481004901960784 0.03594771241830065 0.0704656862745098
0 0.29697712418300654 0.6251531862745098 0.02369281045751634 0.0389093137254902
0 0.6437908496732027 0.6619178921568627 0.03349673202614379 0.04442401960784314
0 0.04636437908496732 0.8627450980392157 0.03308823529411765 0.058823529411764705
0 0.9481209150326797 0.6908700980392157 0.03839869281045752 0.10049019607843138
0 0.6781045751633987 0.6617647058823529 0.03104575163398693 0.04411764705882353
0 0.7116013071895425 0.6619178921568627 0.03104575163398693 0.04442401960784314
0 0.7455065359477124 0.6695772058823529 0.035130718954248366 0.04503676470588235
0 0.7834967320261438 0.6712622549019608 0.035130718954248366 0.04534313725490196
0 0.8231209150326797 0.6891850490196079 0.03839869281045752 0.10018382352941177
0 0.8643790849673203 0.6907169117647058 0.03839869281045752 0.10018382352941177
0 0.9064542483660131 0.6896446078431373 0.03839869281045752 0.10049019607843138
0 0.3560049019607843 0.8849571078431373 0.07475490196078431 0.045649509803921566
0 0.43504901960784315 0.8852634803921569 0.07516339869281045 0.045649509803921566
0 0.5153186274509803 0.8892463235294118 0.07475490196078431 0.045649509803921566
0 0.5935457516339869 0.8926164215686274 0.07516339869281045 0.045649509803921566
0 0.670547385620915 0.8972120098039216 0.07475490196078431 0.045649509803921566
0 0.8298611111111112 0.9109987745098039 0.07475490196078431 0.045649509803921566
0 0.9170751633986928 0.9149816176470589 0.08169934640522876 0.046262254901960786
0 0.9814133986928104 0.9126838235294118 0.03799019607843137 0.041666666666666664
0 0.7483660130718954 0.9021139705882353 0.07516339869281045 0.045649509803921566
0 0.3576388888888889 0.8357843137254902 0.07802287581699346 0.04718137254901961
0 0.7636846405228758 0.7974877450980392 0.07720588235294118 0.052083333333333336
0 0.6823937908496732 0.7964154411764706 0.07720588235294118 0.05177696078431373
0 0.5998774509803921 0.7951899509803921 0.08047385620915033 0.05116421568627451
0 0.9846813725490197 0.8633578431372549 0.0298202614379085 0.04963235294117647
0 0.4366830065359477 0.7905943627450981 0.07434640522875817 0.04932598039215686
0 0.35130718954248363 0.7858455882352942 0.07434640522875817 0.04963235294117647
0 0.9244281045751634 0.8632046568627451 0.08006535947712418 0.050551470588235295
0 0.5179738562091504 0.7925857843137255 0.07434640522875817 0.04963235294117647
0 0.7536764705882353 0.8511029411764706 0.08333333333333333 0.05024509803921569
0 0.6736111111111112 0.8480392156862745 0.07434640522875817 0.04718137254901961
0 0.5968137254901961 0.8442095588235294 0.07434640522875817 0.043198529411764705
0 0.5163398692810458 0.8422181372549019 0.07434640522875817 0.0428921568627451
0 0.43995098039215685 0.8380821078431373 0.07434640522875817 0.043198529411764705
0 0.8386437908496732 0.8612132352941176 0.08333333333333333 0.05024509803921569
