0 0.801923076923077 0.7300480769230769 0.04829059829059829 0.03125
0 0.8692307692307693 0.7342548076923077 0.06837606837606838 0.031971153846153844
0 0.9626068376068376 0.6877403846153847 0.07478632478632478 0.03798076923076923
0 0.972008547008547 0.6217548076923077 0.045726495726495724 0.061778846153846156
0 0.9162393162393162 0.6236778846153846 0.03076923076923077 0.04591346153846154
0 0.8871794871794871 0.6242788461538461 0.029914529914529916 0.03942307692307692
0 0.7403846153846154 0.7275240384615385 0.04829059829059829 0.04110576923076923
0 0.9647435897435898 0.7213942307692308 0.07051282051282051 0.028846153846153848
0 0.24017094017094018 0.5174278846153846 0.062393162393162394 0.06802884615384615
0 0.2987179487179487 0.5120192307692307 0.05726495726495726 0.06971153846153846
0 0.8574786324786324 0.6217548076923077 0.026923076923076925 0.04447115384615385
0 0.8175213675213675 0.6116586538461538 0.05726495726495726 0.06129807692307692
0 0.7519230769230769 0.6143028846153846 0.07136752136752136 0.056971153846153845
0 0.6895299145299145 0.6138221153846154 0.055982905982905985 0.05841346153846154
0 0.6299145299145299 0.6180288461538461 0.05982905982905983 0.05432692307692308
0 0.5722222222222222 0.6168269230769231 0.05897435897435897 0.05913461538461538
0 0.5057692307692307 0.6175480769230769 0.07136752136752136 0.06298076923076923
0 0.3527777777777778 0.5073317307692308 0.04658119658119658 0.07764423076923077
0 0.4376068376068376 0.6151442307692307 0.062393162393162394 0.06826923076923076
0 0.3014957264957265 0.6110576923076924 0.07136752136752136 0.07067307692307692
0 0.23824786324786323 0.6150240384615384 0.045726495726495724 0.06322115384615384
0 0.1858974358974359 0.6168269230769231 0.05128205128205128 0.06682692307692308
0 0.12991452991452992 0.6186298076923077 0.062393162393162394 0.06274038461538461
0 0.06282051282051282 0.5794471153846154 0.05128205128205128 0.08341346153846153
0 0.03632478632478633 0.47692307692307695 0.0641025641025641 0.07355769230769231
0 0.17756410256410257 0.5171875 0.055982905982905985 0.06274038461538461
0 0.3696581196581197 0.6076923076923076 0.07094017094017094 0.06586538461538462
0 0.9681623931623932 0.83125 0.06367521367521367 0.052884615384615384
0 0.9044871794871795 0.8385817307692308 0.06452991452991454 0.05600961538461539
0 0.8393162393162393 0.8353365384615384 0.06581196581196581 0.06394230769230769
0 0.8852564102564102 0.6881009615384616 0.051709401709401706 0.026201923076923078
0 0.8337606837606838 0.6835336538461538 0.041025641025641026 0.031971153846153844
0 0.7532051282051282 0.6848557692307692 0.03888888888888889 0.03461538461538462
0 0.7104700854700855 0.6860576923076923 0.045726495726495724 0.03701923076923077
0 0.673931623931624 0.6830528846153846 0.03333333333333333 0.03341346153846154
0 0.6205128205128205 0.6879807692307692 0.0547008547008547 0.023557692307692307
0 0.5602564102564103 0.6858173076923076 0.06153846153846154 0.029326923076923077
0 0.019230769230769232 0.6945913461538461 0.03418803418803419 0.07908653846153846
0 0.44487179487179485 0.7299278846153846 0.023931623931623933 0.043028846153846154
0 0.4873931623931624 0.7111778846153847 0.06538461538461539 0.028125
0 0.491025641025641 0.7381009615384615 0.06324786324786325 0.025240384615384616
0 0.6854700854700855 0.7359375 0.06581196581196581 0.025721153846153845
0 0.6307692307692307 0.73125 0.06581196581196581 0.016346153846153847
0 0.6241452991452991 0.7456730769230769 0.06623931623931624 0.015384615384615385
0 0.5585470085470086 0.71875 0.062393162393162394 0.01826923076923077
0 0.5602564102564103 0.7379807692307693 0.05726495726495726 0.01971153846153846
0 0.4200854700854701 0.7302884615384615 0.02735042735042735 0.041346153846153845
0 0.9132478632478632 0.8007211538461538 0.05555555555555555 0.02403846153846154
0 0.08269230769230769 0.7060096153846154 0.05512820512820513 0.05721153846153846
0 0.2094017094017094 0.7193509615384616 0.062393162393162394 0.0641826923076923
0 0.7782051282051282 0.8364182692307692 0.05811965811965812 0.06081730769230769
0 0.7102564102564103 0.8336538461538462 0.05811965811965812 0.055288461538461536
0 0.6465811965811966 0.8383413461538461 0.062393162393162394 0.04975961538461538
0 0.5696581196581196 0.8459134615384616 0.08461538461538462 0.03317307692307692
0 0.4982905982905983 0.8180288461538462 0.08717948717948718 0.03413461538461538
0 0.48824786324786323 0.8507211538461539 0.07991452991452991 0.03028846153846154
0 0.4066239316239316 0.8490384615384615 0.08333333333333333 0.03413461538461538
0 0.1517094017094017 0.7123798076923077 0.05726495726495726 0.07764423076923077
0 0.3247863247863248 0.8003605769230769 0.05641025641025641 0.043028846153846154
0 0.25982905982905985 0.8280048076923077 0.05811965811965812 0.04399038461538462
0 0.11068376068376068 0.8572115384615384 0.06752136752136752 0.01826923076923077
0 0.1155982905982906 0.8407451923076923 0.07307692307692308 0.012740384615384615
0 0.11517094017094016 0.8269230769230769 0.06794871794871794 0.014903846153846155
0 0.11346153846153846 0.8108173076923076 0.07307692307692308 0.01730769230769231
0 0.03974358974358974 0.8278846153846153 0.06153846153846154 0.08365384615384615
0 0.27735042735042736 0.7167067307692307 0.06666666666666667 0.07620192307692308
0 0.3269230769230769 0.8460336538461538 0.06923076923076923 0.045432692307692306
0 0.7933760683760683 0.6859375 0.03974358974358974 0.02716346153846154
0 0.8829059829059829 0.41802884615384617 0.038461538461538464 0.05721153846153846
0 0.8692307692307693 0.1953125 0.06837606837606838 0.014663461538461538
0 0.6427350427350428 0.3038461538461538 0.06324786324786325 0.06634615384615385
0 0.5841880341880342 0.3055288461538462 0.06068376068376068 0.06490384615384616
0 0.5205128205128206 0.30288461538461536 0.06068376068376068 0.06923076923076923
0 0.46025641025641023 0.3036057692307692 0.05897435897435897 0.07067307692307692
0 0.405982905982906 0.30456730769230766 0.05641025641025641 0.07019230769230769
0 0.34807692307692306 0.303125 0.054273504273504275 0.07211538461538461
0 0.2923076923076923 0.3038461538461538 0.05726495726495726 0.07115384615384615
0 0.23376068376068376 0.30036057692307694 0.05897435897435897 0.071875
0 0.16709401709401708 0.3019230769230769 0.06581196581196581 0.06971153846153846
0 0.10512820512820513 0.30060096153846155 0.06068376068376068 0.06466346153846154
0 0.024145299145299146 0.3604567307692308 0.02606837606837607 0.08822115384615385
0 0.7027777777777777 0.30408653846153844 0.055982905982905985 0.06682692307692308
0 0.051709401709401706 0.36141826923076925 0.02905982905982906 0.08533653846153846
0 0.1700854700854701 0.4126201923076923 0.03675213675213675 0.07716346153846154
0 0.2126068376068376 0.4109375 0.04316239316239316 0.07524038461538461
0 0.25277777777777777 0.4121394230769231 0.03974358974358974 0.078125
0 0.2935897435897436 0.4121394230769231 0.04188034188034188 0.07764423076923077
0 0.3433760683760684 0.41189903846153847 0.049145299145299144 0.07620192307692308
0 0.38846153846153847 0.41334134615384616 0.038461538461538464 0.07764423076923077
0 0.4329059829059829 0.41358173076923077 0.04871794871794872 0.07764423076923077
0 0.47649572649572647 0.4126201923076923 0.038461538461538464 0.07860576923076923
0 0.5888888888888889 0.4049278846153846 0.05299145299145299 0.078125
0 0.639102564102564 0.4046875 0.047435897435897434 0.078125
0 0.6786324786324787 0.4091346153846154 0.03418803418803419 0.07403846153846154
0 0.12222222222222222 0.41189903846153847 0.05555555555555555 0.07716346153846154
0 0.7581196581196581 0.31021634615384613 0.05726495726495726 0.059375
0 0.8113247863247863 0.3153846153846154 0.0405982905982906 0.05
0 0.8613247863247864 0.32764423076923077 0.04401709401709402 0.014903846153846155
0 0.02905982905982906 0.2328125 0.05384615384615385 0.09735576923076923
0 0.08611111111111111 0.17728365384615385 0.049145299145299144 0.09975961538461539
0 0.13525641025641025 0.1764423076923077 0.04658119658119658 0.10192307692307692
0 0.18012820512820513 0.1752403846153846 0.04401709401709402 0.0985576923076923
0 0.2188034188034188 0.19735576923076922 0.02905982905982906 0.05096153846153846
0 0.25576923076923075 0.1814903846153846 0.04145299145299145 0.08221153846153846
0 0.308974358974359 0.20612980769230768 0.05982905982905983 0.029086538461538462
0 0.355982905982906 0.1876201923076923 0.05726495726495726 0.05889423076923077
0 0.4205128205128205 0.165625 0.06752136752136752 0.02451923076923077
0 0.42457264957264956 0.19002403846153845 0.06709401709401709 0.026682692307692307
0 0.430982905982906 0.21225961538461538 0.07564102564102564 0.016826923076923076
0 0.49252136752136755 0.19134615384615383 0.04487179487179487 0.06394230769230769
0 0.5564102564102564 0.21213942307692307 0.07094017094017094 0.02139423076923077
0 0.5514957264957265 0.18689903846153846 0.07051282051282051 0.025240384615384616
0 0.5476495726495727 0.16778846153846153 0.053418803418803416 0.016826923076923076
0 0.6138888888888889 0.18016826923076923 0.04145299145299145 0.08100961538461539
0 0.6574786324786325 0.18161057692307692 0.04487179487179487 0.07908653846153846
0 0.7027777777777777 0.1795673076923077 0.03888888888888889 0.08461538461538462
0 0.7476495726495727 0.18377403846153847 0.049145299145299144 0.07764423076923077
0 0.808974358974359 0.18461538461538463 0.05811965811965812 0.07019230769230769
0 0.8737179487179487 0.21177884615384615 0.06880341880341881 0.015865384615384615
0 0.944017094017094 0.20817307692307693 0.06837606837606838 0.01826923076923077
0 0.948076923076923 0.19459134615384616 0.07222222222222222 0.010817307692307692
0 0.9376068376068376 0.30480769230769234 0.09487179487179487 0.07307692307692308
0 0.8634615384615385 0.3110576923076923 0.04401709401709402 0.016346153846153847
0 0.7185897435897436 0.40661057692307695 0.04401709401709402 0.07668269230769231
0 0.7608974358974359 0.40889423076923076 0.0405982905982906 0.08125
0 0.5202991452991453 0.4126201923076923 0.051709401709401706 0.07956730769230769
0 0.8412393162393162 0.4182692307692308 0.04316239316239316 0.058173076923076925
0 0.8002136752136753 0.41754807692307694 0.0405982905982906 0.058653846153846154
0 0.4641025641025641 0.5115384615384615 0.05811965811965812 0.06971153846153846
0 0.5700854700854701 0.5117788461538462 0.06752136752136752 0.08173076923076923
0 0.5151709401709401 0.5117788461538462 0.04145299145299145 0.08173076923076923
0 0.7384615384615385 0.515625 0.05726495726495726 0.07211538461538461
0 0.6816239316239316 0.5139423076923076 0.05384615384615385 0.06971153846153846
0 0.4064102564102564 0.5137019230769231 0.05726495726495726 0.06586538461538462
0 0.8420940170940171 0.5102163461538461 0.06025641025641026 0.05985576923076923
0 0.9098290598290598 0.5125 0.07008547008547009 0.06346153846153846
0 0.9316239316239316 0.4170673076923077 0.05726495726495726 0.058173076923076925
0 0.6271367521367521 0.5152644230769231 0.05 0.06370192307692307
