0 0.6288807189542484 0.4172794117647059 0.014297385620915032 0.06066176470588235
0 0.8390522875816994 0.5212928921568627 0.035130718954248366 0.036458333333333336
0 0.803921568627451 0.4212622549019608 0.022058823529411766 0.056372549019607844
0 0.9144199346405228 0.5098039215686274 0.02246732026143791 0.056372549019607844
0 0.8811274509803921 0.5291053921568627 0.029411764705882353 0.015318627450980392
0 0.6842320261437909 0.4185049019607843 0.018790849673202614 0.05698529411764706
0 0.7085375816993464 0.41712622549019607 0.014297385620915032 0.06341911764705882
0 0.7514297385620915 0.4186580882352941 0.01838235294117647 0.06341911764705882
0 0.7283496732026143 0.4174325980392157 0.021241830065359478 0.06096813725490196
0 0.8944035947712419 0.4250919117647059 0.01919934640522876 0.04258578431372549
0 0.7775735294117647 0.42018995098039214 0.02165032679738562 0.05422794117647059
0 0.9377042483660131 0.508578431372549 0.020833333333333332 0.05698529411764706
0 0.6578839869281046 0.4177389705882353 0.023284313725490197 0.05545343137254902
0 0.9618055555555556 0.5082720588235294 0.01919934640522876 0.056372549019607844
0 0.33026960784313725 0.40410539215686275 0.0363562091503268 0.08639705882352941
0 0.5365604575163399 0.41360294117647056 0.02900326797385621 0.05943627450980392
0 0.5665849673202614 0.41452205882352944 0.027777777777777776 0.05759803921568627
0 0.590890522875817 0.4174325980392157 0.01184640522875817 0.0548406862745098
0 0.6084558823529411 0.41590073529411764 0.012663398692810458 0.0548406862745098
0 0.08108660130718955 0.4065563725490196 0.039624183006535946 0.07598039215686274
0 0.12418300653594772 0.40778186274509803 0.03594771241830065 0.07720588235294118
0 0.16299019607843138 0.4102328431372549 0.03676470588235294 0.07107843137254902
0 0.20179738562091504 0.4111519607843137 0.032679738562091505 0.06985294117647059
0 0.24142156862745098 0.4137561274509804 0.03431372549019608 0.06525735294117647
0 0.2861519607843137 0.41268382352941174 0.04616013071895425 0.06678921568627451
0 0.3672385620915033 0.40793504901960786 0.029411764705882353 0.07567401960784313
0 0.8713235294117647 0.4177389705882353 0.022058823529411766 0.0585171568627451
0 0.43075980392156865 0.4174325980392157 0.025735294117647058 0.05177696078431373
0 0.400531045751634 0.4074754901960784 0.034722222222222224 0.07169117647058823
0 0.9859068627450981 0.5068933823529411 0.026552287581699346 0.05667892156862745
0 0.8459967320261438 0.42034313725490197 0.024509803921568627 0.0545343137254902
0 0.8329248366013072 0.17095588235294118 0.04330065359477124 0.09129901960784313
0 0.9597630718954249 0.4195772058823529 0.03145424836601307 0.053002450980392156
0 0.45751633986928103 0.4192708333333333 0.022058823529411766 0.05238970588235294
0 0.8051470588235294 0.7228860294117647 0.024509803921568627 0.0664828431372549
0 0.9352532679738562 0.1799938725490196 0.04370915032679738 0.08792892156862746
0 0.9810049019607843 0.18627450980392157 0.037173202614379085 0.0821078431372549
0 0.8850081699346405 0.17815563725490197 0.04534313725490196 0.08731617647058823
0 0.6341911764705882 0.12377450980392157 0.04125816993464052 0.13725490196078433
0 0.6930147058823529 0.12576593137254902 0.03227124183006536 0.14736519607843138
0 0.7361111111111112 0.1409313725490196 0.032679738562091505 0.13786764705882354
0 0.7691993464052288 0.14261642156862744 0.021241830065359478 0.13204656862745098
0 0.5819035947712419 0.1332720588235294 0.046977124183006536 0.11029411764705882
0 0.48590686274509803 0.11810661764705882 0.054330065359477125 0.12285539215686274
0 0.5371732026143791 0.13434436274509803 0.03839869281045752 0.10079656862745098
0 0.42116013071895425 0.12990196078431374 0.059640522875817 0.08272058823529412
0 0.35232843137254904 0.1053921568627451 0.0559640522875817 0.11887254901960784
0 0.29125816993464054 0.10110294117647059 0.056372549019607844 0.1133578431372549
0 0.07618464052287582 0.06786151960784313 0.0821078431372549 0.13572303921568626
0 0.16013071895424835 0.07276348039215687 0.0784313725490196 0.14552696078431374
0 0.2312091503267974 0.09099264705882353 0.058823529411764705 0.12867647058823528
0 0.13031045751633988 0.24126838235294118 0.16666666666666666 0.13082107843137256
0 0.2930964052287582 0.2496936274509804 0.14583333333333334 0.12316176470588236
0 0.5177696078431373 0.27420343137254904 0.1017156862745098 0.11090686274509803
0 0.5919117647058824 0.2844669117647059 0.03839869281045752 0.08241421568627451
0 0.6366421568627451 0.28753063725490197 0.042075163398692814 0.07383578431372549
0 0.6893382352941176 0.28921568627450983 0.04534313725490196 0.07965686274509803
0 0.7583741830065359 0.2902879901960784 0.08537581699346405 0.08486519607843138
0 0.8519199346405228 0.29534313725490197 0.08946078431372549 0.08333333333333333
0 0.9360702614379085 0.2994791666666667 0.053513071895424834 0.08241421568627451
0 0.9834558823529411 0.3040747549019608 0.03390522875816993 0.08241421568627451
0 0.9246323529411765 0.42003676470588236 0.030637254901960783 0.05392156862745098
0 0.9897875816993464 0.42202818627450983 0.022058823529411766 0.04871323529411765
0 0.4957107843137255 0.4096200980392157 0.0494281045751634 0.06678921568627451
0 0.778390522875817 0.7228860294117647 0.023284313725490197 0.06341911764705882
0 0.6254084967320261 0.6291360294117647 0.031862745098039214 0.03829656862745098
0 0.17483660130718953 0.6596200980392157 0.027777777777777776 0.07169117647058823
0 0.20588235294117646 0.6560968137254902 0.028594771241830064 0.07077205882352941
0 0.2681781045751634 0.6573223039215687 0.030637254901960783 0.06096813725490196
0 0.2994281045751634 0.6443014705882353 0.027777777777777776 0.056372549019607844
0 0.33169934640522875 0.6459865196078431 0.02696078431372549 0.06893382352941177
0 0.3604983660130719 0.6443014705882353 0.024101307189542485 0.07169117647058823
0 0.38500816993464054 0.6400122549019608 0.020016339869281044 0.07230392156862746
0 0.09558823529411764 0.8082107843137255 0.03594771241830065 0.09068627450980392
0 0.4082924836601307 0.640625 0.017565359477124183 0.0704656862745098
0 0.48651960784313725 0.6473651960784313 0.04330065359477124 0.031862745098039214
0 0.5580065359477124 0.6292892156862745 0.059640522875817 0.04779411764705882
0 0.8784722222222222 0.7233455882352942 0.044526143790849675 0.03982843137254902
0 0.9248366013071896 0.717984068627451 0.035130718954248366 0.029105392156862746
0 0.7514297385620915 0.7205882352941176 0.026552287581699346 0.06801470588235294
0 0.7201797385620915 0.7254901960784313 0.025326797385620915 0.06862745098039216
0 0.6921977124183006 0.727328431372549 0.02246732026143791 0.08149509803921569
0 0.44138071895424835 0.6530330882352942 0.03880718954248366 0.03400735294117647
0 0.6666666666666666 0.7288602941176471 0.02042483660130719 0.08762254901960784
0 0.13419117647058823 0.8053002450980392 0.03227124183006536 0.09099264705882353
0 0.20179738562091504 0.7942708333333334 0.028594771241830064 0.0897671568627451
0 0.7628676470588235 0.6107536764705882 0.020833333333333332 0.05912990196078431
0 0.7371323529411765 0.6109068627450981 0.02246732026143791 0.0625
0 0.707312091503268 0.6128982843137255 0.020016339869281044 0.06341911764705882
0 0.6838235294117647 0.6196384803921569 0.017973856209150325 0.06525735294117647
0 0.6593137254901961 0.6193321078431373 0.026143790849673203 0.0585171568627451
0 0.1403186274509804 0.6636029411764706 0.0363562091503268 0.07659313725490197
0 0.9093137254901961 0.5942095588235294 0.016339869281045753 0.06893382352941177
0 0.167687908496732 0.8007046568627451 0.0298202614379085 0.09099264705882353
0 0.8858251633986928 0.5957414215686274 0.01838235294117647 0.06893382352941177
0 0.8139297385620915 0.6266850490196079 0.0298202614379085 0.018075980392156864
0 0.8204656862745098 0.6066176470588235 0.026552287581699346 0.017769607843137254
0 0.9644607843137255 0.5955882352941176 0.024509803921568627 0.05330882352941176
0 0.33108660130718953 0.7806372549019608 0.0298202614379085 0.0900735294117647
0 0.3000408496732026 0.7838541666666666 0.02900326797385621 0.09589460784313726
0 0.26715686274509803 0.7881433823529411 0.028594771241830064 0.0897671568627451
0 0.23427287581699346 0.7924325980392157 0.03227124183006536 0.08915441176470588
0 0.8537581699346405 0.6213235294117647 0.03594771241830065 0.0196078431372549
0 0.9620098039215687 0.7095588235294118 0.031862745098039214 0.03370098039215686
0 0.3631535947712418 0.7737438725490197 0.025326797385620915 0.08241421568627451
0 0.39072712418300654 0.7697610294117647 0.025735294117647058 0.0818014705882353
0 0.42177287581699346 0.5295649509803921 0.03227124183006536 0.06954656862745098
0 0.45383986928104575 0.5283394607843137 0.02287581699346405 0.06587009803921569
0 0.4846813725490196 0.5287990196078431 0.027369281045751634 0.06495098039215687
0 0.5140931372549019 0.5261948529411765 0.02900326797385621 0.06464460784313726
0 0.5406454248366013 0.5183823529411765 0.020833333333333332 0.06433823529411764
0 0.5870098039215687 0.5223651960784313 0.028594771241830064 0.06311274509803921
0 0.6186683006535948 0.522671568627451 0.030637254901960783 0.061887254901960786
0 0.3858251633986928 0.5294117647058824 0.0298202614379085 0.06801470588235294
0 0.6503267973856209 0.5211397058823529 0.024509803921568627 0.06372549019607843
0 0.7062908496732027 0.5197610294117647 0.026143790849673203 0.06464460784313726
0 0.733251633986928 0.5177696078431373 0.018790849673202614 0.06004901960784314
0 0.7555147058823529 0.5160845588235294 0.01838235294117647 0.06587009803921569
0 0.775531045751634 0.5117953431372549 0.017565359477124183 0.060355392156862746
0 0.8055555555555556 0.5142463235294118 0.025326797385620915 0.06525735294117647
0 0.9916258169934641 0.5925245098039216 0.017565359477124183 0.05330882352941176
0 0.9348447712418301 0.5955882352941176 0.02246732026143791 0.05024509803921569
0 0.6766748366013072 0.5193014705882353 0.024101307189542485 0.0661764705882353
0 0.3555964052287582 0.5303308823529411 0.030637254901960783 0.06985294117647059
0 0.32250816993464054 0.5306372549019608 0.03308823529411765 0.0704656862745098
0 0.28982843137254904 0.5333946078431373 0.02900326797385621 0.07291666666666667
0 0.41973039215686275 0.7685355392156863 0.028186274509803922 0.07506127450980392
0 0.6413398692810458 0.7331495098039216 0.02287581699346405 0.08700980392156862
0 0.616421568627451 0.7366727941176471 0.022058823529411766 0.08792892156862746
0 0.4497549019607843 0.7630208333333334 0.02696078431372549 0.07628676470588236
0 0.47610294117647056 0.7547487745098039 0.023284313725490197 0.08670343137254902
0 0.5040849673202614 0.7509191176470589 0.025326797385620915 0.0857843137254902
0 0.5328839869281046 0.7467830882352942 0.025735294117647058 0.0897671568627451
0 0.559640522875817 0.742953431372549 0.022058823529411766 0.08823529411764706
0 0.5878267973856209 0.741421568627451 0.026143790849673203 0.08823529411764706
0 0.8337418300653595 0.7227328431372549 0.028594771241830064 0.04779411764705882
0 0.08884803921568628 0.5393688725490197 0.034722222222222224 0.07567401960784313
0 0.12479575163398693 0.5392156862745098 0.03308823529411765 0.07536764705882353
0 0.16094771241830066 0.5378370098039216 0.032679738562091505 0.07873774509803921
0 0.1962826797385621 0.5353860294117647 0.0298202614379085 0.07996323529411764
0 0.22732843137254902 0.5364583333333334 0.026552287581699346 0.07904411764705882
0 0.25919117647058826 0.5367647058823529 0.02900326797385621 0.07352941176470588
0 0.7883986928104575 0.6116727941176471 0.0196078431372549 0.057904411764705885
0 0.09926470588235294 0.6654411764705882 0.035130718954248366 0.06801470588235294
