0 0.6027369281045751 0.38235294117647056 0.015931372549019607 0.03860294117647059
0 0.20159313725490197 0.9733455882352942 0.05269607843137255 0.05330882352941176
0 0.304125816993464 0.5140931372549019 0.0494281045751634 0.05392156862745098
0 0.35784313725490197 0.49892769607843135 0.041666666666666664 0.05912990196078431
0 0.4056372549019608 0.4866727941176471 0.04003267973856209 0.05422794117647059
0 0.4513888888888889 0.47441789215686275 0.0392156862745098 0.05177696078431373
0 0.4897875816993464 0.45940563725490197 0.03104575163398693 0.03952205882352941
0 0.5210375816993464 0.4528186274509804 0.02900326797385621 0.04779411764705882
0 0.23141339869281047 0.5344669117647058 0.061683006535947715 0.07199754901960784
0 0.5463643790849673 0.2935049019607843 0.02165032679738562 0.04534313725490196
0 0.5475898692810458 0.3950674019607843 0.024101307189542485 0.04871323529411765
0 0.5486111111111112 0.43887867647058826 0.025326797385620915 0.03829656862745098
0 0.5786356209150327 0.43167892156862747 0.025735294117647058 0.03676470588235294
0 0.6013071895424836 0.4257046568627451 0.018790849673202614 0.04197303921568627
0 0.5800653594771242 0.3851102941176471 0.02696078431372549 0.03615196078431373
0 0.5776143790849673 0.3408394607843137 0.02287581699346405 0.03952205882352941
0 0.551062091503268 0.34359681372549017 0.02696078431372549 0.04503676470588235
0 0.6041666666666666 0.3394607843137255 0.022058823529411766 0.04350490196078431
0 0.14910130718954248 0.5580575980392157 0.08496732026143791 0.07751225490196079
0 0.48794934640522875 0.41253063725490197 0.034722222222222224 0.047487745098039214
0 0.12479575163398693 0.3961397058823529 0.09027777777777778 0.07598039215686274
0 0.2142565359477124 0.38817401960784315 0.07066993464052287 0.07291666666666667
0 0.1388888888888889 0.47824754901960786 0.09640522875816994 0.07291666666666667
0 0.23059640522875818 0.4609375 0.068218954248366 0.06709558823529412
0 0.2937091503267974 0.38082107843137253 0.05800653594771242 0.06801470588235294
0 0.3519199346405229 0.37454044117647056 0.044526143790849675 0.06219362745098039
0 0.5200163398692811 0.4027267156862745 0.03104575163398693 0.04442401960784314
0 0.400531045751634 0.36994485294117646 0.03799019607843137 0.04932598039215686
0 0.4838643790849673 0.35784313725490197 0.034722222222222224 0.04779411764705882
0 0.5218545751633987 0.3524816176470588 0.027369281045751634 0.046875
0 0.2971813725490196 0.45098039215686275 0.05923202614379085 0.05698529411764706
0 0.35641339869281047 0.43826593137254904 0.04861111111111111 0.057291666666666664
0 0.40665849673202614 0.42754289215686275 0.046977124183006536 0.0548406862745098
0 0.4491421568627451 0.42110906862745096 0.034722222222222224 0.04871323529411765
0 0.4483251633986928 0.3642769607843137 0.0363562091503268 0.04779411764705882
0 0.20179738562091504 0.3089767156862745 0.06944444444444445 0.06954656862745098
0 0.6286764705882353 0.41559436274509803 0.02042483660130719 0.033394607843137254
0 0.6515522875816994 0.375 0.021241830065359478 0.037377450980392156
0 0.7064950980392157 0.5396752450980392 0.01511437908496732 0.024816176470588234
0 0.6913807189542484 0.5183823529411765 0.01511437908496732 0.02389705882352941
0 0.6781045751633987 0.4024203431372549 0.03758169934640523 0.0272671568627451
0 0.6821895424836601 0.36580882352941174 0.03349673202614379 0.031862745098039214
0 0.6834150326797386 0.3287377450980392 0.03104575163398693 0.028186274509803922
0 0.684640522875817 0.2890625 0.032679738562091505 0.036458333333333336
0 0.6768790849673203 0.5292585784313726 0.013888888888888888 0.02297794117647059
0 0.7091503267973857 0.3950674019607843 0.017973856209150325 0.029105392156862746
0 0.713031045751634 0.35922181372549017 0.01511437908496732 0.02971813725490196
0 0.7295751633986928 0.3596813725490196 0.016339869281045753 0.028799019607843136
0 0.7138480392156863 0.32628676470588236 0.02165032679738562 0.03431372549019608
0 0.7318218954248366 0.32567401960784315 0.015931372549019607 0.034926470588235295
0 0.7222222222222222 0.2861519607843137 0.035130718954248366 0.03676470588235294
0 0.10110294117647059 0.9307598039215687 0.046977124183006536 0.13541666666666666
0 0.7254901960784313 0.3941482843137255 0.015522875816993464 0.030330882352941176
0 0.6290849673202614 0.3772977941176471 0.02369281045751634 0.03278186274509804
0 0.6574754901960784 0.5409007352941176 0.01838235294117647 0.023590686274509803
0 0.6717728758169934 0.5638786764705882 0.015931372549019607 0.021139705882352942
0 0.6294934640522876 0.33409926470588236 0.02696078431372549 0.04136029411764706
0 0.6525735294117647 0.33394607843137253 0.01919934640522876 0.03860294117647059
0 0.6313316993464052 0.29074754901960786 0.023284313725490197 0.04105392156862745
0 0.6546160130718954 0.2902879901960784 0.020016339869281044 0.0389093137254902
0 0.6578839869281046 0.5061274509803921 0.017565359477124183 0.031862745098039214
0 0.6517565359477124 0.6364889705882353 0.016748366013071895 0.024816176470588234
0 0.6893382352941176 0.5549938725490197 0.01511437908496732 0.02297794117647059
0 0.6693218954248366 0.6227022058823529 0.01184640522875817 0.02297794117647059
0 0.7034313725490197 0.6056985294117647 0.012254901960784314 0.020833333333333332
0 0.6527777777777778 0.6032475490196079 0.018790849673202614 0.02267156862745098
0 0.6701388888888888 0.59375 0.014297385620915032 0.023284313725490197
0 0.6875 0.5848651960784313 0.013888888888888888 0.02144607843137255
0 0.7054738562091504 0.5749080882352942 0.01715686274509804 0.02420343137254902
0 0.6531862745098039 0.5718443627450981 0.013888888888888888 0.02420343137254902
0 0.6854575163398693 0.6122855392156863 0.017973856209150325 0.018075980392156864
0 0.1809640522875817 0.23943014705882354 0.08088235294117647 0.053002450980392156
0 0.6486928104575164 0.4149816176470588 0.018790849673202614 0.036458333333333336
0 0.3410947712418301 0.30606617647058826 0.049836601307189546 0.06372549019607843
0 0.505718954248366 0.6646752450980392 0.029411764705882353 0.0389093137254902
0 0.5063316993464052 0.6216299019607843 0.037173202614379085 0.03982843137254902
0 0.4805964052287582 0.7665441176470589 0.0363562091503268 0.0428921568627451
0 0.4736519607843137 0.7261029411764706 0.024918300653594773 0.03308823529411765
0 0.4699754901960784 0.6873468137254902 0.028186274509803922 0.03278186274509804
0 0.43852124183006536 0.8030024509803921 0.034722222222222224 0.04779411764705882
0 0.43423202614379086 0.7539828431372549 0.035130718954248366 0.04044117647058824
0 0.43647875816993464 0.7112438725490197 0.030637254901960783 0.04503676470588235
0 0.4332107843137255 0.6603860294117647 0.037173202614379085 0.05606617647058824
0 0.3903186274509804 0.6792279411764706 0.0363562091503268 0.049019607843137254
0 0.3944035947712418 0.7329963235294118 0.037173202614379085 0.03707107843137255
0 0.3952205882352941 0.7815563725490197 0.03553921568627451 0.04718137254901961
0 0.39501633986928103 0.8337928921568627 0.03594771241830065 0.04503676470588235
0 0.36070261437908496 0.859375 0.03104575163398693 0.0508578431372549
0 0.35784313725490197 0.8062193627450981 0.028594771241830064 0.03829656862745098
0 0.35437091503267976 0.7549019607843137 0.030637254901960783 0.04840686274509804
0 0.31842320261437906 0.8910845588235294 0.03880718954248366 0.04993872549019608
0 0.3161764705882353 0.8348651960784313 0.03431372549019608 0.05698529411764706
0 0.31290849673202614 0.7775735294117647 0.04084967320261438 0.05514705882352941
0 0.2522467320261438 0.7573529411764706 0.04616013071895425 0.06004901960784314
0 0.25612745098039214 0.8187806372549019 0.04656862745098039 0.04381127450980392
0 0.26062091503267976 0.8717830882352942 0.042483660130718956 0.05667892156862745
0 0.26286764705882354 0.9325980392156863 0.05024509803921569 0.05575980392156863
0 0.18321078431372548 0.7922794117647058 0.05923202614379085 0.06862745098039216
0 0.1854575163398693 0.8592218137254902 0.05473856209150327 0.057291666666666664
0 0.2824754901960784 0.3037683823529412 0.05759803921568627 0.06587009803921569
0 0.19362745098039216 0.9180453431372549 0.04738562091503268 0.04871323529411765
0 0.5051062091503268 0.7043504901960784 0.039624183006535946 0.03799019607843137
0 0.514297385620915 0.7466299019607843 0.025326797385620915 0.041666666666666664
0 0.46895424836601307 0.6384803921568627 0.03022875816993464 0.04779411764705882
0 0.5882352941176471 0.5068933823529411 0.0196078431372549 0.03952205882352941
0 0.5578022875816994 0.7069546568627451 0.020016339869281044 0.033394607843137254
0 0.6299019607843137 0.6231617647058824 0.017973856209150325 0.03002450980392157
0 0.6053921568627451 0.6383272058823529 0.0196078431372549 0.03155637254901961
0 0.5816993464052288 0.6544117647058824 0.02369281045751634 0.034926470588235295
0 0.6286764705882353 0.6617647058823529 0.02042483660130719 0.03615196078431373
0 0.5173611111111112 0.29963235294117646 0.024101307189542485 0.04779411764705882
0 0.48141339869281047 0.2424938725490196 0.042075163398692814 0.05606617647058824
0 0.48427287581699346 0.3037683823529412 0.03553921568627451 0.053002450980392156
0 0.5606617647058824 0.5142463235294118 0.027369281045751634 0.0352328431372549
0 0.44076797385620914 0.30223651960784315 0.03431372549019608 0.053002450980392156
0 0.5559640522875817 0.6697303921568627 0.02369281045751634 0.03308823529411765
0 0.5841503267973857 0.6916360294117647 0.018790849673202614 0.03829656862745098
0 0.6068218954248366 0.6041666666666666 0.020833333333333332 0.030637254901960783
0 0.6292892156862745 0.5891544117647058 0.01919934640522876 0.03002450980392157
0 0.5569852941176471 0.6337316176470589 0.02165032679738562 0.02849264705882353
0 0.6117238562091504 0.4958639705882353 0.01919934640522876 0.033394607843137254
0 0.6343954248366013 0.48284313725490197 0.021241830065359478 0.03982843137254902
0 0.5608660130718954 0.5531556372549019 0.022058823529411766 0.03216911764705882
0 0.5857843137254902 0.546875 0.0196078431372549 0.03553921568627451
0 0.6096813725490197 0.5317095588235294 0.01919934640522876 0.030943627450980393
0 0.3966503267973856 0.30545343137254904 0.04493464052287582 0.0625
0 0.5802696078431373 0.6188725490196079 0.017565359477124183 0.03799019607843137
0 0.6358251633986928 0.5219056372549019 0.023284313725490197 0.030943627450980393
0 0.5849673202614379 0.5816482843137255 0.01715686274509804 0.030943627450980393
0 0.610702614379085 0.5670955882352942 0.021241830065359478 0.03125
0 0.6345996732026143 0.5565257352941176 0.020833333333333332 0.035845588235294115
0 0.5598447712418301 0.5972732843137255 0.020016339869281044 0.033394607843137254
0 0.6041666666666666 0.6737132352941176 0.022058823529411766 0.03799019607843137
