0 0.9125 0.7474609375 0.06041666666666667 0.122265625
0 0.8263020833333333 0.7400390625 0.049479166666666664 0.102734375
0 0.7713541666666667 0.7365234375 0.040625 0.098046875
0 0.7223958333333333 0.7431640625 0.05416666666666667 0.108984375
0 0.6552083333333333 0.7458984375 0.05625 0.114453125
0 0.6052083333333333 0.7470703125 0.03854166666666667 0.115234375
0 0.5580729166666667 0.7501953125 0.03802083333333333 0.109765625
0 0.5208333333333334 0.741796875 0.028125 0.109375
0 0.4703125 0.7294921875 0.05625 0.092578125
0 0.3921875 0.7431640625 0.040625 0.117578125
0 0.3419270833333333 0.743359375 0.04739583333333333 0.1171875
0 0.2877604166666667 0.7443359375 0.04739583333333333 0.117578125
0 0.23567708333333334 0.74375 0.04739583333333333 0.11796875
0 0.18723958333333332 0.7453125 0.044270833333333336 0.11875
0 0.13203125 0.7462890625 0.0515625 0.117578125
0 0.3841145833333333 0.5515625 0.044270833333333336 0.01796875
0 0.4315104166666667 0.5515625 0.049479166666666664 0.02109375
0 0.49583333333333335 0.6076171875 0.046875 0.110546875
0 0.54453125 0.615234375 0.0359375 0.090625
0 0.5822916666666667 0.6056640625 0.03229166666666667 0.098828125
0 0.6278645833333333 0.6087890625 0.0453125 0.038671875
0 0.6270833333333333 0.644140625 0.046875 0.0296875
0 0.7739583333333333 0.1029296875 0.034375 0.128515625
0 0.8075520833333333 0.105078125 0.0234375 0.12421875
0 0.8447916666666667 0.094140625 0.03958333333333333 0.14609375
0 0.8859375 0.0912109375 0.036458333333333336 0.141796875
0 0.9736979166666667 0.7494140625 0.05364583333333333 0.121484375
0 0.9713541666666666 0.91015625 0.05625 0.1140625
0 0.9005208333333333 0.898828125 0.06458333333333334 0.12109375
0 0.83046875 0.894921875 0.0609375 0.12109375
0 0.37942708333333336 0.1021484375 0.0328125 0.139453125
0 0.4231770833333333 0.0951171875 0.0453125 0.153515625
0 0.47421875 0.0943359375 0.05364583333333333 0.151171875
0 0.5278645833333333 0.09453125 0.049479166666666664 0.1515625
0 0.03411458333333333 0.744921875 0.04635416666666667 0.11796875
0 0.0375 0.612890625 0.04583333333333333 0.11484375
0 0.0890625 0.603515625 0.05520833333333333 0.12734375
0 0.13307291666666668 0.596484375 0.0359375 0.1203125
0 0.18020833333333333 0.5896484375 0.053125 0.112109375
0 0.28671875 0.5994140625 0.0484375 0.108203125
0 0.33515625 0.60625 0.0453125 0.10859375
0 0.3859375 0.6076171875 0.036458333333333336 0.089453125
0 0.43020833333333336 0.6138671875 0.04479166666666667 0.103515625
0 0.03333333333333333 0.8884765625 0.0625 0.123046875
0 0.09010416666666667 0.898046875 0.042708333333333334 0.10390625
0 0.13619791666666667 0.8982421875 0.04010416666666667 0.106640625
0 0.18151041666666667 0.8984375 0.0390625 0.103125
0 0.228125 0.9017578125 0.046875 0.101953125
0 0.2799479166666667 0.90234375 0.04739583333333333 0.10390625
0 0.3302083333333333 0.887109375 0.036458333333333336 0.1015625
0 0.3731770833333333 0.89765625 0.044270833333333336 0.10234375
0 0.42526041666666664 0.87734375 0.044270833333333336 0.1
0 0.48046875 0.8953125 0.0484375 0.10703125
0 0.5354166666666667 0.8955078125 0.03229166666666667 0.114453125
0 0.5703125 0.89609375 0.03125 0.11328125
0 0.6138020833333333 0.89921875 0.0515625 0.11015625
0 0.6661458333333333 0.90078125 0.04791666666666667 0.10390625
0 0.7192708333333333 0.9021484375 0.04583333333333333 0.101171875
0 0.77109375 0.9046875 0.049479166666666664 0.1015625
0 0.9552083333333333 0.100390625 0.08854166666666667 0.12265625
0 0.9677083333333333 0.2845703125 0.0375 0.113671875
0 0.16666666666666666 0.2142578125 0.051041666666666666 0.026953125
0 0.8734375 0.2826171875 0.04375 0.128515625
0 0.7197916666666667 0.45078125 0.04479166666666667 0.12265625
0 0.67265625 0.4529296875 0.044270833333333336 0.123828125
0 0.6260416666666667 0.4689453125 0.03333333333333333 0.088671875
0 0.5872395833333334 0.4482421875 0.034895833333333334 0.125390625
0 0.5348958333333333 0.4529296875 0.03854166666666667 0.116015625
0 0.4940104166666667 0.45390625 0.0390625 0.11640625
0 0.4473958333333333 0.451171875 0.05 0.1203125
0 0.39739583333333334 0.4498046875 0.04375 0.113671875
0 0.34609375 0.45390625 0.0484375 0.1125
0 0.29791666666666666 0.4462890625 0.03854166666666667 0.129296875
0 0.2526041666666667 0.444921875 0.04479166666666667 0.12734375
0 0.184375 0.4478515625 0.05625 0.133984375
0 0.128125 0.4603515625 0.03333333333333333 0.104296875
0 0.57890625 0.092578125 0.04739583333333333 0.15703125
0 0.63046875 0.0958984375 0.0421875 0.143359375
0 0.08723958333333333 0.451171875 0.03802083333333333 0.11015625
0 0.04401041666666667 0.45234375 0.043229166666666666 0.1140625
0 0.016927083333333332 0.3109375 0.033854166666666664 0.0828125
0 0.05963541666666667 0.2916015625 0.049479166666666664 0.119921875
0 0.34140625 0.103515625 0.0390625 0.13828125
0 0.3033854166666667 0.1068359375 0.03177083333333333 0.130078125
0 0.2604166666666667 0.104296875 0.046875 0.13359375
0 0.19114583333333332 0.0984375 0.052083333333333336 0.1484375
0 0.13828125 0.0998046875 0.043229166666666666 0.148046875
0 0.08828125 0.099609375 0.04739583333333333 0.14765625
0 0.6731770833333334 0.10078125 0.03802083333333333 0.13515625
0 0.7309895833333333 0.103515625 0.04635416666666667 0.12890625
0 0.1078125 0.2908203125 0.042708333333333334 0.119140625
0 0.15703125 0.290234375 0.0515625 0.121875
0 0.7721354166666666 0.4650390625 0.0453125 0.094140625
0 0.21354166666666666 0.289453125 0.046875 0.121875
0 0.8419270833333333 0.4646484375 0.0453125 0.093359375
0 0.94453125 0.459375 0.0421875 0.10234375
0 0.8359375 0.2810546875 0.03125 0.127734375
0 0.79765625 0.2775390625 0.0359375 0.140234375
0 0.7619791666666667 0.292578125 0.035416666666666666 0.11015625
0 0.7229166666666667 0.2939453125 0.03333333333333333 0.110546875
0 0.6859375 0.284375 0.040625 0.1265625
0 0.64453125 0.283984375 0.034895833333333334 0.12578125
0 0.6083333333333333 0.287109375 0.034375 0.12109375
0 0.5606770833333333 0.2875 0.05364583333333333 0.12734375
0 0.08098958333333334 0.7458984375 0.04010416666666667 0.117578125
0 0.5075520833333333 0.2873046875 0.0484375 0.126171875
0 0.4588541666666667 0.2884765625 0.04583333333333333 0.123828125
0 0.39921875 0.2892578125 0.05364583333333333 0.122265625
0 0.34010416666666665 0.2806640625 0.06041666666666667 0.141796875
0 0.275 0.2814453125 0.06145833333333333 0.143359375
0 0.6796875 0.6537109375 0.04583333333333333 0.018359375
0 0.6791666666666667 0.6333984375 0.05 0.019140625
0 0.6817708333333333 0.6080078125 0.04895833333333333 0.029296875
0 0.73203125 0.608984375 0.049479166666666664 0.02734375
0 0.7328125 0.6333984375 0.051041666666666666 0.019140625
0 0.73203125 0.6533203125 0.05260416666666667 0.019140625
0 0.7841145833333333 0.6541015625 0.0484375 0.022265625
0 0.7854166666666667 0.6328125 0.05 0.01796875
0 0.7848958333333333 0.614453125 0.05 0.01875
0 0.009635416666666667 0.1052734375 0.019270833333333334 0.148828125
0 0.04114583333333333 0.1009765625 0.03958333333333333 0.148828125
0 0.78515625 0.59296875 0.050520833333333334 0.02421875
0 0.8510416666666667 0.60546875 0.065625 0.1203125
0 0.9208333333333333 0.6001953125 0.05625 0.120703125
0 0.9783854166666667 0.60625 0.0453125 0.115625
0 0.8942708333333333 0.46484375 0.04895833333333333 0.09453125
0 0.9247395833333333 0.2892578125 0.0484375 0.105859375
