0 0.08177083333333333 0.2947265625 0.07708333333333334 0.040234375
0 0.08854166666666667 0.3345703125 0.08125 0.038671875
0 0.14635416666666667 0.3091796875 0.036458333333333336 0.069140625
0 0.23333333333333334 0.3263671875 0.057291666666666664 0.074609375
0 0.290625 0.3251953125 0.057291666666666664 0.076171875
0 0.9036458333333334 0.5283203125 0.052083333333333336 0.061328125
0 0.41458333333333336 0.3203125 0.06145833333333333 0.090625
0 0.478125 0.3208984375 0.06145833333333333 0.090234375
0 0.5177083333333333 0.5173828125 0.0375 0.046484375
0 0.85 0.529296875 0.053125 0.06328125
0 0.35182291666666665 0.323046875 0.0609375 0.08984375
0 0.6359375 0.621875 0.07291666666666667 0.08046875
0 0.38671875 0.623046875 0.05677083333333333 0.08046875
0 0.5005208333333333 0.6091796875 0.035416666666666666 0.048046875
0 0.4466145833333333 0.6271484375 0.058854166666666666 0.079296875
0 0.7861979166666667 0.5197265625 0.044270833333333336 0.073046875
0 0.325 0.6267578125 0.06145833333333333 0.076171875
0 0.25625 0.6294921875 0.06770833333333333 0.079296875
0 0.19635416666666666 0.628515625 0.05 0.07265625
0 0.14244791666666667 0.6609375 0.0484375 0.04140625
0 0.07005208333333333 0.6591796875 0.0921875 0.040234375
0 0.08072916666666667 0.74375 0.08125 0.05078125
0 0.35104166666666664 0.72421875 0.0625 0.0765625
0 0.57109375 0.623828125 0.05364583333333333 0.08203125
0 0.7401041666666667 0.5201171875 0.04479166666666667 0.074609375
0 0.05703125 0.541796875 0.05364583333333333 0.0640625
0 0.6057291666666667 0.32109375 0.06354166666666666 0.08828125
0 0.7174479166666666 0.4283203125 0.05364583333333333 0.060546875
0 0.7809895833333333 0.427734375 0.058854166666666666 0.059375
0 0.5716145833333334 0.4533203125 0.0578125 0.023828125
0 0.84765625 0.4314453125 0.07135416666666666 0.064453125
0 0.46432291666666664 0.4310546875 0.05260416666666667 0.061328125
0 0.3151041666666667 0.438671875 0.06145833333333333 0.059375
0 0.2565104166666667 0.4373046875 0.05260416666666667 0.058203125
0 0.20130208333333333 0.4369140625 0.05677083333333333 0.058203125
0 0.038802083333333334 0.40546875 0.07239583333333334 0.03984375
0 0.6947916666666667 0.5203125 0.046875 0.0765625
0 0.6486979166666667 0.5220703125 0.044270833333333336 0.070703125
0 0.6044270833333333 0.5244140625 0.0453125 0.070703125
0 0.5604166666666667 0.5140625 0.03958333333333333 0.0546875
0 0.5325520833333334 0.5529296875 0.07760416666666667 0.019140625
0 0.0375 0.448046875 0.071875 0.0421875
0 0.125 0.44921875 0.096875 0.03515625
0 0.12473958333333333 0.40625 0.09635416666666667 0.040625
0 0.8760416666666667 0.323046875 0.057291666666666664 0.07265625
0 0.7908854166666667 0.3234375 0.05677083333333333 0.08359375
0 0.95390625 0.368359375 0.043229166666666666 0.0484375
0 0.9731770833333333 0.46953125 0.050520833333333334 0.08515625
0 0.63046875 0.4255859375 0.05572916666666667 0.045703125
0 0.6778645833333333 0.321875 0.0671875 0.0875
0 0.540625 0.32109375 0.06458333333333334 0.0890625
0 0.6440104166666667 0.72265625 0.059895833333333336 0.0734375
0 0.5768229166666666 0.715625 0.05677083333333333 0.06171875
0 0.7747395833333334 0.7263671875 0.06302083333333333 0.080859375
0 0.9427083333333334 0.0763671875 0.065625 0.033203125
0 0.7098958333333333 0.724609375 0.06458333333333334 0.0796875
0 0.7497395833333333 0.064453125 0.0734375 0.06640625
0 0.6760416666666667 0.1244140625 0.06666666666666667 0.064453125
0 0.6 0.1259765625 0.075 0.062890625
0 0.5299479166666666 0.1390625 0.06510416666666667 0.03828125
0 0.46953125 0.1248046875 0.04739583333333333 0.067578125
0 0.40598958333333335 0.1244140625 0.0703125 0.069921875
0 0.33098958333333334 0.1251953125 0.0734375 0.068359375
0 0.2596354166666667 0.125390625 0.06822916666666666 0.0703125
0 0.18619791666666666 0.1255859375 0.07864583333333333 0.071484375
0 0.7505208333333333 0.128125 0.071875 0.059375
0 0.030208333333333334 0.141796875 0.03125 0.0390625
0 0.44817708333333334 0.861328125 0.058854166666666666 0.0703125
0 0.22213541666666667 0.85234375 0.0734375 0.090625
0 0.47578125 0.5271484375 0.033854166666666664 0.058984375
0 0.4356770833333333 0.52578125 0.04010416666666667 0.05625
0 0.39427083333333335 0.5236328125 0.040625 0.061328125
0 0.3346354166666667 0.5203125 0.0390625 0.0546875
0 0.21666666666666667 0.5298828125 0.053125 0.062890625
0 0.16484375 0.53046875 0.0453125 0.06328125
0 0.11015625 0.5404296875 0.050520833333333334 0.067578125
0 0.14765625 0.866796875 0.07135416666666666 0.06953125
0 0.07369791666666667 0.874609375 0.0734375 0.0640625
0 0.09401041666666667 0.125390625 0.06614583333333333 0.06875
0 0.8239583333333333 0.1271484375 0.071875 0.059765625
0 0.82421875 0.0638671875 0.07552083333333333 0.066796875
0 0.9635416666666666 0.1296875 0.0625 0.06015625
0 0.965625 0.7294921875 0.07083333333333333 0.089453125
0 0.9484375 0.8203125 0.103125 0.04375
0 0.9440104166666666 0.8634765625 0.09739583333333333 0.041015625
0 0.859375 0.8302734375 0.0625 0.082421875
0 0.8080729166666667 0.830078125 0.0390625 0.0796875
0 0.7505208333333333 0.8416015625 0.06875 0.105078125
0 0.6734375 0.8271484375 0.058333333333333334 0.083203125
0 0.9510416666666667 0.23671875 0.051041666666666666 0.0828125
0 0.61328125 0.834375 0.059895833333333336 0.090625
0 0.5549479166666667 0.842578125 0.0515625 0.07578125
0 0.5028645833333333 0.8435546875 0.04635416666666667 0.066015625
0 0.89453125 0.1259765625 0.06614583333333333 0.062890625
0 0.8739583333333333 0.2326171875 0.06875 0.036328125
0 0.334375 0.1994140625 0.04895833333333333 0.036328125
0 0.06067708333333333 0.2255859375 0.0578125 0.026953125
0 0.11927083333333334 0.2162109375 0.05 0.051171875
0 0.18880208333333334 0.23515625 0.0734375 0.03359375
0 0.27109375 0.233203125 0.06927083333333334 0.034375
0 0.8080729166666667 0.2376953125 0.058854166666666666 0.024609375
0 0.33567708333333335 0.235546875 0.0546875 0.03203125
0 0.41302083333333334 0.23515625 0.075 0.0359375
0 0.5169270833333334 0.436328125 0.049479166666666664 0.05
0 0.6080729166666666 0.23125 0.07135416666666666 0.03046875
0 0.5432291666666667 0.2412109375 0.05416666666666667 0.022265625
0 0.74140625 0.2017578125 0.06302083333333333 0.031640625
0 0.7239583333333334 0.23515625 0.06666666666666667 0.03125
0 0.5401041666666667 0.2150390625 0.06041666666666667 0.029296875
