0 0.9747431506849316 0.5681490384615384 0.05051369863013699 0.013701923076923077
0 0.05286815068493151 0.5715144230769231 0.10488013698630137 0.05024038461538462
0 0.05094178082191781 0.6228365384615384 0.09845890410958905 0.04230769230769231
0 0.4794520547945205 0.5729567307692308 0.12756849315068494 0.03581730769230769
0 0.18065068493150685 0.6236778846153846 0.13527397260273974 0.04639423076923077
0 0.4901541095890411 0.5372596153846154 0.14897260273972604 0.020673076923076922
0 0.335402397260274 0.5798076923076924 0.1425513698630137 0.03365384615384615
0 0.3334760273972603 0.5361778846153846 0.1284246575342466 0.019951923076923075
0 0.4830907534246575 0.6189903846153846 0.14511986301369864 0.047115384615384615
0 0.3347602739726027 0.6229567307692307 0.14126712328767124 0.042067307692307696
0 0.8874143835616438 0.5670673076923077 0.08133561643835617 0.010096153846153847
0 0.1795804794520548 0.5635817307692308 0.1382705479452055 0.05456730769230769
0 0.938570205479452 0.5487980769230769 0.08090753424657535 0.017788461538461538
0 0.7722602739726028 0.48233173076923075 0.0976027397260274 0.04399038461538462
0 0.9220890410958904 0.6177884615384616 0.09417808219178082 0.017788461538461538
0 0.9246575342465754 0.590625 0.08904109589041095 0.029326923076923077
0 0.7908818493150684 0.6128605769230769 0.1348458904109589 0.062259615384615385
0 0.9700342465753424 0.4814903846153846 0.06164383561643835 0.04567307692307692
0 0.962970890410959 0.4364182692307692 0.07320205479452055 0.03774038461538461
0 0.8741438356164384 0.4346153846153846 0.09931506849315068 0.047115384615384615
0 0.8764982876712328 0.48365384615384616 0.09032534246575342 0.041346153846153845
0 0.763056506849315 0.43149038461538464 0.11087328767123288 0.04471153846153846
0 0.5122003424657534 0.48701923076923076 0.08518835616438356 0.04326923076923077
0 0.4293664383561644 0.48701923076923076 0.06335616438356165 0.04038461538461539
0 0.634845890410959 0.6168269230769231 0.125 0.03990384615384615
0 0.5158390410958904 0.4372596153846154 0.0821917808219178 0.04471153846153846
0 0.931720890410959 0.6364182692307693 0.09803082191780822 0.01514423076923077
0 0.6303510273972602 0.5754807692307692 0.13142123287671234 0.03653846153846154
0 0.22196061643835616 0.8786057692307693 0.09460616438356165 0.052403846153846155
0 0.03809931506849315 0.7600961538461538 0.06078767123287671 0.03894230769230769
0 0.433861301369863 0.4390625 0.06720890410958905 0.045432692307692306
0 0.7414383561643836 0.869951923076923 0.15325342465753425 0.061057692307692306
0 0.5603595890410958 0.8271634615384615 0.05821917808219178 0.046153846153846156
0 0.4728167808219178 0.8388221153846154 0.08347602739726027 0.06610576923076923
0 0.3572345890410959 0.8586538461538461 0.13998287671232876 0.0875
0 0.22752568493150685 0.8224759615384616 0.09032534246575342 0.03533653846153846
0 0.1252140410958904 0.8276442307692308 0.08861301369863013 0.03653846153846154
0 0.11643835616438356 0.8829326923076923 0.09417808219178082 0.04951923076923077
0 0.025684931506849314 0.8757211538461539 0.05136986301369863 0.04951923076923077
0 0.032748287671232876 0.8283653846153847 0.05779109589041096 0.040865384615384616
0 0.971318493150685 0.7528846153846154 0.059075342465753425 0.04471153846153846
0 0.9657534246575342 0.7022836538461539 0.04794520547945205 0.04495192307692308
0 0.031678082191780824 0.7117788461538461 0.059931506849315065 0.051923076923076926
0 0.8921232876712328 0.7056490384615385 0.0839041095890411 0.04975961538461538
0 0.778681506849315 0.7568509615384615 0.12071917808219178 0.042548076923076925
0 0.7767551369863014 0.7009615384615384 0.13227739726027396 0.05336538461538461
0 0.6404109589041096 0.7024038461538461 0.13013698630136986 0.05625
0 0.6483304794520548 0.7590144230769231 0.12628424657534246 0.04110576923076923
0 0.5102739726027398 0.755048076923077 0.12756849315068494 0.04326923076923077
0 0.5064212328767124 0.7106971153846153 0.125 0.039663461538461536
0 0.3653681506849315 0.7112980769230769 0.1365582191780822 0.038461538461538464
0 0.3662243150684932 0.7572115384615384 0.14768835616438356 0.041826923076923074
0 0.2358732876712329 0.7596153846153846 0.09674657534246575 0.03990384615384615
0 0.2365154109589041 0.7112980769230769 0.10830479452054795 0.047115384615384615
0 0.11772260273972603 0.7091346153846154 0.1035958904109589 0.04855769230769231
0 0.1284246575342466 0.7578125 0.10273972602739725 0.040625
0 0.893193493150685 0.7557692307692307 0.08261986301369863 0.04471153846153846
0 0.2654109589041096 0.4408653846153846 0.06934931506849315 0.04038461538461539
0 0.2559931506849315 0.03293269230769231 0.08304794520547945 0.03798076923076923
0 0.347388698630137 0.48509615384615384 0.08946917808219178 0.041346153846153845
0 0.07962328767123288 0.14819711538461539 0.08732876712328767 0.04350961538461538
0 0.9270119863013698 0.1987980769230769 0.1091609589041096 0.04903846153846154
0 0.9227311643835616 0.14483173076923078 0.10573630136986302 0.04447115384615385
0 0.9330051369863014 0.030048076923076924 0.09032534246575342 0.03798076923076923
0 0.9289383561643836 0.08449519230769231 0.11301369863013698 0.05024038461538462
0 0.8386130136986302 0.08076923076923077 0.07106164383561644 0.04038461538461539
0 0.837542808219178 0.03233173076923077 0.0740582191780822 0.036298076923076926
0 0.7491438356164384 0.03665865384615385 0.07705479452054795 0.036298076923076926
0 0.7574914383561644 0.0828125 0.0783390410958904 0.036298076923076926
0 0.6740154109589042 0.07992788461538461 0.0800513698630137 0.042067307692307696
0 0.5892551369863014 0.08329326923076923 0.06977739726027397 0.04110576923076923
0 0.5132705479452054 0.08329326923076923 0.06678082191780822 0.04399038461538462
0 0.1815068493150685 0.14819711538461539 0.09075342465753425 0.04350961538461538
0 0.5918236301369864 0.03665865384615385 0.06977739726027397 0.036298076923076926
0 0.4362157534246575 0.038341346153846156 0.06678082191780822 0.03870192307692308
0 0.4372859589041096 0.08365384615384615 0.06892123287671233 0.03461538461538462
0 0.3499571917808219 0.08016826923076924 0.08946917808219178 0.03581730769230769
0 0.3535958904109589 0.031971153846153844 0.0916095890410959 0.04278846153846154
0 0.2532106164383562 0.07788461538461539 0.09032534246575342 0.04038461538461539
0 0.1560359589041096 0.07872596153846154 0.09118150684931507 0.04447115384615385
0 0.1622431506849315 0.027644230769230768 0.08818493150684932 0.04278846153846154
0 0.014126712328767123 0.03894230769230769 0.028253424657534245 0.03461538461538462
0 0.016267123287671232 0.07896634615384615 0.02910958904109589 0.04110576923076923
0 0.0704195205479452 0.08100961538461539 0.06378424657534247 0.04278846153846154
0 0.07191780821917808 0.030048076923076924 0.07191780821917808 0.04375
0 0.9250856164383562 0.8294471153846154 0.14126712328767124 0.04158653846153846
0 0.5136986301369864 0.03665865384615385 0.06763698630136987 0.042067307692307696
0 0.2754708904109589 0.14567307692307693 0.08946917808219178 0.04278846153846154
0 0.08433219178082192 0.19663461538461538 0.08133561643835617 0.04471153846153846
0 0.1780821917808219 0.19759615384615384 0.0839041095890411 0.04278846153846154
0 0.2647688356164384 0.4876201923076923 0.06806506849315068 0.03918269230769231
0 0.1523972602739726 0.4816105769230769 0.1404109589041096 0.045432692307692306
0 0.14961472602739725 0.43004807692307695 0.13741438356164384 0.041826923076923074
0 0.7611301369863014 0.30480769230769234 0.1506849315068493 0.041826923076923074
0 0.7624143835616438 0.34951923076923075 0.1446917808219178 0.036057692307692304
0 0.8891267123287672 0.3456730769230769 0.09503424657534247 0.04375
0 0.9738869863013698 0.3405048076923077 0.05393835616438356 0.042548076923076925
0 0.9726027397260274 0.2932692307692308 0.05650684931506849 0.041826923076923074
0 0.891695205479452 0.2932692307692308 0.0898972602739726 0.05336538461538461
0 0.5916095890410958 0.2936298076923077 0.1558219178082192 0.04975961538461538
0 0.596318493150685 0.34411057692307695 0.14554794520547945 0.04110576923076923
0 0.4332191780821918 0.34423076923076923 0.1583904109589041 0.04375
0 0.4351455479452055 0.29290865384615383 0.14169520547945205 0.045432692307692306
0 0.2866010273972603 0.28725961538461536 0.12457191780821918 0.05096153846153846
0 0.285958904109589 0.34026442307692306 0.12071917808219178 0.04591346153846154
0 0.15175513698630136 0.3408653846153846 0.1288527397260274 0.047596153846153844
0 0.15303938356164384 0.2865384615384615 0.13142123287671234 0.04951923076923077
0 0.5993150684931506 0.20060096153846155 0.11044520547945205 0.042548076923076925
0 0.8112157534246576 0.20012019230769232 0.09845890410958905 0.04927884615384615
0 0.709332191780822 0.19831730769230768 0.09417808219178082 0.047115384615384615
0 0.8112157534246576 0.1451923076923077 0.09845890410958905 0.04951923076923077
0 0.7112585616438356 0.14591346153846155 0.09803082191780822 0.04519230769230769
0 0.5954623287671232 0.15372596153846155 0.10273972602739725 0.046875
0 0.4826626712328767 0.15324519230769232 0.10316780821917808 0.050721153846153846
0 0.4811643835616438 0.20408653846153846 0.11044520547945205 0.041346153846153845
0 0.3762842465753425 0.19615384615384615 0.0958904109589041 0.05144230769230769
0 0.2709760273972603 0.19807692307692307 0.09075342465753425 0.05048076923076923
0 0.3476027397260274 0.43966346153846153 0.0898972602739726 0.03990384615384615
0 0.9148116438356164 0.8796875 0.14126712328767124 0.04735576923076923
