0 0.8015625 0.449609375 0.04583333333333333 0.10234375
0 0.75625 0.4478515625 0.04375 0.102734375
0 0.7111979166666667 0.4478515625 0.0453125 0.105859375
0 0.6669270833333333 0.4466796875 0.04114583333333333 0.108203125
0 0.6140625 0.4814453125 0.05625 0.035546875
0 0.6158854166666666 0.4412109375 0.05677083333333333 0.041015625
0 0.5575520833333333 0.453515625 0.0484375 0.09453125
0 0.4479166666666667 0.44921875 0.05520833333333333 0.103125
0 0.3927083333333333 0.450390625 0.04895833333333333 0.10078125
0 0.1359375 0.4515625 0.03333333333333333 0.103125
0 0.0828125 0.452734375 0.051041666666666666 0.10078125
0 0.32708333333333334 0.155859375 0.058333333333333334 0.10078125
0 0.8424479166666666 0.44765625 0.0328125 0.10234375
0 0.8807291666666667 0.4478515625 0.04375 0.102734375
0 0.9236979166666667 0.448828125 0.04114583333333333 0.10234375
0 0.50390625 0.4544921875 0.05572916666666667 0.091796875
0 0.3419270833333333 0.4505859375 0.05260416666666667 0.101171875
0 0.2552083333333333 0.730859375 0.042708333333333334 0.09453125
0 0.03984375 0.5896484375 0.050520833333333334 0.101953125
0 0.6666666666666666 0.75625 0.05416666666666667 0.03046875
0 0.7184895833333333 0.7228515625 0.049479166666666664 0.103515625
0 0.76953125 0.7248046875 0.04010416666666667 0.099609375
0 0.8122395833333333 0.7240234375 0.04114583333333333 0.098046875
0 0.85546875 0.7259765625 0.0390625 0.094921875
0 0.89296875 0.7359375 0.03177083333333333 0.0734375
0 0.9302083333333333 0.72265625 0.0375 0.09609375
0 0.9716145833333333 0.7244140625 0.0421875 0.094140625
0 0.030989583333333334 0.867578125 0.0484375 0.103125
0 0.07916666666666666 0.872265625 0.046875 0.09375
0 0.12864583333333332 0.873046875 0.04791666666666667 0.09453125
0 0.17630208333333333 0.86796875 0.0484375 0.1046875
0 0.23020833333333332 0.8658203125 0.05520833333333333 0.101953125
0 0.28203125 0.8681640625 0.04010416666666667 0.096484375
0 0.3296875 0.8712890625 0.051041666666666666 0.098046875
0 0.38359375 0.869921875 0.04739583333333333 0.0859375
0 0.43359375 0.8716796875 0.0484375 0.089453125
0 0.48072916666666665 0.872265625 0.041666666666666664 0.0859375
0 0.5302083333333333 0.8728515625 0.053125 0.081640625
0 0.5838541666666667 0.8701171875 0.04895833333333333 0.088671875
0 0.6348958333333333 0.862109375 0.04895833333333333 0.10390625
0 0.6859375 0.86171875 0.053125 0.1015625
0 0.9466145833333334 0.8609375 0.04739583333333333 0.09453125
0 0.89765625 0.860546875 0.0453125 0.09453125
0 0.8546875 0.865625 0.040625 0.0921875
0 0.81484375 0.862109375 0.0359375 0.09453125
0 0.77265625 0.8650390625 0.04010416666666667 0.095703125
0 0.6166666666666667 0.7560546875 0.042708333333333334 0.032421875
0 0.6677083333333333 0.7169921875 0.05 0.042578125
0 0.6184895833333334 0.71875 0.044270833333333336 0.04140625
0 0.5669270833333333 0.732421875 0.05364583333333333 0.090625
0 0.09036458333333333 0.590234375 0.049479166666666664 0.10078125
0 0.14296875 0.588671875 0.04739583333333333 0.1
0 0.18880208333333334 0.5890625 0.03697916666666667 0.10078125
0 0.23255208333333333 0.5880859375 0.04635416666666667 0.102734375
0 0.2825520833333333 0.587890625 0.0484375 0.0984375
0 0.33177083333333335 0.5849609375 0.04479166666666667 0.098828125
0 0.38645833333333335 0.583203125 0.059375 0.10390625
0 0.44479166666666664 0.5830078125 0.058333333333333334 0.105078125
0 0.49921875 0.5892578125 0.04635416666666667 0.091015625
0 0.5505208333333333 0.590234375 0.051041666666666666 0.090625
0 0.60625 0.589453125 0.05416666666666667 0.09140625
0 0.6598958333333333 0.5806640625 0.05 0.107421875
0 0.71171875 0.5826171875 0.05260416666666667 0.107421875
0 0.96953125 0.4478515625 0.044270833333333336 0.105859375
0 0.7598958333333333 0.58515625 0.040625 0.103125
0 0.8518229166666667 0.5853515625 0.04114583333333333 0.100390625
0 0.89453125 0.584765625 0.0453125 0.1015625
0 0.93984375 0.586328125 0.04114583333333333 0.1
0 0.0234375 0.735546875 0.04479166666666667 0.08984375
0 0.06979166666666667 0.731640625 0.04791666666666667 0.09921875
0 0.11484375 0.7310546875 0.04010416666666667 0.098828125
0 0.16119791666666666 0.7306640625 0.044270833333333336 0.099609375
0 0.20911458333333333 0.7330078125 0.0453125 0.098828125
0 0.3 0.7271484375 0.04375 0.096484375
0 0.3494791666666667 0.72890625 0.04791666666666667 0.10078125
0 0.4010416666666667 0.7271484375 0.05625 0.104296875
0 0.4591145833333333 0.724609375 0.0578125 0.1046875
0 0.5130208333333334 0.7310546875 0.051041666666666666 0.090234375
0 0.803125 0.586328125 0.042708333333333334 0.09765625
0 0.7341145833333333 0.86328125 0.03802083333333333 0.09921875
0 0.3848958333333333 0.15859375 0.053125 0.0984375
0 0.6125 0.1509765625 0.030208333333333334 0.115234375
0 0.5666666666666667 0.309765625 0.05 0.096875
0 0.28203125 0.1482421875 0.03177083333333333 0.124609375
0 0.6580729166666667 0.3005859375 0.05677083333333333 0.115234375
0 0.7122395833333334 0.301953125 0.050520833333333334 0.1109375
0 0.7619791666666667 0.3033203125 0.04375 0.105859375
0 0.80625 0.3033203125 0.041666666666666664 0.105859375
0 0.84375 0.321484375 0.03229166666666667 0.06875
0 0.8809895833333333 0.3263671875 0.03802083333333333 0.058984375
0 0.9161458333333333 0.3287109375 0.029166666666666667 0.055859375
0 0.9528645833333333 0.309765625 0.03697916666666667 0.09140625
0 0.98671875 0.31953125 0.0265625 0.0796875
0 0.22578125 0.41015625 0.14114583333333333 0.2484375
0 0.5143229166666666 0.3099609375 0.050520833333333334 0.094921875
0 0.029427083333333333 0.449609375 0.049479166666666664 0.10234375
0 0.4861979166666667 0.15703125 0.05260416666666667 0.0984375
0 0.5421875 0.1578125 0.05416666666666667 0.1
0 0.5828125 0.162109375 0.023958333333333335 0.09140625
0 0.64453125 0.151171875 0.0296875 0.11328125
0 0.67578125 0.152734375 0.0328125 0.109375
0 0.709375 0.15703125 0.03125 0.10078125
0 0.047135416666666666 0.1537109375 0.0390625 0.111328125
0 0.08177083333333333 0.15546875 0.029166666666666667 0.10859375
0 0.11770833333333333 0.1556640625 0.03958333333333333 0.107421875
0 0.15078125 0.1490234375 0.0265625 0.116796875
0 0.18463541666666666 0.15078125 0.0390625 0.1171875
0 0.24739583333333334 0.1494140625 0.036458333333333336 0.122265625
0 0.4361979166666667 0.1712890625 0.03802083333333333 0.069921875
0 0.4549479166666667 0.30390625 0.058854166666666666 0.109375
0 0.6104166666666667 0.3232421875 0.03333333333333333 0.069921875
0 0.7841145833333333 0.1482421875 0.033854166666666664 0.117578125
0 0.82109375 0.1474609375 0.0359375 0.119921875
0 0.8653645833333333 0.146875 0.0359375 0.121875
0 0.90234375 0.1455078125 0.03177083333333333 0.123828125
0 0.746875 0.158984375 0.040625 0.096875
0 0.93203125 0.1466796875 0.025520833333333333 0.121484375
0 0.3958333333333333 0.3044921875 0.05520833333333333 0.109765625
0 0.034375 0.306640625 0.04895833333333333 0.10546875
0 0.08515625 0.308984375 0.04635416666666667 0.09765625
0 0.13463541666666667 0.30703125 0.03697916666666667 0.1046875
0 0.33958333333333335 0.308203125 0.051041666666666666 0.10390625
0 0.9635416666666666 0.1458984375 0.03229166666666667 0.125390625
