0 0.5868589743589744 0.11826923076923077 0.04230769230769231 0.021153846153846155
0 0.6302884615384615 0.06346153846153846 0.0375 0.03076923076923077
0 0.6286858974358974 0.09555288461538461 0.0342948717948718 0.026201923076923078
0 0.63125 0.125 0.033012820512820513 0.025
0 0.6895833333333333 0.08786057692307692 0.04583333333333333 0.021875
0 0.7482371794871795 0.09627403846153847 0.047115384615384615 0.02283653846153846
0 0.7990384615384616 0.10504807692307692 0.041666666666666664 0.022115384615384617
0 0.7993589743589744 0.12884615384615383 0.0391025641025641 0.019230769230769232
0 0.749198717948718 0.12355769230769231 0.04583333333333333 0.017788461538461538
0 0.5846153846153846 0.08942307692307692 0.041025641025641026 0.027403846153846154
0 0.6899038461538461 0.1361778846153846 0.049679487179487176 0.013221153846153846
0 0.7511217948717949 0.14338942307692307 0.04326923076923077 0.013701923076923077
0 0.7975961538461539 0.15132211538461537 0.035576923076923075 0.013701923076923077
0 0.022756410256410255 0.12127403846153846 0.0391025641025641 0.043028846153846154
0 0.023878205128205127 0.1674278846153846 0.041346153846153845 0.04110576923076923
0 0.690224358974359 0.11442307692307692 0.047115384615384615 0.020192307692307693
0 0.5849358974358975 0.054086538461538464 0.041666666666666664 0.032692307692307694
0 0.4756410256410256 0.10432692307692308 0.03974358974358974 0.023076923076923078
0 0.532051282051282 0.08233173076923077 0.03974358974358974 0.03389423076923077
0 0.026923076923076925 0.2075721153846154 0.05064102564102564 0.031971153846153844
0 0.07788461538461539 0.013822115384615384 0.07948717948717948 0.025240384615384616
0 0.08189102564102564 0.04975961538461538 0.07532051282051282 0.04230769230769231
0 0.17323717948717948 0.02139423076923077 0.08685897435897436 0.03076923076923077
0 0.1751602564102564 0.06237980769230769 0.0842948717948718 0.03293269230769231
0 0.2689102564102564 0.03617788461538462 0.08205128205128205 0.03581730769230769
0 0.27307692307692305 0.07427884615384615 0.08141025641025641 0.029326923076923077
0 0.5290064102564103 0.1110576923076923 0.04262820512820513 0.020192307692307693
0 0.35833333333333334 0.01766826923076923 0.07756410256410257 0.030528846153846153
0 0.4248397435897436 0.030408653846153846 0.04519230769230769 0.03581730769230769
0 0.4256410256410256 0.06670673076923077 0.04423076923076923 0.03245192307692308
0 0.4256410256410256 0.09771634615384615 0.03782051282051282 0.025721153846153845
0 0.47852564102564105 0.03810096153846154 0.03974358974358974 0.03245192307692308
0 0.4753205128205128 0.07415865384615385 0.0391025641025641 0.03341346153846154
0 0.7732371794871795 0.7545673076923077 0.020192307692307693 0.013942307692307693
0 0.5336538461538461 0.046634615384615385 0.03974358974358974 0.03125
0 0.35496794871794873 0.0546875 0.07403846153846154 0.03581730769230769
0 0.3578525641025641 0.08677884615384615 0.05993589743589744 0.020673076923076922
0 0.7373397435897436 0.8073317307692308 0.049679487179487176 0.01610576923076923
0 0.09695512820512821 0.21514423076923078 0.07788461538461539 0.03365384615384615
0 0.09567307692307692 0.7306490384615385 0.07532051282051282 0.04399038461538462
0 0.028846153846153848 0.7850961538461538 0.05448717948717949 0.035576923076923075
0 0.10865384615384616 0.7764423076923077 0.07948717948717948 0.02980769230769231
0 0.2205128205128205 0.7270432692307692 0.12884615384615383 0.027644230769230768
0 0.22724358974358974 0.7669471153846154 0.13653846153846153 0.02235576923076923
0 0.31858974358974357 0.7170673076923076 0.041025641025641026 0.03028846153846154
0 0.366025641025641 0.7078125 0.04423076923076923 0.03245192307692308
0 0.4171474358974359 0.7021634615384615 0.0483974358974359 0.03028846153846154
0 0.32387820512820514 0.7486778846153846 0.041987179487179484 0.024759615384615383
0 0.37243589743589745 0.7385817307692307 0.038461538461538464 0.02283653846153846
0 0.4150641025641026 0.7314903846153846 0.03782051282051282 0.020192307692307693
0 0.45865384615384613 0.7222355769230769 0.02435897435897436 0.024759615384615383
0 0.49951923076923077 0.6941105769230769 0.04775641025641025 0.023317307692307693
0 0.4980769230769231 0.7192307692307692 0.04230769230769231 0.01875
0 0.5474358974358975 0.6868990384615384 0.04294871794871795 0.02283653846153846
0 0.549198717948718 0.7123798076923077 0.046474358974358976 0.01658653846153846
0 0.5834935897435898 0.6522836538461538 0.032371794871794875 0.024759615384615383
0 0.6326923076923077 0.6495192307692308 0.035897435897435895 0.02403846153846154
0 0.5913461538461539 0.6822115384615385 0.0391025641025641 0.020192307692307693
0 0.6349358974358974 0.6753605769230769 0.04038461538461539 0.025240384615384616
0 0.5915064102564103 0.7052884615384616 0.03621794871794872 0.01826923076923077
0 0.023557692307692307 0.7402644230769231 0.041987179487179484 0.04495192307692308
0 0.7350961538461539 0.5800480769230769 0.06378205128205128 0.025
0 0.6639423076923077 0.5865384615384616 0.06762820512820512 0.028365384615384615
0 0.7232371794871795 0.5472355769230769 0.058012820512820515 0.028125
0 0.690224358974359 0.47451923076923075 0.05929487179487179 0.03413461538461538
0 0.7556089743589743 0.4701923076923077 0.058653846153846154 0.03461538461538462
0 0.03493589743589744 0.5819711538461538 0.06346153846153846 0.03076923076923077
0 0.11746794871794872 0.5748798076923077 0.06955128205128205 0.024759615384615383
0 0.03894230769230769 0.619951923076923 0.07147435897435897 0.03365384615384615
0 0.1201923076923077 0.6126201923076923 0.06923076923076923 0.03245192307692308
0 0.041346153846153845 0.65625 0.07628205128205129 0.027884615384615386
0 0.12275641025641025 0.6479567307692308 0.06794871794871794 0.025240384615384616
0 0.19935897435897437 0.5631009615384616 0.07435897435897436 0.011298076923076923
0 0.2950320512820513 0.5552884615384616 0.08878205128205129 0.01201923076923077
0 0.6346153846153846 0.6997596153846154 0.03653846153846154 0.016346153846153847
0 0.3855769230769231 0.5474759615384616 0.07692307692307693 0.012259615384615384
0 0.21907051282051282 0.6370192307692307 0.0983974358974359 0.019230769230769232
0 0.30817307692307694 0.5810096153846154 0.07211538461538461 0.022115384615384617
0 0.3269230769230769 0.6245192307692308 0.09102564102564102 0.01730769230769231
0 0.42419871794871794 0.5802884615384616 0.07788461538461539 0.020673076923076922
0 0.4254807692307692 0.6103365384615385 0.08621794871794872 0.023557692307692307
0 0.5060897435897436 0.5662259615384615 0.0673076923076923 0.03389423076923077
0 0.5144230769230769 0.6010817307692308 0.0685897435897436 0.025721153846153845
0 0.5817307692307693 0.5603365384615384 0.0685897435897436 0.028846153846153848
0 0.5871794871794872 0.5929086538461539 0.0673076923076923 0.02283653846153846
0 0.65625 0.5522836538461539 0.06506410256410257 0.03341346153846154
0 0.21826923076923077 0.606610576923077 0.1064102564102564 0.02283653846153846
0 0.6810897435897436 0.6431490384615385 0.04423076923076923 0.031490384615384615
0 0.7413461538461539 0.6348557692307693 0.06346153846153846 0.028846153846153848
0 0.6852564102564103 0.6811298076923077 0.05576923076923077 0.034375
0 0.9826923076923076 0.6887019230769231 0.026282051282051282 0.14807692307692308
0 0.9330128205128205 0.6775240384615384 0.04358974358974359 0.14639423076923078
0 0.8798076923076923 0.6548076923076923 0.03205128205128205 0.1283653846153846
0 0.9620192307692308 0.28677884615384613 0.049679487179487176 0.14903846153846154
0 0.8849358974358974 0.2915865384615385 0.0391025641025641 0.12884615384615383
0 0.7758012820512821 0.7989182692307693 0.01955128205128205 0.01514423076923077
0 0.7815705128205128 0.776201923076923 0.0342948717948718 0.017788461538461538
0 0.44743589743589746 0.8706730769230769 0.041666666666666664 0.021153846153846155
0 0.5025641025641026 0.7977163461538461 0.041666666666666664 0.031009615384615385
0 0.5033653846153846 0.8302884615384616 0.04326923076923077 0.027403846153846154
0 0.8376602564102564 0.9192307692307692 0.03621794871794872 0.12980769230769232
0 0.5033653846153846 0.8557692307692307 0.04006410256410257 0.016346153846153847
0 0.566025641025641 0.8174278846153846 0.052564102564102565 0.02235576923076923
0 0.5641025641025641 0.8435096153846153 0.05512820512820513 0.022115384615384617
0 0.6238782051282051 0.7717548076923076 0.052243589743589745 0.025240384615384616
0 0.6225961538461539 0.8034855769230769 0.049679487179487176 0.021875
0 0.6213141025641026 0.8295673076923077 0.047115384615384615 0.019230769230769232
0 0.6774038461538462 0.7582932692307692 0.04903846153846154 0.023317307692307693
0 0.680448717948718 0.7926682692307693 0.04871794871794872 0.023317307692307693
0 0.6826923076923077 0.8176682692307692 0.0532051282051282 0.01610576923076923
0 0.7322115384615384 0.7512019230769231 0.0483974358974359 0.02980769230769231
0 0.7339743589743589 0.7825721153846154 0.051923076923076926 0.019471153846153846
0 0.5636217948717949 0.7876201923076923 0.05673076923076923 0.02235576923076923
0 0.7477564102564103 0.42956730769230766 0.051923076923076926 0.04038461538461539
0 0.8801282051282051 0.9474759615384616 0.032692307692307694 0.10600961538461538
0 0.9908653846153846 0.9635817307692308 0.01826923076923077 0.07379807692307692
0 0.749198717948718 0.6635817307692308 0.05480769230769231 0.017548076923076923
0 0.04855769230769231 0.8763221153846154 0.08814102564102565 0.04639423076923077
0 0.05048076923076923 0.9259615384615385 0.08557692307692308 0.028365384615384615
0 0.046794871794871795 0.9644230769230769 0.08141025641025641 0.03076923076923077
0 0.13557692307692307 0.8631009615384615 0.0782051282051282 0.03822115384615385
0 0.13637820512820512 0.903485576923077 0.07083333333333333 0.02716346153846154
0 0.13669871794871793 0.9396634615384616 0.07147435897435897 0.025961538461538463
0 0.21169871794871795 0.8530048076923077 0.0625 0.031490384615384615
0 0.2746794871794872 0.8421875 0.05705128205128205 0.030528846153846153
0 0.21185897435897436 0.8899038461538461 0.05705128205128205 0.02980769230769231
0 0.9418269230769231 0.9540865384615385 0.03685897435897436 0.09182692307692308
0 0.2743589743589744 0.8758413461538461 0.05 0.024759615384615383
0 0.27740384615384617 0.9068509615384616 0.047115384615384615 0.024759615384615383
0 0.33798076923076925 0.8307692307692308 0.04583333333333333 0.03317307692307692
0 0.33397435897435895 0.8679086538461539 0.05 0.024759615384615383
0 0.33541666666666664 0.8947115384615385 0.05032051282051282 0.01875
0 0.39503205128205127 0.8197115384615384 0.047115384615384615 0.029326923076923077
0 0.39326923076923076 0.8539663461538461 0.04935897435897436 0.024278846153846154
0 0.391025641025641 0.8820913461538461 0.05448717948717949 0.018990384615384614
0 0.44887820512820514 0.8060096153846154 0.04775641025641025 0.029326923076923077
0 0.45048076923076924 0.8401442307692307 0.04455128205128205 0.026442307692307692
0 0.21009615384615385 0.5813701923076923 0.09006410256410256 0.01514423076923077
0 0.2142628205128205 0.9224759615384616 0.046474358974358976 0.023798076923076922
0 0.09631410256410257 0.1735576923076923 0.0733974358974359 0.04230769230769231
0 0.6854166666666667 0.4330528846153846 0.058653846153846154 0.042548076923076925
0 0.6253205128205128 0.45685096153846155 0.05512820512820513 0.02860576923076923
0 0.6924679487179487 0.23846153846153847 0.04519230769230769 0.020673076923076922
0 0.7427884615384616 0.2421875 0.04519230769230769 0.020913461538461537
0 0.7921474358974359 0.24447115384615384 0.03365384615384615 0.021153846153846155
0 0.6899038461538461 0.26165865384615383 0.049679487179487176 0.014182692307692308
0 0.7451923076923077 0.2644230769230769 0.05 0.012980769230769231
0 0.7929487179487179 0.26514423076923077 0.029487179487179487 0.014423076923076924
0 0.01987179487179487 0.29170673076923076 0.03653846153846154 0.06274038461538461
0 0.023237179487179488 0.3545673076923077 0.04006410256410257 0.05336538461538461
0 0.08782051282051281 0.2977163461538462 0.08076923076923077 0.06081730769230769
0 0.09423076923076923 0.35733173076923075 0.075 0.051682692307692304
0 0.1605769230769231 0.2981971153846154 0.058333333333333334 0.031971153846153844
0 0.1657051282051282 0.33497596153846154 0.05641025641025641 0.03485576923076923
0 0.17115384615384616 0.3736778846153846 0.05512820512820513 0.03389423076923077
0 0.21650641025641026 0.30408653846153844 0.04455128205128205 0.03028846153846154
0 0.22740384615384615 0.33858173076923076 0.06057692307692308 0.03245192307692308
0 0.23141025641025642 0.3719951923076923 0.0532051282051282 0.023798076923076922
0 0.2791666666666667 0.3021634615384615 0.05384615384615385 0.03076923076923077
0 0.3387820512820513 0.30480769230769234 0.05064102564102564 0.029326923076923077
0 0.28862179487179485 0.33834134615384615 0.0483974358974359 0.031971153846153844
0 0.3451923076923077 0.33942307692307694 0.05448717948717949 0.027403846153846154
0 0.29262820512820514 0.3707932692307692 0.0532051282051282 0.026201923076923078
0 0.7932692307692307 0.22127403846153845 0.03333333333333333 0.01610576923076923
0 0.7485576923076923 0.2169471153846154 0.04775641025641025 0.020913461538461537
0 0.6966346153846154 0.21286057692307692 0.041346153846153845 0.021875
0 0.64375 0.25600961538461536 0.027243589743589744 0.021153846153846155
0 0.183974358974359 0.1389423076923077 0.08076923076923077 0.041826923076923074
0 0.28012820512820513 0.15084134615384615 0.08012820512820513 0.03581730769230769
0 0.19022435897435896 0.18689903846153846 0.08365384615384615 0.031971153846153844
0 0.28237179487179487 0.1909855769230769 0.0782051282051282 0.03341346153846154
0 0.19054487179487178 0.22175480769230768 0.0842948717948718 0.02860576923076923
0 0.284775641025641 0.22848557692307692 0.07403846153846154 0.025721153846153845
0 0.3639423076923077 0.19783653846153845 0.0733974358974359 0.04038461538461539
0 0.366025641025641 0.23533653846153846 0.08076923076923077 0.023557692307692307
0 0.4467948717948718 0.17548076923076922 0.07371794871794872 0.03653846153846154
0 0.453525641025641 0.21033653846153846 0.0782051282051282 0.016826923076923076
0 0.35144230769230766 0.3704326923076923 0.0483974358974359 0.023076923076923078
0 0.4623397435897436 0.23990384615384616 0.08365384615384615 0.02548076923076923
0 0.5251602564102564 0.21646634615384616 0.032371794871794875 0.024759615384615383
0 0.5280448717948718 0.246875 0.03493589743589744 0.021153846153846155
0 0.566025641025641 0.18834134615384615 0.03141025641025641 0.025721153846153845
0 0.5681089743589743 0.22175480769230768 0.035576923076923075 0.026201923076923078
0 0.566025641025641 0.25072115384615384 0.03141025641025641 0.022115384615384617
0 0.6052884615384615 0.19266826923076924 0.033012820512820513 0.027644230769230768
0 0.6118589743589744 0.22572115384615385 0.04038461538461539 0.029326923076923077
0 0.604326923076923 0.25228365384615387 0.0342948717948718 0.018509615384615385
0 0.6498397435897436 0.19423076923076923 0.03685897435897436 0.03317307692307692
0 0.6498397435897436 0.22584134615384616 0.027243589743589744 0.025240384615384616
0 0.5174679487179488 0.18377403846153847 0.04391025641025641 0.023317307692307693
0 0.3923076923076923 0.3105769230769231 0.038461538461538464 0.029326923076923077
0 0.40208333333333335 0.3426682692307692 0.04583333333333333 0.02956730769230769
0 0.4041666666666667 0.3719951923076923 0.041025641025641026 0.02139423076923077
0 0.0266025641025641 0.47728365384615384 0.05 0.04158653846153846
0 0.10064102564102564 0.4765625 0.08205128205128205 0.03822115384615385
0 0.028205128205128206 0.5161057692307692 0.05 0.02980769230769231
0 0.10064102564102564 0.5133413461538462 0.08205128205128205 0.026682692307692307
0 0.1700320512820513 0.4731971153846154 0.046474358974358976 0.03341346153846154
0 0.17211538461538461 0.5116586538461538 0.05064102564102564 0.03245192307692308
0 0.2248397435897436 0.47139423076923076 0.04903846153846154 0.03221153846153846
0 0.2248397435897436 0.5070913461538461 0.049679487179487176 0.02716346153846154
0 0.275 0.46838942307692305 0.0391025641025641 0.03293269230769231
0 0.2780448717948718 0.5034855769230769 0.04519230769230769 0.025240384615384616
0 0.09695512820512821 0.4344951923076923 0.08685897435897436 0.03389423076923077
0 0.3269230769230769 0.4674278846153846 0.05128205128205128 0.031009615384615385
0 0.3767628205128205 0.4653846153846154 0.04391025641025641 0.03413461538461538
0 0.42596153846153845 0.4634615384615385 0.04487179487179487 0.03028846153846154
0 0.38317307692307695 0.49963942307692305 0.041346153846153845 0.024278846153846154
0 0.42932692307692305 0.4951923076923077 0.04519230769230769 0.022596153846153846
0 0.4775641025641026 0.45697115384615383 0.0532051282051282 0.03076923076923077
0 0.48862179487179486 0.49014423076923075 0.06314102564102564 0.025961538461538463
0 0.5538461538461539 0.4265625 0.07115384615384615 0.027644230769230768
0 0.558974358974359 0.4598557692307692 0.06923076923076923 0.027403846153846154
0 0.5592948717948718 0.4888221153846154 0.06666666666666667 0.023317307692307693
0 0.6225961538461539 0.4231971153846154 0.055448717948717946 0.027644230769230768
0 0.3314102564102564 0.5 0.05448717948717949 0.023076923076923078
0 0.6262820512820513 0.4846153846153846 0.05705128205128205 0.022115384615384617
0 0.02419871794871795 0.4362980769230769 0.04519230769230769 0.0375
0 0.6987179487179487 0.3721153846153846 0.03076923076923077 0.019230769230769232
0 0.44342948717948716 0.3111778846153846 0.03365384615384615 0.026201923076923078
0 0.4501602564102564 0.34387019230769234 0.038141025641025644 0.02716346153846154
0 0.4480769230769231 0.37319711538461536 0.03653846153846154 0.02139423076923077
0 0.4913461538461538 0.31310096153846156 0.03782051282051282 0.031971153846153844
0 0.49455128205128207 0.3451923076923077 0.03782051282051282 0.027403846153846154
0 0.4935897435897436 0.3734375 0.0391025641025641 0.021875
0 0.5419871794871794 0.31490384615384615 0.03782051282051282 0.028846153846153848
0 0.5379807692307692 0.34555288461538464 0.03621794871794872 0.026201923076923078
0 0.5338141025641026 0.37235576923076924 0.0342948717948718 0.01971153846153846
0 0.5916666666666667 0.31490384615384615 0.03653846153846154 0.028846153846153848
0 0.7346153846153847 0.37319711538461536 0.028846153846153848 0.01706730769230769
0 0.5825320512820513 0.34555288461538464 0.04262820512820513 0.026201923076923078
0 0.6283653846153846 0.31766826923076924 0.030448717948717948 0.027644230769230768
0 0.6229166666666667 0.3469951923076923 0.025961538461538463 0.026682692307692307
0 0.622275641025641 0.37295673076923075 0.03365384615384615 0.020913461538461537
0 0.6642628205128205 0.31935096153846154 0.028525641025641025 0.026201923076923078
0 0.7 0.31995192307692305 0.03012820512820513 0.02980769230769231
0 0.7370192307692308 0.31935096153846154 0.03365384615384615 0.026201923076923078
0 0.6623397435897436 0.3484375 0.03108974358974359 0.024759615384615383
0 0.7011217948717948 0.3486778846153846 0.032371794871794875 0.02283653846153846
0 0.732051282051282 0.3479567307692308 0.026923076923076925 0.023798076923076922
0 0.6604166666666667 0.3719951923076923 0.03365384615384615 0.01706730769230769
0 0.5777243589743589 0.3733173076923077 0.041987179487179484 0.01971153846153846
0 0.09951923076923076 0.12548076923076923 0.0733974358974359 0.046634615384615385
