0 0.5778645833333333 0.7466796875 0.0453125 0.062109375
0 0.6184895833333334 0.748046875 0.025520833333333333 0.0625
0 0.6541666666666667 0.7501953125 0.03854166666666667 0.057421875
0 0.6950520833333333 0.7513671875 0.0421875 0.059765625
0 0.7372395833333333 0.7537109375 0.034895833333333334 0.055078125
0 0.7739583333333333 0.756640625 0.030208333333333334 0.04296875
0 0.9161458333333333 0.7435546875 0.03125 0.087890625
0 0.8471354166666667 0.740234375 0.027604166666666666 0.08125
0 0.8848958333333333 0.7396484375 0.03125 0.080859375
0 0.9473958333333333 0.7427734375 0.026041666666666668 0.089453125
0 0.534375 0.74765625 0.03333333333333333 0.059375
0 0.9817708333333334 0.7431640625 0.036458333333333336 0.089453125
0 0.02265625 0.8697265625 0.0390625 0.056640625
0 0.8088541666666667 0.758984375 0.03229166666666667 0.03984375
0 0.46510416666666665 0.7478515625 0.03125 0.055078125
0 0.019270833333333334 0.7458984375 0.03229166666666667 0.058203125
0 0.3885416666666667 0.7494140625 0.0375 0.049609375
0 0.34791666666666665 0.7486328125 0.03125 0.054296875
0 0.30911458333333336 0.74921875 0.0390625 0.05234375
0 0.26848958333333334 0.7486328125 0.0359375 0.051953125
0 0.22291666666666668 0.748046875 0.04583333333333333 0.059375
0 0.17838541666666666 0.7498046875 0.04114583333333333 0.056640625
0 0.13489583333333333 0.7484375 0.03854166666666667 0.05390625
0 0.09192708333333334 0.7478515625 0.044270833333333336 0.055078125
0 0.8203125 0.659375 0.035416666666666666 0.04609375
0 0.7833333333333333 0.658203125 0.03333333333333333 0.046875
0 0.7471354166666667 0.65859375 0.0328125 0.04765625
0 0.7104166666666667 0.6583984375 0.030208333333333334 0.049609375
0 0.10052083333333334 0.8728515625 0.03125 0.058984375
0 0.6752604166666667 0.65703125 0.03177083333333333 0.0484375
0 0.4276041666666667 0.75078125 0.034375 0.05078125
0 0.13697916666666668 0.869921875 0.03958333333333333 0.0546875
0 0.8471354166666667 0.1208984375 0.04010416666666667 0.063671875
0 0.2125 0.8703125 0.03125 0.05546875
0 0.6364583333333333 0.655078125 0.041666666666666664 0.05234375
0 0.8658854166666666 0.3396484375 0.022395833333333334 0.102734375
0 0.8986979166666667 0.4029296875 0.0359375 0.044140625
0 0.9526041666666667 0.40546875 0.052083333333333336 0.05625
0 0.884375 0.5044921875 0.03333333333333333 0.044140625
0 0.9536458333333333 0.505078125 0.06770833333333333 0.04765625
0 0.9611979166666667 0.63359375 0.043229166666666666 0.0609375
0 0.9221354166666667 0.63125 0.024479166666666666 0.065625
0 0.8953125 0.6419921875 0.022916666666666665 0.043359375
0 0.8661458333333333 0.623828125 0.022916666666666665 0.08046875
0 0.9596354166666666 0.862109375 0.030729166666666665 0.078125
0 0.92734375 0.8583984375 0.027604166666666666 0.083203125
0 0.8940104166666667 0.8603515625 0.0265625 0.084765625
0 0.8614583333333333 0.8595703125 0.036458333333333336 0.092578125
0 0.17578125 0.86953125 0.0359375 0.05546875
0 0.82734375 0.8623046875 0.0265625 0.088671875
0 0.7544270833333333 0.85625 0.030729166666666665 0.0859375
0 0.7096354166666666 0.878125 0.0359375 0.053125
0 0.6747395833333333 0.8771484375 0.030729166666666665 0.057421875
0 0.6401041666666667 0.876171875 0.03333333333333333 0.0546875
0 0.6028645833333334 0.8751953125 0.03697916666666667 0.058203125
0 0.5640625 0.8740234375 0.040625 0.056640625
0 0.52421875 0.8720703125 0.0359375 0.061328125
0 0.4895833333333333 0.8712890625 0.03125 0.059765625
0 0.4552083333333333 0.8669921875 0.03125 0.068359375
0 0.39348958333333334 0.86796875 0.03177083333333333 0.06640625
0 0.3578125 0.866796875 0.03229166666666667 0.06796875
0 0.32317708333333334 0.873046875 0.033854166666666664 0.05390625
0 0.2859375 0.8744140625 0.034375 0.051953125
0 0.24947916666666667 0.86875 0.036458333333333336 0.05703125
0 0.78515625 0.8599609375 0.030729166666666665 0.077734375
0 0.5953125 0.6564453125 0.034375 0.051953125
0 0.38828125 0.4453125 0.04114583333333333 0.06640625
0 0.48020833333333335 0.6490234375 0.029166666666666667 0.048046875
0 0.5489583333333333 0.345703125 0.036458333333333336 0.06640625
0 0.59453125 0.34375 0.04635416666666667 0.06953125
0 0.6377604166666667 0.34609375 0.034895833333333334 0.071875
0 0.6825520833333333 0.347265625 0.043229166666666666 0.06953125
0 0.8145833333333333 0.3517578125 0.040625 0.068359375
0 0.013020833333333334 0.4431640625 0.022916666666666665 0.060546875
0 0.04869791666666667 0.441015625 0.0421875 0.065625
0 0.09557291666666666 0.441796875 0.044270833333333336 0.06796875
0 0.13802083333333334 0.4408203125 0.035416666666666666 0.070703125
0 0.1828125 0.446484375 0.03333333333333333 0.0671875
0 0.21692708333333333 0.445703125 0.033854166666666664 0.07109375
0 0.415625 0.341015625 0.046875 0.06796875
0 0.26119791666666664 0.44375 0.033854166666666664 0.071875
0 0.34453125 0.4453125 0.034895833333333334 0.0703125
0 0.43020833333333336 0.448046875 0.036458333333333336 0.0703125
0 0.5541666666666667 0.6576171875 0.04375 0.050390625
0 0.5125 0.447265625 0.03229166666666667 0.06875
0 0.5526041666666667 0.445703125 0.046875 0.07109375
0 0.5981770833333333 0.4474609375 0.033854166666666664 0.072265625
0 0.6393229166666666 0.4494140625 0.044270833333333336 0.068359375
0 0.68046875 0.4505859375 0.0359375 0.070703125
0 0.721875 0.4515625 0.040625 0.06875
0 0.7643229166666666 0.452734375 0.03697916666666667 0.07265625
0 0.8065104166666667 0.4541015625 0.04739583333333333 0.070703125
0 0.30182291666666666 0.4431640625 0.04010416666666667 0.073046875
0 0.8466145833333333 0.4556640625 0.0328125 0.076171875
0 0.37057291666666664 0.337109375 0.04114583333333333 0.07578125
0 0.28541666666666665 0.3353515625 0.036458333333333336 0.074609375
0 0.19270833333333334 0.22109375 0.05 0.08359375
0 0.24166666666666667 0.2251953125 0.046875 0.076953125
0 0.2908854166666667 0.226171875 0.044270833333333336 0.08125
0 0.33828125 0.2287109375 0.0453125 0.074609375
0 0.38333333333333336 0.230859375 0.040625 0.08046875
0 0.42473958333333334 0.2298828125 0.0390625 0.082421875
0 0.46901041666666665 0.228515625 0.0390625 0.07890625
0 0.5153645833333333 0.2318359375 0.050520833333333334 0.073828125
0 0.5622395833333333 0.2322265625 0.04010416666666667 0.078515625
0 0.6104166666666667 0.2341796875 0.052083333333333336 0.076171875
0 0.65703125 0.2353515625 0.034895833333333334 0.077734375
0 0.32578125 0.33671875 0.0390625 0.0734375
0 0.7002604166666667 0.23671875 0.049479166666666664 0.07578125
0 0.7880208333333333 0.2400390625 0.042708333333333334 0.071484375
0 0.83203125 0.240625 0.0359375 0.078125
0 0.8770833333333333 0.240625 0.04479166666666667 0.078125
0 0.9760416666666667 0.294921875 0.051041666666666666 0.07734375
0 0.9184895833333333 0.308203125 0.0484375 0.05
0 0.020052083333333335 0.3318359375 0.03697916666666667 0.073046875
0 0.06145833333333333 0.330859375 0.041666666666666664 0.07578125
0 0.10703125 0.3326171875 0.0484375 0.081640625
0 0.1546875 0.333203125 0.042708333333333334 0.08046875
0 0.20026041666666666 0.33359375 0.0453125 0.08125
0 0.24401041666666667 0.334765625 0.0390625 0.075
0 0.74609375 0.2380859375 0.03697916666666667 0.078515625
0 0.030208333333333334 0.53828125 0.0375 0.0703125
0 0.4705729166666667 0.4486328125 0.0453125 0.069921875
0 0.11067708333333333 0.5365234375 0.0421875 0.066796875
0 0.3606770833333333 0.541015625 0.03802083333333333 0.06640625
0 0.40286458333333336 0.5435546875 0.04010416666666667 0.062890625
0 0.44140625 0.5435546875 0.0296875 0.061328125
0 0.47708333333333336 0.5435546875 0.036458333333333336 0.062890625
0 0.5153645833333333 0.5455078125 0.034895833333333334 0.065234375
0 0.596875 0.5478515625 0.0375 0.054296875
0 0.63359375 0.551171875 0.0328125 0.06171875
0 0.06901041666666667 0.53828125 0.03697916666666667 0.07109375
0 0.71875 0.5509765625 0.028125 0.064453125
0 0.7567708333333333 0.5505859375 0.03854166666666667 0.066015625
0 0.7911458333333333 0.5525390625 0.026041666666666668 0.064453125
0 0.32005208333333335 0.540625 0.04114583333333333 0.0640625
0 0.8291666666666667 0.55234375 0.04375 0.0625
0 0.049479166666666664 0.6486328125 0.0375 0.048046875
0 0.08958333333333333 0.65078125 0.042708333333333334 0.0515625
0 0.13098958333333333 0.6513671875 0.033854166666666664 0.048046875
0 0.16822916666666668 0.6521484375 0.036458333333333336 0.048828125
0 0.20911458333333333 0.650390625 0.04010416666666667 0.05234375
0 0.25026041666666665 0.6423828125 0.03177083333333333 0.066015625
0 0.28541666666666665 0.64609375 0.03333333333333333 0.05859375
0 0.32447916666666665 0.64765625 0.03958333333333333 0.0546875
0 0.3653645833333333 0.6451171875 0.03697916666666667 0.057421875
0 0.40286458333333336 0.646484375 0.033854166666666664 0.059375
0 0.44114583333333335 0.645703125 0.035416666666666666 0.06171875
0 0.015625 0.64765625 0.028125 0.05
0 0.28020833333333334 0.5384765625 0.03333333333333333 0.068359375
0 0.6755208333333333 0.5509765625 0.04895833333333333 0.062890625
0 0.19895833333333332 0.5388671875 0.03958333333333333 0.062109375
0 0.15520833333333334 0.5390625 0.040625 0.0625
0 0.05703125 0.073828125 0.0421875 0.11328125
0 0.24088541666666666 0.5375 0.0359375 0.065625
0 0.14114583333333333 0.0837890625 0.03125 0.094140625
0 0.178125 0.0818359375 0.0375 0.094921875
0 0.21901041666666668 0.083984375 0.04114583333333333 0.10234375
0 0.26276041666666666 0.0857421875 0.043229166666666666 0.099609375
0 0.3028645833333333 0.0921875 0.0359375 0.10390625
0 0.3411458333333333 0.0875 0.0375 0.11328125
0 0.3807291666666667 0.0861328125 0.035416666666666666 0.111328125
0 0.4192708333333333 0.0875 0.0375 0.10859375
0 0.459375 0.08828125 0.036458333333333336 0.10546875
0 0.4984375 0.0904296875 0.03333333333333333 0.105078125
0 0.10130208333333333 0.0751953125 0.04010416666666667 0.108203125
0 0.5971354166666667 0.1080078125 0.0484375 0.069140625
0 0.54375 0.108203125 0.052083333333333336 0.06953125
0 0.10364583333333334 0.221875 0.041666666666666664 0.08203125
0 0.05677083333333333 0.21796875 0.041666666666666664 0.0796875
0 0.018229166666666668 0.2220703125 0.03333333333333333 0.075390625
0 0.9776041666666667 0.1720703125 0.046875 0.087890625
0 0.14713541666666666 0.2212890625 0.03697916666666667 0.082421875
0 0.7966145833333333 0.117578125 0.05364583333333333 0.0625
0 0.7440104166666667 0.116796875 0.0484375 0.06484375
0 0.6489583333333333 0.111328125 0.05416666666666667 0.06328125
0 0.8947916666666667 0.121484375 0.051041666666666666 0.0625
