0 0.4987745098039216 0.17662377450980393 0.03349673202614379 0.09160539215686274
0 0.37254901960784315 0.16881127450980393 0.04003267973856209 0.09497549019607843
0 0.4170751633986928 0.17294730392156862 0.03349673202614379 0.09160539215686274
0 0.4583333333333333 0.17493872549019607 0.03349673202614379 0.09191176470588236
0 0.3347630718954248 0.16482843137254902 0.0298202614379085 0.09558823529411764
0 0.5410539215686274 0.17708333333333334 0.03308823529411765 0.09191176470588236
0 0.5300245098039216 0.3990502450980392 0.04125816993464052 0.07935049019607843
0 0.6235702614379085 0.18060661764705882 0.03308823529411765 0.09160539215686274
0 0.6666666666666666 0.1795343137254902 0.03349673202614379 0.09191176470588236
0 0.7109885620915033 0.1790747549019608 0.03308823529411765 0.09160539215686274
0 0.6646241830065359 0.2896752450980392 0.11519607843137254 0.08792892156862746
0 0.5504493464052288 0.28599877450980393 0.1156045751633987 0.08363970588235294
0 0.29554738562091504 0.16697303921568626 0.027369281045751634 0.09865196078431372
0 0.5800653594771242 0.17830882352941177 0.03349673202614379 0.09191176470588236
0 0.2595996732026144 0.16069240196078433 0.028186274509803922 0.10876225490196079
0 0.19975490196078433 0.5618872549019608 0.09313725490196079 0.04534313725490196
0 0.11233660130718955 0.15931372549019607 0.03349673202614379 0.08700980392156862
0 0.07924836601307189 0.15303308823529413 0.02696078431372549 0.10202205882352941
0 0.03594771241830065 0.16207107843137256 0.03594771241830065 0.11090686274509803
0 0.05759803921568627 0.2890625 0.026143790849673203 0.10692401960784313
0 0.023080065359477125 0.2896752450980392 0.0298202614379085 0.1056985294117647
0 0.0377859477124183 0.40548406862745096 0.0755718954248366 0.09650735294117647
0 0.04718137254901961 0.5166973039215687 0.09436274509803921 0.0940563725490196
0 0.056372549019607844 0.6153492647058824 0.11274509803921569 0.03768382352941176
0 0.6109068627450981 0.602328431372549 0.11642156862745098 0.06801470588235294
0 0.48284313725490197 0.5899203431372549 0.1315359477124183 0.07873774509803921
0 0.088031045751634 0.27267156862745096 0.030637254901960783 0.08762254901960784
0 0.3799019607843137 0.6954656862745098 0.10375816993464053 0.03799019607843137
0 0.2673611111111111 0.6914828431372549 0.09272875816993464 0.04350490196078431
0 0.1687091503267974 0.6704963235294118 0.09313725490196079 0.05361519607843137
0 0.21997549019607843 0.15732230392156862 0.028186274509803922 0.10079656862745098
0 0.1582924836601307 0.2731311274509804 0.023284313725490197 0.08057598039215687
0 0.1750408496732026 0.38434436274509803 0.030637254901960783 0.0818014705882353
0 0.22549019607843138 0.2775735294117647 0.03022875816993464 0.0900735294117647
0 0.49754901960784315 0.49034926470588236 0.029411764705882353 0.08731617647058823
0 0.4616013071895425 0.49846813725490197 0.02369281045751634 0.08088235294117647
0 0.43423202614379086 0.4977022058823529 0.03431372549019608 0.0701593137254902
0 0.38255718954248363 0.4967830882352941 0.0298202614379085 0.07935049019607843
0 0.34906045751633985 0.4947916666666667 0.025735294117647058 0.07598039215686274
0 0.3147467320261438 0.4963235294117647 0.026552287581699346 0.07536764705882353
0 0.278390522875817 0.49172794117647056 0.025735294117647058 0.0821078431372549
0 0.2455065359477124 0.4918811274509804 0.02287581699346405 0.07935049019607843
0 0.21466503267973855 0.49111519607843135 0.027369281045751634 0.0857843137254902
0 0.17136437908496732 0.4880514705882353 0.0298202614379085 0.07720588235294118
0 0.1395016339869281 0.49264705882352944 0.024918300653594773 0.07291666666666667
0 0.10702614379084967 0.4892769607843137 0.02287581699346405 0.07965686274509803
0 0.4875408496732026 0.39767156862745096 0.03227124183006536 0.07720588235294118
0 0.4479166666666667 0.39368872549019607 0.03553921568627451 0.08026960784313726
0 0.1926062091503268 0.27619485294117646 0.030637254901960783 0.09037990196078431
0 0.4105392156862745 0.3938419117647059 0.02696078431372549 0.08486519607843138
0 0.33700980392156865 0.38955269607843135 0.03431372549019608 0.0860906862745098
0 0.29840686274509803 0.3874080882352941 0.03308823529411765 0.08547794117647059
0 0.2526552287581699 0.3871017156862745 0.030637254901960783 0.08118872549019608
0 0.21323529411764705 0.3854166666666667 0.03104575163398693 0.08455882352941177
0 0.05535130718954248 0.6579350490196079 0.10416666666666667 0.03155637254901961
0 0.1403186274509804 0.3834252450980392 0.0298202614379085 0.07873774509803921
0 0.10661764705882353 0.3794424019607843 0.031862745098039214 0.08915441176470588
0 0.477124183006536 0.2846200980392157 0.03022875816993464 0.0900735294117647
0 0.4424019607843137 0.2841605392156863 0.03022875816993464 0.09037990196078431
0 0.4054330065359477 0.2809436274509804 0.030637254901960783 0.0900735294117647
0 0.3715277777777778 0.28109681372549017 0.030637254901960783 0.09037990196078431
0 0.33619281045751637 0.28079044117647056 0.03022875816993464 0.09037990196078431
0 0.30126633986928103 0.2809436274509804 0.030637254901960783 0.0900735294117647
0 0.26491013071895425 0.2780330882352941 0.030637254901960783 0.09037990196078431
0 0.37479575163398693 0.3909313725490196 0.030637254901960783 0.0857843137254902
0 0.051470588235294115 0.6954656862745098 0.10294117647058823 0.03308823529411765
0 0.12540849673202614 0.27450980392156865 0.03349673202614379 0.08884803921568628
0 0.6180555555555556 0.6763174019607843 0.11519607843137254 0.0389093137254902
0 0.9689542483660131 0.11090686274509803 0.06209150326797386 0.06004901960784314
0 0.9068627450980392 0.10830269607843138 0.06045751633986928 0.060355392156862746
0 0.8449754901960784 0.10615808823529412 0.05841503267973856 0.06219362745098039
0 0.7777777777777778 0.1053921568627451 0.06209150326797386 0.058823529411764705
0 0.9736519607843137 0.03814338235294118 0.04861111111111111 0.06954656862745098
0 0.9140114379084967 0.038449754901960786 0.060866013071895424 0.07383578431372549
0 0.8451797385620915 0.0389093137254902 0.06209150326797386 0.06556372549019608
0 0.7790032679738562 0.034926470588235295 0.06454248366013073 0.06372549019607843
0 0.11029411764705882 0.0430453431372549 0.029411764705882353 0.07199754901960784
0 0.14460784313725492 0.041207107843137254 0.035130718954248366 0.07567401960784313
0 0.18443627450980393 0.040287990196078434 0.03553921568627451 0.07567401960784313
0 0.5367647058823529 0.49417892156862747 0.025326797385620915 0.08700980392156862
0 0.5720996732026143 0.49923406862745096 0.03308823529411765 0.07996323529411764
0 0.6031454248366013 0.5015318627450981 0.026552287581699346 0.07965686274509803
0 0.633578431372549 0.5013786764705882 0.03431372549019608 0.07751225490196079
0 0.6709558823529411 0.5064338235294118 0.03308823529411765 0.07965686274509803
0 0.7195669934640523 0.06403186274509803 0.034722222222222224 0.07230392156862746
0 0.6815767973856209 0.060814950980392156 0.024918300653594773 0.07383578431372549
0 0.6511437908496732 0.06173406862745098 0.02369281045751634 0.0744485294117647
0 0.616421568627451 0.05897671568627451 0.032679738562091505 0.07261029411764706
0 0.5551470588235294 0.047487745098039214 0.0457516339869281 0.09313725490196079
0 0.5044934640522876 0.04595588235294118 0.04003267973856209 0.09129901960784313
0 0.45751633986928103 0.04580269607843137 0.041666666666666664 0.09160539215686274
0 0.41380718954248363 0.04442401960784314 0.03349673202614379 0.08639705882352941
0 0.3061683006535948 0.0470281862745098 0.07802287581699346 0.07383578431372549
0 0.22406045751633988 0.04335171568627451 0.03553921568627451 0.07567401960784313
0 0.49611928104575165 0.6922487745098039 0.1156045751633987 0.08670343137254902
0 0.9379084967320261 0.2028186274509804 0.049836601307189546 0.05943627450980392
0 0.9852941176470589 0.2035845588235294 0.029411764705882353 0.057904411764705885
0 0.06433823529411764 0.042279411764705885 0.039624183006535946 0.08088235294117647
0 0.7128267973856209 0.4485294117647059 0.027777777777777776 0.061887254901960786
0 0.9252450980392157 0.3952205882352941 0.03104575163398693 0.04534313725490196
0 0.8754084967320261 0.45159313725490197 0.03022875816993464 0.04595588235294118
0 0.7401960784313726 0.6813725490196079 0.1053921568627451 0.041666666666666664
0 0.9820261437908496 0.4564950980392157 0.029411764705882353 0.04105392156862745
0 0.9464869281045751 0.4566482843137255 0.03022875816993464 0.040747549019607844
0 0.9123774509803921 0.45511642156862747 0.03145424836601307 0.04136029411764706
0 0.7749183006535948 0.4496017156862745 0.02369281045751634 0.04503676470588235
0 0.8065767973856209 0.4499080882352941 0.027369281045751634 0.04442401960784314
0 0.8772467320261438 0.20143995098039216 0.053513071895424834 0.05422794117647059
0 0.7342728758169934 0.7231924019607843 0.12050653594771242 0.03216911764705882
0 0.9628267973856209 0.39338235294117646 0.03022875816993464 0.051470588235294115
0 0.852328431372549 0.6773897058823529 0.09926470588235294 0.04718137254901961
0 0.9816176470588235 0.5868566176470589 0.03839869281045752 0.10202205882352941
0 0.8492647058823529 0.7287071078431373 0.10947712418300654 0.035845588235294115
0 0.8788807189542484 0.5882352941176471 0.030637254901960783 0.09191176470588236
0 0.7700163398692811 0.19852941176470587 0.06290849673202614 0.0625
0 0.8233251633986928 0.20082720588235295 0.04125816993464052 0.05545343137254902
0 0.7593954248366013 0.28707107843137253 0.05555555555555555 0.061274509803921566
0 0.8253676470588235 0.2890625 0.05514705882352941 0.06219362745098039
0 0.9183006535947712 0.5906862745098039 0.03676470588235294 0.08700980392156862
0 0.9583333333333334 0.2931985294117647 0.06454248366013073 0.06372549019607843
0 0.8884803921568627 0.28890931372549017 0.056372549019607844 0.05759803921568627
0 0.8139297385620915 0.38955269607843135 0.025735294117647058 0.05177696078431373
0 0.8533496732026143 0.3857230392156863 0.031862745098039214 0.049019607843137254
0 0.8897058823529411 0.38955269607843135 0.029411764705882353 0.05177696078431373
0 0.8406862745098039 0.45143995098039214 0.02696078431372549 0.046262254901960786
0 0.7406045751633987 0.44638480392156865 0.021241830065359478 0.061274509803921566
0 0.7800245098039216 0.39537377450980393 0.027369281045751634 0.06464460784313726
0 0.991421568627451 0.3949142156862745 0.017973856209150325 0.04595588235294118
