0 0.9138071895424836 0.18504901960784315 0.03839869281045752 0.07169117647058823
0 0.954248366013072 0.18489583333333334 0.03839869281045752 0.07138480392156862
0 0.8696895424836601 0.39920343137254904 0.042483660130718956 0.08517156862745098
0 0.9162581699346405 0.39981617647058826 0.042483660130718956 0.08517156862745098
0 0.9595588235294118 0.40012254901960786 0.042483660130718956 0.08517156862745098
0 0.991421568627451 0.3987438725490196 0.018790849673202614 0.0860906862745098
0 0.7054738562091504 0.49892769607843135 0.022058823529411766 0.07751225490196079
0 0.7348856209150327 0.4990808823529412 0.031862745098039214 0.07965686274509803
0 0.7763480392156863 0.49800857843137253 0.04044117647058824 0.08363970588235294
0 0.8541666666666666 0.5010723039215687 0.03839869281045752 0.07751225490196079
0 0.8982843137254902 0.5016850490196079 0.04411764705882353 0.07751225490196079
0 0.9456699346405228 0.5013786764705882 0.04411764705882353 0.07751225490196079
0 0.3770424836601307 0.6015625 0.03431372549019608 0.078125
0 0.4150326797385621 0.6049325980392157 0.03431372549019608 0.078125
0 0.45098039215686275 0.6035539215686274 0.03349673202614379 0.07598039215686274
0 0.4861111111111111 0.6038602941176471 0.03349673202614379 0.07598039215686274
0 0.522671568627451 0.6044730392156863 0.03390522875816993 0.07598039215686274
0 0.8296568627450981 0.4007352941176471 0.03676470588235294 0.08455882352941177
0 0.5594362745098039 0.6063112745098039 0.03390522875816993 0.07598039215686274
0 0.7881944444444444 0.40012254901960786 0.037173202614379085 0.08455882352941177
0 0.7138480392156863 0.40027573529411764 0.02246732026143791 0.0818014705882353
0 0.36151960784313725 0.41452205882352944 0.013888888888888888 0.08517156862745098
0 0.4470996732026144 0.4143688725490196 0.04044117647058824 0.08241421568627451
0 0.48856209150326796 0.40471813725490197 0.028594771241830064 0.0778186274509804
0 0.5212418300653595 0.41299019607843135 0.03349673202614379 0.0821078431372549
0 0.559640522875817 0.41513480392156865 0.03349673202614379 0.0821078431372549
0 0.5986519607843137 0.41268382352941174 0.03390522875816993 0.0821078431372549
0 0.6376633986928104 0.41268382352941174 0.03349673202614379 0.0821078431372549
0 0.3743872549019608 0.5102634803921569 0.03553921568627451 0.07628676470588236
0 0.4127859477124183 0.5099571078431373 0.03553921568627451 0.078125
0 0.4477124183006536 0.5111825980392157 0.03022875816993464 0.07322303921568628
0 0.4834558823529412 0.5111825980392157 0.034722222222222224 0.07689950980392157
0 0.5212418300653595 0.5124080882352942 0.03431372549019608 0.07689950980392157
0 0.5575980392156863 0.5117953431372549 0.03431372549019608 0.07689950980392157
0 0.5947712418300654 0.5130208333333334 0.03431372549019608 0.07689950980392157
0 0.6323529411764706 0.5142463235294118 0.03431372549019608 0.07689950980392157
0 0.7463235294117647 0.40027573529411764 0.03676470588235294 0.08425245098039216
0 0.5953839869281046 0.6081495098039216 0.03390522875816993 0.07598039215686274
0 0.6311274509803921 0.6121323529411765 0.03349673202614379 0.07598039215686274
0 0.6995506535947712 0.5957414215686274 0.015931372549019607 0.08118872549019608
0 0.9136029411764706 0.7037377450980392 0.04861111111111111 0.09375
0 0.9628267973856209 0.7081801470588235 0.041666666666666664 0.09160539215686274
0 0.38419117647058826 0.7798713235294118 0.03880718954248366 0.06893382352941177
0 0.42769607843137253 0.7844669117647058 0.03839869281045752 0.06893382352941177
0 0.4742647058823529 0.7870710784313726 0.03839869281045752 0.06924019607843138
0 0.5175653594771242 0.7907475490196079 0.04084967320261438 0.06985294117647059
0 0.5657679738562091 0.7931985294117647 0.04084967320261438 0.06985294117647059
0 0.6143790849673203 0.796109068627451 0.04084967320261438 0.06954656862745098
0 0.6940359477124183 0.7967218137254902 0.0196078431372549 0.07322303921568628
0 0.7226307189542484 0.7988664215686274 0.03431372549019608 0.07689950980392157
0 0.761437908496732 0.8010110294117647 0.03758169934640523 0.07751225490196079
0 0.7994281045751634 0.8025428921568627 0.031862745098039214 0.07751225490196079
0 0.8368055555555556 0.8051470588235294 0.03799019607843137 0.0778186274509804
0 0.8770424836601307 0.8091299019607843 0.03758169934640523 0.0778186274509804
0 0.928921568627451 0.8092830882352942 0.022058823529411766 0.014399509803921568
0 0.8666258169934641 0.7035845588235294 0.042075163398692814 0.09221813725490197
0 0.8220996732026143 0.7014399509803921 0.042075163398692814 0.09221813725490197
0 0.7779820261437909 0.7006740196078431 0.042075163398692814 0.09252450980392157
0 0.7340686274509803 0.7005208333333334 0.03839869281045752 0.08854166666666667
0 0.7285539215686274 0.5971200980392157 0.03390522875816993 0.08026960784313726
0 0.7683823529411765 0.5978860294117647 0.03349673202614379 0.08057598039215687
0 0.8078022875816994 0.6012561274509803 0.03553921568627451 0.08057598039215687
0 0.8394607843137255 0.5853247549019608 0.026143790849673203 0.06709558823529412
0 0.8890931372549019 0.6001838235294118 0.039624183006535946 0.08394607843137254
0 0.931781045751634 0.6044730392156863 0.0392156862745098 0.08394607843137254
0 0.9756944444444444 0.6050857843137255 0.039624183006535946 0.08394607843137254
0 0.39624183006535946 0.4368872549019608 0.042483660130718956 0.04656862745098039
0 0.37602124183006536 0.6910232843137255 0.03553921568627451 0.07077205882352941
0 0.4479166666666667 0.6924019607843137 0.02900326797385621 0.07107843137254902
0 0.4810049019607843 0.6933210784313726 0.03145424836601307 0.07169117647058823
0 0.5165441176470589 0.6966911764705882 0.0363562091503268 0.07169117647058823
0 0.5545343137254902 0.6980698529411765 0.0363562091503268 0.07138480392156862
0 0.5927287581699346 0.7008272058823529 0.03676470588235294 0.07138480392156862
0 0.6284722222222222 0.7037377450980392 0.03145424836601307 0.06924019607843138
0 0.6987336601307189 0.6980698529411765 0.025735294117647058 0.08792892156862746
0 0.41360294117647056 0.6922487745098039 0.03553921568627451 0.07077205882352941
0 0.9127859477124183 0.7884497549019608 0.020016339869281044 0.013174019607843137
0 0.3882761437908497 0.38495710784313725 0.03553921568627451 0.05238970588235294
0 0.9297385620915033 0.2916666666666667 0.04330065359477124 0.0857843137254902
0 0.286968954248366 0.6815257352941176 0.03308823529411765 0.07873774509803921
0 0.2522467320261438 0.6798406862745098 0.03308823529411765 0.07904411764705882
0 0.18852124183006536 0.6767769607843137 0.03308823529411765 0.07904411764705882
0 0.15298202614379086 0.6753982843137255 0.03308823529411765 0.07873774509803921
0 0.11866830065359477 0.6747855392156863 0.03308823529411765 0.07873774509803921
0 0.08394607843137254 0.6723345588235294 0.03308823529411765 0.07873774509803921
0 0.28104575163398693 0.5831801470588235 0.03104575163398693 0.07138480392156862
0 0.24918300653594772 0.5833333333333334 0.03104575163398693 0.07169117647058823
0 0.21486928104575165 0.5833333333333334 0.03022875816993464 0.07230392156862746
0 0.18218954248366012 0.5839460784313726 0.03104575163398693 0.07169117647058823
0 0.1482843137254902 0.5824142156862745 0.03104575163398693 0.07169117647058823
0 0.11397058823529412 0.5805759803921569 0.03349673202614379 0.07107843137254902
0 0.07883986928104575 0.5778186274509803 0.03349673202614379 0.07107843137254902
0 0.2804330065359477 0.49371936274509803 0.03145424836601307 0.07751225490196079
0 0.24734477124183007 0.49387254901960786 0.03145424836601307 0.07720588235294118
0 0.0900735294117647 0.764859068627451 0.03227124183006536 0.06709558823529412
0 0.12397875816993464 0.766390931372549 0.03227124183006536 0.06709558823529412
0 0.1582924836601307 0.7810968137254902 0.03145424836601307 0.046875
0 0.19178921568627452 0.7706801470588235 0.030637254901960783 0.06587009803921569
0 0.8727532679738562 0.18642769607843138 0.03799019607843137 0.07138480392156862
0 0.829248366013072 0.1871936274509804 0.03839869281045752 0.07169117647058823
0 0.7871732026143791 0.18933823529411764 0.042483660130718956 0.07107843137254902
0 0.7265114379084967 0.19102328431372548 0.024101307189542485 0.06954656862745098
0 0.6509395424836601 0.18979779411764705 0.0298202614379085 0.10631127450980392
0 0.6166258169934641 0.18964460784313725 0.03553921568627451 0.10845588235294118
0 0.5778186274509803 0.18857230392156862 0.037173202614379085 0.11243872549019608
0 0.21609477124183007 0.4846813725490196 0.028594771241830064 0.07352941176470588
0 0.5406454248366013 0.19025735294117646 0.037173202614379085 0.11274509803921569
0 0.46711601307189543 0.20235906862745098 0.02900326797385621 0.09528186274509803
0 0.4360702614379085 0.20143995098039216 0.02900326797385621 0.09528186274509803
0 0.403390522875817 0.20220588235294118 0.03390522875816993 0.09620098039215687
0 0.3654003267973856 0.20496323529411764 0.034722222222222224 0.09436274509803921
0 0.28737745098039214 0.7765012254901961 0.030637254901960783 0.06954656862745098
0 0.25592320261437906 0.7746629901960784 0.030637254901960783 0.06954656862745098
0 0.22365196078431374 0.7723651960784313 0.030637254901960783 0.06985294117647059
0 0.5016339869281046 0.1954656862745098 0.032679738562091505 0.10355392156862746
0 0.17647058823529413 0.4898897058823529 0.032679738562091505 0.07352941176470588
0 0.1409313725490196 0.4898897058823529 0.032679738562091505 0.07352941176470588
0 0.10620915032679738 0.4889705882352941 0.032679738562091505 0.07352941176470588
0 0.10334967320261437 0.20511642156862744 0.03022875816993464 0.06158088235294118
0 0.06985294117647059 0.20511642156862744 0.03104575163398693 0.06096813725490196
0 0.03390522875816993 0.2034313725490196 0.03104575163398693 0.061274509803921566
0 0.3707107843137255 0.3125 0.03799019607843137 0.09191176470588236
0 0.4111519607843137 0.31066176470588236 0.034722222222222224 0.09191176470588236
0 0.4470996732026144 0.3125 0.034722222222222224 0.09191176470588236
0 0.4838643790849673 0.31142769607843135 0.034722222222222224 0.09221813725490197
0 0.136437908496732 0.2034313725490196 0.03022875816993464 0.061274509803921566
0 0.5220588235294118 0.31096813725490197 0.035130718954248366 0.09191176470588236
0 0.6017156862745098 0.3034620098039216 0.03022875816993464 0.08057598039215687
0 0.6380718954248366 0.30713848039215685 0.03594771241830065 0.08854166666666667
0 0.7226307189542484 0.29503676470588236 0.02369281045751634 0.08639705882352941
0 0.7563316993464052 0.2936580882352941 0.03880718954248366 0.08486519607843138
0 0.798202614379085 0.2936580882352941 0.03839869281045752 0.08486519607843138
0 0.8392565359477124 0.29442401960784315 0.03880718954248366 0.08455882352941177
0 0.8827614379084967 0.2933517156862745 0.03839869281045752 0.08486519607843138
0 0.5620915032679739 0.31112132352941174 0.03676470588235294 0.09160539215686274
0 0.9750816993464052 0.29059436274509803 0.04330065359477124 0.0860906862745098
0 0.1687091503267974 0.2029718137254902 0.03022875816993464 0.06158088235294118
0 0.2397875816993464 0.1954656862745098 0.03104575163398693 0.07536764705882353
0 0.07026143790849673 0.49080882352941174 0.032679738562091505 0.07352941176470588
0 0.27675653594771243 0.3981311274509804 0.03308823529411765 0.07996323529411764
0 0.23876633986928106 0.39705882352941174 0.03308823529411765 0.08026960784313726
0 0.17034313725490197 0.39659926470588236 0.03349673202614379 0.07996323529411764
0 0.1352124183006536 0.39537377450980393 0.03349673202614379 0.07996323529411764
0 0.09926470588235294 0.3943014705882353 0.03349673202614379 0.08026960784313726
0 0.20383986928104575 0.20389093137254902 0.03349673202614379 0.0628063725490196
0 0.06372549019607843 0.3944546568627451 0.03349673202614379 0.07996323529411764
0 0.23713235294117646 0.2971813725490196 0.03390522875816993 0.08394607843137254
0 0.2020016339869281 0.29840686274509803 0.03390522875816993 0.08394607843137254
0 0.16482843137254902 0.2971813725490196 0.03390522875816993 0.08394607843137254
0 0.12928921568627452 0.29702818627450983 0.03390522875816993 0.08363970588235294
0 0.09170751633986927 0.296875 0.03390522875816993 0.08394607843137254
0 0.05494281045751634 0.296875 0.03390522875816993 0.08394607843137254
0 0.2710375816993464 0.1959252450980392 0.02900326797385621 0.078125
0 0.27369281045751637 0.2974877450980392 0.03431372549019608 0.08394607843137254
0 0.9597630718954249 0.8106617647058824 0.03308823529411765 0.0778186274509804
