0 0.1517565359477124 0.6516544117647058 0.020016339869281044 0.034926470588235295
0 0.17340686274509803 0.6533394607843137 0.020833333333333332 0.033394607843137254
0 0.32945261437908496 0.6415441176470589 0.01919934640522876 0.044730392156862746
0 0.23345588235294118 0.29105392156862747 0.034722222222222224 0.05575980392156863
0 0.2734885620915033 0.2927389705882353 0.0363562091503268 0.0548406862745098
0 0.31576797385620914 0.29151348039215685 0.03839869281045752 0.0664828431372549
0 0.3596813725490196 0.29044117647058826 0.04044117647058824 0.06678921568627451
0 0.4007352941176471 0.28890931372549017 0.03676470588235294 0.07107843137254902
0 0.9887663398692811 0.4183517156862745 0.02246732026143791 0.08057598039215687
0 0.04616013071895425 0.6374080882352942 0.06290849673202614 0.12040441176470588
0 0.2406045751633987 0.1400122549019608 0.0661764705882353 0.06004901960784314
0 0.1503267973856209 0.12331495098039216 0.04656862745098039 0.0860906862745098
0 0.2426470588235294 0.6619178921568627 0.02369281045751634 0.033394607843137254
0 0.2769607843137255 0.6824448529411765 0.0196078431372549 0.03952205882352941
0 0.3016748366013072 0.6766237745098039 0.023284313725490197 0.03829656862745098
0 0.3533496732026144 0.6456801470588235 0.021241830065359478 0.0389093137254902
0 0.3276143790849673 0.6864276960784313 0.018790849673202614 0.03768382352941176
0 0.3502859477124183 0.6861213235294118 0.02165032679738562 0.03707107843137255
0 0.3764297385620915 0.6862745098039216 0.024101307189542485 0.037377450980392156
0 0.40236928104575165 0.6852022058823529 0.02369281045751634 0.0389093137254902
0 0.4411764705882353 0.6839767156862745 0.041666666666666664 0.04258578431372549
0 0.4863153594771242 0.6839767156862745 0.04534313725490196 0.04503676470588235
0 0.5212418300653595 0.6822916666666666 0.02042483660130719 0.04718137254901961
0 0.5439133986928104 0.6842830882352942 0.023284313725490197 0.043198529411764705
0 0.5712826797385621 0.680453431372549 0.024918300653594773 0.04105392156862745
0 0.5945669934640523 0.6744791666666666 0.01919934640522876 0.03768382352941176
0 0.4040032679738562 0.6392463235294118 0.01715686274509804 0.017463235294117647
0 0.6858660130718954 0.6659007352941176 0.01715686274509804 0.0389093137254902
0 0.7087418300653595 0.6663602941176471 0.026143790849673203 0.03676470588235294
0 0.7759395424836601 0.6887254901960784 0.02246732026143791 0.037377450980392156
0 0.8008578431372549 0.6887254901960784 0.025735294117647058 0.0392156862745098
0 0.8092320261437909 0.4177389705882353 0.032679738562091505 0.07383578431372549
0 0.2630718954248366 0.22319240196078433 0.05800653594771242 0.07322303921568628
0 0.9072712418300654 0.6786151960784313 0.04738562091503268 0.05943627450980392
0 0.16891339869281047 0.22334558823529413 0.054330065359477125 0.08455882352941177
0 0.9340277777777778 0.14613970588235295 0.05841503267973856 0.0821078431372549
0 0.8553921568627451 0.41973039215686275 0.04656862745098039 0.0778186274509804
0 0.9185049019607843 0.4330575980392157 0.037173202614379085 0.048100490196078434
0 0.9569035947712419 0.4325980392156863 0.034722222222222224 0.04963235294117647
0 0.029411764705882353 0.4820772058823529 0.0457516339869281 0.10631127450980392
0 0.12969771241830066 0.5421262254901961 0.061683006535947715 0.08302696078431372
0 0.20302287581699346 0.5359987745098039 0.07352941176470588 0.07506127450980392
0 0.27062908496732024 0.5419730392156863 0.056781045751633986 0.06556372549019608
0 0.3464052287581699 0.5314031862745098 0.06944444444444445 0.0818014705882353
0 0.4679330065359477 0.5413602941176471 0.0494281045751634 0.08394607843137254
0 0.4040032679738562 0.5052083333333334 0.03676470588235294 0.04350490196078431
0 0.5196078431372549 0.5399816176470589 0.04084967320261438 0.08363970588235294
0 0.5688316993464052 0.5626531862745098 0.046977124183006536 0.04503676470588235
0 0.5559640522875817 0.5078125 0.027777777777777776 0.04871323529411765
0 0.6166258169934641 0.5487132352941176 0.04370915032679738 0.0741421568627451
0 0.6636029411764706 0.5513174019607843 0.03799019607843137 0.0664828431372549
0 0.724468954248366 0.5526960784313726 0.06740196078431372 0.06678921568627451
0 0.8284313725490197 0.5422794117647058 0.051470588235294115 0.08455882352941177
0 0.8743872549019608 0.5477941176470589 0.03799019607843137 0.09191176470588236
0 0.9099264705882353 0.5166973039215687 0.0298202614379085 0.03952205882352941
0 0.9131944444444444 0.5620404411764706 0.0298202614379085 0.04381127450980392
0 0.9575163398692811 0.5663296568627451 0.0392156862745098 0.046875
0 0.3043300653594771 0.12867647058823528 0.05800653594771242 0.08149509803921569
0 0.3568218954248366 0.12653186274509803 0.04125816993464052 0.08517156862745098
0 0.43770424836601307 0.14261642156862744 0.08455882352941177 0.06096813725490196
0 0.5253267973856209 0.13893995098039216 0.08169934640522876 0.07751225490196079
0 0.6117238562091504 0.13848039215686275 0.08619281045751634 0.07659313725490197
0 0.6909722222222222 0.14966299019607843 0.06658496732026144 0.06219362745098039
0 0.7738970588235294 0.1488970588235294 0.08129084967320262 0.0704656862745098
0 0.8643790849673203 0.1482843137254902 0.06045751633986928 0.0741421568627451
0 0.09701797385620915 0.26256127450980393 0.0821078431372549 0.10723039215686274
0 0.8833741830065359 0.6142769607843137 0.0428921568627451 0.012254901960784314
0 0.8453839869281046 0.6753982843137255 0.0363562091503268 0.060355392156862746
0 0.9303513071895425 0.6171875 0.04125816993464052 0.013174019607843137
0 0.8833741830065359 0.6279105392156863 0.0428921568627451 0.012561274509803922
0 0.26695261437908496 0.3880208333333333 0.039624183006535946 0.04197303921568627
0 0.2549019607843137 0.4293811274509804 0.051470588235294115 0.026041666666666668
0 0.4605800653594771 0.8192401960784313 0.03799019607843137 0.10661764705882353
0 0.5008169934640523 0.8258272058823529 0.03594771241830065 0.11121323529411764
0 0.5408496732026143 0.8218443627450981 0.04003267973856209 0.09650735294117647
0 0.577001633986928 0.8255208333333334 0.026552287581699346 0.10324754901960784
0 0.6060049019607843 0.8154105392156863 0.025735294117647058 0.09221813725490197
0 0.6350081699346405 0.7870710784313726 0.027369281045751634 0.09313725490196079
0 0.6656454248366013 0.7916666666666666 0.02900326797385621 0.0900735294117647
0 0.7359068627450981 0.84375 0.060866013071895424 0.0704656862745098
0 0.7945261437908496 0.8333333333333334 0.049836601307189546 0.07598039215686274
0 0.8519199346405228 0.8301164215686274 0.05923202614379085 0.07567401960784313
0 0.3165849673202614 0.4131433823529412 0.05310457516339869 0.05974264705882353
0 0.9191176470588235 0.8382352941176471 0.05800653594771242 0.07230392156862746
0 0.1968954248366013 0.4021139705882353 0.04738562091503268 0.08241421568627451
0 0.12316176470588236 0.41329656862745096 0.05841503267973856 0.05759803921568627
0 0.9281045751633987 0.2679227941176471 0.07598039215686274 0.09712009803921569
0 0.8613153594771242 0.3008578431372549 0.044526143790849675 0.07291666666666667
0 0.8141339869281046 0.3010110294117647 0.042483660130718956 0.07322303921568628
0 0.8431372549019608 0.24892769607843138 0.04493464052287582 0.020526960784313725
0 0.7569444444444444 0.29442401960784315 0.03022875816993464 0.08088235294117647
0 0.7238562091503268 0.29641544117647056 0.03349673202614379 0.07383578431372549
0 0.676062091503268 0.2841605392156863 0.05310457516339869 0.09650735294117647
0 0.6264297385620915 0.296875 0.0363562091503268 0.06985294117647059
0 0.579248366013072 0.2931985294117647 0.03758169934640523 0.0661764705882353
0 0.5351307189542484 0.29381127450980393 0.04493464052287582 0.06862745098039216
0 0.4444444444444444 0.2924325980392157 0.04820261437908497 0.06525735294117647
0 0.977328431372549 0.8321078431372549 0.04616013071895425 0.07598039215686274
0 0.372140522875817 0.4106924019607843 0.03594771241830065 0.07077205882352941
0 0.7716503267973857 0.4183517156862745 0.02696078431372549 0.07322303921568628
0 0.47732843137254904 0.4114583333333333 0.044526143790849675 0.07230392156862746
0 0.4185049019607843 0.4100796568627451 0.04616013071895425 0.07383578431372549
0 0.6695261437908496 0.4183517156862745 0.05718954248366013 0.06341911764705882
0 0.6086601307189542 0.41237745098039214 0.04084967320261438 0.0704656862745098
0 0.42258986928104575 0.8373161764705882 0.024101307189542485 0.08272058823529412
0 0.3880718954248366 0.8314950980392157 0.03431372549019608 0.0974264705882353
0 0.7205882352941176 0.4186580882352941 0.04003267973856209 0.07322303921568628
0 0.3196486928104575 0.8287377450980392 0.026552287581699346 0.10232843137254902
0 0.35294117647058826 0.8307291666666666 0.03349673202614379 0.09650735294117647
0 0.18259803921568626 0.8152573529411765 0.032679738562091505 0.10232843137254902
0 0.1454248366013072 0.8056066176470589 0.03349673202614379 0.10324754901960784
0 0.03370098039215686 0.8186274509803921 0.05759803921568627 0.11213235294117647
0 0.9844771241830066 0.6651348039215687 0.03104575163398693 0.05698529411764706
0 0.5671977124183006 0.4108455882352941 0.0363562091503268 0.06801470588235294
0 0.9430147058823529 0.6637561274509803 0.016748366013071895 0.04932598039215686
0 0.5218545751633987 0.4106924019607843 0.04125816993464052 0.07261029411764706
0 0.21752450980392157 0.8170955882352942 0.03308823529411765 0.10661764705882353
