0 0.028205128205128206 0.5576923076923077 0.023931623931623933 0.04519230769230769
0 0.05683760683760684 0.5579326923076923 0.026495726495726495 0.04567307692307692
0 0.08525641025641026 0.5578125 0.023504273504273504 0.042067307692307696
0 0.15705128205128205 0.5605769230769231 0.01752136752136752 0.06923076923076923
0 0.11688034188034188 0.5502403846153846 0.021794871794871794 0.04230769230769231
0 0.3367521367521368 0.5615384615384615 0.03162393162393162 0.08942307692307692
0 0.7711538461538462 0.5495192307692308 0.025213675213675214 0.07740384615384616
0 0.7376068376068377 0.5550480769230769 0.023931623931623933 0.07932692307692307
0 0.7108974358974359 0.5576923076923077 0.02435897435897436 0.08173076923076923
0 0.414957264957265 0.5602163461538462 0.03076923076923077 0.08677884615384615
0 0.635042735042735 0.5580528846153846 0.024786324786324785 0.07043269230769231
0 0.6025641025641025 0.5599759615384615 0.03076923076923077 0.06802884615384615
0 0.5651709401709402 0.5564903846153846 0.03205128205128205 0.08557692307692308
0 0.532051282051282 0.5579326923076923 0.02564102564102564 0.08221153846153846
0 0.5034188034188034 0.5576923076923077 0.023076923076923078 0.08173076923076923
0 0.272008547008547 0.5721153846153846 0.027777777777777776 0.07692307692307693
0 0.2405982905982906 0.5731971153846154 0.024786324786324785 0.07283653846153847
0 0.21025641025641026 0.5743990384615385 0.02905982905982906 0.07235576923076924
0 0.17927350427350427 0.5764423076923076 0.021794871794871794 0.07355769230769231
0 0.4752136752136752 0.5576923076923077 0.026495726495726495 0.08173076923076923
0 0.37072649572649574 0.5599759615384615 0.029487179487179487 0.08629807692307692
0 0.44572649572649575 0.5588942307692307 0.02735042735042735 0.08413461538461539
0 0.6722222222222223 0.553125 0.039316239316239315 0.07884615384615384
0 0.1623931623931624 0.6794471153846153 0.03162393162393162 0.08052884615384616
0 0.8418803418803419 0.5481971153846154 0.02564102564102564 0.078125
0 0.7305555555555555 0.6799278846153847 0.02606837606837607 0.04158653846153846
0 0.7014957264957264 0.6804086538461539 0.027777777777777776 0.04591346153846154
0 0.658974358974359 0.6810096153846154 0.023931623931623933 0.047115384615384615
0 0.6316239316239316 0.682451923076923 0.023931623931623933 0.046634615384615385
0 0.6004273504273504 0.6835336538461538 0.026495726495726495 0.04591346153846154
0 0.561965811965812 0.6765625 0.04188034188034188 0.08100961538461539
0 0.5164529914529915 0.676923076923077 0.04316239316239316 0.08173076923076923
0 0.46816239316239316 0.6813701923076924 0.04487179487179487 0.08149038461538462
0 0.4047008547008547 0.676923076923077 0.06495726495726496 0.08798076923076924
0 0.33397435897435895 0.6858173076923076 0.06452991452991454 0.07788461538461539
0 0.27542735042735045 0.6790865384615384 0.03461538461538462 0.07692307692307693
0 0.7997863247863248 0.5481971153846154 0.02863247863247863 0.07475961538461538
0 0.2388888888888889 0.6790865384615384 0.03162393162393162 0.07692307692307693
0 0.9384615384615385 0.4359375 0.028205128205128206 0.08004807692307692
0 0.08055555555555556 0.728125 0.057692307692307696 0.027884615384615386
0 0.07307692307692308 0.7006009615384615 0.042735042735042736 0.01610576923076923
0 0.03504273504273504 0.7171875 0.015384615384615385 0.036778846153846155
0 0.013888888888888888 0.7201923076923077 0.02264957264957265 0.03990384615384615
0 0.12371794871794872 0.637860576923077 0.03376068376068376 0.04927884615384615
0 0.08653846153846154 0.6395432692307692 0.03205128205128205 0.04975961538461538
0 0.03226495726495727 0.651201923076923 0.06452991452991454 0.015865384615384615
0 0.9412393162393162 0.5460336538461539 0.02863247863247863 0.07379807692307692
0 0.9108974358974359 0.5443509615384615 0.027777777777777776 0.07043269230769231
0 0.8775641025641026 0.5457932692307692 0.03205128205128205 0.0733173076923077
0 0.19914529914529913 0.6788461538461539 0.028205128205128206 0.0764423076923077
0 0.9104700854700855 0.43569711538461536 0.021794871794871794 0.07956730769230769
0 0.6527777777777778 0.30540865384615384 0.08247863247863248 0.10024038461538462
0 0.844017094017094 0.4385817307692308 0.018803418803418803 0.08533653846153846
0 0.2170940170940171 0.18870192307692307 0.037606837606837605 0.09903846153846153
0 0.27286324786324784 0.18221153846153845 0.050854700854700854 0.09519230769230769
0 0.33995726495726497 0.18882211538461538 0.03803418803418803 0.07475961538461538
0 0.40064102564102566 0.178125 0.050854700854700854 0.09951923076923076
0 0.4594017094017094 0.178125 0.04871794871794872 0.08701923076923077
0 0.5181623931623932 0.1751201923076923 0.04658119658119658 0.09927884615384615
0 0.5737179487179487 0.1704326923076923 0.054273504273504275 0.09326923076923077
0 0.6275641025641026 0.17127403846153846 0.04829059829059829 0.09158653846153846
0 0.7155982905982906 0.16995192307692308 0.06111111111111111 0.09807692307692308
0 0.7782051282051282 0.16875 0.05555555555555555 0.09278846153846154
0 0.8514957264957265 0.15865384615384615 0.0858974358974359 0.10336538461538461
0 0.9215811965811965 0.16670673076923076 0.049145299145299144 0.08245192307692308
0 0.9324786324786325 0.10024038461538462 0.04871794871794872 0.007692307692307693
0 0.7944444444444444 0.6670673076923077 0.08803418803418804 0.015865384615384615
0 0.9228632478632479 0.11262019230769231 0.0405982905982906 0.007932692307692307
0 0.2153846153846154 0.32716346153846154 0.07777777777777778 0.09182692307692308
0 0.29957264957264956 0.32608173076923075 0.0829059829059829 0.08966346153846154
0 0.38974358974358975 0.32415865384615383 0.08888888888888889 0.08870192307692308
0 0.47884615384615387 0.31634615384615383 0.08247863247863248 0.09423076923076923
0 0.045085470085470085 0.4501201923076923 0.07393162393162393 0.06514423076923077
0 0.03974358974358974 0.34783653846153845 0.07435897435897436 0.0625
0 0.8457264957264957 0.29675480769230766 0.12564102564102564 0.09831730769230769
0 0.7363247863247864 0.30504807692307695 0.0811965811965812 0.09951923076923076
0 0.1658119658119658 0.18725961538461539 0.04871794871794872 0.09326923076923077
0 0.8651709401709402 0.43810096153846156 0.01752136752136752 0.08100961538461539
0 0.11004273504273504 0.1842548076923077 0.0405982905982906 0.08389423076923076
0 0.5638888888888889 0.3111778846153846 0.0841880341880342 0.09927884615384615
0 0.8121794871794872 0.4391826923076923 0.02606837606837607 0.08653846153846154
0 0.7799145299145299 0.44314903846153847 0.026495726495726495 0.08485576923076923
0 0.7416666666666667 0.4420673076923077 0.03205128205128205 0.08605769230769231
0 0.70491452991453 0.44483173076923077 0.03461538461538462 0.08822115384615385
0 0.6724358974358975 0.4436298076923077 0.023504273504273504 0.08581730769230769
0 0.6384615384615384 0.43317307692307694 0.026495726495726495 0.06201923076923077
0 0.6055555555555555 0.4332932692307692 0.029914529914529916 0.062259615384615385
0 0.5728632478632478 0.4359375 0.014957264957264958 0.05841346153846154
0 0.5525641025641026 0.43701923076923077 0.011965811965811967 0.05432692307692308
0 0.6027777777777777 0.47596153846153844 0.10213675213675213 0.019230769230769232
0 0.532051282051282 0.44795673076923076 0.020512820512820513 0.08245192307692308
0 0.502991452991453 0.44915865384615383 0.02735042735042735 0.08197115384615385
0 0.4739316239316239 0.45048076923076924 0.023931623931623933 0.08125
0 0.4438034188034188 0.4522836538461538 0.02863247863247863 0.08485576923076923
0 0.40384615384615385 0.45072115384615385 0.029914529914529916 0.08173076923076923
0 0.37222222222222223 0.45348557692307695 0.026495726495726495 0.08149038461538462
0 0.3405982905982906 0.4573317307692308 0.023076923076923078 0.07379807692307692
0 0.3104700854700855 0.45528846153846153 0.02863247863247863 0.07884615384615384
0 0.2794871794871795 0.4556490384615385 0.026495726495726495 0.08581730769230769
0 0.2504273504273504 0.45625 0.022222222222222223 0.08365384615384615
0 0.22115384615384615 0.45492788461538464 0.023504273504273504 0.08725961538461538
0 0.15256410256410258 0.4606971153846154 0.03333333333333333 0.09254807692307693
0 0.11623931623931624 0.4606971153846154 0.03162393162393162 0.09254807692307693
0 0.05982905982905983 0.18209134615384615 0.04358974358974359 0.08918269230769231
0 0.7955128205128205 0.6854567307692307 0.09017094017094017 0.01610576923076923
0 0.754059829059829 0.7984375 0.08931623931623932 0.015625
0 0.8839743589743589 0.6643028846153847 0.07136752136752136 0.013701923076923077
0 0.7972222222222223 0.7030048076923077 0.09358974358974359 0.014663461538461538
0 0.9491452991452991 0.8373798076923077 0.10427350427350428 0.01706730769230769
0 0.9478632478632478 0.8195913461538461 0.10683760683760683 0.01514423076923077
0 0.8523504273504273 0.8201923076923077 0.07136752136752136 0.10192307692307692
0 0.7645299145299145 0.8436298076923077 0.09914529914529914 0.017548076923076923
0 0.6465811965811966 0.8435096153846153 0.1188034188034188 0.01730769230769231
0 0.5655982905982906 0.8274038461538461 0.027777777777777776 0.0798076923076923
0 0.5341880341880342 0.8274038461538461 0.029914529914529916 0.0798076923076923
0 0.45042735042735044 0.8461538461538461 0.11282051282051282 0.016346153846153847
0 0.4512820512820513 0.8301682692307693 0.11965811965811966 0.011778846153846154
0 0.7645299145299145 0.8622596153846154 0.09401709401709402 0.014903846153846155
0 0.2602564102564103 0.8592548076923077 0.1076923076923077 0.012259615384615384
0 0.2594017094017094 0.8438701923076923 0.10598290598290598 0.011778846153846154
0 0.25854700854700857 0.8306490384615385 0.10427350427350428 0.00985576923076923
0 0.18696581196581197 0.8394230769230769 0.02606837606837607 0.07355769230769231
0 0.15427350427350428 0.8352163461538461 0.03162393162393162 0.07427884615384615
0 0.11752136752136752 0.8620192307692308 0.03418803418803419 0.04807692307692308
0 0.08012820512820513 0.8584134615384615 0.03547008547008547 0.05
0 0.04316239316239316 0.8733173076923076 0.026495726495726495 0.03701923076923077
0 0.014957264957264958 0.8706730769230769 0.024786324786324785 0.040865384615384616
0 0.3713675213675214 0.8224759615384616 0.035897435897435895 0.07908653846153846
0 0.8967948717948718 0.6882211538461539 0.09700854700854701 0.0125
