0 0.12800925925925927 0.7083333333333334 0.04953703703703704 0.03125
0 0.7828703703703703 0.5765625 0.05185185185185185 0.07604166666666666
0 0.836574074074074 0.57734375 0.053703703703703705 0.07916666666666666
0 0.888425925925926 0.5950520833333334 0.04259259259259259 0.046875
0 0.05092592592592592 0.6911458333333333 0.0824074074074074 0.042708333333333334
0 0.12939814814814815 0.6778645833333333 0.05787037037037037 0.027083333333333334
0 0.18171296296296297 0.71484375 0.0375 0.028125
0 0.3851851851851852 0.703515625 0.06111111111111111 0.040364583333333336
0 0.24421296296296297 0.6868489583333334 0.043055555555555555 0.023177083333333334
0 0.24074074074074073 0.7139322916666667 0.05462962962962963 0.023697916666666666
0 0.30092592592592593 0.6901041666666666 0.05092592592592592 0.078125
0 0.5034722222222222 0.6876302083333333 0.03935185185185185 0.07057291666666667
0 0.45046296296296295 0.6880208333333333 0.05740740740740741 0.0765625
0 0.7331018518518518 0.5733072916666667 0.047685185185185185 0.08203125
0 0.19375 0.68515625 0.04212962962962963 0.025520833333333333
0 0.6761574074074074 0.5740885416666667 0.06342592592592593 0.08098958333333334
0 0.8391203703703703 0.696484375 0.03935185185185185 0.05963541666666667
0 0.5581018518518519 0.5684895833333333 0.06712962962962964 0.08697916666666666
0 0.33796296296296297 0.20677083333333332 0.05277777777777778 0.025520833333333333
0 0.34074074074074073 0.17890625 0.049074074074074076 0.029166666666666667
0 0.819212962962963 0.46328125 0.09583333333333334 0.07864583333333333
0 0.8831018518518519 0.4609375 0.03194444444444444 0.07291666666666667
0 0.025231481481481483 0.5696614583333334 0.0412037037037037 0.06901041666666667
0 0.07152777777777777 0.5674479166666667 0.04675925925925926 0.07552083333333333
0 0.12986111111111112 0.54609375 0.06342592592592593 0.035416666666666666
0 0.13333333333333333 0.5921875 0.06018518518518518 0.0359375
0 0.18912037037037038 0.5755208333333334 0.043055555555555555 0.08072916666666667
0 0.23078703703703704 0.5743489583333333 0.04027777777777778 0.08046875
0 0.275 0.5727864583333333 0.04722222222222222 0.07526041666666666
0 0.34120370370370373 0.5899739583333333 0.06388888888888888 0.04244791666666667
0 0.3988425925925926 0.575 0.04490740740740741 0.0796875
0 0.4409722222222222 0.573828125 0.038425925925925926 0.08411458333333334
0 0.4912037037037037 0.56875 0.05740740740740741 0.08645833333333333
0 0.6171296296296296 0.57578125 0.05092592592592592 0.07604166666666666
0 0.12129629629629629 0.17630208333333333 0.046296296296296294 0.020833333333333332
0 0.6914351851851852 0.7962239583333334 0.050462962962962966 0.08307291666666666
0 0.17407407407407408 0.20247395833333334 0.06018518518518518 0.01953125
0 0.1875 0.794921875 0.058333333333333334 0.08932291666666667
0 0.12546296296296297 0.794140625 0.05925925925925926 0.08671875
0 0.059722222222222225 0.8055989583333333 0.05740740740740741 0.08671875
0 0.5530092592592593 0.6805989583333333 0.05694444444444444 0.08359375
0 0.6018518518518519 0.682421875 0.044444444444444446 0.08723958333333333
0 0.6513888888888889 0.6834635416666667 0.05185185185185185 0.08567708333333333
0 0.7016203703703704 0.6854166666666667 0.04675925925925926 0.08802083333333334
0 0.12430555555555556 0.15924479166666666 0.04212962962962963 0.011197916666666667
0 0.11689814814814815 0.20052083333333334 0.05138888888888889 0.027604166666666666
0 0.05810185185185185 0.17044270833333333 0.06342592592592593 0.08463541666666667
0 0.013888888888888888 0.17161458333333332 0.025 0.0765625
0 0.750462962962963 0.6881510416666666 0.053703703703703705 0.08203125
0 0.018055555555555554 0.804296875 0.026851851851851852 0.08828125
0 0.9935185185185185 0.6716145833333333 0.012962962962962963 0.09010416666666667
0 0.9694444444444444 0.6720052083333333 0.03611111111111111 0.08984375
0 0.9384259259259259 0.6751302083333334 0.026851851851851852 0.08359375
0 0.8770833333333333 0.6959635416666666 0.038425925925925926 0.05755208333333333
0 0.24814814814814815 0.7946614583333333 0.06018518518518518 0.08776041666666666
0 0.1787037037037037 0.17578125 0.05092592592592592 0.030729166666666665
0 0.3108796296296296 0.8013020833333333 0.06620370370370371 0.07916666666666666
0 0.4199074074074074 0.8022135416666667 0.058333333333333334 0.08046875
0 0.22662037037037036 0.17526041666666667 0.03657407407407407 0.07291666666666667
0 0.2851851851851852 0.15638020833333333 0.04814814814814815 0.019010416666666665
0 0.2833333333333333 0.17799479166666668 0.05185185185185185 0.02421875
0 0.28379629629629627 0.202734375 0.05462962962962963 0.025260416666666667
0 0.9886574074074074 0.7891927083333333 0.027314814814814816 0.08515625
0 0.9546296296296296 0.7915364583333333 0.021296296296296296 0.08515625
0 0.9259259259259259 0.791796875 0.030555555555555555 0.08515625
0 0.8923611111111112 0.7919270833333333 0.03564814814814815 0.08177083333333333
0 0.857175925925926 0.79140625 0.03287037037037037 0.08125
0 0.8203703703703704 0.7936197916666666 0.03981481481481482 0.08411458333333334
0 0.7858796296296297 0.7911458333333333 0.029166666666666667 0.0890625
0 0.7435185185185185 0.7924479166666667 0.05462962962962963 0.09166666666666666
0 0.8016203703703704 0.6967447916666667 0.03657407407407407 0.05911458333333333
0 0.6331018518518519 0.7959635416666667 0.06342592592592593 0.08203125
0 0.5736111111111111 0.7938802083333333 0.05462962962962963 0.08619791666666667
0 0.5189814814814815 0.7936197916666666 0.046296296296296294 0.08671875
0 0.4724537037037037 0.8014322916666666 0.04861111111111111 0.06901041666666667
0 0.36689814814814814 0.8063802083333333 0.04398148148148148 0.07109375
0 0.40625 0.17981770833333333 0.04583333333333333 0.027864583333333335
0 0.6685185185185185 0.19296875 0.04814814814814815 0.020833333333333332
0 0.45532407407407405 0.18567708333333333 0.038425925925925926 0.07239583333333334
0 0.6863425925925926 0.3704427083333333 0.04490740740740741 0.05182291666666667
0 0.6483796296296296 0.36953125 0.03194444444444444 0.0515625
0 0.6104166666666667 0.3770833333333333 0.0375 0.0515625
0 0.5724537037037037 0.374609375 0.038425925925925926 0.05651041666666667
0 0.5375 0.373046875 0.030555555555555555 0.054427083333333334
0 0.5092592592592593 0.373828125 0.026851851851851852 0.05234375
0 0.44074074074074077 0.36471354166666664 0.03333333333333333 0.05286458333333333
0 0.3453703703703704 0.3639322916666667 0.058333333333333334 0.05390625
0 0.7604166666666666 0.37278645833333335 0.03564814814814815 0.05286458333333333
0 0.2861111111111111 0.3631510416666667 0.04537037037037037 0.05286458333333333
0 0.02337962962962963 0.38619791666666664 0.04675925925925926 0.03125
0 0.07060185185185185 0.37356770833333336 0.04490740740740741 0.054427083333333334
0 0.018287037037037036 0.3528645833333333 0.03564814814814815 0.03177083333333333
0 0.9157407407407407 0.30104166666666665 0.037037037037037035 0.0203125
0 0.9127314814814815 0.31940104166666666 0.043055555555555555 0.01640625
0 0.868287037037037 0.3009114583333333 0.04490740740740741 0.054427083333333334
0 0.8164351851851852 0.2975260416666667 0.03935185185185185 0.01953125
0 0.8145833333333333 0.31809895833333335 0.043055555555555555 0.021614583333333333
0 0.23680555555555555 0.3611979166666667 0.04212962962962963 0.05677083333333333
0 0.7729166666666667 0.30221354166666664 0.0412037037037037 0.05182291666666667
0 0.7965277777777777 0.37278645833333335 0.03564814814814815 0.05234375
0 0.9104166666666667 0.3765625 0.0625 0.05260416666666667
0 0.7479166666666667 0.45924479166666665 0.04398148148148148 0.08828125
0 0.7016203703703704 0.458984375 0.04675925925925926 0.08723958333333333
0 0.6604166666666667 0.45950520833333336 0.034722222222222224 0.08619791666666667
0 0.6201388888888889 0.45625 0.04675925925925926 0.07916666666666666
0 0.5712962962962963 0.45677083333333335 0.05 0.078125
0 0.5212962962962963 0.46002604166666666 0.05092592592592592 0.08515625
0 0.47430555555555554 0.45924479166666665 0.043055555555555555 0.08567708333333333
0 0.4335648148148148 0.457421875 0.038425925925925926 0.07994791666666666
0 0.8553240740740741 0.3748697916666667 0.047685185185185185 0.05703125
0 0.3905092592592593 0.46263020833333335 0.047685185185185185 0.06796875
0 0.33773148148148147 0.45260416666666664 0.043055555555555555 0.030208333333333334
0 0.3372685185185185 0.4828125 0.04675925925925926 0.03177083333333333
0 0.28425925925925927 0.4549479166666667 0.05555555555555555 0.08802083333333334
0 0.22685185185185186 0.456640625 0.05555555555555555 0.08411458333333334
0 0.17916666666666667 0.45794270833333334 0.037037037037037035 0.08046875
0 0.1275462962962963 0.451171875 0.06342592592592593 0.08307291666666666
0 0.4048611111111111 0.20377604166666666 0.047685185185185185 0.022135416666666668
0 0.03217592592592593 0.47356770833333334 0.04490740740740741 0.06848958333333334
0 0.34305555555555556 0.4234375 0.053703703703703705 0.0265625
0 0.7280092592592593 0.3126302083333333 0.0375 0.021614583333333333
0 0.07708333333333334 0.484375 0.04398148148148148 0.04635416666666667
0 0.4787037037037037 0.366015625 0.032407407407407406 0.05234375
0 0.4097222222222222 0.305859375 0.04814814814814815 0.02421875
0 0.4675925925925926 0.2828125 0.058333333333333334 0.0640625
0 0.5229166666666667 0.265234375 0.04398148148148148 0.02109375
0 0.569212962962963 0.26653645833333334 0.04583333333333333 0.022135416666666668
0 0.569675925925926 0.2859375 0.04212962962962963 0.016666666666666666
0 0.569212962962963 0.3065104166666667 0.04583333333333333 0.019791666666666666
0 0.5229166666666667 0.30833333333333335 0.04398148148148148 0.020833333333333332
0 0.6243055555555556 0.2916666666666667 0.06527777777777778 0.06302083333333333
0 0.6886574074074074 0.26953125 0.04490740740740741 0.021354166666666667
0 0.6877314814814814 0.2911458333333333 0.047685185185185185 0.016145833333333335
0 0.6842592592592592 0.311328125 0.046296296296296294 0.021614583333333333
0 0.8377314814814815 0.19921875 0.0412037037037037 0.059895833333333336
0 0.7974537037037037 0.20520833333333333 0.0375 0.04635416666666667
0 0.7553240740740741 0.219140625 0.04583333333333333 0.01171875
0 0.7539351851851852 0.19947916666666668 0.0412037037037037 0.021354166666666667
0 0.7081018518518518 0.21770833333333334 0.0412037037037037 0.015104166666666667
0 0.6636574074074074 0.21510416666666668 0.038425925925925926 0.017708333333333333
0 0.6206018518518519 0.18736979166666667 0.038425925925925926 0.021614583333333333
0 0.6157407407407407 0.21341145833333333 0.03796296296296296 0.023177083333333334
0 0.5745370370370371 0.18645833333333334 0.04259259259259259 0.0765625
0 0.5104166666666666 0.19440104166666666 0.07175925925925926 0.055989583333333336
0 0.41064814814814815 0.2813802083333333 0.05 0.018489583333333334
0 0.4101851851851852 0.26002604166666665 0.049074074074074076 0.02421875
0 0.5256944444444445 0.28411458333333334 0.04490740740740741 0.020833333333333332
0 0.305787037037037 0.2765625 0.0412037037037037 0.07604166666666666
0 0.35462962962962963 0.27760416666666665 0.05740740740740741 0.07291666666666667
0 0.8703703703703703 0.2015625 0.025 0.06354166666666666
0 0.9013888888888889 0.20377604166666666 0.03425925925925926 0.05859375
0 0.9282407407407407 0.2046875 0.021296296296296296 0.06145833333333333
0 0.9578703703703704 0.20651041666666667 0.037037037037037035 0.058854166666666666
0 0.05277777777777778 0.2721354166666667 0.05277777777777778 0.0296875
0 0.015277777777777777 0.303515625 0.026851851851851852 0.02734375
0 0.0125 0.27005208333333336 0.023148148148148147 0.025520833333333333
0 0.0587962962962963 0.30546875 0.05555555555555555 0.03125
0 0.2574074074074074 0.27630208333333334 0.05462962962962963 0.07552083333333333
0 0.20694444444444443 0.278125 0.04537037037037037 0.07395833333333333
0 0.13194444444444445 0.28606770833333334 0.08148148148148149 0.05182291666666667
