0 0.2636846405228758 0.0974264705882353 0.020016339869281044 0.06862745098039216
0 0.2391748366013072 0.10033700980392157 0.023284313725490197 0.0701593137254902
0 0.7712418300653595 0.2026654411764706 0.04084967320261438 0.08792892156862746
0 0.7312091503267973 0.19439338235294118 0.03758169934640523 0.10508578431372549
0 0.6915849673202614 0.19837622549019607 0.035130718954248366 0.10202205882352941
0 0.6560457516339869 0.20143995098039216 0.028594771241830064 0.09834558823529412
0 0.6245915032679739 0.20128676470588236 0.029411764705882353 0.09620098039215687
0 0.5915032679738562 0.2025122549019608 0.032679738562091505 0.09313725490196079
0 0.5586192810457516 0.20986519607843138 0.02900326797385621 0.08700980392156862
0 0.5281862745098039 0.21292892156862744 0.029411764705882353 0.08088235294117647
0 0.49693627450980393 0.21522671568627452 0.03145424836601307 0.07996323529411764
0 0.465890522875817 0.21507352941176472 0.02900326797385621 0.07965686274509803
0 0.4362745098039216 0.21553308823529413 0.029411764705882353 0.07751225490196079
0 0.40788398692810457 0.21614583333333334 0.024101307189542485 0.078125
0 0.3839869281045752 0.2184436274509804 0.021241830065359478 0.08088235294117647
0 0.36008986928104575 0.21767769607843138 0.02246732026143791 0.08118872549019608
0 0.3396650326797386 0.21706495098039216 0.014297385620915032 0.078125
0 0.8131127450980392 0.20205269607843138 0.0428921568627451 0.08854166666666667
0 0.858251633986928 0.17784926470588236 0.041666666666666664 0.13388480392156862
0 0.9031862745098039 0.20036764705882354 0.04003267973856209 0.09252450980392157
0 0.9532271241830066 0.19898897058823528 0.04616013071895425 0.08425245098039216
0 0.3118872549019608 0.3238357843137255 0.024918300653594773 0.06311274509803921
0 0.28799019607843135 0.32169117647058826 0.01715686274509804 0.0625
0 0.2659313725490196 0.3206188725490196 0.0196078431372549 0.060355392156862746
0 0.24775326797385622 0.32184436274509803 0.013480392156862746 0.06096813725490196
0 0.22773692810457516 0.3209252450980392 0.020016339869281044 0.05545343137254902
0 0.20608660130718953 0.3206188725490196 0.01919934640522876 0.05606617647058824
0 0.18525326797385622 0.32046568627450983 0.01919934640522876 0.056372549019607844
0 0.31781045751633985 0.22579656862745098 0.024509803921568627 0.061887254901960786
0 0.15196078431372548 0.3190870098039216 0.02696078431372549 0.06096813725490196
0 0.10089869281045752 0.3166360294117647 0.02369281045751634 0.0548406862745098
0 0.07945261437908496 0.31924019607843135 0.012663398692810458 0.052083333333333336
0 0.0661764705882353 0.3196997549019608 0.013888888888888888 0.050551470588235295
0 0.054125816993464054 0.3196997549019608 0.010212418300653595 0.04871323529411765
0 0.04003267973856209 0.3180147058823529 0.015522875816993464 0.04779411764705882
0 0.02246732026143791 0.31878063725490197 0.013071895424836602 0.04871323529411765
0 0.006740196078431373 0.31816789215686275 0.013480392156862746 0.04993872549019608
0 0.12724673202614378 0.32015931372549017 0.016748366013071895 0.061274509803921566
0 0.3359885620915033 0.3241421568627451 0.02165032679738562 0.06556372549019608
0 0.29697712418300654 0.22840073529411764 0.017973856209150325 0.0628063725490196
0 0.25040849673202614 0.22809436274509803 0.02369281045751634 0.06158088235294118
0 0.6887254901960784 0.03814338235294118 0.049019607843137254 0.02971813725490196
0 0.6762663398692811 0.06985294117647059 0.0763888888888889 0.015318627450980392
0 0.6058006535947712 0.07567401960784313 0.058823529411764705 0.023284313725490197
0 0.6141748366013072 0.037837009803921566 0.07066993464052287 0.03278186274509804
0 0.5622957516339869 0.047487745098039214 0.02900326797385621 0.08149509803921569
0 0.5324754901960784 0.051011029411764705 0.025735294117647058 0.0744485294117647
0 0.5053104575163399 0.056372549019607844 0.02369281045751634 0.07475490196078431
0 0.4728349673202614 0.05897671568627451 0.03799019607843137 0.07506127450980392
0 0.4368872549019608 0.08915441176470588 0.024918300653594773 0.04779411764705882
0 0.4127859477124183 0.09191176470588236 0.01919934640522876 0.0428921568627451
0 0.39133986928104575 0.08547794117647059 0.02287581699346405 0.06495098039215687
0 0.3662173202614379 0.08823529411764706 0.02246732026143791 0.061274509803921566
0 0.33986928104575165 0.09252450980392157 0.02696078431372549 0.06556372549019608
0 0.3139297385620915 0.09650735294117647 0.01919934640522876 0.05575980392156863
0 0.28880718954248363 0.09237132352941177 0.021241830065359478 0.07322303921568628
0 0.7532679738562091 0.056372549019607844 0.06209150326797386 0.03860294117647059
0 0.8125 0.03400735294117647 0.03676470588235294 0.0625
0 0.8572303921568627 0.03170955882352941 0.0494281045751634 0.0628063725490196
0 0.9074754901960784 0.026807598039215685 0.04861111111111111 0.05177696078431373
0 0.2281454248366013 0.22886029411764705 0.01838235294117647 0.06066176470588235
0 0.21017156862745098 0.23606004901960784 0.014297385620915032 0.04381127450980392
0 0.19281045751633988 0.23651960784313725 0.014705882352941176 0.0428921568627451
0 0.17626633986928106 0.22763480392156862 0.015931372549019607 0.05330882352941176
0 0.15992647058823528 0.22901348039215685 0.013480392156862746 0.05177696078431373
0 0.1423611111111111 0.22962622549019607 0.016748366013071895 0.047487745098039214
0 0.12377450980392157 0.23054534313725492 0.022058823529411766 0.045649509803921566
0 0.27328431372549017 0.22977941176470587 0.022058823529411766 0.06066176470588235
0 0.10049019607843138 0.23008578431372548 0.02042483660130719 0.05024509803921569
0 0.07250816993464053 0.24080882352941177 0.011029411764705883 0.03431372549019608
0 0.05923202614379085 0.2418811274509804 0.014705882352941176 0.03462009803921569
0 0.04330065359477124 0.23682598039215685 0.012254901960784314 0.05024509803921569
0 0.028186274509803922 0.23835784313725492 0.014705882352941176 0.04656862745098039
0 0.01491013071895425 0.23897058823529413 0.010212418300653595 0.04718137254901961
0 0.004697712418300653 0.24142156862745098 0.009395424836601307 0.04840686274509804
0 0.9609885620915033 0.025275735294117647 0.0494281045751634 0.047487745098039214
0 0.08394607843137254 0.23177083333333334 0.014297385620915032 0.053002450980392156
0 0.3619281045751634 0.32337622549019607 0.026143790849673203 0.06587009803921569
0 0.38848039215686275 0.3252144607843137 0.02287581699346405 0.06587009803921569
0 0.411968954248366 0.3232230392156863 0.02246732026143791 0.06740196078431372
0 0.31147875816993464 0.6081495098039216 0.046977124183006536 0.0900735294117647
0 0.2540849673202614 0.5848651960784313 0.05800653594771242 0.08272058823529412
0 0.2048611111111111 0.5880821078431373 0.03390522875816993 0.07567401960784313
0 0.2853349673202614 0.5133272058823529 0.05841503267973856 0.013786764705882353
0 0.06004901960784314 0.5612745098039216 0.03839869281045752 0.01838235294117647
0 0.056372549019607844 0.5404411764705882 0.03839869281045752 0.017769607843137254
0 0.13276143790849673 0.5807291666666666 0.07026143790849673 0.013174019607843137
0 0.12316176470588236 0.5585171568627451 0.07312091503267974 0.016544117647058824
0 0.11683006535947713 0.4970894607843137 0.04411764705882353 0.014399509803921568
0 0.20077614379084968 0.5061274509803921 0.0625 0.013480392156862746
0 0.13623366013071894 0.5283394607843137 0.07475490196078431 0.0272671568627451
0 0.05984477124183007 0.5104166666666666 0.05514705882352941 0.026348039215686275
0 0.9769199346405228 0.5101102941176471 0.046977124183006536 0.14460784313725492
0 0.9109477124183006 0.5094975490196079 0.07516339869281045 0.1053921568627451
0 0.8429330065359477 0.5105698529411765 0.05106209150326797 0.10263480392156862
0 0.3645833333333333 0.6109068627450981 0.0559640522875817 0.08455882352941177
0 0.4272875816993464 0.6314338235294118 0.05310457516339869 0.10355392156862746
0 0.49244281045751637 0.6366421568627451 0.07475490196078431 0.09436274509803921
0 0.571078431372549 0.6605392156862745 0.07107843137254902 0.12438725490196079
0 0.21752450980392157 0.1018688725490196 0.016748366013071895 0.0628063725490196
0 0.1983251633986928 0.1056985294117647 0.02165032679738562 0.06311274509803921
0 0.17708333333333334 0.11075367647058823 0.020016339869281044 0.06587009803921569
0 0.15522875816993464 0.1133578431372549 0.018790849673202614 0.06372549019607843
0 0.11825980392156862 0.11933210784313726 0.02165032679738562 0.06403186274509803
0 0.099468954248366 0.12882965686274508 0.01838235294117647 0.046875
0 0.08251633986928104 0.13036151960784315 0.013888888888888888 0.05361519607843137
0 0.7830882352941176 0.484375 0.059640522875817 0.13174019607843138
0 0.06781045751633986 0.13097426470588236 0.012254901960784314 0.05422794117647059
0 0.037173202614379085 0.1334252450980392 0.012254901960784314 0.05974264705882353
0 0.023284313725490197 0.13495710784313725 0.014705882352941176 0.060355392156862746
0 0.9869281045751634 0.7441789215686274 0.024509803921568627 0.15257352941176472
0 0.9323937908496732 0.7267156862745098 0.05923202614379085 0.14338235294117646
0 0.8419117647058824 0.7227328431372549 0.09558823529411764 0.11458333333333333
0 0.7522467320261438 0.7123161764705882 0.07720588235294118 0.13541666666666666
0 0.6576797385620915 0.6703431372549019 0.09068627450980392 0.10477941176470588
0 0.052083333333333336 0.13112745098039216 0.016748366013071895 0.05698529411764706
0 0.71875 0.47640931372549017 0.06495098039215687 0.11580882352941177
0 0.6560457516339869 0.4730392156862745 0.05555555555555555 0.12071078431372549
0 0.5959967320261438 0.46568627450980393 0.05392156862745098 0.10784313725490197
0 0.014705882352941176 0.40931372549019607 0.012254901960784314 0.056372549019607844
0 0.974468954248366 0.3414522058823529 0.051879084967320264 0.10202205882352941
0 0.9213643790849673 0.3400735294117647 0.046977124183006536 0.10110294117647059
0 0.8705065359477124 0.3405330882352941 0.04656862745098039 0.09834558823529412
0 0.8212826797385621 0.33547794117647056 0.042075163398692814 0.10110294117647059
0 0.7794117647058824 0.33777573529411764 0.03758169934640523 0.09650735294117647
0 0.7416258169934641 0.3362438725490196 0.02900326797385621 0.0934436274509804
0 0.028594771241830064 0.4085477941176471 0.015522875816993464 0.05667892156862745
0 0.6946486928104575 0.34191176470588236 0.03145424836601307 0.07107843137254902
0 0.6262254901960784 0.34206495098039214 0.03758169934640523 0.06709558823529412
0 0.5927287581699346 0.34160539215686275 0.025326797385620915 0.06556372549019608
0 0.5637254901960784 0.3333333333333333 0.029411764705882353 0.07536764705882353
0 0.5306372549019608 0.3330269607843137 0.029411764705882353 0.0778186274509804
0 0.5004084967320261 0.32797181372549017 0.026143790849673203 0.07322303921568628
0 0.4695669934640523 0.32950367647058826 0.02900326797385621 0.07077205882352941
0 0.43913398692810457 0.3238357843137255 0.024509803921568627 0.06678921568627451
0 0.6605392156862745 0.34206495098039214 0.029411764705882353 0.0701593137254902
0 0.006944444444444444 0.13541666666666666 0.011437908496732025 0.05575980392156863
0 0.04616013071895425 0.4100796568627451 0.015522875816993464 0.05974264705882353
0 0.08292483660130719 0.4131433823529412 0.014705882352941176 0.057904411764705885
0 0.545751633986928 0.46246936274509803 0.04003267973856209 0.11427696078431372
0 0.5014297385620915 0.4569546568627451 0.04779411764705882 0.10079656862745098
0 0.45669934640522875 0.45389093137254904 0.035130718954248366 0.10447303921568628
0 0.4178921568627451 0.4482230392156863 0.03676470588235294 0.09497549019607843
0 0.3784722222222222 0.44607843137254904 0.037173202614379085 0.09129901960784313
0 0.35049019607843135 0.4414828431372549 0.013071895424836602 0.0778186274509804
0 0.3243464052287582 0.43474264705882354 0.03758169934640523 0.07659313725490197
0 0.06454248366013073 0.41207107843137253 0.017973856209150325 0.05514705882352941
0 0.2949346405228758 0.43612132352941174 0.018790849673202614 0.0744485294117647
0 0.2448937908496732 0.4306066176470588 0.024918300653594773 0.07261029411764706
0 0.2181372549019608 0.4263174019607843 0.02287581699346405 0.06403186274509803
0 0.19362745098039216 0.42493872549019607 0.026143790849673203 0.06311274509803921
0 0.16830065359477125 0.42049632352941174 0.0196078431372549 0.06341911764705882
0 0.14419934640522875 0.4186580882352941 0.02369281045751634 0.0664828431372549
0 0.11948529411764706 0.41681985294117646 0.01919934640522876 0.05974264705882353
0 0.10069444444444445 0.4149816176470588 0.01838235294117647 0.0585171568627451
0 0.2708333333333333 0.43121936274509803 0.024509803921568627 0.06893382352941177
0 0.13725490196078433 0.11780024509803921 0.014705882352941176 0.06525735294117647
