0 0.3032962328767123 0.4828125 0.09460616438356165 0.034375
0 0.8944777397260274 0.46826923076923077 0.10059931506849315 0.03461538461538462
0 0.4053938356164384 0.4811298076923077 0.0916095890410959 0.03245192307692308
0 0.8544520547945206 0.8692307692307693 0.08561643835616438 0.01971153846153846
0 0.4993578767123288 0.47872596153846153 0.08946917808219178 0.036298076923076926
0 0.5967465753424658 0.4763221153846154 0.09332191780821918 0.03533653846153846
0 0.6945633561643836 0.4735576923076923 0.09803082191780822 0.0375
0 0.7940924657534246 0.4698317307692308 0.0958904109589041 0.034375
0 0.8294092465753424 0.4018028846153846 0.0740582191780822 0.026682692307692307
0 0.4118150684931507 0.5854567307692308 0.09417808219178082 0.02716346153846154
0 0.1273544520547945 0.5929086538461539 0.0800513698630137 0.031490384615384615
0 0.2204623287671233 0.590625 0.09246575342465753 0.03125
0 0.3107876712328767 0.5900240384615385 0.08818493150684932 0.031009615384615385
0 0.513056506849315 0.5826923076923077 0.09460616438356165 0.03317307692307692
0 0.6181506849315068 0.5783653846153847 0.1035958904109589 0.03461538461538462
0 0.7243150684931506 0.5774038461538461 0.09246575342465753 0.03461538461538462
0 0.8287671232876712 0.5759615384615384 0.1113013698630137 0.035576923076923075
0 0.944777397260274 0.5764423076923076 0.10873287671232877 0.03365384615384615
0 0.2054794520547945 0.4841346153846154 0.0898972602739726 0.032692307692307694
0 0.04387842465753425 0.5936298076923077 0.07662671232876712 0.028125
0 0.11065924657534247 0.48677884615384615 0.08518835616438356 0.035576923076923075
0 0.18471746575342465 0.36947115384615387 0.0920376712328767 0.040865384615384616
0 0.6960616438356164 0.4271634615384615 0.07448630136986302 0.032692307692307694
0 0.7928082191780822 0.22367788461538463 0.10273972602739725 0.040625
0 0.6875 0.22920673076923076 0.10616438356164383 0.031009615384615385
0 0.5725599315068494 0.23329326923076923 0.1074486301369863 0.03822115384615385
0 0.0547945205479452 0.3289663461538462 0.09332191780821918 0.03389423076923077
0 0.14790239726027396 0.3283653846153846 0.0783390410958904 0.03461538461538462
0 0.2386558219178082 0.32608173076923075 0.08518835616438356 0.031490384615384615
0 0.3276969178082192 0.32463942307692306 0.06720890410958905 0.03245192307692308
0 0.4128852739726027 0.3211538461538462 0.09032534246575342 0.027403846153846154
0 0.4985017123287671 0.32067307692307695 0.07148972602739725 0.028365384615384615
0 0.031892123287671235 0.4872596153846154 0.0586472602739726 0.035576923076923075
0 0.07876712328767123 0.3705528846153846 0.10273972602739725 0.03485576923076923
0 0.2874571917808219 0.365625 0.1014554794520548 0.03701923076923077
0 0.3904109589041096 0.36201923076923076 0.0839041095890411 0.0375
0 0.4863013698630137 0.36009615384615384 0.0958904109589041 0.035096153846153846
0 0.5830479452054794 0.3527644230769231 0.09845890410958905 0.04975961538461538
0 0.688570205479452 0.35060096153846154 0.09717465753424658 0.040625
0 0.7913099315068494 0.3563701923076923 0.09032534246575342 0.02716346153846154
0 0.7925941780821918 0.3268028846153846 0.0920376712328767 0.028125
0 0.8972602739726028 0.35192307692307695 0.09503424657534247 0.027884615384615386
0 0.603595890410959 0.43341346153846155 0.0958904109589041 0.03173076923076923
0 0.06699486301369863 0.6515625 0.1014554794520548 0.03389423076923077
0 0.06399828767123288 0.6856971153846154 0.08433219178082192 0.029086538461538462
0 0.7746147260273972 0.6757211538461538 0.08433219178082192 0.03028846153846154
0 0.2384417808219178 0.6859375 0.0898972602739726 0.025721153846153845
0 0.8882705479452054 0.7645432692307692 0.11044520547945205 0.030528846153846153
0 0.08925513698630137 0.875 0.047517123287671235 0.022115384615384617
0 0.1678082191780822 0.8731971153846154 0.07448630136986302 0.02139423076923077
0 0.2617722602739726 0.8739182692307692 0.07662671232876712 0.02283653846153846
0 0.2701198630136986 0.8462740384615385 0.08047945205479452 0.02283653846153846
0 0.3446061643835616 0.8538461538461538 0.06335616438356165 0.022596153846153846
0 0.4158818493150685 0.8530048076923077 0.0586472602739726 0.021875
0 0.4828767123287671 0.8528846153846154 0.07277397260273973 0.020673076923076922
0 0.4818065068493151 0.8766826923076924 0.07148972602739725 0.022596153846153846
0 0.790667808219178 0.7700721153846154 0.07277397260273973 0.020432692307692308
0 0.4116010273972603 0.8776442307692308 0.0646404109589041 0.01826923076923077
0 0.5684931506849316 0.8662259615384615 0.08047945205479452 0.029086538461538462
0 0.6556078767123288 0.8685096153846154 0.0860445205479452 0.02451923076923077
0 0.9721746575342466 0.4641826923076923 0.05565068493150685 0.03942307692307692
0 0.7607020547945206 0.8373798076923077 0.09075342465753425 0.023317307692307693
0 0.9452054794520548 0.8670673076923077 0.0916095890410959 0.027884615384615386
0 0.9417808219178082 0.8353365384615384 0.0976027397260274 0.03173076923076923
0 0.7497859589041096 0.8137019230769231 0.09032534246575342 0.02403846153846154
0 0.8330479452054794 0.8134615384615385 0.0761986301369863 0.02451923076923077
0 0.8486729452054794 0.8439903846153847 0.08518835616438356 0.028365384615384615
0 0.3443921232876712 0.8775240384615385 0.06292808219178082 0.020913461538461537
0 0.15325342465753425 0.675 0.05565068493150685 0.025961538461538463
0 0.7059075342465754 0.7698317307692307 0.06934931506849315 0.02283653846153846
0 0.6222174657534246 0.7584134615384616 0.08946917808219178 0.03990384615384615
0 0.2345890410958904 0.6588942307692308 0.0976027397260274 0.027884615384615386
0 0.3373287671232877 0.6411057692307692 0.0916095890410959 0.022115384615384617
0 0.3373287671232877 0.6807692307692308 0.08818493150684932 0.03125
0 0.4336472602739726 0.6400240384615384 0.08818493150684932 0.023317307692307693
0 0.430222602739726 0.6820913461538461 0.09246575342465753 0.031009615384615385
0 0.5162671232876712 0.6292067307692307 0.07962328767123288 0.019951923076923075
0 0.5190496575342466 0.674639423076923 0.07320205479452055 0.04350961538461538
0 0.6027397260273972 0.6719951923076923 0.07277397260273973 0.04110576923076923
0 0.6866438356164384 0.6759615384615385 0.0821917808219178 0.03317307692307692
0 0.7035530821917808 0.7467548076923077 0.07320205479452055 0.019471153846153846
0 0.8985445205479452 0.22079326923076922 0.1035958904109589 0.03245192307692308
0 0.9597602739726028 0.665625 0.07876712328767123 0.046634615384615385
0 0.06549657534246575 0.7328125 0.0761986301369863 0.025240384615384616
0 0.1483304794520548 0.7365384615384616 0.08433219178082192 0.022115384615384617
0 0.24272260273972604 0.7393028846153846 0.09845890410958905 0.031971153846153844
0 0.246361301369863 0.7689903846153846 0.0954623287671233 0.02403846153846154
0 0.15303938356164384 0.770673076923077 0.09118150684931507 0.02451923076923077
0 0.0684931506849315 0.76875 0.0702054794520548 0.026923076923076925
0 0.3559503424657534 0.7713942307692307 0.09118150684931507 0.03221153846153846
0 0.533818493150685 0.7617788461538462 0.0761986301369863 0.0375
0 0.8709332191780822 0.6673076923076923 0.0920376712328767 0.04471153846153846
0 0.9753852739726028 0.21682692307692308 0.047517123287671235 0.03894230769230769
0 0.7602739726027398 0.8645432692307692 0.08304794520547945 0.025721153846153845
0 0.8642979452054794 0.19026442307692307 0.08904109589041095 0.023317307692307693
0 0.9548373287671232 0.18497596153846155 0.08518835616438356 0.01514423076923077
0 0.04173801369863014 0.08317307692307692 0.0783390410958904 0.013461538461538462
0 0.03403253424657534 0.09951923076923076 0.06292808219178082 0.0125
0 0.0351027397260274 0.115625 0.059075342465753425 0.013942307692307693
0 0.11279965753424658 0.1078125 0.0783390410958904 0.026201923076923078
0 0.2026969178082192 0.09807692307692308 0.08433219178082192 0.03942307692307692
0 0.4524828767123288 0.08401442307692308 0.1095890410958904 0.04591346153846154
0 0.5485873287671232 0.08413461538461539 0.07919520547945205 0.04278846153846154
0 0.6410530821917808 0.08161057692307692 0.09460616438356165 0.04783653846153846
0 0.7647688356164384 0.07067307692307692 0.11943493150684932 0.04038461538461539
0 0.8936215753424658 0.06334134615384615 0.1211472602739726 0.04399038461538462
0 0.3125 0.09459134615384615 0.11815068493150685 0.036298076923076926
0 0.04987157534246575 0.25060096153846156 0.09118150684931507 0.042548076923076925
0 0.04473458904109589 0.21850961538461539 0.0783390410958904 0.021153846153846155
0 0.6742294520547946 0.196875 0.08476027397260275 0.028365384615384615
0 0.5794092465753424 0.19891826923076922 0.10231164383561644 0.024759615384615383
0 0.4383561643835616 0.1967548076923077 0.0642123287671233 0.042067307692307696
0 0.4663955479452055 0.2389423076923077 0.10488013698630137 0.03894230769230769
0 0.7675513698630136 0.19278846153846155 0.0976027397260274 0.01875
0 0.2510702054794521 0.2436298076923077 0.09118150684931507 0.03774038461538461
0 0.2651969178082192 0.21153846153846154 0.062071917808219176 0.022596153846153846
0 0.14940068493150685 0.2485576923076923 0.09845890410958905 0.041346153846153845
0 0.13784246575342465 0.2186298076923077 0.09075342465753425 0.01514423076923077
0 0.3604452054794521 0.24170673076923077 0.1053082191780822 0.04014423076923077
