0 0.2571486928104575 0.8232230392156863 0.07066993464052287 0.06004901960784314
0 0.19056372549019607 0.8495710784313726 0.056781045751633986 0.10049019607843138
0 0.9160539215686274 0.7285539215686274 0.04044117647058824 0.06495098039215687
0 0.05024509803921569 0.8606004901960784 0.08496732026143791 0.02389705882352941
0 0.049019607843137254 0.8216911764705882 0.09477124183006536 0.0508578431372549
0 0.9842728758169934 0.7244178921568627 0.03308823529411765 0.06341911764705882
0 0.2514297385620915 0.8641237745098039 0.0625 0.017463235294117647
0 0.0508578431372549 0.8840379901960784 0.07148692810457516 0.020526960784313725
0 0.2514297385620915 0.8825061274509803 0.0625 0.017463235294117647
0 0.36151960784313725 0.8216911764705882 0.05065359477124183 0.028799019607843136
0 0.30514705882352944 0.8866421568627451 0.03839869281045752 0.015931372549019607
0 0.3055555555555556 0.8661151960784313 0.03431372549019608 0.018995098039215685
0 0.3104575163398693 0.8428308823529411 0.031862745098039214 0.020833333333333332
0 0.3133169934640523 0.819546568627451 0.03594771241830065 0.017769607843137254
0 0.35518790849673204 0.8696384803921569 0.054330065359477125 0.045649509803921566
0 0.41830065359477125 0.8713235294117647 0.06535947712418301 0.052083333333333336
0 0.4195261437908497 0.8265931372549019 0.059640522875817 0.03370098039215686
0 0.4881535947712418 0.8861825980392157 0.06209150326797386 0.018075980392156864
0 0.48570261437908496 0.8517156862745098 0.0661764705882353 0.04718137254901961
0 0.548202614379085 0.8155637254901961 0.0661764705882353 0.04411764705882353
0 0.25 0.8958333333333334 0.058823529411764705 0.007352941176470588
0 0.4805964052287582 0.8115808823529411 0.0625 0.032475490196078434
0 0.698937908496732 0.3648897058823529 0.04656862745098039 0.07352941176470588
0 0.6348039215686274 0.8532475490196079 0.07679738562091504 0.05821078431372549
0 0.48794934640522875 0.2113970588235294 0.05269607843137255 0.07965686274509803
0 0.5386029411764706 0.2109375 0.0494281045751634 0.07935049019607843
0 0.5878267973856209 0.21231617647058823 0.04738562091503268 0.08088235294117647
0 0.6437908496732027 0.21599264705882354 0.05555555555555555 0.0704656862745098
0 0.7085375816993464 0.18995098039215685 0.07148692810457516 0.04044117647058824
0 0.7058823529411765 0.23177083333333334 0.0661764705882353 0.04136029411764706
0 0.772671568627451 0.20710784313725492 0.046977124183006536 0.09987745098039216
0 0.8212826797385621 0.2034313725490196 0.04779411764705882 0.10110294117647059
0 0.8647875816993464 0.20726102941176472 0.03839869281045752 0.0940563725490196
0 0.9211601307189542 0.20802696078431374 0.056372549019607844 0.09681372549019608
0 0.9761029411764706 0.19806985294117646 0.04779411764705882 0.11611519607843138
0 0.016339869281045753 0.3599877450980392 0.032679738562091505 0.08946078431372549
0 0.06944444444444445 0.38924632352941174 0.06535947712418301 0.033394607843137254
0 0.1395016339869281 0.3727022058823529 0.07230392156862746 0.05912990196078431
0 0.2062908496732026 0.32107843137254904 0.08251633986928104 0.031862745098039214
0 0.21384803921568626 0.3560049019607843 0.06985294117647059 0.03308823529411765
0 0.21650326797385622 0.3897058823529412 0.0718954248366013 0.031862745098039214
0 0.2894199346405229 0.3871017156862745 0.06495098039215687 0.035845588235294115
0 0.2914624183006536 0.3472732843137255 0.04861111111111111 0.03400735294117647
0 0.34191176470588236 0.3552389705882353 0.03758169934640523 0.10814950980392157
0 0.3860294117647059 0.35263480392156865 0.04738562091503268 0.10416666666666667
0 0.4334150326797386 0.3625919117647059 0.04411764705882353 0.08731617647058823
0 0.4895833333333333 0.3642769607843137 0.0559640522875817 0.08149509803921569
0 0.5430964052287581 0.3645833333333333 0.04861111111111111 0.08026960784313726
0 0.5970179738562091 0.3639705882352941 0.053513071895424834 0.08333333333333333
0 0.42892156862745096 0.2103247549019608 0.056372549019607844 0.08363970588235294
0 0.5569852941176471 0.8685661764705882 0.061683006535947715 0.04656862745098039
0 0.36887254901960786 0.2106311274509804 0.05555555555555555 0.08302696078431372
0 0.2636846405228758 0.20787377450980393 0.05024509803921569 0.08792892156862746
0 0.6380718954248366 0.8904718137254902 0.06781045751633986 0.015012254901960785
0 0.6223447712418301 0.8074448529411765 0.07312091503267974 0.030330882352941176
0 0.7069035947712419 0.8466605392156863 0.068218954248366 0.03707107843137255
0 0.6948529411764706 0.8128063725490197 0.06454248366013073 0.025122549019607844
0 0.7064950980392157 0.8710171568627451 0.0690359477124183 0.010416666666666666
0 0.7066993464052288 0.8817401960784313 0.06862745098039216 0.010416666666666666
0 0.7736928104575164 0.8717830882352942 0.06290849673202614 0.04197303921568627
0 0.761437908496732 0.8268995098039216 0.03676470588235294 0.03676470588235294
0 0.8169934640522876 0.8268995098039216 0.058823529411764705 0.0392156862745098
0 0.835171568627451 0.8702512254901961 0.060866013071895424 0.04503676470588235
0 0.8909313725490197 0.866421568627451 0.04084967320261438 0.04718137254901961
0 0.8801062091503268 0.8285845588235294 0.04370915032679738 0.02420343137254902
0 0.9240196078431373 0.8291973039215687 0.04330065359477124 0.02297794117647059
0 0.9332107843137255 0.8667279411764706 0.04044117647058824 0.05024509803921569
0 0.9789624183006536 0.8754595588235294 0.04370915032679738 0.03768382352941176
0 0.9458741830065359 0.8030024509803921 0.046977124183006536 0.02696078431372549
0 0.27369281045751637 0.5983455882352942 0.06290849673202614 0.037377450980392156
0 0.24816176470588236 0.46920955882352944 0.06495098039215687 0.02297794117647059
0 0.49203431372549017 0.7048100490196079 0.04861111111111111 0.02420343137254902
0 0.8743872549019608 0.7314644607843137 0.04044117647058824 0.05912990196078431
0 0.07945261437908496 0.20603553921568626 0.05759803921568627 0.09466911764705882
0 0.026348039215686275 0.20603553921568626 0.046977124183006536 0.09528186274509803
0 0.6509395424836601 0.3642769607843137 0.04779411764705882 0.07475490196078431
0 0.14665032679738563 0.20557598039215685 0.0727124183006536 0.09252450980392157
0 0.21160130718954248 0.20833333333333334 0.05228758169934641 0.08333333333333333
0 0.3145424836601307 0.20971200980392157 0.04820261437908497 0.08486519607843138
0 0.832312091503268 0.7297794117647058 0.042075163398692814 0.06740196078431372
0 0.12888071895424835 0.8515625 0.0625 0.10018382352941177
0 0.7465277777777778 0.7313112745098039 0.037173202614379085 0.061274509803921566
0 0.7914624183006536 0.5168504901960784 0.03227124183006536 0.0428921568627451
0 0.8533496732026143 0.5208333333333334 0.049019607843137254 0.05392156862745098
0 0.9013480392156863 0.5232843137254902 0.04125816993464052 0.05330882352941176
0 0.9450571895424836 0.5225183823529411 0.0428921568627451 0.05667892156862745
0 0.9844771241830066 0.5272671568627451 0.032679738562091505 0.01838235294117647
0 0.9836601307189542 0.5451899509803921 0.032679738562091505 0.014399509803921568
0 0.015727124183006536 0.6340379901960784 0.03145424836601307 0.07567401960784313
0 0.05310457516339869 0.6295955882352942 0.041666666666666664 0.08272058823529412
0 0.7559232026143791 0.5091911764705882 0.034722222222222224 0.08517156862745098
0 0.09334150326797386 0.6282169117647058 0.03390522875816993 0.08241421568627451
0 0.16911764705882354 0.6291360294117647 0.03839869281045752 0.07689950980392157
0 0.21098856209150327 0.6176470588235294 0.0428921568627451 0.07904411764705882
0 0.2694035947712418 0.6439950980392157 0.06495098039215687 0.03553921568627451
0 0.3400735294117647 0.6254595588235294 0.06576797385620915 0.023590686274509803
0 0.33986928104575165 0.6487438725490197 0.058823529411764705 0.022365196078431373
0 0.3897058823529412 0.6357230392156863 0.02696078431372549 0.06066176470588235
0 0.4223856209150327 0.6204044117647058 0.03594771241830065 0.07291666666666667
0 0.4616013071895425 0.6295955882352942 0.03676470588235294 0.06862745098039216
0 0.13071895424836602 0.6300551470588235 0.035130718954248366 0.07873774509803921
0 0.7132352941176471 0.5107230392156863 0.04738562091503268 0.0857843137254902
0 0.6636029411764706 0.5147058823529411 0.0428921568627451 0.0778186274509804
0 0.6149918300653595 0.5142463235294118 0.04616013071895425 0.07199754901960784
0 0.7888071895424836 0.7363664215686274 0.04003267973856209 0.05545343137254902
0 0.5594362745098039 0.5108762254901961 0.04534313725490196 0.07935049019607843
0 0.5016339869281046 0.5091911764705882 0.0457516339869281 0.08272058823529412
0 0.4540441176470588 0.5055147058823529 0.04534313725490196 0.07965686274509803
0 0.39705882352941174 0.5033700980392157 0.04330065359477124 0.08455882352941177
0 0.35580065359477125 0.49065563725490197 0.03594771241830065 0.08425245098039216
0 0.3139297385620915 0.48223039215686275 0.04370915032679738 0.08517156862745098
0 0.24325980392156862 0.5405943627450981 0.061683006535947715 0.017463235294117647
0 0.23835784313725492 0.5237438725490197 0.06658496732026144 0.014399509803921568
0 0.23774509803921567 0.5038296568627451 0.06862745098039216 0.023590686274509803
0 0.18259803921568626 0.5127144607843137 0.03839869281045752 0.078125
0 0.13786764705882354 0.5151654411764706 0.04370915032679738 0.07383578431372549
0 0.09865196078431372 0.5257352941176471 0.03553921568627451 0.05392156862745098
0 0.061887254901960786 0.5196078431372549 0.034722222222222224 0.06924019607843138
0 0.024101307189542485 0.5125612745098039 0.03594771241830065 0.0778186274509804
0 0.9274918300653595 0.35922181372549017 0.04616013071895425 0.08670343137254902
0 0.8729575163398693 0.3541666666666667 0.03349673202614379 0.08700980392156862
0 0.8329248366013072 0.3581495098039216 0.04493464052287582 0.0857843137254902
0 0.786968954248366 0.3570772058823529 0.0363562091503268 0.08547794117647059
0 0.5093954248366013 0.6272977941176471 0.04003267973856209 0.07567401960784313
0 0.5471813725490197 0.6288296568627451 0.03390522875816993 0.0744485294117647
0 0.9748774509803921 0.36075367647058826 0.044526143790849675 0.0818014705882353
0 0.6399101307189542 0.6282169117647058 0.04125816993464052 0.07751225490196079
0 0.21241830065359477 0.7631740196078431 0.061274509803921566 0.010416666666666666
0 0.2747140522875817 0.7218137254901961 0.053513071895424834 0.026348039215686275
0 0.2724673202614379 0.7408088235294118 0.049836601307189546 0.00857843137254902
0 0.27124183006535946 0.7498468137254902 0.049836601307189546 0.008884803921568627
0 0.2724673202614379 0.7605698529411765 0.049836601307189546 0.008884803921568627
0 0.3349673202614379 0.7199754901960784 0.061274509803921566 0.0392156862745098
0 0.3349673202614379 0.7441789215686274 0.061274509803921566 0.009191176470588236
0 0.3335375816993464 0.7587316176470589 0.060866013071895424 0.01991421568627451
0 0.3852124183006536 0.7486213235294118 0.03676470588235294 0.029105392156862746
0 0.3874591503267974 0.7196691176470589 0.034722222222222224 0.02267156862745098
0 0.43443627450980393 0.7496936274509803 0.05514705882352941 0.024509803921568627
0 0.43443627450980393 0.7196691176470589 0.05841503267973856 0.03308823529411765
0 0.49019607843137253 0.742953431372549 0.05310457516339869 0.03860294117647059
0 0.5345179738562091 0.7305453431372549 0.02900326797385621 0.0664828431372549
0 0.5692401960784313 0.7296262254901961 0.037173202614379085 0.027879901960784315
0 0.5727124183006536 0.7545955882352942 0.041666666666666664 0.018995098039215685
0 0.6893382352941176 0.7068014705882353 0.07312091503267974 0.030637254901960783
0 0.6868872549019608 0.7411151960784313 0.07230392156862746 0.034926470588235295
0 0.5855800653594772 0.6228553921568627 0.039624183006535946 0.08272058823529412
0 0.2122140522875817 0.7510723039215687 0.060866013071895424 0.01133578431372549
0 0.7446895424836601 0.35952818627450983 0.0457516339869281 0.08363970588235294
0 0.3821486928104575 0.7002144607843137 0.030637254901960783 0.015012254901960785
0 0.2128267973856209 0.711703431372549 0.06209150326797386 0.03308823529411765
0 0.6811683006535948 0.6263786764705882 0.04044117647058824 0.07199754901960784
0 0.21098856209150327 0.7389705882352942 0.060866013071895424 0.00980392156862745
0 0.7265114379084967 0.6274509803921569 0.0428921568627451 0.07475490196078431
0 0.7712418300653595 0.6248468137254902 0.04084967320261438 0.07689950980392157
0 0.8163807189542484 0.6312806372549019 0.0428921568627451 0.06096813725490196
0 0.855187908496732 0.6161151960784313 0.03308823529411765 0.06924019607843138
0 0.8997140522875817 0.6041666666666666 0.020016339869281044 0.05024509803921569
0 0.9354575163398693 0.6058517156862745 0.04330065359477124 0.05545343137254902
0 0.9863153594771242 0.6104473039215687 0.024101307189542485 0.040747549019607844
0 0.9836601307189542 0.6455269607843137 0.03349673202614379 0.027573529411764705
0 0.8803104575163399 0.6083026960784313 0.018790849673202614 0.0585171568627451
0 0.08088235294117647 0.7204350490196079 0.05473856209150327 0.047487745098039214
0 0.08639705882352941 0.7503063725490197 0.056781045751633986 0.011029411764705883
0 0.08986928104575163 0.7622549019607843 0.05718954248366013 0.011029411764705883
0 0.14950980392156862 0.7624080882352942 0.06045751633986928 0.013174019607843137
0 0.14808006535947713 0.7486213235294118 0.05759803921568627 0.010723039215686275
0 0.14848856209150327 0.7369791666666666 0.05841503267973856 0.008272058823529412
0 0.025735294117647058 0.7386642156862745 0.04820261437908497 0.05024509803921569
0 0.14072712418300654 0.7270220588235294 0.05514705882352941 0.009191176470588236
0 0.14072712418300654 0.7084865196078431 0.05841503267973856 0.013174019607843137
