0 0.40584150326797386 0.49724264705882354 0.04861111111111111 0.08639705882352941
0 0.35804738562091504 0.49785539215686275 0.046977124183006536 0.0857843137254902
0 0.30861928104575165 0.4987745098039216 0.042075163398692814 0.0974264705882353
0 0.25980392156862747 0.49846813725490197 0.05392156862745098 0.09681372549019608
0 0.20445261437908496 0.5 0.0559640522875817 0.1017156862745098
0 0.14705882352941177 0.5024509803921569 0.05065359477124183 0.0974264705882353
0 0.6721813725490197 0.6047794117647058 0.04044117647058824 0.06985294117647059
0 0.9372957516339869 0.38893995098039214 0.0298202614379085 0.06525735294117647
0 0.8578431372549019 0.39231004901960786 0.03676470588235294 0.06464460784313726
0 0.821078431372549 0.39568014705882354 0.035130718954248366 0.07138480392156862
0 0.7847222222222222 0.3932291666666667 0.03104575163398693 0.07383578431372549
0 0.7424428104575164 0.3929227941176471 0.046977124183006536 0.07199754901960784
0 0.6995506535947712 0.3938419117647059 0.0363562091503268 0.0701593137254902
0 0.6609477124183006 0.3955269607843137 0.03676470588235294 0.0741421568627451
0 0.8978758169934641 0.3903186274509804 0.04493464052287582 0.06801470588235294
0 0.45383986928104575 0.49831495098039214 0.04820261437908497 0.08915441176470588
0 0.5055147058823529 0.4964767156862745 0.054330065359477125 0.09283088235294118
0 0.6243872549019608 0.49494485294117646 0.042075163398692814 0.09650735294117647
0 0.46078431372549017 0.6049325980392157 0.04330065359477124 0.08915441176470588
0 0.41421568627450983 0.6044730392156863 0.049836601307189546 0.08762254901960784
0 0.6299019607843137 0.6075367647058824 0.03431372549019608 0.07475490196078431
0 0.3604983660130719 0.6012561274509803 0.051879084967320264 0.0934436274509804
0 0.3073937908496732 0.6096813725490197 0.05269607843137255 0.09620098039215687
0 0.25919117647058826 0.6127450980392157 0.04616013071895425 0.08823529411764706
0 0.2122140522875817 0.6121323529411765 0.0494281045751634 0.09558823529411764
0 0.1556372549019608 0.6119791666666666 0.061274509803921566 0.09589460784313726
0 0.9185049019607843 0.4888174019607843 0.04861111111111111 0.09834558823529412
0 0.8731617647058824 0.49065563725490197 0.039624183006535946 0.09528186274509803
0 0.8314950980392157 0.4886642156862745 0.04044117647058824 0.09191176470588236
0 0.7924836601307189 0.49050245098039214 0.03758169934640523 0.08762254901960784
0 0.7534722222222222 0.4928002450980392 0.04044117647058824 0.09037990196078431
0 0.710171568627451 0.49356617647058826 0.0363562091503268 0.08700980392156862
0 0.6699346405228758 0.4967830882352941 0.042483660130718956 0.0940563725490196
0 0.5067401960784313 0.6037071078431373 0.044526143790849675 0.09160539215686274
0 0.5929330065359477 0.5978860294117647 0.03553921568627451 0.0940563725490196
0 0.7434640522875817 0.6951593137254902 0.042483660130718956 0.09129901960784313
0 0.7165032679738562 0.5954350490196079 0.032679738562091505 0.08915441176470588
0 0.795547385620915 0.5949754901960784 0.04044117647058824 0.0857843137254902
0 0.8331290849673203 0.5939031862745098 0.034722222222222224 0.08363970588235294
0 0.8733660130718954 0.5916053921568627 0.04330065359477124 0.0900735294117647
0 0.9201388888888888 0.5908394607843137 0.04370915032679738 0.08915441176470588
0 0.16993464052287582 0.7175245098039216 0.05555555555555555 0.09375
0 0.22038398692810457 0.7162990196078431 0.046977124183006536 0.09620098039215687
0 0.27185457516339867 0.7132352941176471 0.051879084967320264 0.0900735294117647
0 0.32169117647058826 0.7115502450980392 0.04616013071895425 0.09160539215686274
0 0.36703431372549017 0.7092524509803921 0.0428921568627451 0.08700980392156862
0 0.4113562091503268 0.7068014705882353 0.04738562091503268 0.09191176470588236
0 0.4616013071895425 0.7077205882352942 0.05065359477124183 0.08823529411764706
0 0.5098039215686274 0.7061887254901961 0.04738562091503268 0.09068627450980392
0 0.5845588235294118 0.6957720588235294 0.025326797385620915 0.0900735294117647
0 0.622140522875817 0.6991421568627451 0.049836601307189546 0.08333333333333333
0 0.6977124183006536 0.6934742647058824 0.04493464052287582 0.09528186274509803
0 0.7532679738562091 0.5949754901960784 0.03758169934640523 0.08823529411764706
0 0.7837009803921569 0.6940870098039216 0.03553921568627451 0.08915441176470588
0 0.8206699346405228 0.694546568627451 0.03758169934640523 0.08823529411764706
0 0.9003267973856209 0.6899509803921569 0.04084967320261438 0.08762254901960784
0 0.8997140522875817 0.7855392156862745 0.03308823529411765 0.07965686274509803
0 0.8633578431372549 0.7850796568627451 0.03880718954248366 0.08118872549019608
0 0.8247549019607843 0.7884497549019608 0.0392156862745098 0.08302696078431372
0 0.7849264705882353 0.7887561274509803 0.04125816993464052 0.0818014705882353
0 0.6284722222222222 0.7990196078431373 0.04044117647058824 0.0900735294117647
0 0.590890522875817 0.797640931372549 0.034722222222222224 0.09221813725490197
0 0.514297385620915 0.8075980392156863 0.03758169934640523 0.09436274509803921
0 0.47937091503267976 0.8071384803921569 0.030637254901960783 0.09466911764705882
0 0.6209150326797386 0.3950674019607843 0.03839869281045752 0.07751225490196079
0 0.43933823529411764 0.8091299019607843 0.046977124183006536 0.09803921568627451
0 0.3929738562091503 0.811734068627451 0.04493464052287582 0.09221813725490197
0 0.34538398692810457 0.8227634803921569 0.046977124183006536 0.0897671568627451
0 0.2949346405228758 0.828125 0.0457516339869281 0.07965686274509803
0 0.2455065359477124 0.8321078431372549 0.049836601307189546 0.08946078431372549
0 0.1926062091503268 0.8322610294117647 0.056781045751633986 0.08915441176470588
0 0.8600898692810458 0.6920955882352942 0.03799019607843137 0.08517156862745098
0 0.5179738562091504 0.3883272058823529 0.041666666666666664 0.08854166666666667
0 0.608047385620915 0.13679534313725492 0.03145424836601307 0.13511029411764705
0 0.43014705882352944 0.3857230392156863 0.04411764705882353 0.09129901960784313
0 0.18341503267973855 0.26838235294117646 0.051470588235294115 0.09620098039215687
0 0.13500816993464052 0.2691482843137255 0.0428921568627451 0.0977328431372549
0 0.9556781045751634 0.1325061274509804 0.054330065359477125 0.12898284313725492
0 0.9097222222222222 0.1334252450980392 0.03758169934640523 0.12837009803921567
0 0.8596813725490197 0.13480392156862744 0.05923202614379085 0.13112745098039216
0 0.8082107843137255 0.13357843137254902 0.04370915032679738 0.13357843137254902
0 0.7546977124183006 0.1323529411764706 0.0559640522875817 0.13602941176470587
0 0.6999591503267973 0.1323529411764706 0.05269607843137255 0.13602941176470587
0 0.23202614379084968 0.2682291666666667 0.04493464052287582 0.09650735294117647
0 0.6480800653594772 0.13480392156862744 0.04861111111111111 0.13848039215686275
0 0.42463235294117646 0.14231004901960784 0.04861111111111111 0.09712009803921569
0 0.37540849673202614 0.14506740196078433 0.04738562091503268 0.1014093137254902
0 0.3304738562091503 0.14506740196078433 0.041666666666666664 0.10018382352941177
0 0.28145424836601307 0.1409313725490196 0.05310457516339869 0.10110294117647059
0 0.2289624183006536 0.13863357843137256 0.04861111111111111 0.10263480392156862
0 0.176062091503268 0.14154411764705882 0.049019607843137254 0.10845588235294118
0 0.12663398692810457 0.1403186274509804 0.04656862745098039 0.1096813725490196
0 0.47610294117647056 0.38924632352941174 0.039624183006535946 0.08915441176470588
0 0.5179738562091504 0.1484375 0.04493464052287582 0.10202205882352941
0 0.28308823529411764 0.26577818627450983 0.05065359477124183 0.09099264705882353
0 0.47181372549019607 0.14307598039215685 0.04003267973856209 0.09987745098039216
0 0.3762254901960784 0.2659313725490196 0.0457516339869281 0.10049019607843138
0 0.38623366013071897 0.38480392156862747 0.04370915032679738 0.09558823529411764
0 0.3321078431372549 0.26363357843137253 0.04493464052287582 0.09650735294117647
0 0.33986928104575165 0.38495710784313725 0.041666666666666664 0.09712009803921569
0 0.29697712418300654 0.38449754901960786 0.04411764705882353 0.09620098039215687
0 0.25040849673202614 0.3869485294117647 0.04738562091503268 0.09129901960784313
0 0.14991830065359477 0.38878676470588236 0.05310457516339869 0.0974264705882353
0 0.9405637254901961 0.28048406862745096 0.03390522875816993 0.07322303921568628
0 0.9019607843137255 0.27987132352941174 0.04084967320261438 0.07322303921568628
0 0.8617238562091504 0.27849264705882354 0.03880718954248366 0.07659313725490197
0 0.20036764705882354 0.38848039215686275 0.04779411764705882 0.0974264705882353
0 0.78125 0.2772671568627451 0.03390522875816993 0.07598039215686274
0 0.7432598039215687 0.2769607843137255 0.03880718954248366 0.07536764705882353
0 0.7011846405228758 0.2772671568627451 0.039624183006535946 0.07169117647058823
0 0.6625816993464052 0.2778799019607843 0.04003267973856209 0.07291666666666667
0 0.6217320261437909 0.2772671568627451 0.04003267973856209 0.07598039215686274
0 0.516748366013072 0.2699142156862745 0.0457516339869281 0.09803921568627451
0 0.8202614379084967 0.2777267156862745 0.04330065359477124 0.07506127450980392
0 0.471609477124183 0.2697610294117647 0.04616013071895425 0.09895833333333333
0 0.4244281045751634 0.26838235294117646 0.0457516339869281 0.09620098039215687
