0 0.4114583333333333 0.6701388888888888 0.08639705882352941 0.02900326797385621
0 0.41421568627450983 0.7001633986928104 0.08088235294117647 0.031862745098039214
0 0.5114889705882353 0.641952614379085 0.10631127450980392 0.0298202614379085
0 0.5116421568627451 0.6999591503267973 0.10845588235294118 0.026552287581699346
0 0.6227022058823529 0.6670751633986928 0.1056985294117647 0.025326797385620915
0 0.6207107843137255 0.6983251633986928 0.10723039215686274 0.034722222222222224
0 0.7328431372549019 0.6386846405228758 0.0857843137254902 0.025735294117647058
0 0.3151041666666667 0.6860702614379085 0.09895833333333333 0.03799019607843137
0 0.5113357843137255 0.6717728758169934 0.10661764705882353 0.0298202614379085
0 0.3128063725490196 0.6390931372549019 0.10232843137254902 0.054330065359477125
0 0.9045649509803921 0.5245098039215687 0.1253063725490196 0.0923202614379085
0 0.7984068627450981 0.35498366013071897 0.11274509803921569 0.03022875816993464
0 0.7997855392156863 0.3247549019607843 0.10998774509803921 0.029411764705882353
0 0.6858149509803921 0.3547794117647059 0.109375 0.025735294117647058
0 0.6881127450980392 0.32536764705882354 0.10600490196078431 0.03308823529411765
0 0.8028492647058824 0.29125816993464054 0.11060049019607843 0.04003267973856209
0 0.6897977941176471 0.2914624183006536 0.1130514705882353 0.03145424836601307
0 0.7189031862745098 0.6680964052287581 0.0818014705882353 0.027369281045751634
0 0.7550551470588235 0.536968954248366 0.1253063725490196 0.0951797385620915
0 0.6259191176470589 0.5439133986928104 0.12071078431372549 0.1017156862745098
0 0.5009191176470589 0.5665849673202614 0.11274509803921569 0.035130718954248366
0 0.8967524509803921 0.6578839869281046 0.029411764705882353 0.09354575163398693
0 0.9270833333333334 0.6578839869281046 0.028186274509803922 0.09354575163398693
0 0.9592524509803921 0.6544117647058824 0.032475490196078434 0.0915032679738562
0 0.8754595588235294 0.3112745098039216 0.0352328431372549 0.11437908496732026
0 0.71875 0.6956699346405228 0.08333333333333333 0.027777777777777776
0 0.15395220588235295 0.7009803921568627 0.11243872549019608 0.03104575163398693
0 0.8048406862745098 0.696078431372549 0.08455882352941177 0.02369281045751634
0 0.14950980392156862 0.3112745098039216 0.11397058823529412 0.03431372549019608
0 0.0467218137254902 0.34763071895424835 0.09160539215686274 0.03431372549019608
0 0.1485906862745098 0.3472222222222222 0.11213235294117647 0.035130718954248366
0 0.29212622549019607 0.25306372549019607 0.09834558823529412 0.034722222222222224
0 0.29151348039215685 0.28982843137254904 0.09895833333333333 0.03308823529411765
0 0.2927389705882353 0.32250816993464054 0.1014093137254902 0.03145424836601307
0 0.29549632352941174 0.3545751633986928 0.10018382352941177 0.031862745098039214
0 0.3877144607843137 0.25449346405228757 0.08731617647058823 0.03758169934640523
0 0.4817708333333333 0.2602124183006536 0.09528186274509803 0.03349673202614379
0 0.5631127450980392 0.24285130718954248 0.06556372549019608 0.030637254901960783
0 0.38848039215686275 0.2922794117647059 0.09068627450980392 0.03799019607843137
0 0.4808517156862745 0.2957516339869281 0.0897671568627451 0.035130718954248366
0 0.5818014705882353 0.2922794117647059 0.10294117647058823 0.0494281045751634
0 0.5796568627450981 0.34395424836601307 0.09865196078431372 0.04738562091503268
0 0.39077818627450983 0.3263888888888889 0.09160539215686274 0.027777777777777776
0 0.39276960784313725 0.3568218954248366 0.09068627450980392 0.0298202614379085
0 0.48299632352941174 0.3278186274509804 0.08731617647058823 0.026552287581699346
0 0.4831495098039216 0.3568218954248366 0.08762254901960784 0.027369281045751634
0 0.9886642156862745 0.6578839869281046 0.02267156862745098 0.0959967320261438
0 0.8128063725490197 0.6284722222222222 0.06556372549019608 0.030637254901960783
0 0.8072916666666666 0.6693218954248366 0.08026960784313726 0.0298202614379085
0 0.07950367647058823 0.5357434640522876 0.10386029411764706 0.03227124183006536
0 0.08164828431372549 0.5684232026143791 0.09957107843137254 0.03390522875816993
0 0.18964460784313725 0.5337009803921569 0.10110294117647059 0.03308823529411765
0 0.1879595588235294 0.5667892156862745 0.10447303921568628 0.03308823529411765
0 0.8671875 0.6574754901960784 0.02971813725490196 0.10008169934640523
0 0.06755514705882353 0.7998366013071896 0.10447303921568628 0.03676470588235294
0 0.06326593137254902 0.1184640522875817 0.10447303921568628 0.03594771241830065
0 0.5015318627450981 0.5324754901960784 0.11397058823529412 0.03308823529411765
0 0.2994791666666667 0.8654003267973857 0.08731617647058823 0.024101307189542485
0 0.3877144607843137 0.8078022875816994 0.08731617647058823 0.027369281045751634
0 0.38924632352941174 0.8341503267973857 0.08670343137254902 0.025326797385620915
0 0.39077818627450983 0.8633578431372549 0.08486519607843138 0.026552287581699346
0 0.4753370098039216 0.7779820261437909 0.08241421568627451 0.03227124183006536
0 0.47457107843137253 0.8080065359477124 0.08394607843137254 0.025326797385620915
0 0.4753370098039216 0.835171568627451 0.08057598039215687 0.027369281045751634
0 0.4774816176470588 0.8637663398692811 0.08670343137254902 0.027369281045751634
0 0.5719975490196079 0.7792075163398693 0.10723039215686274 0.027369281045751634
0 0.5718443627450981 0.806781045751634 0.10753676470588236 0.02287581699346405
0 0.5701593137254902 0.8327205882352942 0.10294117647058823 0.028186274509803922
0 0.5730698529411765 0.8617238562091504 0.10263480392156862 0.0298202614379085
0 0.680453431372549 0.775531045751634 0.10477941176470588 0.02900326797385621
0 0.29702818627450983 0.8415032679738562 0.09283088235294118 0.026143790849673203
0 0.6801470588235294 0.8024918300653595 0.10600490196078431 0.024101307189542485
0 0.678921568627451 0.8615196078431373 0.10416666666666667 0.025326797385620915
0 0.7850796568627451 0.7990196078431373 0.10263480392156862 0.032679738562091505
0 0.7841605392156863 0.8284313725490197 0.10079656862745098 0.025326797385620915
0 0.7838541666666666 0.858047385620915 0.10018382352941177 0.03227124183006536
0 0.850796568627451 0.8245506535947712 0.02389705882352941 0.0951797385620915
0 0.8736213235294118 0.8190359477124183 0.020526960784313725 0.08905228758169935
0 0.899203431372549 0.8218954248366013 0.030637254901960783 0.08415032679738563
0 0.9379595588235294 0.31576797385620914 0.07873774509803921 0.12826797385620914
0 0.39705882352941174 0.5318627450980392 0.09129901960784313 0.03431372549019608
0 0.39690563725490197 0.49816176470588236 0.0934436274509804 0.03308823529411765
0 0.29702818627450983 0.5657679738562091 0.09957107843137254 0.035130718954248366
0 0.047487745098039214 0.6962826797385621 0.09375 0.02900326797385621
0 0.29932598039215685 0.5228758169934641 0.09558823529411764 0.03676470588235294
0 0.678921568627451 0.8329248366013072 0.10355392156862746 0.031862745098039214
0 0.0470281862745098 0.3090277777777778 0.09037990196078431 0.03880718954248366
0 0.9713541666666666 0.1213235294117647 0.0548406862745098 0.11683006535947713
0 0.9181985294117647 0.11968954248366014 0.051470588235294115 0.12009803921568628
0 0.5021446078431373 0.4985702614379085 0.11213235294117647 0.03145424836601307
0 0.39705882352941174 0.5651552287581699 0.09068627450980392 0.03227124183006536
0 0.16773897058823528 0.6613562091503268 0.11917892156862746 0.03431372549019608
0 0.06326593137254902 0.15665849673202614 0.10324754901960784 0.0298202614379085
0 0.16789215686274508 0.08517156862745098 0.10723039215686274 0.03308823529411765
0 0.0663296568627451 0.8662173202614379 0.10079656862745098 0.0298202614379085
0 0.17754289215686275 0.7826797385620915 0.10814950980392157 0.031862745098039214
0 0.1801470588235294 0.8131127450980392 0.09926470588235294 0.026552287581699346
0 0.18351715686274508 0.8404820261437909 0.10416666666666667 0.024101307189542485
0 0.18428308823529413 0.8672385620915033 0.1014093137254902 0.027777777777777776
0 0.3010110294117647 0.7581699346405228 0.09037990196078431 0.028594771241830064
0 0.28829656862745096 0.8112745098039216 0.10661764705882353 0.025326797385620915
0 0.1717218137254902 0.12234477124183006 0.10631127450980392 0.03390522875816993
0 0.17110906862745098 0.16053921568627452 0.10508578431372549 0.035130718954248366
0 0.28737745098039214 0.05330882352941176 0.10784313725490197 0.03553921568627451
0 0.28722426470588236 0.08966503267973856 0.10447303921568628 0.03308823529411765
0 0.28952205882352944 0.12622549019607843 0.1017156862745098 0.035130718954248366
0 0.29059436274509803 0.1613562091503268 0.09834558823529412 0.03431372549019608
0 0.4105392156862745 0.099468954248366 0.08823529411764706 0.03390522875816993
0 0.40579044117647056 0.13316993464052287 0.0977328431372549 0.026143790849673203
0 0.5963541666666666 0.04493464052287582 0.12714460784313725 0.08333333333333333
0 0.7261029411764706 0.044730392156862746 0.1323529411764706 0.08455882352941177
0 0.6076899509803921 0.14358660130718953 0.12714460784313725 0.11070261437908496
0 0.7412683823529411 0.13991013071895425 0.12162990196078431 0.09926470588235294
0 0.8229166666666666 0.1235702614379085 0.03553921568627451 0.12377450980392157
0 0.8581495098039216 0.1235702614379085 0.03553921568627451 0.12377450980392157
0 0.8690257352941176 0.032475490196078434 0.053002450980392156 0.046977124183006536
0 0.04932598039215686 0.661968954248366 0.09497549019607843 0.02900326797385621
0 0.9754901960784313 0.0377859477124183 0.04963235294117647 0.04370915032679738
0 0.06341911764705882 0.8357843137254902 0.10600490196078431 0.03104575163398693
0 0.9243259803921569 0.03431372549019608 0.051470588235294115 0.0457516339869281
