0 0.589041095890411 0.384375 0.030821917808219176 0.03028846153846154
0 0.6145119863013698 0.384375 0.019263698630136987 0.029326923076923077
0 0.7551369863013698 0.5908653846153846 0.017123287671232876 0.025961538461538463
0 0.4805222602739726 0.6147836538461539 0.02011986301369863 0.04639423076923077
0 0.5079195205479452 0.612139423076923 0.03638698630136986 0.04783653846153846
0 0.5676369863013698 0.6061298076923077 0.031678082191780824 0.06947115384615385
0 0.6042380136986302 0.6067307692307692 0.03724315068493151 0.06682692307692308
0 0.6590325342465754 0.615625 0.02696917808219178 0.04375
0 0.696917808219178 0.6162259615384615 0.04023972602739726 0.04639423076923077
0 0.7328767123287672 0.6245192307692308 0.025684931506849314 0.028365384615384615
0 0.758347602739726 0.6251201923076923 0.019263698630136987 0.034375
0 0.7324486301369864 0.5893028846153846 0.02482876712328767 0.03293269230769231
0 0.7810359589041096 0.6242788461538461 0.026113013698630137 0.040865384615384616
0 0.8092893835616438 0.6245192307692308 0.025256849315068493 0.03942307692307692
0 0.8452482876712328 0.619951923076923 0.02011986301369863 0.04855769230769231
0 0.8779965753424658 0.619951923076923 0.04195205479452055 0.04855769230769231
0 0.90625 0.6191105769230769 0.017123287671232876 0.046875
0 0.9353595890410958 0.6145432692307692 0.023116438356164382 0.048317307692307694
0 0.031035958904109588 0.684375 0.04323630136986301 0.05336538461538461
0 0.0759845890410959 0.6876201923076923 0.02696917808219178 0.04783653846153846
0 0.10894691780821918 0.6841346153846154 0.030393835616438356 0.047596153846153844
0 0.1545376712328767 0.7007211538461539 0.04023972602739726 0.04855769230769231
0 0.1930650684931507 0.7054086538461538 0.030821917808219176 0.05216346153846154
0 0.234375 0.7015625 0.03638698630136986 0.05504807692307692
0 0.2773972602739726 0.7008413461538462 0.0410958904109589 0.06754807692307692
0 0.3240582191780822 0.7 0.053082191780821915 0.06634615384615385
0 0.3707191780821918 0.6967548076923077 0.04023972602739726 0.061778846153846156
0 0.2191780821917808 0.28221153846153846 0.07876712328767123 0.06346153846153846
0 0.3163527397260274 0.30084134615384617 0.05650684931506849 0.04110576923076923
0 0.3705051369863014 0.30084134615384617 0.05008561643835616 0.034375
0 0.4449914383561644 0.6167067307692308 0.03553082191780822 0.046875
0 0.4090325342465753 0.6167067307692308 0.03553082191780822 0.04735576923076923
0 0.3610873287671233 0.6167067307692308 0.03553082191780822 0.046875
0 0.3249143835616438 0.6180288461538461 0.025684931506849314 0.05
0 0.883347602739726 0.45745192307692306 0.019263698630136987 0.04423076923076923
0 0.912457191780822 0.45685096153846155 0.029537671232876712 0.043028846153846154
0 0.9409246575342466 0.4563701923076923 0.023972602739726026 0.042067307692307696
0 0.9768835616438356 0.4679086538461538 0.03339041095890411 0.020913461538461537
0 0.036601027397260275 0.5126201923076923 0.0586472602739726 0.03870192307692308
0 0.10081335616438356 0.5085336538461539 0.0526541095890411 0.042067307692307696
0 0.1774400684931507 0.5210336538461539 0.04323630136986301 0.05024038461538462
0 0.24293664383561644 0.53125 0.07320205479452055 0.026442307692307692
0 0.3240582191780822 0.53125 0.0625 0.03028846153846154
0 0.3991866438356164 0.5328125 0.05950342465753425 0.03389423076923077
0 0.4541952054794521 0.5018028846153846 0.06335616438356165 0.019951923076923075
0 0.4815924657534247 0.5358173076923077 0.07962328767123288 0.025961538461538463
0 0.5528681506849316 0.5336538461538461 0.05950342465753425 0.021634615384615384
0 0.4276541095890411 0.2924278846153846 0.039383561643835614 0.056490384615384616
0 0.5961044520547946 0.5030048076923077 0.05950342465753425 0.01658653846153846
0 0.6145119863013698 0.5338942307692308 0.0526541095890411 0.03028846153846154
0 0.6648116438356164 0.5355769230769231 0.04280821917808219 0.020673076923076922
0 0.7371575342465754 0.5320913461538461 0.06335616438356165 0.031971153846153844
0 0.7876712328767124 0.5259615384615385 0.029965753424657533 0.03990384615384615
0 0.8199914383561644 0.5221153846153846 0.02696917808219178 0.036057692307692304
0 0.8784246575342466 0.5329326923076924 0.02910958904109589 0.04951923076923077
0 0.9086044520547946 0.5275240384615385 0.02183219178082192 0.042067307692307696
0 0.934931506849315 0.5275240384615385 0.031678082191780824 0.04158653846153846
0 0.9837328767123288 0.5526442307692307 0.03339041095890411 0.035096153846153846
0 0.07255993150684932 0.6038461538461538 0.06806506849315068 0.035096153846153846
0 0.1780821917808219 0.6099759615384616 0.0488013698630137 0.05024038461538462
0 0.23137842465753425 0.6177884615384616 0.040667808219178085 0.028365384615384615
0 0.2716181506849315 0.6183894230769231 0.04409246575342466 0.029086538461538462
0 0.650042808219178 0.5019230769230769 0.04238013698630137 0.017788461538461538
0 0.8576626712328768 0.45492788461538464 0.026113013698630137 0.04158653846153846
0 0.4674657534246575 0.29627403846153844 0.032534246575342464 0.05456730769230769
0 0.5569349315068494 0.3 0.04794520547945205 0.04423076923076923
0 0.2797517123287671 0.7826923076923077 0.03638698630136986 0.04903846153846154
0 0.3321917808219178 0.7598557692307693 0.030821917808219176 0.023557692307692307
0 0.3820633561643836 0.7798076923076923 0.029537671232876712 0.052884615384615384
0 0.5079195205479452 0.7850961538461538 0.04580479452054795 0.06634615384615385
0 0.5528681506849316 0.784014423076923 0.0449486301369863 0.05985576923076923
0 0.6339897260273972 0.7856971153846154 0.039383561643835614 0.048317307692307694
0 0.6778681506849316 0.784014423076923 0.03553082191780822 0.051682692307692304
0 0.7262414383561644 0.7911057692307693 0.04580479452054795 0.04567307692307692
0 0.783818493150685 0.7919471153846154 0.06078767123287671 0.03870192307692308
0 0.8636558219178082 0.7848557692307693 0.04238013698630137 0.06298076923076923
0 0.912457191780822 0.7802884615384615 0.04922945205479452 0.05913461538461538
0 0.07448630136986302 0.8700721153846154 0.07705479452054795 0.06081730769230769
0 0.1703767123287671 0.8911057692307692 0.0958904109589041 0.01826923076923077
0 0.18428938356164384 0.8573317307692307 0.08261986301369863 0.029086538461538462
0 0.3013698630136986 0.853125 0.08904109589041095 0.02980769230769231
0 0.2951626712328767 0.8873798076923077 0.09631849315068493 0.028125
0 0.4118150684931507 0.8522836538461539 0.0702054794520548 0.03341346153846154
0 0.4929366438356164 0.8695913461538461 0.05008561643835616 0.051682692307692304
0 0.5532962328767124 0.8717548076923077 0.06035958904109589 0.04639423076923077
0 0.6376284246575342 0.8711538461538462 0.07491438356164383 0.04951923076923077
0 0.7065496575342466 0.8713942307692307 0.054366438356164386 0.04951923076923077
0 0.7861729452054794 0.8557692307692307 0.08433219178082192 0.03221153846153846
0 0.7810359589041096 0.8847355769230769 0.08347602739726027 0.019951923076923075
0 0.8737157534246576 0.8824519230769231 0.08647260273972603 0.019230769230769232
0 0.8790667808219178 0.8546875 0.07577054794520548 0.031971153846153844
0 0.9561215753424658 0.8606971153846154 0.03553082191780822 0.023317307692307693
0 0.955693493150685 0.8838942307692308 0.0389554794520548 0.01826923076923077
0 0.24143835616438356 0.7854567307692307 0.036815068493150686 0.05600961538461539
0 0.2069777397260274 0.7719951923076923 0.034674657534246575 0.04110576923076923
0 0.17080479452054795 0.7722355769230769 0.029965753424657533 0.040625
0 0.11472602739726027 0.7806490384615384 0.05650684931506849 0.037259615384615384
0 0.605736301369863 0.2826923076923077 0.045376712328767124 0.075
0 0.6558219178082192 0.2829326923076923 0.0488013698630137 0.07548076923076923
0 0.7431506849315068 0.2971153846153846 0.031678082191780824 0.057692307692307696
0 0.7799657534246576 0.2932692307692308 0.03339041095890411 0.06346153846153846
0 0.409888698630137 0.6972355769230769 0.03724315068493151 0.06081730769230769
0 0.4625428082191781 0.7026442307692308 0.05179794520547945 0.06298076923076923
0 0.5092037671232876 0.6997596153846154 0.029537671232876712 0.06682692307692308
0 0.5543664383561644 0.7034855769230769 0.03339041095890411 0.048317307692307694
0 0.5898972602739726 0.6997596153846154 0.032534246575342464 0.04807692307692308
0 0.634417808219178 0.6967548076923077 0.04023972602739726 0.056490384615384616
0 0.6752996575342466 0.6774038461538462 0.026113013698630137 0.03076923076923077
0 0.7647688356164384 0.6924278846153846 0.03638698630136986 0.0641826923076923
0 0.877568493150685 0.6891826923076924 0.046232876712328765 0.058173076923076925
0 0.5126284246575342 0.29651442307692305 0.041523972602739725 0.051201923076923075
0 0.9205907534246576 0.6926682692307692 0.03638698630136986 0.059375
0 0.8711472602739726 0.2902644230769231 0.04794520547945205 0.06899038461538462
0 0.9163099315068494 0.29134615384615387 0.04238013698630137 0.07067307692307692
0 0.9685359589041096 0.3099759615384615 0.05094178082191781 0.040625
0 0.1716609589041096 0.38221153846153844 0.07962328767123288 0.028365384615384615
0 0.2480736301369863 0.3802884615384615 0.05950342465753425 0.026442307692307692
0 0.3157106164383562 0.3872596153846154 0.06035958904109589 0.03076923076923077
0 0.3944777397260274 0.3576923076923077 0.05008561643835616 0.027884615384615386
0 0.4505565068493151 0.35841346153846154 0.05179794520547945 0.026923076923076925
0 0.3912671232876712 0.38461538461538464 0.05736301369863014 0.02548076923076923
0 0.4569777397260274 0.38677884615384617 0.05950342465753425 0.021634615384615384
0 0.526541095890411 0.3780048076923077 0.06506849315068493 0.046875
0 0.9599743150684932 0.6730769230769231 0.03809931506849315 0.027884615384615386
0 0.05843321917808219 0.7832932692307693 0.05950342465753425 0.04110576923076923
0 0.8261986301369864 0.29699519230769234 0.039383561643835614 0.065625
0 0.8204195205479452 0.45685096153846155 0.03724315068493151 0.043028846153846154
0 0.6324914383561644 0.6182692307692308 0.019263698630136987 0.04807692307692308
0 0.1367722602739726 0.284375 0.06720890410958905 0.06490384615384616
0 0.4276541095890411 0.4622596153846154 0.05821917808219178 0.026923076923076925
0 0.4300085616438356 0.4299278846153846 0.05179794520547945 0.03245192307692308
0 0.4978595890410959 0.4655048076923077 0.0642123287671233 0.028125
0 0.5787671232876712 0.46298076923076925 0.08732876712328767 0.03076923076923077
0 0.6601027397260274 0.46358173076923076 0.07191780821917808 0.02956730769230769
0 0.7191780821917808 0.4561298076923077 0.031678082191780824 0.042067307692307696
0 0.7602739726027398 0.45552884615384615 0.032534246575342464 0.04567307692307692
0 0.7900256849315068 0.4558894230769231 0.025256849315068493 0.042548076923076925
0 0.3653681506849315 0.46129807692307695 0.061215753424657536 0.022115384615384617
0 0.2985873287671233 0.4325721153846154 0.05094178082191781 0.024278846153846154
0 0.2990154109589041 0.4617788461538462 0.06035958904109589 0.022596153846153846
0 0.23758561643835616 0.45853365384615385 0.05736301369863014 0.027644230769230768
0 0.1703767123287671 0.45877403846153847 0.0625 0.028125
0 0.3672945205479452 0.4310096153846154 0.05736301369863014 0.023557692307692307
0 0.0547945205479452 0.4390625 0.03767123287671233 0.037259615384615384
0 0.9565496575342466 0.390625 0.02696917808219178 0.035576923076923075
0 0.930222602739726 0.3881009615384615 0.02226027397260274 0.04591346153846154
0 0.6474743150684932 0.3840144230769231 0.04238013698630137 0.03774038461538461
0 0.9011130136986302 0.38545673076923076 0.030821917808219176 0.043028846153846154
0 0.6853595890410958 0.38353365384615384 0.02226027397260274 0.03870192307692308
0 0.708904109589041 0.3841346153846154 0.025684931506849314 0.04038461538461539
0 0.7365154109589042 0.38677884615384617 0.027825342465753425 0.035096153846153846
0 0.7671232876712328 0.38545673076923076 0.031678082191780824 0.043028846153846154
0 0.8017979452054794 0.3870192307692308 0.023972602739726026 0.03461538461538462
0 0.10209760273972603 0.43521634615384613 0.03638698630136986 0.03774038461538461
0 0.8625856164383562 0.3856971153846154 0.025684931506849314 0.03822115384615385
0 0.8279109589041096 0.3897836538461538 0.023972602739726026 0.04350961538461538
