0 0.06580687830687831 0.41121031746031744 0.08862433862433862 0.04927248677248677
0 0.24404761904761904 0.5671296296296297 0.04497354497354497 0.031084656084656083
0 0.14930555555555555 0.5768849206349206 0.08432539682539683 0.060515873015873016
0 0.4212962962962963 0.42741402116402116 0.047619047619047616 0.09027777777777778
0 0.08366402116402116 0.9652777777777778 0.06944444444444445 0.06613756613756613
0 0.15790343915343916 0.9684193121693122 0.0710978835978836 0.06514550264550265
0 0.04497354497354497 0.3331679894179894 0.06547619047619048 0.04861111111111111
0 0.32837301587301587 0.9292328042328042 0.06018518518518518 0.07275132275132275
0 0.39632936507936506 0.9470899470899471 0.05853174603174603 0.10582010582010581
0 0.28869047619047616 0.5456349206349206 0.023809523809523808 0.08597883597883597
0 0.1402116402116402 0.30753968253968256 0.12169312169312169 0.10052910052910052
0 0.23412698412698413 0.9657738095238095 0.07671957671957672 0.06845238095238096
0 0.1595568783068783 0.45949074074074076 0.09292328042328042 0.050595238095238096
0 0.3143187830687831 0.5453042328042328 0.022817460317460316 0.0873015873015873
0 0.38078703703703703 0.5451388888888888 0.030753968253968252 0.08101851851851852
0 0.0701058201058201 0.46081349206349204 0.082010582010582 0.050595238095238096
0 0.6764219576719577 0.45271164021164023 0.05720899470899471 0.037037037037037035
0 0.7341269841269841 0.45287698412698413 0.05489417989417989 0.03935185185185185
0 0.7845568783068783 0.435515873015873 0.04265873015873016 0.07076719576719577
0 0.8326719576719577 0.48412698412698413 0.05357142857142857 0.05092592592592592
0 0.9006283068783069 0.45453042328042326 0.0796957671957672 0.10945767195767196
0 0.9662698412698413 0.4540343915343915 0.051587301587301584 0.10714285714285714
0 0.9274140211640212 0.5752314814814815 0.07837301587301587 0.07705026455026455
0 0.34854497354497355 0.5454695767195767 0.03373015873015873 0.08035714285714286
0 0.8480489417989417 0.576223544973545 0.07837301587301587 0.07705026455026455
0 0.7309854497354498 0.5461309523809523 0.045965608465608467 0.08234126984126984
0 0.68369708994709 0.5461309523809523 0.04332010582010582 0.07308201058201058
0 0.6069775132275133 0.5415013227513228 0.05191798941798942 0.06712962962962964
0 0.3716931216931217 0.42741402116402116 0.052248677248677246 0.09027777777777778
0 0.5147156084656085 0.5372023809523809 0.03273809523809524 0.09689153439153439
0 0.4808201058201058 0.5380291005291006 0.031746031746031744 0.09523809523809523
0 0.4462632275132275 0.5380291005291006 0.036044973544973546 0.09457671957671958
0 0.4131944444444444 0.5380291005291006 0.03141534391534392 0.09523809523809523
0 0.777281746031746 0.5444775132275133 0.04662698412698413 0.0796957671957672
0 0.552744708994709 0.5403439153439153 0.04133597883597884 0.06547619047619048
0 0.7956349206349206 0.9289021164021164 0.07473544973544974 0.0992063492063492
0 0.2466931216931217 0.3288690476190476 0.08994708994708994 0.04927248677248677
0 0.22536375661375663 0.6790674603174603 0.040674603174603176 0.11937830687830688
0 0.16732804232804233 0.6590608465608465 0.07142857142857142 0.07341269841269842
0 0.08366402116402116 0.6656746031746031 0.08796296296296297 0.07142857142857142
0 0.640707671957672 0.6671626984126984 0.04265873015873016 0.05125661375661376
0 0.7101521164021164 0.6147486772486772 0.05919312169312169 0.02447089947089947
0 0.7084986772486772 0.6423611111111112 0.05919312169312169 0.03009259259259259
0 0.7058531746031746 0.6937830687830688 0.0625 0.07275132275132275
0 0.7706679894179894 0.6423611111111112 0.05787037037037037 0.03670634920634921
0 0.2673611111111111 0.6780753968253969 0.03935185185185185 0.1207010582010582
0 0.7696759259259259 0.6974206349206349 0.06316137566137567 0.07275132275132275
0 0.9631283068783069 0.9575066137566137 0.07308201058201058 0.08630952380952381
0 0.8197751322751323 0.8374669312169312 0.04034391534391534 0.0710978835978836
0 0.68369708994709 0.8012566137566137 0.06977513227513228 0.09457671957671958
0 0.6025132275132276 0.8166335978835979 0.04298941798941799 0.11011904761904762
0 0.5633267195767195 0.8146494708994709 0.034722222222222224 0.11541005291005291
0 0.5251322751322751 0.8149801587301587 0.041005291005291 0.11011904761904762
0 0.4710648148148148 0.8186177248677249 0.040013227513227514 0.11210317460317461
0 0.4287367724867725 0.8214285714285714 0.04398148148148148 0.11044973544973545
0 0.939318783068783 0.8416005291005291 0.03736772486772487 0.07208994708994709
0 0.30952380952380953 0.6802248677248677 0.04431216931216931 0.12169312169312169
0 0.3566468253968254 0.6798941798941799 0.04662698412698413 0.12037037037037036
0 0.4017857142857143 0.6936177248677249 0.03902116402116402 0.09689153439153439
0 0.8713624338624338 0.9353505291005291 0.07275132275132275 0.08630952380952381
0 0.8817791005291006 0.8454034391534392 0.07572751322751323 0.08895502645502645
0 0.761739417989418 0.8113425925925926 0.07374338624338625 0.11408730158730158
0 0.8376322751322751 0.7463624338624338 0.0667989417989418 0.0667989417989418
0 0.8353174603174603 0.677744708994709 0.06481481481481481 0.06977513227513228
0 0.9118716931216931 0.6800595238095238 0.08697089947089948 0.07242063492063493
0 0.9141865079365079 0.7490079365079365 0.08300264550264551 0.0667989417989418
0 0.046296296296296294 0.8617724867724867 0.07407407407407407 0.07208994708994709
0 0.12053571428571429 0.8611111111111112 0.07308201058201058 0.07605820105820106
0 0.18204365079365079 0.8591269841269841 0.04927248677248677 0.07275132275132275
0 0.09077380952380952 0.7612433862433863 0.08697089947089948 0.07605820105820106
0 0.23015873015873015 0.8128306878306878 0.04431216931216931 0.1111111111111111
0 0.27215608465608465 0.812665343915344 0.03968253968253968 0.11144179894179894
0 0.31299603174603174 0.8156415343915344 0.0419973544973545 0.11474867724867725
0 0.5929232804232805 0.673776455026455 0.03306878306878307 0.08432539682539683
0 0.5575396825396826 0.6760912698412699 0.03571428571428571 0.0882936507936508
0 0.5206679894179894 0.689318783068783 0.03802910052910053 0.09226190476190477
0 0.4799933862433862 0.6904761904761905 0.03935185185185185 0.09325396825396826
0 0.4409722222222222 0.6917989417989417 0.03802910052910053 0.09986772486772487
0 0.5868055555555556 0.9558531746031746 0.06977513227513228 0.0882936507936508
0 0.37549603174603174 0.3439153439153439 0.08763227513227513 0.021825396825396824
0 0.3599537037037037 0.8136574074074074 0.04133597883597884 0.11342592592592593
0 0.59755291005291 0.32076719576719576 0.04497354497354497 0.06812169312169312
0 0.7002314814814815 0.20386904761904762 0.03670634920634921 0.0419973544973545
0 0.7002314814814815 0.1597222222222222 0.03670634920634921 0.04431216931216931
0 0.7007275132275133 0.10846560846560846 0.037698412698412696 0.0582010582010582
0 0.75 0.08465608465608465 0.04431216931216931 0.03835978835978836
0 0.7410714285714286 0.12665343915343916 0.03902116402116402 0.042328042328042326
0 0.7384259259259259 0.18716931216931218 0.037037037037037035 0.07473544973544974
0 0.7671957671957672 0.19460978835978837 0.017857142857142856 0.060515873015873016
0 0.6622023809523809 0.18601190476190477 0.03670634920634921 0.07771164021164022
0 0.808531746031746 0.20337301587301587 0.06018518518518518 0.04563492063492063
0 0.9214616402116402 0.1886574074074074 0.02943121693121693 0.06911375661375661
0 0.45287698412698413 0.91005291005291 0.04927248677248677 0.03902116402116402
0 0.501818783068783 0.9088955026455027 0.04662698412698413 0.03802910052910053
0 0.6395502645502645 0.9325396825396826 0.03439153439153439 0.08928571428571429
0 0.5411706349206349 0.9264219576719577 0.021494708994708994 0.07705026455026455
0 0.9778439153439153 0.7432208994708994 0.04431216931216931 0.08564814814814815
0 0.4826388888888889 0.3272156084656085 0.08763227513227513 0.05191798941798942
0 0.8799603174603174 0.17956349206349206 0.05357142857142857 0.09060846560846561
0 0.6198743386243386 0.1701388888888889 0.04398148148148148 0.10945767195767196
0 0.9839616402116402 0.5757275132275133 0.03207671957671958 0.083994708994709
0 0.4798280423280423 0.08895502645502645 0.07671957671957672 0.051587301587301584
0 0.6608796296296297 0.3158068783068783 0.04927248677248677 0.07804232804232804
0 0.8444113756613757 0.3201058201058201 0.06779100529100529 0.12433862433862433
0 0.9012896825396826 0.3406084656084656 0.04398148148148148 0.08333333333333333
0 0.5582010582010583 0.17096560846560846 0.07671957671957672 0.1078042328042328
0 0.7180886243386243 0.3176256613756614 0.04794973544973545 0.0744047619047619
0 0.9485780423280423 0.33912037037037035 0.04728835978835979 0.08498677248677249
0 0.9828042328042328 0.28290343915343913 0.03571428571428571 0.027447089947089946
0 0.03670634920634921 0.19758597883597884 0.07341269841269842 0.04794973544973545
0 0.7825727513227513 0.31613756613756616 0.05125661375661376 0.08002645502645503
0 0.14070767195767195 0.18287037037037038 0.0796957671957672 0.08068783068783068
0 0.48048941798941797 0.16832010582010581 0.07738095238095238 0.10978835978835978
0 0.22156084656084657 0.18386243386243387 0.07936507936507936 0.07738095238095238
0 0.37979497354497355 0.09375 0.07506613756613757 0.07837301587301587
0 0.3012566137566138 0.1841931216931217 0.07936507936507936 0.07804232804232804
0 0.38409391534391535 0.1779100529100529 0.0710978835978836 0.09060846560846561
0 0.23759920634920634 0.11871693121693122 0.07175925925925926 0.05291005291005291
0 0.041666666666666664 0.14947089947089948 0.08333333333333333 0.04034391534391534
