0 0.08598856209150327 0.44684436274509803 0.06658496732026144 0.05667892156862745
0 0.8216911764705882 0.19699754901960784 0.060866013071895424 0.08700980392156862
0 0.4987745098039216 0.20787377450980393 0.05392156862745098 0.08302696078431372
0 0.5592320261437909 0.20664828431372548 0.0661764705882353 0.08241421568627451
0 0.6168300653594772 0.20511642156862744 0.04738562091503268 0.0860906862745098
0 0.6879084967320261 0.19132965686274508 0.09068627450980392 0.10202205882352941
0 0.7634803921568627 0.19822303921568626 0.056372549019607844 0.08823529411764706
0 0.8022875816993464 0.6219362745098039 0.05718954248366013 0.0545343137254902
0 0.8982843137254902 0.19301470588235295 0.06045751633986928 0.08394607843137254
0 0.9613970588235294 0.18933823529411764 0.06495098039215687 0.09129901960784313
0 0.07107843137254902 0.3229166666666667 0.058823529411764705 0.07536764705882353
0 0.7295751633986928 0.43734681372549017 0.04330065359477124 0.0628063725490196
0 0.6791258169934641 0.42800245098039214 0.056781045751633986 0.08149509803921569
0 0.6256127450980392 0.42815563725490197 0.04861111111111111 0.08118872549019608
0 0.5759803921568627 0.4284620098039216 0.049019607843137254 0.07996323529411764
0 0.5247140522875817 0.42861519607843135 0.05514705882352941 0.08026960784313726
0 0.4736519607843137 0.43075980392156865 0.04534313725490196 0.07720588235294118
0 0.41013071895424835 0.42401960784313725 0.0784313725490196 0.09436274509803921
0 0.34334150326797386 0.4348958333333333 0.05024509803921569 0.07628676470588236
0 0.19873366013071894 0.7265625 0.04534313725490196 0.08363970588235294
0 0.24142156862745098 0.7264093137254902 0.03839869281045752 0.0821078431372549
0 0.2839052287581699 0.727328431372549 0.04656862745098039 0.08272058823529412
0 0.3372140522875817 0.7238051470588235 0.044526143790849675 0.08057598039215687
0 0.37969771241830064 0.7236519607843137 0.039624183006535946 0.08026960784313726
0 0.42116013071895425 0.7236519607843137 0.04330065359477124 0.08026960784313726
0 0.4695669934640523 0.7083333333333334 0.04044117647058824 0.0784313725490196
0 0.5061274509803921 0.7057291666666666 0.03104575163398693 0.07996323529411764
0 0.4383169934640523 0.20986519607843138 0.06781045751633986 0.07904411764705882
0 0.37683823529411764 0.2109375 0.053513071895424834 0.07935049019607843
0 0.31924019607843135 0.21507352941176472 0.06331699346405228 0.0704656862745098
0 0.2610294117647059 0.21200980392156862 0.042483660130718956 0.07720588235294118
0 0.772671568627451 0.43795955882352944 0.039624183006535946 0.0628063725490196
0 0.10334967320261437 0.09834558823529412 0.059640522875817 0.08884803921568628
0 0.16196895424836602 0.09819240196078431 0.05514705882352941 0.08915441176470588
0 0.21895424836601307 0.0978860294117647 0.06045751633986928 0.08792892156862746
0 0.9162581699346405 0.6214767156862745 0.05800653594771242 0.05361519607843137
0 0.9748774509803921 0.6200980392156863 0.05024509803921569 0.0545343137254902
0 0.08394607843137254 0.7205882352941176 0.030637254901960783 0.08394607843137254
0 0.1227532679738562 0.7215073529411765 0.046977124183006536 0.08455882352941177
0 0.2741013071895425 0.0975796568627451 0.049019607843137254 0.08792892156862746
0 0.32679738562091504 0.09712009803921569 0.05555555555555555 0.08639705882352941
0 0.37806372549019607 0.09543504901960784 0.04616013071895425 0.0897671568627451
0 0.4311683006535948 0.09482230392156862 0.06004901960784314 0.08915441176470588
0 0.536968954248366 0.7084865196078431 0.028186274509803922 0.08363970588235294
0 0.4863153594771242 0.09145220588235294 0.051879084967320264 0.09528186274509803
0 0.542687908496732 0.09191176470588236 0.05923202614379085 0.09497549019607843
0 0.6025326797385621 0.09926470588235294 0.05718954248366013 0.07169117647058823
0 0.6611519607843137 0.08517156862745098 0.0625 0.10049019607843138
0 0.71875 0.08348651960784313 0.05269607843137255 0.0977328431372549
0 0.7704248366013072 0.0822610294117647 0.05065359477124183 0.1014093137254902
0 0.8306781045751634 0.08946078431372549 0.05923202614379085 0.07107843137254902
0 0.8927696078431373 0.07261029411764706 0.06495098039215687 0.10416666666666667
0 0.9603758169934641 0.042738970588235295 0.056372549019607844 0.030330882352941176
0 0.9597630718954249 0.08838848039215687 0.051879084967320264 0.05912990196078431
0 0.07965686274509803 0.21461397058823528 0.0727124183006536 0.07935049019607843
0 0.14154411764705882 0.21461397058823528 0.0494281045751634 0.07935049019607843
0 0.2028186274509804 0.21246936274509803 0.07312091503267974 0.07506127450980392
0 0.15890522875816993 0.4287683823529412 0.07761437908496732 0.09466911764705882
0 0.71875 0.7213541666666666 0.0559640522875817 0.09712009803921569
0 0.5759803921568627 0.7259497549019608 0.0392156862745098 0.08731617647058823
0 0.8272058823529411 0.7215073529411765 0.04003267973856209 0.0974264705882353
0 0.610702614379085 0.5399816176470589 0.028594771241830064 0.06893382352941177
0 0.6456290849673203 0.5396752450980392 0.04125816993464052 0.06709558823529412
0 0.6877042483660131 0.5436580882352942 0.03553921568627451 0.05606617647058824
0 0.7258986928104575 0.5447303921568627 0.041666666666666664 0.05698529411764706
0 0.7722630718954249 0.5462622549019608 0.04779411764705882 0.061274509803921566
0 0.8220996732026143 0.5456495098039216 0.051879084967320264 0.061887254901960786
0 0.8760212418300654 0.547640931372549 0.044526143790849675 0.05238970588235294
0 0.9203431372549019 0.546875 0.04411764705882353 0.05269607843137255
0 0.9746732026143791 0.5399816176470589 0.049836601307189546 0.06770833333333333
0 0.0763888888888889 0.6302083333333334 0.03104575163398693 0.042279411764705885
0 0.10947712418300654 0.6253063725490197 0.03022875816993464 0.051470588235294115
0 0.13868464052287582 0.6254595588235294 0.028186274509803922 0.04932598039215686
0 0.5582107843137255 0.5378370098039216 0.07393790849673203 0.07322303921568628
0 0.17401960784313725 0.6197916666666666 0.03758169934640523 0.06004901960784314
0 0.28104575163398693 0.6237745098039216 0.08905228758169935 0.052083333333333336
0 0.35498366013071897 0.6173406862745098 0.04820261437908497 0.061887254901960786
0 0.40604575163398693 0.6321997549019608 0.04820261437908497 0.03155637254901961
0 0.4609885620915033 0.6315870098039216 0.05514705882352941 0.03155637254901961
0 0.5183823529411765 0.6332720588235294 0.05800653594771242 0.03370098039215686
0 0.6352124183006536 0.6306678921568627 0.05228758169934641 0.03829656862745098
0 0.6897467320261438 0.6311274509803921 0.0559640522875817 0.034926470588235295
0 0.7463235294117647 0.632046568627451 0.05065359477124183 0.03431372549019608
0 0.8543709150326797 0.31234681372549017 0.05923202614379085 0.08302696078431372
0 0.911968954248366 0.31142769607843135 0.0559640522875817 0.08118872549019608
0 0.9689542483660131 0.3118872549019608 0.05473856209150327 0.08149509803921569
0 0.07883986928104575 0.3972120098039216 0.058823529411764705 0.03400735294117647
0 0.2152777777777778 0.6188725490196079 0.04330065359477124 0.06004901960784314
0 0.7724673202614379 0.7202818627450981 0.051470588235294115 0.09926470588235294
0 0.4877450980392157 0.5384497549019608 0.06781045751633986 0.0744485294117647
0 0.3631535947712418 0.5462622549019608 0.05800653594771242 0.06311274509803921
0 0.8709150326797386 0.7193627450980392 0.04738562091503268 0.10110294117647059
0 0.9424019607843137 0.7340686274509803 0.04656862745098039 0.0821078431372549
0 0.9828431372549019 0.7334558823529411 0.03431372549019608 0.08455882352941177
0 0.2832924836601307 0.42723651960784315 0.06495098039215687 0.09037990196078431
0 0.22406045751633988 0.43106617647058826 0.051879084967320264 0.08272058823529412
0 0.12152777777777778 0.32215073529411764 0.044526143790849675 0.07751225490196079
0 0.1707516339869281 0.3229166666666667 0.05392156862745098 0.07965686274509803
0 0.23815359477124182 0.31449142156862747 0.07352941176470588 0.0977328431372549
0 0.8298611111111112 0.44577205882352944 0.060866013071895424 0.04044117647058824
0 0.891952614379085 0.44454656862745096 0.06331699346405228 0.04350490196078431
0 0.4221813725490196 0.5447303921568627 0.060866013071895424 0.06066176470588235
0 0.3672385620915033 0.3226102941176471 0.05310457516339869 0.08149509803921569
0 0.31413398692810457 0.3229166666666667 0.05310457516339869 0.0821078431372549
0 0.9611928104575164 0.43014705882352944 0.07434640522875817 0.07107843137254902
0 0.806781045751634 0.3151041666666667 0.03758169934640523 0.07873774509803921
0 0.7338643790849673 0.30775122549019607 0.10253267973856209 0.09650735294117647
0 0.6540032679738562 0.3137254901960784 0.05473856209150327 0.08333333333333333
0 0.5996732026143791 0.3170955882352941 0.051470588235294115 0.0900735294117647
0 0.4187091503267974 0.32306985294117646 0.04738562091503268 0.07996323529411764
0 0.4667075163398693 0.32199754901960786 0.04779411764705882 0.08272058823529412
0 0.5332924836601307 0.3086703431372549 0.0821078431372549 0.10631127450980392
0 0.2397875816993464 0.5333946078431373 0.04820261437908497 0.09129901960784313
0 0.19505718954248366 0.5347732843137255 0.04125816993464052 0.08854166666666667
0 0.15665849673202614 0.5355392156862745 0.03799019607843137 0.08946078431372549
0 0.11376633986928104 0.5390625 0.04534313725490196 0.08302696078431372
0 0.30044934640522875 0.5493259803921569 0.06658496732026144 0.05759803921568627
