0 0.061274509803921566 0.7057291666666666 0.04738562091503268 0.06219362745098039
0 0.1096813725490196 0.7032781862745098 0.046977124183006536 0.06709558823529412
0 0.16830065359477125 0.7008272058823529 0.04738562091503268 0.06709558823529412
0 0.01511437908496732 0.7319240196078431 0.03022875816993464 0.03799019607843137
0 0.9609885620915033 0.6006433823529411 0.068218954248366 0.08486519607843138
0 0.8937908496732027 0.6075367647058824 0.058823529411764705 0.07291666666666667
0 0.2406045751633987 0.18474264705882354 0.04656862745098039 0.027573529411764705
0 0.3784722222222222 0.7164522058823529 0.046977124183006536 0.03707107843137255
0 0.19648692810457516 0.1557904411764706 0.03676470588235294 0.08670343137254902
0 0.3304738562091503 0.7138480392156863 0.04084967320261438 0.04718137254901961
0 0.2834967320261438 0.7077205882352942 0.049836601307189546 0.06004901960784314
0 0.0196078431372549 0.1634497549019608 0.0392156862745098 0.06096813725490196
0 0.06290849673202614 0.14767156862745098 0.04084967320261438 0.09558823529411764
0 0.1323529411764706 0.18581495098039216 0.08006535947712418 0.02297794117647059
0 0.23284313725490197 0.7084865196078431 0.04003267973856209 0.057291666666666664
0 0.12806372549019607 0.15701593137254902 0.07802287581699346 0.02849264705882353
0 0.12459150326797386 0.12147671568627451 0.07679738562091504 0.03829656862745098
0 0.4311683006535948 0.7156862745098039 0.046977124183006536 0.037377450980392156
0 0.7146650326797386 0.5470281862745098 0.027369281045751634 0.02297794117647059
0 0.5647467320261438 0.8051470588235294 0.0298202614379085 0.051470588235294115
0 0.5473856209150327 0.7124693627450981 0.051470588235294115 0.046875
0 0.9405637254901961 0.8022365196078431 0.027369281045751634 0.05912990196078431
0 0.9712009803921569 0.8008578431372549 0.030637254901960783 0.06066176470588235
0 0.07802287581699346 0.8956801470588235 0.061274509803921566 0.043198529411764705
0 0.13970588235294118 0.9183517156862745 0.06045751633986928 0.046262254901960786
0 0.25306372549019607 0.9077818627450981 0.04125816993464052 0.06740196078431372
0 0.29963235294117646 0.9099264705882353 0.04125816993464052 0.06740196078431372
0 0.4542483660130719 0.9238664215686274 0.03104575163398693 0.04932598039215686
0 0.48733660130718953 0.922640931372549 0.027777777777777776 0.04932598039215686
0 0.5194035947712419 0.9217218137254902 0.03308823529411765 0.046875
0 0.5629084967320261 0.9129901960784313 0.041666666666666664 0.06372549019607843
0 0.9048202614379085 0.7973345588235294 0.041666666666666664 0.08363970588235294
0 0.6582924836601307 0.9007352941176471 0.04370915032679738 0.08149509803921569
0 0.7440767973856209 0.9034926470588235 0.0428921568627451 0.08026960784313726
0 0.784109477124183 0.9047181372549019 0.03390522875816993 0.06924019607843138
0 0.8188316993464052 0.8950674019607843 0.03145424836601307 0.06770833333333333
0 0.8247549019607843 0.6024816176470589 0.07107843137254902 0.08547794117647059
0 0.8596813725490197 0.905484068627451 0.042075163398692814 0.07199754901960784
0 0.8988970588235294 0.9007352941176471 0.03227124183006536 0.07169117647058823
0 0.9340277777777778 0.8982843137254902 0.03390522875816993 0.07169117647058823
0 0.9761029411764706 0.8889399509803921 0.046977124183006536 0.08118872549019608
0 0.7173202614379085 0.48192401960784315 0.028594771241830064 0.023284313725490197
0 0.7181372549019608 0.5157781862745098 0.03022875816993464 0.02297794117647059
0 0.7005718954248366 0.9022671568627451 0.03758169934640523 0.07904411764705882
0 0.4930555555555556 0.7140012254901961 0.051470588235294115 0.046875
0 0.858047385620915 0.7970281862745098 0.042075163398692814 0.08363970588235294
0 0.7759395424836601 0.7947303921568627 0.04044117647058824 0.08455882352941177
0 0.6484885620915033 0.7248774509803921 0.04779411764705882 0.02267156862745098
0 0.7003676470588235 0.7245710784313726 0.04779411764705882 0.02267156862745098
0 0.7553104575163399 0.7280943627450981 0.05065359477124183 0.02420343137254902
0 0.7573529411764706 0.7035845588235294 0.05065359477124183 0.02420343137254902
0 0.8127042483660131 0.7012867647058824 0.03390522875816993 0.06678921568627451
0 0.8813316993464052 0.7008272058823529 0.03390522875816993 0.06709558823529412
0 0.928921568627451 0.7089460784313726 0.05392156862745098 0.05330882352941176
0 0.9789624183006536 0.7155330882352942 0.042075163398692814 0.04258578431372549
0 0.012867647058823529 0.8181678921568627 0.025735294117647058 0.03952205882352941
0 0.0573937908496732 0.8157169117647058 0.042075163398692814 0.04442401960784314
0 0.8157679738562091 0.7948835784313726 0.03594771241830065 0.08302696078431372
0 0.11070261437908496 0.8152573529411765 0.041666666666666664 0.049019607843137254
0 0.20955882352941177 0.8011642156862745 0.04738562091503268 0.07107843137254902
0 0.25612745098039214 0.8080575980392157 0.042483660130718956 0.057291666666666664
0 0.3014705882352941 0.8089767156862745 0.042483660130718956 0.057291666666666664
0 0.34558823529411764 0.8105085784313726 0.042483660130718956 0.057291666666666664
0 0.3917483660130719 0.8071384803921569 0.042483660130718956 0.057291666666666664
0 0.5228758169934641 0.8056066176470589 0.0392156862745098 0.06770833333333333
0 0.596609477124183 0.803921568627451 0.030637254901960783 0.056372549019607844
0 0.6286764705882353 0.7758884803921569 0.029411764705882353 0.05116421568627451
0 0.6844362745098039 0.7928921568627451 0.0428921568627451 0.08026960784313726
0 0.7340686274509803 0.7933517156862745 0.0392156862745098 0.08547794117647059
0 0.15808823529411764 0.8033088235294118 0.04738562091503268 0.07107843137254902
0 0.7626633986928104 0.6066176470588235 0.049019607843137254 0.0784313725490196
0 0.053513071895424834 0.4967830882352941 0.059640522875817 0.08057598039215687
0 0.3069852941176471 0.46951593137254904 0.04616013071895425 0.01991421568627451
0 0.9556781045751634 0.2924325980392157 0.07066993464052287 0.10447303921568628
0 0.039624183006535946 0.40931372549019607 0.05310457516339869 0.06066176470588235
0 0.09395424836601307 0.40931372549019607 0.05310457516339869 0.06066176470588235
0 0.14910130718954248 0.4096200980392157 0.05310457516339869 0.06066176470588235
0 0.207312091503268 0.40732230392156865 0.05759803921568627 0.0664828431372549
0 0.10661764705882353 0.36151960784313725 0.0457516339869281 0.029411764705882353
0 0.318218954248366 0.41207107843137253 0.04820261437908497 0.06311274509803921
0 0.37520424836601307 0.39675245098039214 0.05923202614379085 0.09497549019607843
0 0.43361928104575165 0.41329656862745096 0.05024509803921569 0.06372549019607843
0 0.4950980392156863 0.39797794117647056 0.06209150326797386 0.0974264705882353
0 0.18647875816993464 0.3599877450980392 0.05923202614379085 0.023284313725490197
0 0.5800653594771242 0.4152879901960784 0.041666666666666664 0.0628063725490196
0 0.6339869281045751 0.4183517156862745 0.05065359477124183 0.06403186274509803
0 0.6842320261437909 0.4149816176470588 0.04411764705882353 0.06464460784313726
0 0.8829656862745098 0.29181985294117646 0.07148692810457516 0.10324754901960784
0 0.738562091503268 0.41513480392156865 0.05065359477124183 0.06433823529411764
0 0.8486519607843137 0.4185049019607843 0.04534313725490196 0.0661764705882353
0 0.8966503267973857 0.41605392156862747 0.0457516339869281 0.0661764705882353
0 0.9448529411764706 0.41651348039215685 0.0457516339869281 0.06587009803921569
0 0.9846813725490197 0.40793504901960786 0.0298202614379085 0.0897671568627451
0 0.11519607843137254 0.5075061274509803 0.05800653594771242 0.06341911764705882
0 0.17708333333333334 0.4967830882352941 0.05841503267973856 0.08363970588235294
0 0.23223039215686275 0.4996936274509804 0.051879084967320264 0.07659313725490197
0 0.2881944444444444 0.5142463235294118 0.0559640522875817 0.05116421568627451
0 0.7122140522875817 0.6046262254901961 0.04779411764705882 0.08425245098039216
0 0.34477124183006536 0.5114889705882353 0.049019607843137254 0.06158088235294118
0 0.40012254901960786 0.49923406862745096 0.060866013071895424 0.08241421568627451
0 0.45588235294117646 0.5065870098039216 0.04330065359477124 0.07138480392156862
0 0.502859477124183 0.5098039215686274 0.04656862745098039 0.061274509803921566
0 0.5841503267973857 0.5087316176470589 0.049836601307189546 0.06893382352941177
0 0.7941176470588235 0.4183517156862745 0.05065359477124183 0.06403186274509803
0 0.8196486928104575 0.3072916666666667 0.04779411764705882 0.06924019607843138
0 0.7524509803921569 0.25597426470588236 0.05555555555555555 0.021752450980392156
0 0.766952614379085 0.30453431372549017 0.051879084967320264 0.07291666666666667
0 0.2222222222222222 0.29886642156862747 0.049019607843137254 0.06525735294117647
0 0.16196895424836602 0.27941176470588236 0.06413398692810457 0.10416666666666667
0 0.099468954248366 0.2930453431372549 0.053513071895424834 0.06770833333333333
0 0.03819444444444445 0.2925857843137255 0.05923202614379085 0.06556372549019608
0 0.9624183006535948 0.171875 0.07516339869281045 0.03431372549019608
0 0.9613970588235294 0.20496323529411764 0.07312091503267974 0.029411764705882353
0 0.90625 0.1799938725490196 0.03227124183006536 0.07383578431372549
0 0.8711192810457516 0.18091299019607843 0.030637254901960783 0.07138480392156862
0 0.8192401960784313 0.16881127450980393 0.068218954248366 0.09558823529411764
0 0.7379493464052288 0.16237745098039216 0.07393790849673203 0.028186274509803922
0 0.7393790849673203 0.19868259803921567 0.0727124183006536 0.03952205882352941
0 0.667687908496732 0.15992647058823528 0.046977124183006536 0.10477941176470588
0 0.6176470588235294 0.17677696078431374 0.04003267973856209 0.06801470588235294
0 0.5759803921568627 0.17723651960784315 0.03594771241830065 0.0664828431372549
0 0.5381944444444444 0.16528799019607843 0.0363562091503268 0.08731617647058823
0 0.497140522875817 0.1634497549019608 0.03758169934640523 0.08731617647058823
0 0.4577205882352941 0.16130514705882354 0.037173202614379085 0.09037990196078431
0 0.7142565359477124 0.30300245098039214 0.051879084967320264 0.07291666666666667
0 0.6589052287581699 0.30269607843137253 0.05228758169934641 0.07291666666666667
0 0.6039624183006536 0.3002450980392157 0.051879084967320264 0.07291666666666667
0 0.5490196078431373 0.3053002450980392 0.051470588235294115 0.06709558823529412
0 0.4979575163398693 0.3072916666666667 0.04738562091503268 0.06678921568627451
0 0.4452614379084967 0.3043811274509804 0.04738562091503268 0.06709558823529412
0 0.6321486928104575 0.5088848039215687 0.03880718954248366 0.0661764705882353
0 0.3576388888888889 0.2705269607843137 0.11397058823529412 0.12683823529411764
0 0.23958333333333334 0.15701593137254902 0.046977124183006536 0.027879901960784315
0 0.2826797385620915 0.17279411764705882 0.03431372549019608 0.05759803921568627
0 0.3167892156862745 0.17677696078431374 0.030637254901960783 0.05024509803921569
0 0.3508986928104575 0.17846200980392157 0.032679738562091505 0.048100490196078434
0 0.3845996732026144 0.1799938725490196 0.03308823529411765 0.048100490196078434
0 0.4195261437908497 0.18198529411764705 0.032679738562091505 0.04656862745098039
0 0.27328431372549017 0.3003982843137255 0.049019607843137254 0.06525735294117647
0 0.7837009803921569 0.5082720588235294 0.0494281045751634 0.07475490196078431
0 0.12418300653594772 0.6032475490196079 0.0718954248366013 0.0821078431372549
0 0.36744281045751637 0.6047794117647058 0.05106209150326797 0.07720588235294118
0 0.5065359477124183 0.6047794117647058 0.059640522875817 0.08088235294117647
0 0.4366830065359477 0.6029411764705882 0.07679738562091504 0.0900735294117647
0 0.31352124183006536 0.6052389705882353 0.05106209150326797 0.07751225490196079
0 0.2551062091503268 0.6069240196078431 0.05514705882352941 0.0778186274509804
0 0.19281045751633988 0.6056985294117647 0.05555555555555555 0.0778186274509804
0 0.9769199346405228 0.5068933823529411 0.04861111111111111 0.078125
0 0.056372549019607844 0.6089154411764706 0.05718954248366013 0.07261029411764706
0 0.8821486928104575 0.5101102941176471 0.04616013071895425 0.07169117647058823
0 0.5745506535947712 0.6012561274509803 0.06495098039215687 0.09037990196078431
0 0.6403186274509803 0.6056985294117647 0.056781045751633986 0.07904411764705882
0 0.8339460784313726 0.5068933823529411 0.04616013071895425 0.07199754901960784
0 0.9279003267973857 0.5104166666666666 0.0428921568627451 0.07107843137254902
