0 0.11519607843137254 0.6680453431372549 0.06944444444444445 0.013786764705882353
0 0.16687091503267973 0.23636642156862744 0.1474673202614379 0.14307598039215685
0 0.3443627450980392 0.7331495098039216 0.07924836601307189 0.05392156862745098
0 0.4311683006535948 0.7268688725490197 0.0886437908496732 0.05361519607843137
0 0.5102124183006536 0.7231924019607843 0.06944444444444445 0.053002450980392156
0 0.5853758169934641 0.7118566176470589 0.06209150326797386 0.04932598039215686
0 0.6609477124183006 0.7074142156862745 0.05800653594771242 0.052083333333333336
0 0.7495915032679739 0.7006740196078431 0.06454248366013073 0.06004901960784314
0 0.8157679738562091 0.6962316176470589 0.06781045751633986 0.05545343137254902
0 0.040236928104575166 0.8417585784313726 0.07720588235294118 0.01991421568627451
0 0.13174019607843138 0.8538602941176471 0.08047385620915033 0.02267156862745098
0 0.2624591503267974 0.7412683823529411 0.07965686274509803 0.060355392156862746
0 0.3347630718954248 0.8204656862745098 0.06004901960784314 0.04595588235294118
0 0.39869281045751637 0.8020833333333334 0.06781045751633986 0.018995098039215685
0 0.4019607843137255 0.8270526960784313 0.061274509803921566 0.021139705882352942
0 0.46915849673202614 0.8026960784313726 0.056781045751633986 0.06740196078431372
0 0.5355392156862745 0.7852328431372549 0.06290849673202614 0.020833333333333332
0 0.5345179738562091 0.8068321078431373 0.07393790849673203 0.014399509803921568
0 0.5998774509803921 0.7855392156862745 0.0625 0.04718137254901961
0 0.661968954248366 0.7791053921568627 0.06331699346405228 0.06004901960784314
0 0.7289624183006536 0.7754289215686274 0.06740196078431372 0.0625
0 0.8041258169934641 0.7631740196078431 0.0821078431372549 0.07107843137254902
0 0.2455065359477124 0.8161764705882353 0.10866013071895425 0.058823529411764705
0 0.18321078431372548 0.7450980392156863 0.07883986928104575 0.05392156862745098
0 0.05535130718954248 0.7512254901960784 0.0886437908496732 0.052083333333333336
0 0.8043300653594772 0.6078431372549019 0.03839869281045752 0.07598039215686274
0 0.12377450980392157 0.6819852941176471 0.08006535947712418 0.011029411764705883
0 0.03227124183006536 0.6878063725490197 0.061274509803921566 0.010416666666666666
0 0.03860294117647059 0.6781556372549019 0.05841503267973856 0.015012254901960785
0 0.03227124183006536 0.6663602941176471 0.05800653594771242 0.010416666666666666
0 0.03553921568627451 0.6533394607843137 0.061274509803921566 0.012561274509803922
0 0.03227124183006536 0.6381740196078431 0.05473856209150327 0.02022058823529412
0 0.1895424836601307 0.6469056372549019 0.03758169934640523 0.07322303921568628
0 0.22855392156862744 0.6369485294117647 0.04044117647058824 0.09313725490196079
0 0.2667483660130719 0.6392463235294118 0.04656862745098039 0.08915441176470588
0 0.3043300653594771 0.6392463235294118 0.03022875816993464 0.08854166666666667
0 0.33394607843137253 0.6196384803921569 0.0298202614379085 0.047487745098039214
0 0.3680555555555556 0.6276041666666666 0.04411764705882353 0.06587009803921569
0 0.4195261437908497 0.6326593137254902 0.058823529411764705 0.07352941176470588
0 0.4679330065359477 0.6286764705882353 0.03553921568627451 0.07659313725490197
0 0.49816176470588236 0.6308210784313726 0.0298202614379085 0.0625
0 0.534109477124183 0.6303615196078431 0.034722222222222224 0.06403186274509803
0 0.5690359477124183 0.6314338235294118 0.035130718954248366 0.07107843137254902
0 0.6088643790849673 0.6272977941176471 0.03880718954248366 0.06770833333333333
0 0.6542075163398693 0.6265318627450981 0.034722222222222224 0.05392156862745098
0 0.7193627450980392 0.6106004901960784 0.0457516339869281 0.07904411764705882
0 0.761437908496732 0.6144301470588235 0.04084967320261438 0.07199754901960784
0 0.10580065359477124 0.6559436274509803 0.06944444444444445 0.011029411764705883
0 0.8617238562091504 0.49862132352941174 0.026552287581699346 0.07996323529411764
0 0.829452614379085 0.5030637254901961 0.03145424836601307 0.08639705882352941
0 0.7967728758169934 0.5016850490196079 0.0298202614379085 0.0860906862745098
0 0.6113153594771242 0.39920343137254904 0.03799019607843137 0.07107843137254902
0 0.5725081699346405 0.39859068627450983 0.0363562091503268 0.07659313725490197
0 0.5388071895424836 0.3939950980392157 0.05065359477124183 0.08639705882352941
0 0.4881535947712418 0.3938419117647059 0.04411764705882353 0.0860906862745098
0 0.44219771241830064 0.39568014705882354 0.034722222222222224 0.078125
0 0.39644607843137253 0.39859068627450983 0.056781045751633986 0.07230392156862746
0 0.3388480392156863 0.40471813725490197 0.051879084967320264 0.08394607843137254
0 0.28880718954248363 0.4177389705882353 0.04656862745098039 0.07506127450980392
0 0.2369281045751634 0.40640318627450983 0.04738562091503268 0.0897671568627451
0 0.16973039215686275 0.4186580882352941 0.07720588235294118 0.07199754901960784
0 0.0857843137254902 0.42110906862745096 0.061274509803921566 0.06709558823529412
0 0.030637254901960783 0.4140625 0.05473856209150327 0.0744485294117647
0 0.9750816993464052 0.24494485294117646 0.051470588235294115 0.09895833333333333
0 0.8584558823529411 0.23299632352941177 0.14665032679738563 0.11060049019607843
0 0.7342728758169934 0.27496936274509803 0.0559640522875817 0.04503676470588235
0 0.6793300653594772 0.2789522058823529 0.05718954248366013 0.0389093137254902
0 0.6215277777777778 0.27420343137254904 0.05841503267973856 0.05759803921568627
0 0.5034722222222222 0.2345281862745098 0.16299019607843138 0.13020833333333334
0 0.3886846405228758 0.2535232843137255 0.06331699346405228 0.09712009803921569
0 0.33700980392156865 0.2542892156862745 0.03594771241830065 0.09558823529411764
0 0.28594771241830064 0.2539828431372549 0.0661764705882353 0.09803921568627451
0 0.6388888888888888 0.39889705882352944 0.029411764705882353 0.06311274509803921
0 0.046772875816993464 0.23743872549019607 0.09027777777777778 0.13602941176470587
0 0.6754493464052288 0.39690563725490197 0.04616013071895425 0.06403186274509803
0 0.7573529411764706 0.4068627450980392 0.02042483660130719 0.05330882352941176
0 0.7636846405228758 0.5143995098039216 0.0363562091503268 0.0778186274509804
0 0.7267156862745098 0.5147058823529411 0.03758169934640523 0.07230392156862746
0 0.690359477124183 0.5124080882352942 0.03758169934640523 0.07261029411764706
0 0.6521650326797386 0.5182291666666666 0.03390522875816993 0.0744485294117647
0 0.6184640522875817 0.5212928921568627 0.03349673202614379 0.08057598039215687
0 0.5878267973856209 0.524203431372549 0.025326797385620915 0.08394607843137254
0 0.5575980392156863 0.5162377450980392 0.031862745098039214 0.10049019607843138
0 0.5212418300653595 0.5237438725490197 0.04084967320261438 0.08547794117647059
0 0.4714052287581699 0.5237438725490197 0.049019607843137254 0.08302696078431372
0 0.42892156862745096 0.5297181372549019 0.03676470588235294 0.08762254901960784
0 0.3897058823529412 0.5346200980392157 0.03022875816993464 0.08026960784313726
0 0.34191176470588236 0.5399816176470589 0.061274509803921566 0.06832107843137254
0 0.28125 0.5686274509803921 0.05024509803921569 0.018995098039215685
0 0.20915032679738563 0.5349264705882353 0.07107843137254902 0.029411764705882353
0 0.20608660130718953 0.5680147058823529 0.05514705882352941 0.024509803921568627
0 0.13357843137254902 0.546109068627451 0.05228758169934641 0.078125
0 0.0843545751633987 0.5376838235294118 0.04534313725490196 0.1017156862745098
0 0.04820261437908497 0.5390625 0.03022875816993464 0.10447303921568628
0 0.018995098039215685 0.5439644607843137 0.028186274509803922 0.09712009803921569
0 0.891952614379085 0.37714460784313725 0.0559640522875817 0.13357843137254902
0 0.8086192810457516 0.38495710784313725 0.037173202614379085 0.08057598039215687
0 0.7232434640522876 0.4181985294117647 0.030637254901960783 0.04044117647058824
0 0.5361519607843137 0.8187806372549019 0.07393790849673203 0.014399509803921568
