0 0.17136437908496732 0.08670343137254902 0.0428921568627451 0.0704656862745098
0 0.8707107843137255 0.4892769607843137 0.06331699346405228 0.08026960784313726
0 0.2312091503267974 0.6959252450980392 0.05228758169934641 0.0389093137254902
0 0.22732843137254902 0.6551776960784313 0.06004901960784314 0.03768382352941176
0 0.32822712418300654 0.6963848039215687 0.0559640522875817 0.032475490196078434
0 0.33169934640522875 0.6616115196078431 0.04738562091503268 0.024816176470588234
0 0.38643790849673204 0.6697303921568627 0.058823529411764705 0.03125
0 0.38623366013071897 0.6992953431372549 0.05841503267973856 0.02665441176470588
0 0.44424019607843135 0.6980698529411765 0.0559640522875817 0.029105392156862746
0 0.44362745098039214 0.6683517156862745 0.05310457516339869 0.030943627450980393
0 0.5065359477124183 0.6818321078431373 0.05555555555555555 0.05545343137254902
0 0.5659722222222222 0.6825980392156863 0.060866013071895424 0.0545343137254902
0 0.6268382352941176 0.6798406862745098 0.0559640522875817 0.056372549019607844
0 0.17177287581699346 0.6965379901960784 0.060866013071895424 0.040747549019607844
0 0.8600898692810458 0.6793811274509803 0.09272875816993464 0.05545343137254902
0 0.7408088235294118 0.7403492647058824 0.09436274509803921 0.06832107843137254
0 0.8925653594771242 0.5847120098039216 0.0915032679738562 0.09589460784313726
0 0.7922794117647058 0.49816176470588236 0.09027777777777778 0.08639705882352941
0 0.7910539215686274 0.5854779411764706 0.08455882352941177 0.08517156862745098
0 0.7024101307189542 0.5906862745098039 0.08700980392156862 0.08884803921568628
0 0.6968954248366013 0.5012254901960784 0.07026143790849673 0.08517156862745098
0 0.8974673202614379 0.3932291666666667 0.09803921568627451 0.06341911764705882
0 0.8988970588235294 0.32889093137254904 0.0951797385620915 0.0628063725490196
0 0.8012663398692811 0.39537377450980393 0.08946078431372549 0.06341911764705882
0 0.7064950980392157 0.39568014705882354 0.08946078431372549 0.05667892156862745
0 0.6866830065359477 0.33394607843137253 0.09967320261437909 0.061274509803921566
0 0.8627450980392157 0.7420343137254902 0.09477124183006536 0.06924019607843138
0 0.6004901960784313 0.3434436274509804 0.041666666666666664 0.0784313725490196
0 0.16789215686274508 0.6553308823529411 0.05473856209150327 0.03982843137254902
0 0.1156045751633987 0.6732536764705882 0.04493464052287582 0.0585171568627451
0 0.9050245098039216 0.8949142156862745 0.053513071895424834 0.05024509803921569
0 0.8468137254901961 0.8953737745098039 0.04738562091503268 0.04932598039215686
0 0.9089052287581699 0.8368566176470589 0.05800653594771242 0.06096813725490196
0 0.8506944444444444 0.8362438725490197 0.05514705882352941 0.06587009803921569
0 0.7148692810457516 0.8753063725490197 0.06781045751633986 0.08823529411764706
0 0.6411356209150327 0.8852634803921569 0.0755718954248366 0.07873774509803921
0 0.565359477124183 0.8866421568627451 0.0718954248366013 0.08700980392156862
0 0.49203431372549017 0.8831188725490197 0.06740196078431372 0.09099264705882353
0 0.4236111111111111 0.8841911764705882 0.06372549019607843 0.08700980392156862
0 0.3588643790849673 0.8857230392156863 0.060866013071895424 0.08394607843137254
0 0.2973856209150327 0.8812806372549019 0.05800653594771242 0.08547794117647059
0 0.05555555555555555 0.6835171568627451 0.05718954248366013 0.0661764705882353
0 0.23488562091503268 0.8837316176470589 0.06535947712418301 0.08241421568627451
0 0.10641339869281045 0.8869485294117647 0.060866013071895424 0.0821078431372549
0 0.6458333333333334 0.7732843137254902 0.04330065359477124 0.08700980392156862
0 0.5210375816993464 0.7763480392156863 0.046977124183006536 0.08026960784313726
0 0.47406045751633985 0.7754289215686274 0.044526143790849675 0.08394607843137254
0 0.42953431372549017 0.7757352941176471 0.04044117647058824 0.08333333333333333
0 0.38562091503267976 0.7769607843137255 0.04493464052287582 0.08700980392156862
0 0.3388480392156863 0.7771139705882353 0.0428921568627451 0.08792892156862746
0 0.2963643790849673 0.7838541666666666 0.039624183006535946 0.07689950980392157
0 0.25449346405228757 0.7864583333333334 0.04493464052287582 0.0778186274509804
0 0.1701388888888889 0.7905943627450981 0.0494281045751634 0.07873774509803921
0 0.04350490196078431 0.7867647058823529 0.051879084967320264 0.07598039215686274
0 0.167687908496732 0.8869485294117647 0.060866013071895424 0.08394607843137254
0 0.5100081699346405 0.34206495098039214 0.0625 0.08241421568627451
0 0.7996323529411765 0.33057598039215685 0.0951797385620915 0.061887254901960786
0 0.3709150326797386 0.3414522058823529 0.059640522875817 0.08363970588235294
0 0.7013888888888888 0.028645833333333332 0.08496732026143791 0.05667892156862745
0 0.7618464052287581 0.07092524509803921 0.03594771241830065 0.07628676470588236
0 0.4424019607843137 0.34160539215686275 0.06045751633986928 0.08700980392156862
0 0.6319444444444444 0.07169117647058823 0.05392156862745098 0.027573529411764705
0 0.6309232026143791 0.10003063725490197 0.051879084967320264 0.0272671568627451
0 0.5765931372549019 0.0739889705882353 0.044526143790849675 0.07689950980392157
0 0.5257352941176471 0.10355392156862746 0.051470588235294115 0.017769607843137254
0 0.5265522875816994 0.0822610294117647 0.04820261437908497 0.022365196078431373
0 0.4699754901960784 0.10707720588235294 0.05841503267973856 0.015012254901960785
0 0.4675245098039216 0.09022671568627451 0.053513071895424834 0.01685049019607843
0 0.5290032679738562 0.057291666666666664 0.049836601307189546 0.024509803921568627
0 0.4728349673202614 0.0663296568627451 0.04861111111111111 0.02849264705882353
0 0.40788398692810457 0.10324754901960784 0.0559640522875817 0.02389705882352941
0 0.40788398692810457 0.07582720588235294 0.054330065359477125 0.02849264705882353
0 0.3527369281045752 0.10631127450980392 0.0494281045751634 0.020833333333333332
0 0.3515114379084967 0.08318014705882353 0.051879084967320264 0.02420343137254902
0 0.34987745098039214 0.05759803921568627 0.051879084967320264 0.025122549019607844
0 0.36213235294117646 0.029411764705882353 0.054330065359477125 0.030637254901960783
0 0.2877859477124183 0.0974264705882353 0.05923202614379085 0.03860294117647059
0 0.2943218954248366 0.05805759803921569 0.054330065359477125 0.035845588235294115
0 0.21997549019607843 0.10294117647058823 0.0494281045751634 0.03553921568627451
0 0.2207924836601307 0.06939338235294118 0.05269607843137255 0.02971813725490196
0 0.04064542483660131 0.0856311274509804 0.04616013071895425 0.07383578431372549
0 0.08598856209150327 0.0856311274509804 0.0363562091503268 0.07261029411764706
0 0.1284722222222222 0.08547794117647059 0.042075163398692814 0.07169117647058823
0 0.8316993464052288 0.04105392156862745 0.08660130718954248 0.025122549019607844
0 0.8255718954248366 0.06832107843137254 0.08333333333333333 0.027573529411764705
0 0.7013888888888888 0.0857843137254902 0.08169934640522876 0.0508578431372549
0 0.8933823529411765 0.06326593137254902 0.03349673202614379 0.09099264705882353
0 0.3022875816993464 0.34267769607843135 0.05800653594771242 0.08731617647058823
0 0.22099673202614378 0.33670343137254904 0.08823529411764706 0.0974264705882353
0 0.12724673202614378 0.3411458333333333 0.08047385620915033 0.09283088235294118
0 0.05575980392156863 0.3443627450980392 0.05759803921568627 0.08455882352941177
0 0.18341503267973855 0.18627450980392157 0.03839869281045752 0.04779411764705882
0 0.15400326797385622 0.2420343137254902 0.042483660130718956 0.0625
0 0.8300653594771242 0.09604779411764706 0.08006535947712418 0.026041666666666668
0 0.23835784313725492 0.2503063725490196 0.04370915032679738 0.04534313725490196
0 0.2798202614379085 0.18428308823529413 0.041666666666666664 0.05116421568627451
0 0.3212826797385621 0.18458946078431374 0.03553921568627451 0.05177696078431373
0 0.27941176470588236 0.24463848039215685 0.03839869281045752 0.06096813725490196
0 0.19709967320261437 0.2571997549019608 0.037173202614379085 0.033394607843137254
0 0.36907679738562094 0.23682598039215685 0.0559640522875817 0.06862745098039216
0 0.9250408496732027 0.06740196078431372 0.027369281045751634 0.08026960784313726
0 0.32046568627450983 0.2421875 0.04044117647058824 0.060355392156862746
0 0.988562091503268 0.22227328431372548 0.024509803921568627 0.07689950980392157
0 0.9448529411764706 0.22365196078431374 0.05718954248366013 0.07904411764705882
0 0.8404820261437909 0.23682598039215685 0.05024509803921569 0.05943627450980392
0 0.9699754901960784 0.0626531862745098 0.06004901960784314 0.08792892156862746
0 0.6225490196078431 0.2349877450980392 0.04738562091503268 0.07291666666666667
0 0.5383986928104575 0.24096200980392157 0.04656862745098039 0.05606617647058824
0 0.4803921568627451 0.23100490196078433 0.05392156862745098 0.08088235294117647
0 0.4258578431372549 0.23223039215686275 0.05514705882352941 0.0784313725490196
0 0.7883986928104575 0.23774509803921567 0.05065359477124183 0.06004901960784314
