0 0.5164811643835616 0.6792067307692308 0.056934931506849314 0.029086538461538462
0 0.4439212328767123 0.6670673076923077 0.059075342465753425 0.046634615384615385
0 0.4479880136986301 0.13822115384615385 0.06720890410958905 0.06298076923076923
0 0.363013698630137 0.6766826923076923 0.07277397260273973 0.04326923076923077
0 0.6273544520547946 0.6584134615384616 0.0740582191780822 0.05721153846153846
0 0.02011986301369863 0.70625 0.04023972602739726 0.02548076923076923
0 0.17508561643835616 0.7086538461538462 0.05650684931506849 0.020673076923076922
0 0.1074486301369863 0.7098557692307692 0.059931506849315065 0.023076923076923078
0 0.4758133561643836 0.5842548076923076 0.0860445205479452 0.031009615384615385
0 0.1429794520547945 0.11045673076923077 0.12243150684931507 0.1141826923076923
0 0.7303082191780822 0.6627403846153846 0.09246575342465753 0.055288461538461536
0 0.3737157534246575 0.140625 0.06934931506849315 0.06057692307692308
0 0.1618150684931507 0.4675480769230769 0.05393835616438356 0.028365384615384615
0 0.16545376712328766 0.4987980769230769 0.056934931506849314 0.02980769230769231
0 0.23758561643835616 0.4980769230769231 0.05821917808219178 0.026923076923076925
0 0.2985873287671233 0.4984375 0.05607876712328767 0.030048076923076924
0 0.3668664383561644 0.49771634615384613 0.06763698630136987 0.025240384615384616
0 0.4370719178082192 0.4980769230769231 0.06934931506849315 0.028846153846153848
0 0.5027825342465754 0.4932692307692308 0.05351027397260274 0.03653846153846154
0 0.5607876712328768 0.4954326923076923 0.05565068493150685 0.03894230769230769
0 0.6232876712328768 0.4966346153846154 0.05393835616438356 0.03413461538461538
0 0.6819349315068494 0.49603365384615383 0.05650684931506849 0.03774038461538461
0 0.05115582191780822 0.10949519230769231 0.04922945205479452 0.07908653846153846
0 0.748929794520548 0.4949519230769231 0.05607876712328767 0.03990384615384615
0 0.871361301369863 0.5002403846153847 0.04323630136986301 0.015384615384615385
0 0.9546232876712328 0.49567307692307694 0.07106164383561644 0.04519230769230769
0 0.957833904109589 0.5881009615384616 0.0860445205479452 0.030048076923076924
0 0.8642979452054794 0.5888221153846154 0.0821917808219178 0.03581730769230769
0 0.761986301369863 0.5819711538461538 0.0779109589041096 0.035576923076923075
0 0.6761558219178082 0.5834134615384615 0.0783390410958904 0.035096153846153846
0 0.5802654109589042 0.5514423076923077 0.0860445205479452 0.03461538461538462
0 0.5717037671232876 0.5844951923076923 0.08946917808219178 0.028125
0 0.479666095890411 0.5504807692307693 0.08090753424657535 0.02980769230769231
0 0.4021832191780822 0.5807692307692308 0.0449486301369863 0.035576923076923075
0 0.3476027397260274 0.5793269230769231 0.045376712328767124 0.04326923076923077
0 0.2722602739726027 0.11430288461538461 0.12414383561643835 0.06706730769230769
0 0.8129280821917808 0.5018028846153846 0.053082191780821915 0.02139423076923077
0 0.8247003424657534 0.6621394230769231 0.07662671232876712 0.05889423076923077
0 0.1815068493150685 0.40673076923076923 0.08561643835616438 0.032692307692307694
0 0.9719606164383562 0.7546875 0.0449486301369863 0.05024038461538462
0 0.2553510273972603 0.3393028846153846 0.0860445205479452 0.023317307692307693
0 0.15710616438356165 0.33978365384615383 0.09332191780821918 0.024759615384615383
0 0.0449486301369863 0.33413461538461536 0.0898972602739726 0.022115384615384617
0 0.04366438356164384 0.25564903846153847 0.08732876712328767 0.034375
0 0.2341609589041096 0.23725961538461537 0.09674657534246575 0.07836538461538461
0 0.3287671232876712 0.26165865384615383 0.06934931506849315 0.031490384615384615
0 0.409888698630137 0.25961538461538464 0.0723458904109589 0.03125
0 0.4978595890410959 0.23665865384615384 0.08047945205479452 0.024278846153846154
0 0.4980736301369863 0.2643028846153846 0.08518835616438356 0.026201923076923078
0 0.584332191780822 0.2640625 0.0821917808219178 0.031490384615384615
0 0.6836472602739726 0.2608173076923077 0.09332191780821918 0.03317307692307692
0 0.7833904109589042 0.26358173076923075 0.09674657534246575 0.037259615384615384
0 0.8897688356164384 0.2626201923076923 0.10059931506849315 0.036778846153846155
0 0.9702482876712328 0.26634615384615384 0.05779109589041096 0.038461538461538464
0 0.9824486301369864 0.14891826923076923 0.036815068493150686 0.05552884615384615
0 0.9387842465753424 0.1516826923076923 0.039383561643835614 0.05
0 0.8715753424657534 0.14723557692307693 0.08561643835616438 0.057451923076923074
0 0.6894263698630136 0.13353365384615384 0.06378424657534247 0.07716346153846154
0 0.6001712328767124 0.13822115384615385 0.07705479452054795 0.06778846153846153
0 0.519263698630137 0.15661057692307692 0.05393835616438356 0.03533653846153846
0 0.02440068493150685 0.4091346153846154 0.0488013698630137 0.01875
0 0.3431078767123288 0.3622596153846154 0.03638698630136986 0.03221153846153846
0 0.3503852739726027 0.32608173076923075 0.02696917808219178 0.029086538461538462
0 0.3857020547945205 0.3534855769230769 0.03595890410958904 0.05216346153846154
0 0.4257277397260274 0.35108173076923077 0.030393835616438356 0.05264423076923077
0 0.2744006849315068 0.40661057692307695 0.08304794520547945 0.02860576923076923
0 0.3563784246575342 0.4243990384615385 0.06720890410958905 0.04783653846153846
0 0.4295804794520548 0.4248798076923077 0.06292808219178082 0.04495192307692308
0 0.496361301369863 0.4260817307692308 0.05779109589041096 0.04447115384615385
0 0.5667808219178082 0.4252403846153846 0.06763698630136987 0.04423076923076923
0 0.6568921232876712 0.4237980769230769 0.06378424657534247 0.03317307692307692
0 0.7628424657534246 0.41790865384615383 0.06335616438356165 0.031009615384615385
0 0.8371147260273972 0.4216346153846154 0.07320205479452055 0.03076923076923077
0 0.9368578767123288 0.42560096153846155 0.04409246575342466 0.04350961538461538
0 0.9875856164383562 0.43569711538461536 0.026541095890410957 0.030048076923076924
0 0.09417808219178082 0.40865384615384615 0.0821917808219178 0.01971153846153846
0 0.9689640410958904 0.3454326923076923 0.030393835616438356 0.04326923076923077
0 0.8672945205479452 0.35841346153846154 0.039383561643835614 0.04230769230769231
0 0.8202054794520548 0.3462740384615385 0.039383561643835614 0.034375
0 0.7748287671232876 0.34771634615384617 0.038527397260273974 0.03389423076923077
0 0.7350171232876712 0.3484375 0.028253424657534245 0.05793269230769231
0 0.6982020547945206 0.3490384615384615 0.032534246575342464 0.06346153846153846
0 0.6466181506849316 0.3513221153846154 0.04323630136986301 0.024278846153846154
0 0.599529109589041 0.35204326923076923 0.047517123287671235 0.027644230769230768
0 0.540667808219178 0.3524038461538462 0.04794520547945205 0.05673076923076923
0 0.4933647260273973 0.3515625 0.02696917808219178 0.05360576923076923
0 0.4591181506849315 0.35108173076923077 0.03210616438356165 0.05456730769230769
0 0.9178082191780822 0.3578125 0.046232876712328765 0.04110576923076923
0 0.030607876712328768 0.46634615384615385 0.061215753424657536 0.03076923076923077
0 0.03595890410958904 0.4957932692307692 0.07191780821917808 0.026682692307692307
0 0.10702054794520548 0.496875 0.0547945205479452 0.026923076923076925
0 0.1344178082191781 0.7575721153846153 0.0547945205479452 0.020913461538461537
0 0.07363013698630137 0.7592548076923077 0.0547945205479452 0.020913461538461537
0 0.13805650684931506 0.7832932692307693 0.054366438356164386 0.020913461538461537
0 0.0798373287671233 0.7832932692307693 0.054366438356164386 0.020913461538461537
0 0.023972602739726026 0.784014423076923 0.04794520547945205 0.02139423076923077
0 0.021190068493150686 0.7581730769230769 0.04238013698630137 0.022596153846153846
0 0.1930650684931507 0.7842548076923077 0.04708904109589041 0.020913461538461537
0 0.1875 0.7581730769230769 0.04794520547945205 0.027403846153846154
0 0.2508561643835616 0.7814903846153847 0.04794520547945205 0.014903846153846155
0 0.24550513698630136 0.7588942307692308 0.04580479452054795 0.021153846153846155
0 0.055222602739726026 0.8659855769230769 0.06592465753424658 0.04783653846153846
0 0.0293236301369863 0.384375 0.0586472602739726 0.025
0 0.3764982876712329 0.7538461538461538 0.054366438356164386 0.019230769230769232
0 0.4803082191780822 0.7313701923076923 0.07448630136986302 0.007451923076923077
0 0.4713184931506849 0.7409855769230769 0.07277397260273973 0.008894230769230769
0 0.4747431506849315 0.75625 0.07962328767123288 0.01730769230769231
0 0.5877568493150684 0.7510817307692308 0.08047945205479452 0.036778846153846155
0 0.6999143835616438 0.7518028846153846 0.08476027397260275 0.04927884615384615
0 0.7844606164383562 0.7519230769230769 0.03724315068493151 0.046634615384615385
0 0.8229880136986302 0.7514423076923077 0.03296232876712329 0.047596153846153844
0 0.869220890410959 0.7538461538461538 0.047517123287671235 0.061057692307692306
0 0.9216609589041096 0.7540865384615385 0.04195205479452055 0.05384615384615385
0 0.2985873287671233 0.7608173076923077 0.04580479452054795 0.02403846153846154
0 0.9325770547945206 0.6643028846153847 0.10488013698630137 0.06129807692307692
0 0.125 0.8663461538461539 0.0625 0.04471153846153846
0 0.2829623287671233 0.8689903846153846 0.07962328767123288 0.04423076923076923
0 0.0997431506849315 0.46646634615384613 0.05650684931506849 0.025721153846153845
0 0.2908818493150685 0.5580528846153846 0.055222602739726026 0.03533653846153846
0 0.22923801369863014 0.5586538461538462 0.054366438356164386 0.040865384615384616
0 0.1697345890410959 0.5605769230769231 0.05779109589041096 0.03461538461538462
0 0.1072345890410959 0.5578125 0.055222602739726026 0.03822115384615385
0 0.04965753424657534 0.5552884615384616 0.0547945205479452 0.038461538461538464
0 0.01776541095890411 0.6353365384615385 0.03553082191780822 0.04375
0 0.0663527397260274 0.6350961538461538 0.0351027397260274 0.046153846153846156
0 0.2996575342465753 0.6306490384615384 0.052226027397260275 0.050721153846153846
0 0.9627568493150684 0.8536057692307693 0.06335616438356165 0.07019230769230769
0 0.20184075342465754 0.8698317307692308 0.06892123287671233 0.046875
0 0.8940496575342466 0.8421875 0.03981164383561644 0.04975961538461538
0 0.7857448630136986 0.8522836538461539 0.048373287671232876 0.059375
0 0.728595890410959 0.8506009615384615 0.04794520547945205 0.04639423076923077
0 0.6605308219178082 0.8538461538461538 0.05051369863013699 0.06298076923076923
0 0.6072345890410958 0.8569711538461539 0.03809931506849315 0.05913461538461538
0 0.5631421232876712 0.859375 0.03981164383561644 0.05432692307692308
0 0.5216181506849316 0.8578125 0.034674657534246575 0.057451923076923074
0 0.4777397260273973 0.8563701923076923 0.04023972602739726 0.06033653846153846
0 0.4210188356164384 0.8522836538461539 0.041523972602739725 0.06370192307692307
0 0.3779965753424658 0.8512019230769231 0.036815068493150686 0.06153846153846154
0 0.3383989726027397 0.8521634615384616 0.02696917808219178 0.05961538461538462
0 0.8416095890410958 0.8496394230769231 0.045376712328767124 0.06658653846153846
0 0.3037243150684932 0.7834134615384616 0.05179794520547945 0.015865384615384615
