0 0.0740582191780822 0.20084134615384616 0.0351027397260274 0.053125
0 0.08690068493150685 0.37427884615384616 0.0351027397260274 0.05432692307692308
0 0.02675513698630137 0.36153846153846153 0.04922945205479452 0.07740384615384616
0 0.17508561643835616 0.28810096153846154 0.0684931506849315 0.030528846153846153
0 0.9728167808219178 0.36899038461538464 0.04580479452054795 0.07788461538461539
0 0.027611301369863013 0.46694711538461536 0.04666095890410959 0.07379807692307692
0 0.09845890410958905 0.2888221153846154 0.0625 0.031490384615384615
0 0.13163527397260275 0.37463942307692305 0.04238013698630137 0.056971153846153845
0 0.03146404109589041 0.2859375 0.0586472602739726 0.03341346153846154
0 0.893193493150685 0.24783653846153847 0.04666095890410959 0.04519230769230769
0 0.8274828767123288 0.2528846153846154 0.08047945205479452 0.03317307692307692
0 0.7350171232876712 0.2502403846153846 0.0821917808219178 0.03317307692307692
0 0.6301369863013698 0.24915865384615385 0.08047945205479452 0.03293269230769231
0 0.15753424657534246 0.20192307692307693 0.046232876712328765 0.055288461538461536
0 0.11301369863013698 0.20096153846153847 0.0351027397260274 0.05096153846153846
0 0.9417808219178082 0.24903846153846154 0.04023972602739726 0.04519230769230769
0 0.3991866438356164 0.4424278846153846 0.09118150684931507 0.017548076923076923
0 0.9163099315068494 0.3700721153846154 0.0586472602739726 0.07860576923076923
0 0.2365154109589041 0.36923076923076925 0.056934931506849314 0.07596153846153846
0 0.3120719178082192 0.46658653846153847 0.0684931506849315 0.03413461538461538
0 0.4240154109589041 0.3796875 0.06292808219178082 0.051682692307692304
0 0.24336472602739725 0.46322115384615387 0.056934931506849314 0.04230769230769231
0 0.693279109589041 0.8287259615384616 0.03724315068493151 0.04495192307692308
0 0.4867294520547945 0.38100961538461536 0.05821917808219178 0.05336538461538461
0 0.3645119863013699 0.3701923076923077 0.047517123287671235 0.07067307692307692
0 0.17679794520547945 0.3700721153846154 0.0410958904109589 0.06274038461538461
0 0.5430222602739726 0.3802884615384615 0.040667808219178085 0.055288461538461536
0 0.5916095890410958 0.3813701923076923 0.046232876712328765 0.05889423076923077
0 0.6866438356164384 0.39615384615384613 0.1284246575342466 0.023557692307692307
0 0.7741866438356164 0.3704326923076923 0.034674657534246575 0.07836538461538461
0 0.8202054794520548 0.36947115384615387 0.039383561643835614 0.07884615384615384
0 0.8653681506849316 0.37067307692307694 0.0389554794520548 0.0764423076923077
0 0.2962328767123288 0.36923076923076925 0.0547945205479452 0.07019230769230769
0 0.17294520547945205 0.4662259615384615 0.059931506849315065 0.07475961538461538
0 0.09738869863013698 0.4674278846153846 0.07320205479452055 0.07379807692307692
0 0.3805650684931507 0.7674278846153846 0.10188356164383562 0.04350961538461538
0 0.9544092465753424 0.019471153846153846 0.047517123287671235 0.03413461538461538
0 0.671875 0.7617788461538462 0.03809931506849315 0.03990384615384615
0 0.7386558219178082 0.7578125 0.07148972602739725 0.04591346153846154
0 0.8285530821917808 0.7637019230769231 0.0740582191780822 0.03413461538461538
0 0.9066780821917808 0.7665865384615385 0.07363013698630137 0.028365384615384615
0 0.9758133561643836 0.7629807692307692 0.05179794520547945 0.032692307692307694
0 0.02440068493150685 0.8475961538461538 0.04023972602739726 0.036057692307692304
0 0.07898116438356165 0.8444711538461539 0.05351027397260274 0.035096153846153846
0 0.14511986301369864 0.8439903846153847 0.05565068493150685 0.041826923076923074
0 0.2046232876712329 0.821875 0.04452054794520548 0.038461538461538464
0 0.2596318493150685 0.8415865384615384 0.05094178082191781 0.03894230769230769
0 0.3099315068493151 0.8371394230769231 0.04280821917808219 0.04927884615384615
0 0.3508133561643836 0.8256009615384615 0.03809931506849315 0.031971153846153844
0 0.397902397260274 0.8330528846153846 0.040667808219178085 0.04879807692307692
0 0.4413527397260274 0.8318509615384615 0.0410958904109589 0.04639423076923077
0 0.4882277397260274 0.8311298076923077 0.04409246575342466 0.04495192307692308
0 0.6175085616438356 0.7673076923076924 0.04666095890410959 0.03653846153846154
0 0.027611301369863013 0.2 0.04666095890410959 0.04903846153846154
0 0.3981164383561644 0.4609375 0.08904109589041095 0.015625
0 0.5646404109589042 0.7662259615384616 0.04452054794520548 0.034375
0 0.903681506849315 0.01766826923076923 0.0547945205479452 0.03533653846153846
0 0.8165667808219178 0.015264423076923076 0.054366438356164386 0.030528846153846153
0 0.761986301369863 0.014903846153846155 0.0488013698630137 0.027403846153846154
0 0.709332191780822 0.015625 0.04366438356164384 0.02403846153846154
0 0.6506849315068494 0.012740384615384615 0.05650684931506849 0.023076923076923078
0 0.5776969178082192 0.013701923076923077 0.07919520547945205 0.015384615384615385
0 0.5096318493150684 0.009735576923076923 0.047517123287671235 0.01706730769230769
0 0.4402825342465753 0.00985576923076923 0.08261986301369863 0.014903846153846155
0 0.3424657534246575 0.0078125 0.10787671232876712 0.013221153846153846
0 0.04601883561643835 0.7576923076923077 0.056934931506849314 0.041346153846153845
0 0.11258561643835617 0.7496394230769231 0.04708904109589041 0.056971153846153845
0 0.16117294520547945 0.7481971153846154 0.0449486301369863 0.056490384615384616
0 0.2711900684931507 0.768389423076923 0.0954623287671233 0.04350961538461538
0 0.4554794520547945 0.7637019230769231 0.04366438356164384 0.04375
0 0.5132705479452054 0.7645432692307692 0.0547945205479452 0.04447115384615385
0 0.5488013698630136 0.8322115384615385 0.06934931506849315 0.04567307692307692
0 0.3987585616438356 0.4777644230769231 0.09032534246575342 0.01514423076923077
0 0.763056506849315 0.6931490384615384 0.04238013698630137 0.036298076923076926
0 0.509417808219178 0.45661057692307694 0.03424657534246575 0.06129807692307692
0 0.882277397260274 0.5360576923076923 0.04195205479452055 0.05336538461538461
0 0.8377568493150684 0.5396634615384616 0.0273972602739726 0.041346153846153845
0 0.9657534246575342 0.6137019230769231 0.053082191780821915 0.046634615384615385
0 0.028467465753424657 0.6819711538461538 0.048373287671232876 0.036057692307692304
0 0.09931506849315068 0.6644230769230769 0.07705479452054795 0.011057692307692308
0 0.0956763698630137 0.6867788461538461 0.08261986301369863 0.028846153846153848
0 0.17722602739726026 0.6876201923076923 0.07277397260273973 0.028125
0 0.1815068493150685 0.6475961538461539 0.05051369863013699 0.011538461538461539
0 0.2283818493150685 0.7020432692307692 0.02696917808219178 0.037259615384615384
0 0.2651969178082192 0.6987980769230769 0.03553082191780822 0.03701923076923077
0 0.307791095890411 0.6961538461538461 0.038527397260273974 0.04519230769230769
0 0.3568065068493151 0.6918269230769231 0.04580479452054795 0.04375
0 0.4071061643835616 0.6891826923076924 0.046232876712328765 0.04326923076923077
0 0.472388698630137 0.6836538461538462 0.05094178082191781 0.04326923076923077
0 0.523972602739726 0.6915865384615385 0.0410958904109589 0.04567307692307692
0 0.9263698630136986 0.5364182692307692 0.039383561643835614 0.05456730769230769
0 0.9751712328767124 0.5354567307692307 0.046232876712328765 0.05216346153846154
0 0.12178938356164383 0.6057692307692307 0.04409246575342466 0.03990384615384615
0 0.17273116438356165 0.6056490384615385 0.04580479452054795 0.03822115384615385
0 0.6059503424657534 0.8300480769230769 0.040667808219178085 0.04519230769230769
0 0.9081763698630136 0.6126201923076923 0.05094178082191781 0.04879807692307692
0 0.851027397260274 0.6131009615384615 0.05393835616438356 0.05024038461538462
0 0.8011558219178082 0.6111778846153846 0.03210616438356165 0.05552884615384615
0 0.7568493150684932 0.6117788461538461 0.04708904109589041 0.05048076923076923
0 0.7063356164383562 0.6129807692307693 0.03767123287671233 0.051923076923076926
0 0.662457191780822 0.6157451923076923 0.040667808219178085 0.04735576923076923
0 0.5714897260273972 0.6912259615384615 0.045376712328767124 0.04495192307692308
0 0.6162243150684932 0.6145432692307692 0.03981164383561644 0.05024038461538462
0 0.5188356164383562 0.6141826923076923 0.04452054794520548 0.04951923076923077
0 0.472388698630137 0.6153846153846154 0.04238013698630137 0.04807692307692308
0 0.4252996575342466 0.6149038461538462 0.0389554794520548 0.04855769230769231
0 0.3758561643835616 0.6164663461538461 0.04452054794520548 0.050721153846153846
0 0.3257705479452055 0.6132211538461538 0.04023972602739726 0.05480769230769231
0 0.2808219178082192 0.6143028846153846 0.036815068493150686 0.05024038461538462
0 0.2328767123287671 0.6167067307692308 0.04965753424657534 0.05456730769230769
0 0.5667808219178082 0.6135817307692307 0.04023972602739726 0.051682692307692304
0 0.4666095890410959 0.45697115384615383 0.039383561643835614 0.06153846153846154
0 0.6267123287671232 0.6913461538461538 0.05650684931506849 0.04038461538461539
0 0.8142123287671232 0.6907451923076923 0.05393835616438356 0.036778846153846155
0 0.9334332191780822 0.8231971153846154 0.05351027397260274 0.04350961538461538
0 0.8747859589041096 0.8240384615384615 0.040667808219178085 0.04519230769230769
0 0.8154965753424658 0.8277644230769231 0.05650684931506849 0.045432692307692306
0 0.7506421232876712 0.8270432692307692 0.061215753424657536 0.04639423076923077
0 0.9231592465753424 0.4643028846153846 0.03296232876712329 0.04447115384615385
0 0.8799229452054794 0.4685096153846154 0.041523972602739725 0.035576923076923075
0 0.8816352739726028 0.4419471153846154 0.0449486301369863 0.014182692307692308
0 0.8321917808219178 0.46165865384615384 0.046232876712328765 0.04879807692307692
0 0.78125 0.46189903846153846 0.04452054794520548 0.04927884615384615
0 0.7283818493150684 0.4617788461538462 0.033818493150684935 0.05336538461538461
0 0.6913527397260274 0.4622596153846154 0.03339041095890411 0.05961538461538462
0 0.6566780821917808 0.46105769230769234 0.02910958904109589 0.05721153846153846
0 0.6222174657534246 0.46153846153846156 0.029537671232876712 0.058173076923076925
0 0.5858304794520548 0.4598557692307692 0.030393835616438356 0.05480769230769231
0 0.549443493150685 0.4567307692307692 0.03638698630136986 0.061057692307692306
0 0.9845890410958904 0.8225961538461538 0.03424657534246575 0.04230769230769231
0 0.9646832191780822 0.4670673076923077 0.03809931506849315 0.04519230769230769
0 0.0839041095890411 0.5481971153846154 0.08561643835616438 0.031971153846153844
0 0.17251712328767124 0.5490384615384616 0.08047945205479452 0.02980769230769231
0 0.8705051369863014 0.6911057692307693 0.04922945205479452 0.0375
0 0.9250856164383562 0.6909855769230769 0.045376712328767124 0.039663461538461536
0 0.7992294520547946 0.5411057692307693 0.0410958904109589 0.04326923076923077
0 0.756207191780822 0.5395432692307692 0.03724315068493151 0.04639423076923077
0 0.7119006849315068 0.5388221153846153 0.04023972602739726 0.04783653846153846
0 0.6643835616438356 0.5376201923076923 0.04452054794520548 0.05216346153846154
0 0.6198630136986302 0.5365384615384615 0.03767123287671233 0.05480769230769231
0 0.699486301369863 0.6837740384615385 0.07191780821917808 0.056971153846153845
0 0.5751284246575342 0.5381009615384615 0.04409246575342466 0.04927884615384615
0 0.9805222602739726 0.6836538461538462 0.04323630136986301 0.051923076923076926
0 0.4826626712328767 0.5375 0.041523972602739725 0.05048076923076923
0 0.4360017123287671 0.5376201923076923 0.04323630136986301 0.04975961538461538
0 0.3788527397260274 0.5388221153846153 0.04195205479452055 0.05264423076923077
0 0.3313356164383562 0.5381009615384615 0.046232876712328765 0.053125
0 0.2840325342465753 0.5383413461538461 0.04323630136986301 0.051201923076923075
0 0.238013698630137 0.5382211538461539 0.03767123287671233 0.05096153846153846
0 0.5280393835616438 0.5379807692307692 0.040667808219178085 0.04807692307692308
0 0.650042808219178 0.8296875 0.04238013698630137 0.04591346153846154
