0 0.3658854166666667 0.369140625 0.05364583333333333 0.0859375
0 0.7752604166666667 0.2392578125 0.04114583333333333 0.087890625
0 0.7294270833333333 0.2384765625 0.0484375 0.086328125
0 0.678125 0.2404296875 0.04895833333333333 0.090234375
0 0.62890625 0.2380859375 0.04635416666666667 0.094921875
0 0.5794270833333334 0.2396484375 0.049479166666666664 0.098046875
0 0.5283854166666667 0.2388671875 0.04635416666666667 0.091796875
0 0.8192708333333333 0.2388671875 0.042708333333333334 0.087109375
0 0.475 0.2412109375 0.05520833333333333 0.095703125
0 0.36796875 0.23828125 0.0515625 0.0953125
0 0.26640625 0.237109375 0.05677083333333333 0.0953125
0 0.18645833333333334 0.23828125 0.07916666666666666 0.09296875
0 0.08541666666666667 0.2404296875 0.052083333333333336 0.087890625
0 0.022135416666666668 0.24140625 0.044270833333333336 0.0875
0 0.9401041666666666 0.1056640625 0.03229166666666667 0.078515625
0 0.9013020833333333 0.101953125 0.034895833333333334 0.08671875
0 0.421875 0.240234375 0.04791666666666667 0.096875
0 0.8669270833333333 0.2419921875 0.0421875 0.085546875
0 0.9151041666666667 0.240625 0.04895833333333333 0.08984375
0 0.020572916666666666 0.3732421875 0.04114583333333333 0.087109375
0 0.12369791666666667 0.850390625 0.04635416666666667 0.0796875
0 0.07760416666666667 0.8517578125 0.03958333333333333 0.087109375
0 0.03411458333333333 0.8671875 0.0421875 0.065625
0 0.8515625 0.6935546875 0.034375 0.063671875
0 0.7875 0.6830078125 0.023958333333333335 0.030078125
0 0.77734375 0.7130859375 0.0234375 0.025390625
0 0.6731770833333334 0.6947265625 0.0390625 0.068359375
0 0.4630208333333333 0.697265625 0.040625 0.07109375
0 0.4200520833333333 0.7021484375 0.03802083333333333 0.063671875
0 0.18125 0.8529296875 0.052083333333333336 0.070703125
0 0.2734375 0.8513671875 0.03854166666666667 0.067578125
0 0.3067708333333333 0.3705078125 0.06041666666666667 0.086328125
0 0.31484375 0.85703125 0.044270833333333336 0.07890625
0 0.24661458333333333 0.3685546875 0.0484375 0.087109375
0 0.18984375 0.3705078125 0.050520833333333334 0.086328125
0 0.13229166666666667 0.3701171875 0.05 0.083203125
0 0.07109375 0.371484375 0.049479166666666664 0.0859375
0 0.8515625 0.103125 0.05625 0.08359375
0 0.7989583333333333 0.104296875 0.04375 0.08125
0 0.7520833333333333 0.1056640625 0.04895833333333333 0.078515625
0 0.7044270833333334 0.1044921875 0.043229166666666666 0.083984375
0 0.7190104166666667 0.8361328125 0.04114583333333333 0.065234375
0 0.7674479166666667 0.828515625 0.0421875 0.11484375
0 0.8135416666666667 0.82578125 0.0375 0.1140625
0 0.8565104166666667 0.8271484375 0.03802083333333333 0.112109375
0 0.9080729166666667 0.844921875 0.0515625 0.07578125
0 0.96875 0.84375 0.051041666666666666 0.0734375
0 0.9005208333333333 0.675390625 0.029166666666666667 0.1015625
0 0.6794270833333333 0.8359375 0.03802083333333333 0.0671875
0 0.9393229166666667 0.68125 0.03697916666666667 0.0890625
0 0.96328125 0.5517578125 0.0171875 0.098828125
0 0.9877604166666667 0.55 0.025520833333333333 0.1
0 0.9729166666666667 0.4203125 0.03333333333333333 0.10234375
0 0.98125 0.6810546875 0.0375 0.086328125
0 0.9684895833333333 0.27890625 0.05364583333333333 0.06171875
0 0.37916666666666665 0.7005859375 0.03854166666666667 0.069140625
0 0.33229166666666665 0.700390625 0.051041666666666666 0.06953125
0 0.9411458333333333 0.56875 0.021875 0.0875
0 0.5075520833333333 0.69609375 0.04114583333333333 0.07109375
0 0.63671875 0.8490234375 0.0328125 0.079296875
0 0.5643229166666667 0.83515625 0.034895833333333334 0.078125
0 0.65 0.1255859375 0.040625 0.040234375
0 0.5953125 0.1232421875 0.058333333333333334 0.049609375
0 0.63046875 0.0462890625 0.09114583333333333 0.078515625
0 0.5330729166666667 0.106640625 0.06197916666666667 0.08671875
0 0.36223958333333334 0.8484375 0.03697916666666667 0.059375
0 0.39869791666666665 0.8306640625 0.0359375 0.056640625
0 0.44088541666666664 0.861328125 0.044270833333333336 0.06328125
0 0.60390625 0.8484375 0.030729166666666665 0.08046875
0 0.48463541666666665 0.86171875 0.0390625 0.059375
0 0.47161458333333334 0.107421875 0.0578125 0.08515625
0 0.40703125 0.098828125 0.049479166666666664 0.09765625
0 0.34661458333333334 0.1025390625 0.06302083333333333 0.090234375
0 0.2869791666666667 0.095703125 0.053125 0.09296875
0 0.22552083333333334 0.098046875 0.06145833333333333 0.09609375
0 0.16432291666666668 0.1 0.05677083333333333 0.0921875
0 0.1 0.1033203125 0.05625 0.089453125
0 0.5276041666666667 0.8544921875 0.035416666666666666 0.078515625
0 0.54921875 0.699609375 0.04010416666666667 0.065625
0 0.8471354166666667 0.365625 0.04739583333333333 0.0765625
0 0.6330729166666667 0.69921875 0.03802083333333333 0.0671875
0 0.1765625 0.4888671875 0.052083333333333336 0.083203125
0 0.22994791666666667 0.4888671875 0.050520833333333334 0.080859375
0 0.2794270833333333 0.4875 0.044270833333333336 0.08515625
0 0.32734375 0.4880859375 0.044270833333333336 0.081640625
0 0.37213541666666666 0.4884765625 0.04114583333333333 0.084765625
0 0.42161458333333335 0.4908203125 0.04114583333333333 0.070703125
0 0.47369791666666666 0.489453125 0.0453125 0.075
0 0.5231770833333333 0.4912109375 0.0421875 0.076171875
0 0.5721354166666667 0.491015625 0.044270833333333336 0.078125
0 0.6177083333333333 0.48828125 0.03958333333333333 0.075
0 0.6653645833333334 0.4875 0.0421875 0.07109375
0 0.7958333333333333 0.4884765625 0.040625 0.073046875
0 0.8380208333333333 0.4873046875 0.03854166666666667 0.070703125
0 0.8802083333333334 0.4865234375 0.0375 0.069140625
0 0.03619791666666667 0.5984375 0.04635416666666667 0.071875
0 0.09583333333333334 0.5986328125 0.04791666666666667 0.069921875
0 0.14166666666666666 0.600390625 0.0375 0.0640625
0 0.18177083333333333 0.6005859375 0.040625 0.057421875
0 0.228125 0.5984375 0.046875 0.0671875
0 0.27005208333333336 0.6015625 0.034895833333333334 0.059375
0 0.5908854166666667 0.6990234375 0.04010416666666667 0.066796875
0 0.12213541666666666 0.48984375 0.04635416666666667 0.0828125
0 0.35885416666666664 0.5970703125 0.04583333333333333 0.066796875
0 0.06744791666666666 0.490625 0.0578125 0.0796875
0 0.9111979166666667 0.5408203125 0.034895833333333334 0.041015625
0 0.41953125 0.3671875 0.049479166666666664 0.09375
0 0.4674479166666667 0.3693359375 0.043229166666666666 0.086328125
0 0.5166666666666667 0.368359375 0.04583333333333333 0.0890625
0 0.5677083333333334 0.3673828125 0.041666666666666664 0.084765625
0 0.615625 0.36484375 0.041666666666666664 0.0890625
0 0.6591145833333333 0.3640625 0.0421875 0.08515625
0 0.8203125 0.58203125 0.019791666666666666 0.05390625
0 0.86015625 0.587109375 0.04114583333333333 0.0640625
0 0.7919270833333333 0.59375 0.0328125 0.06796875
0 0.7489583333333333 0.5912109375 0.036458333333333336 0.065234375
0 0.7036458333333333 0.590234375 0.041666666666666664 0.06796875
0 0.6208333333333333 0.5939453125 0.042708333333333334 0.070703125
0 0.5755208333333334 0.5916015625 0.041666666666666664 0.066015625
0 0.5328125 0.5947265625 0.03958333333333333 0.069921875
0 0.48880208333333336 0.5939453125 0.04114583333333333 0.068359375
0 0.44479166666666664 0.5958984375 0.03958333333333333 0.069140625
0 0.7046875 0.3646484375 0.0375 0.088671875
0 0.76328125 0.3642578125 0.049479166666666664 0.085546875
0 0.89453125 0.3654296875 0.033854166666666664 0.071484375
0 0.9330729166666667 0.3951171875 0.027604166666666666 0.034765625
0 0.9184895833333333 0.486328125 0.030729166666666665 0.0375
0 0.019010416666666665 0.492578125 0.03802083333333333 0.0859375
0 0.4036458333333333 0.5962890625 0.03958333333333333 0.067578125
0 0.30963541666666666 0.598046875 0.03697916666666667 0.06875
0 0.01484375 0.7060546875 0.0296875 0.069140625
0 0.28359375 0.7001953125 0.043229166666666666 0.069921875
0 0.23541666666666666 0.7025390625 0.042708333333333334 0.069140625
0 0.19401041666666666 0.7015625 0.0359375 0.06953125
0 0.15078125 0.703125 0.0359375 0.065625
0 0.1046875 0.703125 0.036458333333333336 0.06796875
0 0.05546875 0.7046875 0.044270833333333336 0.06875
