0 0.15833333333333333 0.74296875 0.05520833333333333 0.04140625
0 0.6270833333333333 0.7869140625 0.051041666666666666 0.069140625
0 0.6809895833333334 0.77578125 0.0546875 0.06640625
0 0.7322916666666667 0.766796875 0.04583333333333333 0.065625
0 0.78515625 0.7509765625 0.049479166666666664 0.066015625
0 0.83984375 0.7408203125 0.0484375 0.064453125
0 0.8903645833333333 0.7337890625 0.044270833333333336 0.065234375
0 0.9380208333333333 0.7248046875 0.040625 0.060546875
0 0.48359375 0.733203125 0.050520833333333334 0.034375
0 0.4796875 0.694140625 0.052083333333333336 0.0390625
0 0.4283854166666667 0.74140625 0.0515625 0.0359375
0 0.42526041666666664 0.699609375 0.05364583333333333 0.03984375
0 0.3234375 0.7583984375 0.042708333333333334 0.042578125
0 0.1015625 0.7962890625 0.053125 0.043359375
0 0.26901041666666664 0.7677734375 0.04739583333333333 0.039453125
0 0.27005208333333336 0.721875 0.05260416666666667 0.04140625
0 0.8963541666666667 0.5625 0.03333333333333333 0.0375
0 0.5682291666666667 0.7994140625 0.053125 0.069140625
0 0.9703125 0.5515625 0.034375 0.03515625
0 0.0328125 0.7611328125 0.06041666666666667 0.043359375
0 0.043229166666666666 0.807421875 0.058333333333333334 0.0421875
0 0.09765625 0.7517578125 0.058854166666666666 0.039453125
0 0.21744791666666666 0.77734375 0.0515625 0.03984375
0 0.2140625 0.733203125 0.05416666666666667 0.0390625
0 0.15989583333333332 0.78671875 0.05625 0.04140625
0 0.37473958333333335 0.75 0.0515625 0.040625
0 0.5075520833333333 0.8140625 0.06197916666666667 0.07734375
0 0.058854166666666666 0.8927734375 0.08333333333333333 0.079296875
0 0.3690104166666667 0.8423828125 0.05677083333333333 0.072265625
0 0.7494791666666667 0.6419921875 0.035416666666666666 0.037109375
0 0.7088541666666667 0.6900390625 0.03854166666666667 0.039453125
0 0.709375 0.6462890625 0.03958333333333333 0.037109375
0 0.6666666666666666 0.6986328125 0.03958333333333333 0.035546875
0 0.6661458333333333 0.6560546875 0.041666666666666664 0.037890625
0 0.6208333333333333 0.706640625 0.041666666666666664 0.040625
0 0.5796875 0.7138671875 0.03333333333333333 0.038671875
0 0.6221354166666667 0.6623046875 0.044270833333333336 0.039453125
0 0.5356770833333333 0.7228515625 0.04739583333333333 0.037109375
0 0.5315104166666667 0.683984375 0.04739583333333333 0.0359375
0 0.9739583333333334 0.5115234375 0.03333333333333333 0.040234375
0 0.7489583333333333 0.682421875 0.036458333333333336 0.0359375
0 0.7901041666666667 0.674609375 0.034375 0.03671875
0 0.8307291666666666 0.63515625 0.03854166666666667 0.03203125
0 0.8322916666666667 0.6732421875 0.036458333333333336 0.033984375
0 0.8723958333333334 0.628515625 0.0375 0.03359375
0 0.87421875 0.6673828125 0.034895833333333334 0.032421875
0 0.9098958333333333 0.6212890625 0.03229166666666667 0.033984375
0 0.9463541666666667 0.6189453125 0.03125 0.033984375
0 0.9802083333333333 0.6138671875 0.028125 0.033984375
0 0.9098958333333333 0.6572265625 0.030208333333333334 0.033203125
0 0.9455729166666667 0.653515625 0.0328125 0.03046875
0 0.9791666666666666 0.648828125 0.029166666666666667 0.0296875
0 0.9799479166666667 0.728515625 0.0390625 0.03359375
0 0.14791666666666667 0.884765625 0.08333333333333333 0.0734375
0 0.22890625 0.8701171875 0.06302083333333333 0.074609375
0 0.2989583333333333 0.8578125 0.07291666666666667 0.07734375
0 0.43359375 0.824609375 0.0640625 0.07265625
0 0.9369791666666667 0.514453125 0.035416666666666666 0.03515625
0 0.4088541666666667 0.471875 0.04583333333333333 0.1140625
0 0.8533854166666667 0.5650390625 0.044270833333333336 0.047265625
0 0.4552083333333333 0.576953125 0.059375 0.021875
0 0.5169270833333334 0.5681640625 0.0609375 0.030078125
0 0.35859375 0.4744140625 0.04739583333333333 0.112890625
0 0.29375 0.48671875 0.053125 0.109375
0 0.23255208333333333 0.4859375 0.059895833333333336 0.1140625
0 0.16927083333333334 0.49375 0.06041666666666667 0.11484375
0 0.10494791666666667 0.498828125 0.06510416666666667 0.11484375
0 0.026822916666666665 0.50703125 0.05364583333333333 0.1203125
0 0.934375 0.2955078125 0.01875 0.110546875
0 0.9026041666666667 0.2990234375 0.040625 0.112890625
0 0.8583333333333333 0.29921875 0.03958333333333333 0.115625
0 0.81171875 0.3029296875 0.028645833333333332 0.109765625
0 0.7346354166666667 0.3068359375 0.0453125 0.113671875
0 0.6729166666666667 0.305859375 0.046875 0.11796875
0 0.6205729166666667 0.3095703125 0.04635416666666667 0.116796875
0 0.5723958333333333 0.31328125 0.03854166666666667 0.1265625
0 0.5278645833333333 0.3150390625 0.0484375 0.130078125
0 0.3875 0.583984375 0.065625 0.0234375
0 0.32109375 0.63671875 0.06927083333333334 0.05390625
0 0.2484375 0.6505859375 0.07083333333333333 0.045703125
0 0.8966145833333333 0.519140625 0.04010416666666667 0.03828125
0 0.46328125 0.46796875 0.04739583333333333 0.11640625
0 0.5190104166666667 0.4599609375 0.05677083333333333 0.116015625
0 0.5786458333333333 0.4541015625 0.05416666666666667 0.110546875
0 0.63359375 0.4509765625 0.050520833333333334 0.110546875
0 0.6890625 0.446484375 0.05 0.11015625
0 0.7364583333333333 0.43828125 0.0375 0.10390625
0 0.7802083333333333 0.4330078125 0.042708333333333334 0.104296875
0 0.8309895833333333 0.4310546875 0.0453125 0.102734375
0 0.4544270833333333 0.3166015625 0.043229166666666666 0.129296875
0 0.8830729166666667 0.429296875 0.049479166666666664 0.09921875
0 0.9809895833333333 0.419921875 0.0390625 0.090625
0 0.020833333333333332 0.63671875 0.041666666666666664 0.03515625
0 0.08307291666666666 0.623828125 0.08072916666666667 0.028125
0 0.1625 0.6138671875 0.078125 0.025390625
0 0.24479166666666666 0.60625 0.06979166666666667 0.02734375
0 0.020572916666666666 0.6837890625 0.04114583333333333 0.052734375
0 0.08203125 0.672265625 0.0765625 0.053125
0 0.16666666666666666 0.66171875 0.071875 0.053125
0 0.9388020833333334 0.4244140625 0.0421875 0.095703125
0 0.4044270833333333 0.3185546875 0.0515625 0.134765625
0 0.9333333333333333 0.5578125 0.03333333333333333 0.03671875
0 0.28203125 0.3228515625 0.058854166666666666 0.134765625
0 0.4669270833333333 0.148828125 0.06302083333333333 0.1484375
0 0.75 0.5794921875 0.04791666666666667 0.041796875
0 0.75 0.5318359375 0.04791666666666667 0.040234375
0 0.6950520833333333 0.58671875 0.05364583333333333 0.04609375
0 0.6927083333333334 0.5388671875 0.057291666666666664 0.039453125
0 0.6440104166666667 0.5921875 0.0453125 0.04375
0 0.640625 0.5455078125 0.04479166666666667 0.040234375
0 0.3890625 0.1478515625 0.065625 0.148828125
0 0.80078125 0.5240234375 0.04739583333333333 0.039453125
0 0.3098958333333333 0.148828125 0.075 0.1484375
0 0.5796875 0.6017578125 0.05625 0.045703125
0 0.5838541666666667 0.552734375 0.06458333333333334 0.04765625
0 0.5177083333333333 0.60859375 0.05416666666666667 0.046875
0 0.3927083333333333 0.6271484375 0.06458333333333334 0.050390625
0 0.17630208333333333 0.1529296875 0.0515625 0.140234375
0 0.10989583333333333 0.15078125 0.06666666666666667 0.15234375
0 0.0375 0.1501953125 0.06666666666666667 0.158203125
0 0.34427083333333336 0.3181640625 0.058333333333333334 0.136328125
0 0.24270833333333333 0.1578125 0.04895833333333333 0.1453125
0 0.8010416666666667 0.5712890625 0.041666666666666664 0.042578125
0 0.4588541666666667 0.6173828125 0.05520833333333333 0.047265625
0 0.15104166666666666 0.3279296875 0.05416666666666667 0.144921875
0 0.0265625 0.3248046875 0.053125 0.145703125
0 0.9739583333333334 0.2931640625 0.05 0.105859375
0 0.9604166666666667 0.15703125 0.0375 0.11796875
0 0.91953125 0.155859375 0.03802083333333333 0.115625
0 0.8325520833333333 0.1537109375 0.0390625 0.119921875
0 0.7864583333333334 0.15546875 0.04375 0.12578125
0 0.7401041666666667 0.1564453125 0.036458333333333336 0.125390625
0 0.6947916666666667 0.1568359375 0.04479166666666667 0.130859375
0 0.6393229166666666 0.155859375 0.050520833333333334 0.1328125
0 0.5872395833333334 0.1533203125 0.0484375 0.133984375
0 0.87734375 0.15546875 0.03802083333333333 0.11953125
0 0.21510416666666668 0.32421875 0.06458333333333334 0.1359375
0 0.5296875 0.15390625 0.052083333333333336 0.1375
