0 0.7054738562091504 0.24433210784313725 0.07026143790849673 0.11243872549019608
0 0.7604166666666666 0.2495404411764706 0.0363562091503268 0.0940563725490196
0 0.8400735294117647 0.24647671568627452 0.06658496732026144 0.10263480392156862
0 0.9219771241830066 0.24065563725490197 0.08986928104575163 0.11427696078431372
0 0.9636437908496732 0.1210171568627451 0.07107843137254902 0.08394607843137254
0 0.8931781045751634 0.12040441176470588 0.06413398692810457 0.08455882352941177
0 0.8241421568627451 0.12040441176470588 0.07312091503267974 0.08823529411764706
0 0.5612745098039216 0.11963848039215687 0.059640522875817 0.09895833333333333
0 0.6889297385620915 0.12760416666666666 0.06331699346405228 0.07873774509803921
0 0.6254084967320261 0.1171875 0.061274509803921566 0.09712009803921569
0 0.6323529411764706 0.2617953431372549 0.06454248366013073 0.0818014705882353
0 0.4985702614379085 0.12193627450980392 0.05923202614379085 0.08762254901960784
0 0.588031045751634 0.6295955882352942 0.03145424836601307 0.08394607843137254
0 0.6229575163398693 0.6280637254901961 0.03676470588235294 0.0778186274509804
0 0.7526552287581699 0.1210171568627451 0.061683006535947715 0.08823529411764706
0 0.5522875816993464 0.24448529411764705 0.08741830065359477 0.11458333333333333
0 0.030637254901960783 0.23912377450980393 0.061274509803921566 0.07383578431372549
0 0.4076797385620915 0.24678308823529413 0.07107843137254902 0.11550245098039216
0 0.8114787581699346 0.36795343137254904 0.08374183006535947 0.10784313725490197
0 0.7448937908496732 0.3860294117647059 0.04125816993464052 0.08517156862745098
0 0.6881127450980392 0.39047181372549017 0.061683006535947715 0.08792892156862746
0 0.15359477124183007 0.8318014705882353 0.05228758169934641 0.09375
0 0.5526960784313726 0.37714460784313725 0.08088235294117647 0.11090686274509803
0 0.48223039215686275 0.390625 0.0559640522875817 0.08333333333333333
0 0.41482843137254904 0.3795955882352941 0.07230392156862746 0.10845588235294118
0 0.4789624183006536 0.33440563725490197 0.051879084967320264 0.02420343137254902
0 0.6680964052287581 0.33118872549019607 0.05106209150326797 0.022058823529411766
0 0.32005718954248363 0.3400735294117647 0.10008169934640523 0.07169117647058823
0 0.21997549019607843 0.3399203431372549 0.0886437908496732 0.07077205882352941
0 0.12173202614379085 0.3397671568627451 0.10130718954248366 0.06985294117647059
0 0.037173202614379085 0.33900122549019607 0.06209150326797386 0.06893382352941177
0 0.6576797385620915 0.6182598039215687 0.028594771241830064 0.07598039215686274
0 0.11519607843137254 0.23835784313725492 0.10130718954248366 0.07598039215686274
0 0.47549019607843135 0.2621017156862745 0.056372549019607844 0.07689950980392157
0 0.6909722222222222 0.6234681372549019 0.03390522875816993 0.07720588235294118
0 0.852328431372549 0.6291360294117647 0.04534313725490196 0.07751225490196079
0 0.7665441176470589 0.624234068627451 0.03390522875816993 0.08425245098039216
0 0.8451797385620915 0.8258272058823529 0.0457516339869281 0.07077205882352941
0 0.7975898692810458 0.8278186274509803 0.04044117647058824 0.06801470588235294
0 0.7549019607843137 0.8291973039215687 0.0392156862745098 0.06954656862745098
0 0.7126225490196079 0.8285845588235294 0.037173202614379085 0.06954656862745098
0 0.6727941176470589 0.8325674019607843 0.03839869281045752 0.06832107843137254
0 0.6309232026143791 0.8325674019607843 0.03880718954248366 0.06954656862745098
0 0.5882352941176471 0.8333333333333334 0.041666666666666664 0.07169117647058823
0 0.5447303921568627 0.8327205882352942 0.03880718954248366 0.07291666666666667
0 0.5093954248366013 0.8115808823529411 0.02696078431372549 0.06678921568627451
0 0.4750816993464052 0.8152573529411765 0.03839869281045752 0.06985294117647059
0 0.42544934640522875 0.8147977941176471 0.04044117647058824 0.06832107843137254
0 0.3545751633986928 0.8290441176470589 0.0457516339869281 0.08884803921568628
0 0.30187908496732024 0.8302696078431373 0.04330065359477124 0.09191176470588236
0 0.25531045751633985 0.8310355392156863 0.042483660130718956 0.0897671568627451
0 0.20894607843137256 0.8259803921568627 0.042075163398692814 0.09129901960784313
0 0.8925653594771242 0.8255208333333334 0.04738562091503268 0.06893382352941177
0 0.9556781045751634 0.8253676470588235 0.04370915032679738 0.0741421568627451
0 0.05044934640522876 0.8333333333333334 0.060866013071895424 0.09129901960784313
0 0.09170751633986927 0.7325367647058824 0.09027777777777778 0.05821078431372549
0 0.8069852941176471 0.6245404411764706 0.039624183006535946 0.08241421568627451
0 0.8678513071895425 0.38909313725490197 0.02900326797385621 0.06801470588235294
0 0.8980800653594772 0.6254595588235294 0.04044117647058824 0.08302696078431372
0 0.9375 0.6222426470588235 0.03349673202614379 0.08026960784313726
0 0.9789624183006536 0.6222426470588235 0.04044117647058824 0.08149509803921569
0 0.5500408496732027 0.7075674019607843 0.053513071895424834 0.02971813725490196
0 0.9511846405228758 0.7247242647058824 0.026552287581699346 0.035845588235294115
0 0.7295751633986928 0.6271446078431373 0.03594771241830065 0.07965686274509803
0 0.9023692810457516 0.7193627450980392 0.05065359477124183 0.052083333333333336
0 0.7591911764705882 0.7210477941176471 0.05923202614379085 0.05912990196078431
0 0.6917892156862745 0.7234987745098039 0.06495098039215687 0.057291666666666664
0 0.6139705882352942 0.7113970588235294 0.06699346405228758 0.03799019607843137
0 0.4616013071895425 0.7207414215686274 0.10702614379084967 0.05361519607843137
0 0.3735702614379085 0.7242647058823529 0.06413398692810457 0.05575980392156863
0 0.2849264705882353 0.7241115196078431 0.10253267973856209 0.057291666666666664
0 0.18382352941176472 0.7268688725490197 0.08006535947712418 0.06403186274509803
0 0.8229166666666666 0.7233455882352942 0.053513071895424834 0.052083333333333336
0 0.9481209150326797 0.3717830882352941 0.08415032679738563 0.11060049019607843
0 0.6254084967320261 0.3897058823529412 0.061274509803921566 0.0857843137254902
0 0.8506944444444444 0.4970894607843137 0.037173202614379085 0.08670343137254902
0 0.37806372549019607 0.12346813725490197 0.06004901960784314 0.0900735294117647
0 0.29758986928104575 0.12775735294117646 0.09844771241830065 0.07598039215686274
0 0.19709967320261437 0.12852328431372548 0.09436274509803921 0.07935049019607843
0 0.0959967320261438 0.12928921568627452 0.10294117647058823 0.07536764705882353
0 0.3372140522875817 0.4568014705882353 0.08374183006535947 0.06433823529411764
0 0.056781045751633986 0.6364889705882353 0.04820261437908497 0.023590686274509803
0 0.04595588235294118 0.6649816176470589 0.051879084967320264 0.02297794117647059
0 0.10253267973856209 0.664828431372549 0.05718954248366013 0.02267156862745098
0 0.10947712418300654 0.6325061274509803 0.05065359477124183 0.033394607843137254
0 0.16176470588235295 0.6351102941176471 0.04656862745098039 0.028799019607843136
0 0.15951797385620914 0.6655943627450981 0.04779411764705882 0.02665441176470588
0 0.21691176470588236 0.6297487745098039 0.056372549019607844 0.03952205882352941
0 0.2173202614379085 0.6663602941176471 0.05800653594771242 0.028186274509803922
0 0.28288398692810457 0.6421568627450981 0.027369281045751634 0.0392156862745098
0 0.3261846405228758 0.6459865196078431 0.03390522875816993 0.04197303921568627
0 0.37050653594771243 0.6387867647058824 0.027777777777777776 0.0428921568627451
0 0.40808823529411764 0.6418504901960784 0.028594771241830064 0.042279411764705885
0 0.4456699346405229 0.6332720588235294 0.03594771241830065 0.08333333333333333
0 0.48161764705882354 0.633578431372549 0.025326797385620915 0.0857843137254902
0 0.5126633986928104 0.625765931372549 0.035130718954248366 0.08425245098039216
0 0.5524918300653595 0.6332720588235294 0.03390522875816993 0.08946078431372549
0 0.9844771241830066 0.7184436274509803 0.032679738562091505 0.0428921568627451
0 0.052083333333333336 0.46262254901960786 0.10089869281045752 0.06556372549019608
0 0.14930555555555555 0.45955882352941174 0.08619281045751634 0.06985294117647059
0 0.24387254901960784 0.45955882352941174 0.09477124183006536 0.06740196078431372
0 0.4383169934640523 0.12316176470588236 0.05392156862745098 0.08700980392156862
0 0.920751633986928 0.5050551470588235 0.06699346405228758 0.0977328431372549
0 0.10253267973856209 0.8322610294117647 0.0392156862745098 0.09037990196078431
0 0.16973039215686275 0.5517769607843137 0.037173202614379085 0.07659313725490197
0 0.043913398692810454 0.5551470588235294 0.04125816993464052 0.08026960784313726
0 0.08680555555555555 0.5537683823529411 0.044526143790849675 0.08057598039215687
0 0.12969771241830066 0.553921568627451 0.04044117647058824 0.08088235294117647
0 0.20772058823529413 0.5530024509803921 0.03799019607843137 0.07904411764705882
0 0.24754901960784315 0.5523897058823529 0.03839869281045752 0.0784313725490196
0 0.28921568627450983 0.5520833333333334 0.0392156862745098 0.07965686274509803
0 0.36580882352941174 0.5507046568627451 0.030637254901960783 0.07689950980392157
0 0.40522875816993464 0.5238970588235294 0.041666666666666664 0.07107843137254902
0 0.33026960784313725 0.5516237745098039 0.03880718954248366 0.07996323529411764
0 0.4948937908496732 0.5116421568627451 0.051879084967320264 0.08700980392156862
0 0.5500408496732027 0.5058210784313726 0.05106209150326797 0.09865196078431372
0 0.6043709150326797 0.5041360294117647 0.044526143790849675 0.09712009803921569
0 0.6589052287581699 0.5096507352941176 0.059640522875817 0.08915441176470588
0 0.7373366013071896 0.5053615196078431 0.08741830065359477 0.10263480392156862
0 0.8061683006535948 0.5053615196078431 0.04534313725490196 0.08915441176470588
0 0.44689542483660133 0.5193014705882353 0.041666666666666664 0.07107843137254902
