0 0.3809895833333333 0.571875 0.0390625 0.07890625
0 0.7809895833333333 0.186328125 0.04010416666666667 0.0921875
0 0.6052083333333333 0.3314453125 0.046875 0.082421875
0 0.5518229166666667 0.3306640625 0.0390625 0.087890625
0 0.5 0.3302734375 0.04375 0.089453125
0 0.4432291666666667 0.3296875 0.04583333333333333 0.0859375
0 0.39036458333333335 0.33046875 0.0453125 0.08984375
0 0.334375 0.3314453125 0.04895833333333333 0.091796875
0 0.27708333333333335 0.331640625 0.052083333333333336 0.0921875
0 0.21822916666666667 0.329296875 0.053125 0.0953125
0 0.15520833333333334 0.3298828125 0.06145833333333333 0.096484375
0 0.08854166666666667 0.3275390625 0.058333333333333334 0.101171875
0 0.9609375 0.18828125 0.035416666666666666 0.10078125
0 0.925 0.1923828125 0.03333333333333333 0.080078125
0 0.87734375 0.191015625 0.04114583333333333 0.08203125
0 0.8283854166666667 0.1875 0.0390625 0.0875
0 0.328125 0.5830078125 0.042708333333333334 0.060546875
0 0.7341145833333333 0.1845703125 0.0453125 0.091015625
0 0.6783854166666666 0.185546875 0.0453125 0.090625
0 0.6231770833333333 0.1818359375 0.04739583333333333 0.094921875
0 0.571875 0.1779296875 0.05 0.096484375
0 0.5140625 0.1791015625 0.053125 0.096484375
0 0.45677083333333335 0.1767578125 0.05 0.099609375
0 0.39921875 0.1716796875 0.05364583333333333 0.098828125
0 0.3385416666666667 0.171875 0.053125 0.09921875
0 0.27760416666666665 0.1765625 0.05625 0.0890625
0 0.21822916666666667 0.1705078125 0.05625 0.096484375
0 0.14869791666666668 0.163671875 0.0703125 0.1046875
0 0.07838541666666667 0.166015625 0.0609375 0.0921875
0 0.6684895833333333 0.3337890625 0.022395833333333334 0.082421875
0 0.70390625 0.33359375 0.0328125 0.08203125
0 0.7440104166666667 0.3337890625 0.0265625 0.082421875
0 0.7794270833333333 0.334375 0.033854166666666664 0.08125
0 0.22734375 0.5806640625 0.0515625 0.080078125
0 0.16432291666666668 0.584765625 0.04739583333333333 0.078125
0 0.1109375 0.5875 0.04895833333333333 0.07890625
0 0.044270833333333336 0.533203125 0.0625 0.1
0 0.10911458333333333 0.46328125 0.058854166666666666 0.08984375
0 0.16770833333333332 0.4642578125 0.051041666666666666 0.081640625
0 0.22239583333333332 0.46328125 0.04791666666666667 0.0796875
0 0.27890625 0.456640625 0.05572916666666667 0.090625
0 0.33567708333333335 0.45859375 0.0515625 0.08046875
0 0.4427083333333333 0.45703125 0.04479166666666667 0.0796875
0 0.3885416666666667 0.458203125 0.04791666666666667 0.07734375
0 0.5442708333333334 0.453515625 0.042708333333333334 0.07265625
0 0.49270833333333336 0.45390625 0.04583333333333333 0.078125
0 0.28046875 0.5806640625 0.043229166666666666 0.072265625
0 0.60625 0.4537109375 0.06145833333333333 0.073046875
0 0.6963541666666667 0.44765625 0.0375 0.0796875
0 0.7348958333333333 0.447265625 0.0375 0.08125
0 0.7786458333333334 0.4447265625 0.04791666666666667 0.081640625
0 0.82890625 0.441796875 0.04010416666666667 0.08046875
0 0.87265625 0.4412109375 0.034895833333333334 0.079296875
0 0.9138020833333333 0.44375 0.03697916666666667 0.07421875
0 0.9890625 0.4400390625 0.020833333333333332 0.074609375
0 0.95234375 0.4408203125 0.033854166666666664 0.078515625
0 0.9815104166666667 0.3328125 0.034895833333333334 0.078125
0 0.9296875 0.3322265625 0.042708333333333334 0.081640625
0 0.8864583333333333 0.3341796875 0.027083333333333334 0.078515625
0 0.853125 0.3328125 0.027083333333333334 0.08046875
0 0.8190104166666666 0.33359375 0.0296875 0.084375
0 0.6580729166666667 0.4521484375 0.033854166666666664 0.072265625
0 0.8317708333333333 0.7583984375 0.029166666666666667 0.054296875
0 0.7984375 0.76015625 0.03333333333333333 0.0578125
0 0.9052083333333333 0.7390625 0.022916666666666665 0.075
0 0.8690104166666667 0.7537109375 0.030729166666666665 0.049609375
0 0.27395833333333336 0.8150390625 0.042708333333333334 0.066796875
0 0.22708333333333333 0.8181640625 0.03854166666666667 0.068359375
0 0.17526041666666667 0.8248046875 0.04010416666666667 0.066796875
0 0.1265625 0.8314453125 0.041666666666666664 0.061328125
0 0.9830729166666666 0.6357421875 0.034895833333333334 0.065234375
0 0.94453125 0.643359375 0.03177083333333333 0.0640625
0 0.9083333333333333 0.6439453125 0.029166666666666667 0.065234375
0 0.8736979166666666 0.644921875 0.030729166666666665 0.0640625
0 0.8393229166666667 0.6494140625 0.03177083333333333 0.066015625
0 0.8 0.651171875 0.027083333333333334 0.0671875
0 0.7609375 0.655078125 0.03229166666666667 0.065625
0 0.7208333333333333 0.6578125 0.03125 0.06171875
0 0.6848958333333334 0.661328125 0.03333333333333333 0.06328125
0 0.6421875 0.6587890625 0.028125 0.073046875
0 0.5981770833333333 0.665234375 0.0328125 0.06640625
0 0.5630208333333333 0.6673828125 0.03229166666666667 0.068359375
0 0.5221354166666666 0.6693359375 0.033854166666666664 0.069921875
0 0.4739583333333333 0.677734375 0.036458333333333336 0.05546875
0 0.42630208333333336 0.6822265625 0.033854166666666664 0.062109375
0 0.3796875 0.679296875 0.03958333333333333 0.0734375
0 0.3333333333333333 0.6861328125 0.03958333333333333 0.072265625
0 0.28072916666666664 0.6890625 0.034375 0.06875
0 0.23229166666666667 0.6947265625 0.04583333333333333 0.068359375
0 0.17578125 0.6978515625 0.04739583333333333 0.076953125
0 0.12057291666666667 0.70078125 0.049479166666666664 0.0703125
0 0.43072916666666666 0.5708984375 0.042708333333333334 0.074609375
0 0.48046875 0.5681640625 0.033854166666666664 0.071484375
0 0.5247395833333334 0.5662109375 0.0359375 0.065234375
0 0.3255208333333333 0.8072265625 0.040625 0.069921875
0 0.6130208333333333 0.5642578125 0.03333333333333333 0.066015625
0 0.93671875 0.7369140625 0.028645833333333332 0.085546875
0 0.045572916666666664 0.655078125 0.06197916666666667 0.0796875
0 0.9703125 0.54453125 0.03125 0.06953125
0 0.9291666666666667 0.5517578125 0.03229166666666667 0.067578125
0 0.8927083333333333 0.553125 0.030208333333333334 0.0609375
0 0.853125 0.5546875 0.03125 0.06171875
0 0.5716145833333334 0.5630859375 0.030729166666666665 0.068359375
0 0.7776041666666667 0.5599609375 0.027083333333333334 0.057421875
0 0.7372395833333333 0.5587890625 0.022395833333333334 0.062109375
0 0.7619791666666667 0.7662109375 0.027083333333333334 0.064453125
0 0.725 0.765625 0.03333333333333333 0.06875
0 0.81484375 0.5568359375 0.030729166666666665 0.060546875
0 0.64921875 0.7798828125 0.0359375 0.058203125
0 0.6153645833333333 0.7814453125 0.03177083333333333 0.058984375
0 0.578125 0.780078125 0.0375 0.06640625
0 0.53984375 0.7896484375 0.033854166666666664 0.063671875
0 0.5013020833333334 0.7927734375 0.030729166666666665 0.060546875
0 0.4596354166666667 0.8001953125 0.03697916666666667 0.053515625
0 0.4166666666666667 0.8044921875 0.0375 0.055078125
0 0.37135416666666665 0.8046875 0.03958333333333333 0.071875
0 0.69609375 0.560546875 0.0296875 0.06328125
0 0.6846354166666667 0.76171875 0.0265625 0.065625
0 0.6536458333333334 0.560546875 0.028125 0.065625
