0 0.7654718137254902 0.3854166666666667 0.02665441176470588 0.14583333333333334
0 0.7348345588235294 0.38766339869281047 0.0272671568627451 0.14133986928104575
0 0.703890931372549 0.38766339869281047 0.03155637254901961 0.14052287581699346
0 0.7987132352941176 0.3880718954248366 0.029411764705882353 0.14297385620915032
0 0.8287377450980392 0.4127859477124183 0.028186274509803922 0.09763071895424837
0 0.8534007352941176 0.4113562091503268 0.015625 0.10294117647058823
0 0.6746323529411765 0.4070669934640523 0.02267156862745098 0.10498366013071896
0 0.9140625 0.40604575163398693 0.0272671568627451 0.12173202614379085
0 0.9408700980392157 0.4074754901960784 0.02144607843137255 0.1270424836601307
0 0.9670649509803921 0.4285130718954248 0.015625 0.08169934640522876
0 0.13786764705882354 0.5772058823529411 0.0545343137254902 0.1707516339869281
0 0.06357230392156862 0.15134803921568626 0.03952205882352941 0.11397058823529412
0 0.19194240196078433 0.5763888888888888 0.047487745098039214 0.17238562091503268
0 0.1012561274509804 0.14930555555555555 0.0272671568627451 0.13112745098039216
0 0.13082107843137256 0.1542075163398693 0.024509803921568627 0.12214052287581699
0 0.16957720588235295 0.13623366013071894 0.050551470588235295 0.16299019607843138
0 0.2189031862745098 0.13623366013071894 0.04136029411764706 0.18178104575163398
0 0.2647058823529412 0.14338235294117646 0.041666666666666664 0.18627450980392157
0 0.30775122549019607 0.22630718954248366 0.03768382352941176 0.09395424836601307
0 0.6127450980392157 0.38786764705882354 0.03431372549019608 0.05269607843137255
0 0.2965686274509804 0.5102124183006536 0.04350490196078431 0.07107843137254902
0 0.24586397058823528 0.5814950980392157 0.045649509803921566 0.16462418300653595
0 0.08088235294117647 0.5655637254901961 0.05392156862745098 0.20547385620915032
0 0.02496936274509804 0.5718954248366013 0.04993872549019608 0.19281045751633988
0 0.5660232843137255 0.3888888888888889 0.03462009803921569 0.06454248366013073
0 0.15410539215686275 0.34681372549019607 0.051470588235294115 0.1781045751633987
0 0.49264705882352944 0.38786764705882354 0.02696078431372549 0.05269607843137255
0 0.9097732843137255 0.2826797385620915 0.020526960784313725 0.0661764705882353
0 0.6703431372549019 0.22446895424836602 0.025735294117647058 0.13276143790849673
0 0.5666360294117647 0.272875816993464 0.027879901960784315 0.07598039215686274
0 0.5243566176470589 0.26552287581699346 0.02849264705882353 0.061274509803921566
0 0.4973958333333333 0.2708333333333333 0.015012254901960785 0.05310457516339869
0 0.4653799019607843 0.24448529411764705 0.03615196078431373 0.07148692810457516
0 0.42723651960784315 0.24611928104575165 0.021752450980392156 0.0763888888888889
0 0.39215686274509803 0.2361111111111111 0.0392156862745098 0.08823529411764706
0 0.34987745098039214 0.23202614379084968 0.03860294117647059 0.08823529411764706
0 0.8805147058823529 0.27941176470588236 0.022058823529411766 0.07026143790849673
0 0.8561580882352942 0.27655228758169936 0.01685049019607843 0.06944444444444445
0 0.8203125 0.2622549019607843 0.0352328431372549 0.06781045751633986
0 0.7933517156862745 0.2622549019607843 0.01685049019607843 0.06535947712418301
0 0.5266544117647058 0.39215686274509803 0.03308823529411765 0.05555555555555555
0 0.7637867647058824 0.22855392156862744 0.03370098039215686 0.13276143790849673
0 0.7090992647058824 0.2238562091503268 0.02971813725490196 0.13970588235294118
0 0.9298406862745098 0.2569444444444444 0.012867647058823529 0.12581699346405228
0 0.9928002450980392 0.2849264705882353 0.013786764705882353 0.08946078431372549
0 0.042738970588235295 0.34129901960784315 0.05177696078431373 0.18831699346405228
0 0.09895833333333333 0.3443627450980392 0.05024509803921569 0.18382352941176472
0 0.2029718137254902 0.37969771241830064 0.04136029411764706 0.12459150326797386
0 0.25107230392156865 0.4166666666666667 0.04197303921568627 0.05800653594771242
0 0.2965686274509804 0.3707107843137255 0.04105392156862745 0.0690359477124183
0 0.34329044117647056 0.3698937908496732 0.0352328431372549 0.07312091503267974
0 0.3772977941176471 0.3735702614379085 0.02542892156862745 0.08047385620915033
0 0.5939031862745098 0.27593954248366015 0.020526960784313725 0.06331699346405228
0 0.41130514705882354 0.3839869281045752 0.03400735294117647 0.06699346405228758
0 0.4571078431372549 0.3860294117647059 0.03799019607843137 0.056372549019607844
0 0.7339154411764706 0.23590686274509803 0.017463235294117647 0.1156045751633987
0 0.30545343137254904 0.6437908496732027 0.0428921568627451 0.09068627450980392
0 0.9926470588235294 0.5439133986928104 0.013480392156862746 0.11070261437908496
0 0.39598651960784315 0.6380718954248366 0.0352328431372549 0.07598039215686274
0 0.7856924019607843 0.752859477124183 0.03155637254901961 0.10947712418300654
0 0.7657781862745098 0.6644199346405228 0.04932598039215686 0.06495098039215687
0 0.7490808823529411 0.7583741830065359 0.03002450980392157 0.11151960784313726
0 0.7140012254901961 0.7461192810457516 0.035845588235294115 0.14256535947712418
0 0.6729473039215687 0.7495915032679739 0.04136029411764706 0.14215686274509803
0 0.6317401960784313 0.7534722222222222 0.028186274509803922 0.1474673202614379
0 0.5992647058823529 0.7826797385620915 0.03308823529411765 0.09395424836601307
0 0.5598958333333334 0.7800245098039216 0.02420343137254902 0.10008169934640523
0 0.5193014705882353 0.797998366013072 0.0428921568627451 0.0959967320261438
0 0.35355392156862747 0.6427696078431373 0.04595588235294118 0.08782679738562091
0 0.4710477941176471 0.8033088235294118 0.045649509803921566 0.0959967320261438
0 0.41513480392156865 0.8086192810457516 0.017769607843137254 0.10089869281045752
0 0.3912377450980392 0.8157679738562091 0.027573529411764705 0.08660130718954248
0 0.35830269607843135 0.8392565359477124 0.029105392156862746 0.05024509803921569
0 0.3247549019607843 0.8227124183006536 0.028186274509803922 0.08333333333333333
0 0.2824754901960784 0.8304738562091504 0.03308823529411765 0.08905228758169935
0 0.2424938725490196 0.8357843137254902 0.03462009803921569 0.08905228758169935
0 0.20557598039215685 0.8535539215686274 0.028799019607843136 0.06331699346405228
0 0.1724877450980392 0.8621323529411765 0.032475490196078434 0.07393790849673203
0 0.13128063725490197 0.8602941176470589 0.047487745098039214 0.08251633986928104
0 0.4329044117647059 0.8104575163398693 0.013480392156862746 0.0923202614379085
0 0.0819546568627451 0.8645833333333334 0.046262254901960786 0.08455882352941177
0 0.8570772058823529 0.7379493464052288 0.02665441176470588 0.12867647058823528
0 0.9246323529411765 0.727328431372549 0.024509803921568627 0.12295751633986927
0 0.9682904411764706 0.8654003267973857 0.022365196078431373 0.12540849673202614
0 0.9404105392156863 0.8770424836601307 0.03216911764705882 0.11274509803921569
0 0.8782169117647058 0.8941993464052288 0.05116421568627451 0.11601307189542484
0 0.8213848039215687 0.8941993464052288 0.05269607843137255 0.14624183006535948
0 0.7637867647058824 0.8939950980392157 0.02144607843137255 0.12540849673202614
0 0.7418811274509803 0.9052287581699346 0.021752450980392156 0.14460784313725492
0 0.7199754901960784 0.9105392156862745 0.015931372549019607 0.14787581699346405
0 0.6988357843137255 0.9115604575163399 0.02144607843137255 0.1474673202614379
0 0.6747855392156863 0.9201388888888888 0.021139705882352942 0.1482843137254902
0 0.8941482843137255 0.7340686274509803 0.029105392156862746 0.12418300653594772
0 0.6469056372549019 0.9225898692810458 0.029105392156862746 0.14665032679738563
0 0.5758272058823529 0.9348447712418301 0.030330882352941176 0.13276143790849673
0 0.5441176470588235 0.9338235294117647 0.030637254901960783 0.12663398692810457
0 0.5104166666666666 0.9350490196078431 0.025122549019607844 0.12418300653594772
0 0.43964460784313725 0.9415849673202614 0.03676470588235294 0.119281045751634
0 0.3955269607843137 0.9448529411764706 0.03370098039215686 0.11029411764705882
0 0.32766544117647056 0.9503676470588235 0.021752450980392156 0.09109477124183006
0 0.29013480392156865 0.9644607843137255 0.024509803921568627 0.0727124183006536
0 0.9756433823529411 0.7222222222222222 0.03278186274509804 0.12009803921568628
0 0.9473039215686274 0.7242647058823529 0.01838235294117647 0.12826797385620914
0 0.6115196078431373 0.9295343137254902 0.03553921568627451 0.1409313725490196
0 0.032475490196078434 0.8719362745098039 0.0508578431372549 0.07802287581699346
0 0.8235294117647058 0.7444852941176471 0.037377450980392156 0.12377450980392157
0 0.5808823529411765 0.6290849673202614 0.03799019607843137 0.07516339869281045
0 0.6161151960784313 0.6290849673202614 0.02696078431372549 0.07761437908496732
0 0.7876838235294118 0.5453431372549019 0.037377450980392156 0.12173202614379085
0 0.6066176470588235 0.5189950980392157 0.04779411764705882 0.08047385620915033
0 0.5654105392156863 0.514501633986928 0.030943627450980393 0.07802287581699346
0 0.5265012254901961 0.5165441176470589 0.04258578431372549 0.08292483660130719
0 0.48973651960784315 0.5069444444444444 0.029105392156862746 0.06699346405228758
0 0.44362745098039214 0.5128676470588235 0.03676470588235294 0.07883986928104575
0 0.39077818627450983 0.5077614379084967 0.03462009803921569 0.07598039215686274
0 0.8268995098039216 0.5465686274509803 0.024509803921568627 0.11274509803921569
0 0.7400428921568627 0.5463643790849673 0.03768382352941176 0.1156045751633987
0 0.8912377450980392 0.5461601307189542 0.025735294117647058 0.11356209150326797
0 0.8674938725490197 0.5600490196078431 0.018075980392156864 0.09477124183006536
0 0.4840686274509804 0.6390931372549019 0.022058823529411766 0.06413398692810457
0 0.45205269607843135 0.6382761437908496 0.033394607843137254 0.07312091503267974
0 0.6855085784313726 0.5923202614379085 0.048100490196078434 0.03758169934640523
0 0.9698223039215687 0.5451388888888888 0.02542892156862745 0.11315359477124183
0 0.9401041666666666 0.5473856209150327 0.021752450980392156 0.11274509803921569
0 0.9143688725490197 0.5441176470588235 0.016237745098039217 0.11519607843137254
0 0.021599264705882353 0.12745098039215685 0.033394607843137254 0.15931372549019607
0 0.5252757352941176 0.6425653594771242 0.04871323529411765 0.07516339869281045
