0 0.6583333333333333 0.8185546875 0.03333333333333333 0.074609375
0 0.9002604166666667 0.6607421875 0.0296875 0.037109375
0 0.8018229166666667 0.7822265625 0.033854166666666664 0.023828125
0 0.81328125 0.831640625 0.027604166666666666 0.05859375
0 0.8494791666666667 0.826171875 0.03854166666666667 0.06953125
0 0.840625 0.7763671875 0.040625 0.029296875
0 0.8885416666666667 0.821875 0.035416666666666666 0.06640625
0 0.9268229166666667 0.81875 0.03697916666666667 0.06953125
0 0.91328125 0.757421875 0.0359375 0.0203125
0 0.9638020833333333 0.8298828125 0.0265625 0.057421875
0 0.19583333333333333 0.58046875 0.036458333333333336 0.07734375
0 0.23880208333333333 0.5806640625 0.03802083333333333 0.079296875
0 0.28203125 0.577734375 0.043229166666666666 0.08515625
0 0.7796875 0.8318359375 0.035416666666666666 0.058203125
0 0.34713541666666664 0.576953125 0.08177083333333333 0.08203125
0 0.5145833333333333 0.5748046875 0.078125 0.084765625
0 0.59375 0.5728515625 0.07708333333333334 0.087890625
0 0.6776041666666667 0.57265625 0.08229166666666667 0.08828125
0 0.7606770833333333 0.5728515625 0.07864583333333333 0.083203125
0 0.8450520833333334 0.5822265625 0.07864583333333333 0.077734375
0 0.5377604166666666 0.8162109375 0.0828125 0.089453125
0 0.45546875 0.8171875 0.07760416666666667 0.08828125
0 0.39479166666666665 0.8189453125 0.0375 0.089453125
0 0.35208333333333336 0.8171875 0.042708333333333334 0.08515625
0 0.30416666666666664 0.8201171875 0.04479166666666667 0.080078125
0 0.26328125 0.8244140625 0.03177083333333333 0.075390625
0 0.4309895833333333 0.5751953125 0.08385416666666666 0.085546875
0 0.7403645833333333 0.823046875 0.03802083333333333 0.0734375
0 0.6955729166666667 0.82109375 0.043229166666666666 0.06953125
0 0.13515625 0.5787109375 0.07864583333333333 0.080859375
0 0.39609375 0.462890625 0.07864583333333333 0.0921875
0 0.3125 0.4638671875 0.084375 0.090234375
0 0.22552083333333334 0.4646484375 0.08333333333333333 0.088671875
0 0.13880208333333333 0.4642578125 0.0859375 0.088671875
0 0.07213541666666666 0.4630859375 0.043229166666666666 0.087109375
0 0.02421875 0.464453125 0.0453125 0.08671875
0 0.9856770833333334 0.3580078125 0.027604166666666666 0.047265625
0 0.9341145833333333 0.361328125 0.0640625 0.04140625
0 0.8559895833333333 0.36484375 0.07447916666666667 0.0484375
0 0.7559895833333333 0.362890625 0.024479166666666666 0.04921875
0 0.79609375 0.3408203125 0.022395833333333334 0.189453125
0 0.70703125 0.362890625 0.06614583333333333 0.04609375
0 0.6328125 0.36328125 0.07395833333333333 0.04296875
0 0.55625 0.3638671875 0.07395833333333333 0.041796875
0 0.4830729166666667 0.3630859375 0.0703125 0.044921875
0 0.40729166666666666 0.3646484375 0.075 0.044921875
0 0.33307291666666666 0.3650390625 0.0703125 0.044140625
0 0.26015625 0.3650390625 0.07135416666666666 0.041796875
0 0.18723958333333332 0.365234375 0.06822916666666666 0.0421875
0 0.11432291666666666 0.36640625 0.07552083333333333 0.04375
0 0.03723958333333333 0.3646484375 0.07447916666666667 0.043359375
0 0.14244791666666667 0.0962890625 0.0765625 0.046484375
0 0.9807291666666667 0.455859375 0.0375 0.08359375
0 0.03723958333333333 0.5796875 0.0390625 0.0796875
0 0.075 0.578515625 0.036458333333333336 0.08125
0 0.22552083333333334 0.8212890625 0.040625 0.080078125
0 0.16380208333333332 0.821484375 0.0734375 0.08125
0 0.10208333333333333 0.821875 0.04479166666666667 0.08125
0 0.06380208333333333 0.82109375 0.0296875 0.08203125
0 0.5997395833333333 0.261328125 0.0765625 0.04375
0 0.5234375 0.2615234375 0.07291666666666667 0.044140625
0 0.44479166666666664 0.259765625 0.07916666666666666 0.04453125
0 0.3671875 0.2615234375 0.07291666666666667 0.041796875
0 0.2903645833333333 0.2626953125 0.0765625 0.043359375
0 0.21458333333333332 0.2609375 0.07083333333333333 0.0453125
0 0.14010416666666667 0.2615234375 0.075 0.045703125
0 0.06380208333333333 0.2626953125 0.07552083333333333 0.041796875
0 0.14088541666666668 0.217578125 0.0734375 0.04375
0 0.0625 0.216015625 0.07604166666666666 0.04609375
0 0.9598958333333333 0.1275390625 0.06666666666666667 0.069921875
0 0.8963541666666667 0.127734375 0.057291666666666664 0.06953125
0 0.8361979166666667 0.130078125 0.0578125 0.071875
0 0.7723958333333333 0.130078125 0.06666666666666667 0.071875
0 0.22161458333333334 0.143359375 0.07760416666666667 0.0453125
0 0.30130208333333336 0.143359375 0.07552083333333333 0.05
0 0.6145833333333334 0.092578125 0.08333333333333333 0.04375
0 0.6997395833333333 0.0919921875 0.07552083333333333 0.043359375
0 0.6966145833333334 0.1421875 0.08385416666666666 0.05
0 0.6153645833333333 0.14296875 0.07760416666666667 0.04921875
0 0.5348958333333333 0.1419921875 0.07708333333333334 0.049609375
0 0.45651041666666664 0.1423828125 0.0765625 0.049609375
0 0.378125 0.1439453125 0.07604166666666666 0.048828125
0 0.3828125 0.0931640625 0.078125 0.047265625
0 0.22083333333333333 0.0943359375 0.07708333333333334 0.044921875
0 0.6760416666666667 0.26015625 0.07291666666666667 0.04375
0 0.47942708333333334 0.46328125 0.0828125 0.09140625
0 0.8703125 0.2470703125 0.057291666666666664 0.066796875
0 0.98203125 0.245703125 0.03697916666666667 0.06171875
0 0.022395833333333334 0.8212890625 0.04479166666666667 0.082421875
0 0.9721354166666667 0.689453125 0.0328125 0.0703125
0 0.9393229166666667 0.6556640625 0.0296875 0.022265625
0 0.9375 0.6982421875 0.026041666666666668 0.058203125
0 0.90546875 0.704296875 0.0328125 0.04609375
0 0.85859375 0.70234375 0.050520833333333334 0.04375
0 0.8059895833333334 0.7001953125 0.049479166666666664 0.047265625
0 0.75234375 0.7009765625 0.05572916666666667 0.048828125
0 0.684375 0.684375 0.07291666666666667 0.08203125
0 0.6028645833333334 0.683984375 0.0859375 0.08125
0 0.5190104166666667 0.6849609375 0.07760416666666667 0.080859375
0 0.43671875 0.68515625 0.07864583333333333 0.078125
0 0.37604166666666666 0.6869140625 0.035416666666666666 0.081640625
0 0.32838541666666665 0.684765625 0.0515625 0.08515625
0 0.28541666666666665 0.6861328125 0.03333333333333333 0.087890625
0 0.24947916666666667 0.6916015625 0.03333333333333333 0.076953125
0 0.2109375 0.6904296875 0.034375 0.081640625
0 0.17161458333333332 0.6908203125 0.04010416666666667 0.080078125
0 0.1359375 0.68984375 0.03125 0.078125
0 0.09817708333333333 0.68828125 0.04010416666666667 0.08203125
0 0.05807291666666667 0.6884765625 0.03802083333333333 0.083203125
0 0.018229166666666668 0.6908203125 0.036458333333333336 0.077734375
0 0.98671875 0.580078125 0.0265625 0.07578125
0 0.95 0.5822265625 0.040625 0.077734375
0 0.9072916666666667 0.5828125 0.03958333333333333 0.07734375
0 0.9309895833333334 0.24765625 0.0578125 0.06640625
0 0.5651041666666666 0.4615234375 0.08229166666666667 0.094921875
0 0.0625 0.0966796875 0.07604166666666666 0.046484375
0 0.609375 0.8158203125 0.05 0.076171875
0 0.9401041666666666 0.456640625 0.04375 0.08515625
0 0.89921875 0.4615234375 0.033854166666666664 0.077734375
0 0.8330729166666667 0.480859375 0.09322916666666667 0.0828125
0 0.7325520833333333 0.4580078125 0.07760416666666667 0.085546875
0 0.65 0.4615234375 0.08229166666666667 0.092578125
