0 0.9609375 0.335546875 0.08020833333333334 0.08359375
0 0.88046875 0.3359375 0.07447916666666667 0.084375
0 0.8096354166666667 0.3392578125 0.06614583333333333 0.079296875
0 0.38697916666666665 0.358203125 0.041666666666666664 0.0359375
0 0.428125 0.3564453125 0.040625 0.037109375
0 0.46822916666666664 0.359375 0.03854166666666667 0.03984375
0 0.5921875 0.3568359375 0.03854166666666667 0.041015625
0 0.54765625 0.357421875 0.0421875 0.040625
0 0.6252604166666667 0.3564453125 0.021354166666666667 0.042578125
0 0.6255208333333333 0.3986328125 0.023958333333333335 0.041015625
0 0.59140625 0.3986328125 0.03697916666666667 0.041796875
0 0.012760416666666666 0.456640625 0.0171875 0.05078125
0 0.5471354166666667 0.398046875 0.0421875 0.0390625
0 0.5083333333333333 0.3560546875 0.035416666666666666 0.039453125
0 0.031510416666666666 0.4599609375 0.018229166666666668 0.046484375
0 0.38828125 0.471484375 0.018229166666666668 0.059375
0 0.19166666666666668 0.472265625 0.028125 0.04296875
0 0.8559895833333333 0.587890625 0.06510416666666667 0.07109375
0 0.5950520833333334 0.5095703125 0.04010416666666667 0.037109375
0 0.5497395833333333 0.505859375 0.0390625 0.0390625
0 0.47161458333333334 0.5025390625 0.0390625 0.037890625
0 0.5091145833333334 0.5037109375 0.03802083333333333 0.034765625
0 0.5143229166666666 0.4646484375 0.05364583333333333 0.037109375
0 0.1515625 0.4640625 0.030208333333333334 0.0625
0 0.465625 0.4638671875 0.030208333333333334 0.037890625
0 0.4078125 0.4734375 0.020833333333333332 0.059375
0 0.2760416666666667 0.48828125 0.058333333333333334 0.03515625
0 0.34010416666666665 0.491015625 0.05 0.03125
0 0.33984375 0.45625 0.0640625 0.03515625
0 0.27578125 0.4525390625 0.0578125 0.033203125
0 0.22786458333333334 0.47109375 0.03177083333333333 0.04609375
0 0.4296875 0.47109375 0.019791666666666666 0.05859375
0 0.5981770833333333 0.4705078125 0.043229166666666666 0.037890625
0 0.4036458333333333 0.5654296875 0.028125 0.069921875
0 0.7057291666666666 0.4724609375 0.065625 0.042578125
0 0.5364583333333334 0.703515625 0.025 0.10703125
0 0.56484375 0.710546875 0.024479166666666666 0.1015625
0 0.590625 0.714453125 0.022916666666666665 0.1078125
0 0.61875 0.72265625 0.026041666666666668 0.10234375
0 0.6505208333333333 0.7275390625 0.025 0.116015625
0 0.6791666666666667 0.733984375 0.025 0.10390625
0 0.71015625 0.7388671875 0.03802083333333333 0.113671875
0 0.7783854166666667 0.7453125 0.04010416666666667 0.05
0 0.81875 0.748828125 0.03125 0.0515625
0 0.8614583333333333 0.7623046875 0.042708333333333334 0.047265625
0 0.9028645833333333 0.766796875 0.03177083333333333 0.053125
0 0.94765625 0.775390625 0.044270833333333336 0.0484375
0 0.9848958333333333 0.7890625 0.029166666666666667 0.04609375
0 0.79375 0.8150390625 0.0625 0.045703125
0 0.7979166666666667 0.8490234375 0.05520833333333333 0.019140625
0 0.8708333333333333 0.8330078125 0.019791666666666666 0.026953125
0 0.8940104166666667 0.8470703125 0.022395833333333334 0.030859375
0 0.9231770833333334 0.8673828125 0.027604166666666666 0.031640625
0 0.96640625 0.8724609375 0.0328125 0.038671875
0 0.009895833333333333 0.6892578125 0.015625 0.081640625
0 0.028125 0.6951171875 0.015625 0.081640625
0 0.04244791666666667 0.696875 0.011979166666666667 0.08203125
0 0.055989583333333336 0.7015625 0.0140625 0.08515625
0 0.4674479166666667 0.691015625 0.0296875 0.0890625
0 0.0703125 0.706640625 0.014583333333333334 0.0796875
0 0.43776041666666665 0.6830078125 0.0234375 0.099609375
0 0.39739583333333334 0.67578125 0.015625 0.09453125
0 0.9377604166666667 0.6064453125 0.07760416666666667 0.056640625
0 0.79609375 0.67265625 0.06302083333333333 0.0484375
0 0.86875 0.683203125 0.06979166666666667 0.0484375
0 0.9505208333333334 0.698046875 0.06979166666666667 0.05390625
0 0.005989583333333334 0.5990234375 0.011979166666666667 0.073046875
0 0.01953125 0.601953125 0.015104166666666667 0.07734375
0 0.033854166666666664 0.6041015625 0.014583333333333334 0.080078125
0 0.053385416666666664 0.606640625 0.025520833333333333 0.08203125
0 0.09973958333333334 0.614453125 0.016145833333333335 0.08203125
0 0.11744791666666667 0.6193359375 0.015104166666666667 0.085546875
0 0.13515625 0.6236328125 0.0171875 0.087890625
0 0.15260416666666668 0.626171875 0.014583333333333334 0.0875
0 0.17057291666666666 0.6294921875 0.015104166666666667 0.087890625
0 0.1875 0.6328125 0.016666666666666666 0.09140625
0 0.20703125 0.6369140625 0.022395833333333334 0.090234375
0 0.23020833333333332 0.63984375 0.019791666666666666 0.08984375
0 0.25 0.6435546875 0.014583333333333334 0.091015625
0 0.26666666666666666 0.6517578125 0.015625 0.080078125
0 0.28541666666666665 0.655078125 0.016666666666666666 0.08671875
0 0.3046875 0.6578125 0.017708333333333333 0.0859375
0 0.3268229166666667 0.6630859375 0.021354166666666667 0.084765625
0 0.35052083333333334 0.6556640625 0.019791666666666666 0.081640625
0 0.37473958333333335 0.6708984375 0.021354166666666667 0.091015625
0 0.41770833333333335 0.6791015625 0.015625 0.091015625
0 0.6440104166666667 0.4716796875 0.044270833333333336 0.044140625
0 0.08489583333333334 0.7109375 0.014583333333333334 0.0796875
0 0.11614583333333334 0.7150390625 0.016666666666666666 0.084765625
0 0.58125 0.5873046875 0.025 0.073828125
0 0.5221354166666666 0.5818359375 0.0734375 0.056640625
0 0.46848958333333335 0.5734375 0.03177083333333333 0.0671875
0 0.434375 0.5728515625 0.03333333333333333 0.062109375
0 0.5059895833333333 0.396484375 0.03697916666666667 0.040625
0 0.37395833333333334 0.5640625 0.026041666666666668 0.05859375
0 0.3419270833333333 0.56328125 0.027604166666666666 0.05
0 0.29140625 0.5533203125 0.0359375 0.055078125
0 0.25833333333333336 0.5517578125 0.027083333333333334 0.057421875
0 0.23307291666666666 0.545703125 0.021354166666666667 0.05234375
0 0.20442708333333334 0.5466796875 0.025520833333333333 0.050390625
0 0.17552083333333332 0.54453125 0.025 0.0515625
0 0.15260416666666668 0.540234375 0.019791666666666666 0.05
0 0.13020833333333334 0.53984375 0.019791666666666666 0.04296875
0 0.11145833333333334 0.53359375 0.014583333333333334 0.04609375
0 0.09088541666666666 0.5328125 0.018229166666666668 0.04453125
0 0.07135416666666666 0.5306640625 0.016666666666666666 0.045703125
0 0.044270833333333336 0.528125 0.03125 0.05
0 0.95234375 0.4625 0.0703125 0.10546875
0 0.8752604166666667 0.46015625 0.07447916666666667 0.09765625
0 0.8 0.456640625 0.06666666666666667 0.096875
0 0.6450520833333333 0.515234375 0.0515625 0.04296875
0 0.7 0.5169921875 0.05520833333333333 0.040234375
0 0.6182291666666667 0.592578125 0.0375 0.075
0 0.10078125 0.7126953125 0.0140625 0.083203125
0 0.7276041666666667 0.6087890625 0.040625 0.076953125
0 0.8622395833333333 0.940625 0.0359375 0.0859375
0 0.13333333333333333 0.7193359375 0.013541666666666667 0.087109375
0 0.14921875 0.73203125 0.013020833333333334 0.07265625
0 0.16276041666666666 0.733984375 0.0109375 0.075
0 0.17526041666666667 0.739453125 0.011979166666666667 0.075
0 0.19088541666666667 0.7435546875 0.019270833333333334 0.076953125
0 0.21744791666666666 0.7525390625 0.019270833333333334 0.080078125
0 0.24192708333333332 0.7548828125 0.0234375 0.084765625
0 0.2674479166666667 0.7591796875 0.025520833333333333 0.083984375
0 0.29375 0.768359375 0.020833333333333332 0.084375
0 0.3171875 0.77578125 0.027083333333333334 0.09296875
0 0.34296875 0.77890625 0.025520833333333333 0.08671875
0 0.3690104166666667 0.7859375 0.024479166666666666 0.09140625
0 0.3924479166666667 0.7966796875 0.022395833333333334 0.088671875
0 0.42109375 0.802734375 0.030729166666666665 0.09453125
0 0.45390625 0.8123046875 0.030729166666666665 0.095703125
0 0.4856770833333333 0.8228515625 0.0296875 0.098046875
0 0.521875 0.8345703125 0.036458333333333336 0.100390625
0 0.5653645833333333 0.8466796875 0.04635416666666667 0.108984375
0 0.6109375 0.8595703125 0.04375 0.110546875
0 0.6630208333333333 0.87734375 0.05416666666666667 0.115625
0 0.7216145833333333 0.8904296875 0.05677083333333333 0.114453125
0 0.7877604166666666 0.9412109375 0.0296875 0.047265625
0 0.825 0.9306640625 0.03125 0.084765625
0 0.8963541666666667 0.9357421875 0.027083333333333334 0.064453125
0 0.46770833333333334 0.3974609375 0.030208333333333334 0.037109375
0 0.78515625 0.5873046875 0.06197916666666667 0.051953125
0 0.2125 0.2921875 0.03333333333333333 0.04609375
0 0.35234375 0.187109375 0.05677083333333333 0.05625
0 0.2796875 0.19609375 0.065625 0.06640625
0 0.22708333333333333 0.203515625 0.03854166666666667 0.05234375
0 0.14973958333333334 0.311328125 0.08697916666666666 0.225
0 0.053125 0.225 0.04895833333333333 0.0609375
0 0.013541666666666667 0.233203125 0.027083333333333334 0.04765625
0 0.6393229166666666 0.03671875 0.05572916666666667 0.0671875
0 0.5942708333333333 0.043359375 0.030208333333333334 0.078125
0 0.5609375 0.045703125 0.0375 0.07578125
0 0.26223958333333336 0.28359375 0.04739583333333333 0.059375
0 0.38515625 0.064453125 0.06927083333333334 0.1046875
0 0.33567708333333335 0.090625 0.0234375 0.07265625
0 0.41744791666666664 0.1765625 0.05572916666666667 0.071875
0 0.31302083333333336 0.09296875 0.022916666666666665 0.06953125
0 0.25703125 0.1013671875 0.0203125 0.077734375
0 0.22916666666666666 0.1078125 0.026041666666666668 0.078125
0 0.20598958333333334 0.1119140625 0.0203125 0.076953125
0 0.184375 0.12578125 0.017708333333333333 0.05
0 0.1296875 0.1333984375 0.014583333333333334 0.062109375
0 0.1546875 0.1296875 0.03229166666666667 0.06484375
0 0.11145833333333334 0.1388671875 0.01875 0.067578125
0 0.09401041666666667 0.1435546875 0.013020833333333334 0.060546875
0 0.07526041666666666 0.14453125 0.0203125 0.065625
0 0.05546875 0.1509765625 0.013020833333333334 0.054296875
0 0.03958333333333333 0.1537109375 0.013541666666666667 0.056640625
0 0.019791666666666666 0.1568359375 0.022916666666666665 0.050390625
0 0.28411458333333334 0.0986328125 0.033854166666666664 0.083984375
0 0.47265625 0.169921875 0.05260416666666667 0.06484375
0 0.725 0.033984375 0.1 0.06328125
0 0.3924479166666667 0.39453125 0.034895833333333334 0.03671875
0 0.55078125 0.26640625 0.05364583333333333 0.06484375
0 0.4322916666666667 0.39609375 0.036458333333333336 0.03671875
0 0.6088541666666667 0.1541015625 0.04375 0.066796875
0 0.7302083333333333 0.140625 0.04583333333333333 0.0703125
0 0.8028645833333333 0.1501953125 0.06822916666666666 0.069921875
0 0.92734375 0.137109375 0.05260416666666667 0.06328125
0 0.61484375 0.2583984375 0.034895833333333334 0.067578125
0 0.97890625 0.1349609375 0.04114583333333333 0.063671875
0 0.034375 0.3037109375 0.028125 0.053515625
0 0.06744791666666666 0.30078125 0.03697916666666667 0.05078125
0 0.47890625 0.2701171875 0.0609375 0.068359375
0 0.4234375 0.2787109375 0.03958333333333333 0.049609375
0 0.36666666666666664 0.278125 0.052083333333333336 0.06484375
0 0.31484375 0.2802734375 0.0421875 0.058984375
0 0.009635416666666667 0.30703125 0.019270833333333334 0.0453125
0 0.7388020833333333 0.2501953125 0.0390625 0.078515625
0 0.54453125 0.1611328125 0.06927083333333334 0.075390625
0 0.21848958333333332 0.3935546875 0.0296875 0.028515625
0 0.28411458333333334 0.39375 0.0296875 0.03203125
0 0.24921875 0.3943359375 0.033854166666666664 0.027734375
0 0.2875 0.3591796875 0.04479166666666667 0.033203125
0 0.24869791666666666 0.3615234375 0.028645833333333332 0.035546875
0 0.21770833333333334 0.3623046875 0.028125 0.033203125
0 0.31536458333333334 0.394140625 0.03177083333333333 0.03125
0 0.93203125 0.23515625 0.0578125 0.06796875
0 0.3533854166666667 0.394921875 0.03802083333333333 0.034375
0 0.7994791666666666 0.2458984375 0.04583333333333333 0.054296875
0 0.8572916666666667 0.240625 0.05520833333333333 0.059375
