0 0.10784313725490197 0.6943933823529411 0.0727124183006536 0.0934436274509804
0 0.1868872549019608 0.6850490196078431 0.07965686274509803 0.1170343137254902
0 0.2618464052287582 0.6853553921568627 0.06944444444444445 0.11090686274509803
0 0.33374183006535946 0.6870404411764706 0.07434640522875817 0.11121323529411764
0 0.9029820261437909 0.5491727941176471 0.039624183006535946 0.11427696078431372
0 0.9483251633986928 0.5493259803921569 0.0494281045751634 0.1090686274509804
0 0.40727124183006536 0.686734068627451 0.07434640522875817 0.11366421568627451
0 0.8092320261437909 0.5519301470588235 0.042483660130718956 0.11366421568627451
0 0.7571486928104575 0.5511642156862745 0.05514705882352941 0.1090686274509804
0 0.032066993464052285 0.678921568627451 0.061683006535947715 0.08823529411764706
0 0.47875816993464054 0.6850490196078431 0.06862745098039216 0.10416666666666667
0 0.02369281045751634 0.8298100490196079 0.03022875816993464 0.04932598039215686
0 0.6178513071895425 0.6862745098039216 0.06658496732026144 0.10661764705882353
0 0.6854575163398693 0.6818321078431373 0.0718954248366013 0.10079656862745098
0 0.7671568627450981 0.686734068627451 0.07516339869281045 0.11060049019607843
0 0.8435457516339869 0.6861213235294118 0.0727124183006536 0.11243872549019608
0 0.914828431372549 0.6856617647058824 0.06331699346405228 0.11151960784313726
0 0.9740604575163399 0.6827512254901961 0.0559640522875817 0.10263480392156862
0 0.023488562091503268 0.8799019607843137 0.03390522875816993 0.052083333333333336
0 0.051470588235294115 0.7892156862745098 0.042483660130718956 0.03002450980392157
0 0.14460784313725492 0.8733149509803921 0.029411764705882353 0.05177696078431373
0 0.10620915032679738 0.8606004901960784 0.04330065359477124 0.06556372549019608
0 0.16462418300653595 0.8181678921568627 0.03022875816993464 0.0585171568627451
0 0.5467728758169934 0.6775428921568627 0.06740196078431372 0.09528186274509803
0 0.21854575163398693 0.8219975490196079 0.026143790849673203 0.056372549019607844
0 0.9197303921568627 0.0661764705882353 0.04616013071895425 0.0974264705882353
0 0.24979575163398693 0.8624387254901961 0.037173202614379085 0.07536764705882353
0 0.8856209150326797 0.8610600490196079 0.08333333333333333 0.0628063725490196
0 0.8645833333333334 0.7973345588235294 0.05841503267973856 0.05545343137254902
0 0.2056781045751634 0.033394607843137254 0.09109477124183006 0.0661764705882353
0 0.30330882352941174 0.05223651960784314 0.08129084967320262 0.10324754901960784
0 0.3858251633986928 0.05361519607843137 0.07883986928104575 0.1053921568627451
0 0.4667075163398693 0.05330882352941176 0.07883986928104575 0.1053921568627451
0 0.5451388888888888 0.05897671568627451 0.07883986928104575 0.10508578431372549
0 0.622140522875817 0.05652573529411765 0.058823529411764705 0.11121323529411764
0 0.6875 0.05514705882352941 0.06209150326797386 0.11029411764705882
0 0.7387663398692811 0.07858455882352941 0.0363562091503268 0.0664828431372549
0 0.7753267973856209 0.0819546568627451 0.03104575163398693 0.05974264705882353
0 0.7647058823529411 0.8219975490196079 0.0661764705882353 0.07904411764705882
0 0.8496732026143791 0.08731617647058823 0.08905228758169935 0.052083333333333336
0 0.6241830065359477 0.8417585784313726 0.049019607843137254 0.10079656862745098
0 0.6907679738562091 0.8169424019607843 0.0784313725490196 0.1014093137254902
0 0.5071486928104575 0.8769914215686274 0.11642156862745098 0.03155637254901961
0 0.3997140522875817 0.8743872549019608 0.08047385620915033 0.03431372549019608
0 0.5277777777777778 0.842984068627451 0.1380718954248366 0.036458333333333336
0 0.5196078431372549 0.7935049019607843 0.14705882352941177 0.034926470588235295
0 0.3999183006535948 0.7899816176470589 0.0857843137254902 0.04442401960784314
0 0.3888888888888889 0.8336397058823529 0.10212418300653595 0.04044117647058824
0 0.19158496732026145 0.8751531862745098 0.02369281045751634 0.05238970588235294
0 0.6913807189542484 0.5557598039215687 0.06658496732026144 0.09865196078431372
0 0.29697712418300654 0.8515625 0.05310457516339869 0.09283088235294118
0 0.6198937908496732 0.5536151960784313 0.07066993464052287 0.0974264705882353
0 0.8572303921568627 0.5487132352941176 0.04779411764705882 0.1170343137254902
0 0.4554738562091503 0.5490196078431373 0.07107843137254902 0.11090686274509803
0 0.13419117647058823 0.4143688725490196 0.0559640522875817 0.06893382352941177
0 0.9738562091503268 0.05974264705882353 0.05555555555555555 0.11274509803921569
0 0.07495915032679738 0.41130514705882354 0.05024509803921569 0.0628063725490196
0 0.02185457516339869 0.4174325980392157 0.0428921568627451 0.05912990196078431
0 0.8051470588235294 0.18673406862745098 0.07352941176470588 0.035845588235294115
0 0.9585375816993464 0.2708333333333333 0.07720588235294118 0.044730392156862746
0 0.9178921568627451 0.22962622549019607 0.07352941176470588 0.04013480392156863
0 0.8186274509803921 0.22947303921568626 0.07434640522875817 0.04350490196078431
0 0.8190359477124183 0.2737438725490196 0.07761437908496732 0.040747549019607844
0 0.7350898692810458 0.27328431372549017 0.08946078431372549 0.04350490196078431
0 0.7346813725490197 0.22886029411764705 0.08374183006535947 0.04534313725490196
0 0.6329656862745098 0.26424632352941174 0.05024509803921569 0.0352328431372549
0 0.5606617647058824 0.23988970588235295 0.060866013071895424 0.022058823529411766
0 0.5647467320261438 0.2587316176470588 0.06495098039215687 0.014399509803921568
0 0.5704656862745098 0.27910539215686275 0.08047385620915033 0.02267156862745098
0 0.4540441176470588 0.2259497549019608 0.1417483660130719 0.01991421568627451
0 0.4562908496732026 0.26363357843137253 0.14215686274509803 0.05667892156862745
0 0.5251225490196079 0.5477941176470589 0.06331699346405228 0.11151960784313726
0 0.34334150326797386 0.20481004901960784 0.06740196078431372 0.07199754901960784
0 0.2653186274509804 0.20159313725490197 0.08455882352941177 0.08823529411764706
0 0.19362745098039216 0.24708946078431374 0.05800653594771242 0.07873774509803921
0 0.04820261437908497 0.23054534313725492 0.09395424836601307 0.10386029411764706
0 0.13112745098039216 0.25582107843137253 0.06781045751633986 0.06372549019607843
0 0.18872549019607843 0.4128370098039216 0.04820261437908497 0.05974264705882353
0 0.2448937908496732 0.40058210784313725 0.05269607843137255 0.0934436274509804
0 0.5584150326797386 0.2182904411764706 0.056372549019607844 0.017463235294117647
0 0.3570261437908497 0.4022671568627451 0.056372549019607844 0.09681372549019608
0 0.21466503267973855 0.5609681372549019 0.039624183006535946 0.07659313725490197
0 0.16544117647058823 0.5603553921568627 0.04493464052287582 0.08517156862745098
0 0.25980392156862747 0.5458026960784313 0.04738562091503268 0.11121323529411764
0 0.30126633986928103 0.40456495098039214 0.053513071895424834 0.0940563725490196
0 0.3190359477124183 0.5487132352941176 0.06699346405228758 0.11029411764705882
0 0.38705065359477125 0.5481004901960784 0.06413398692810457 0.1090686274509804
0 0.12091503267973856 0.5553002450980392 0.042483660130718956 0.09099264705882353
0 0.036968954248366014 0.5363051470588235 0.02165032679738562 0.09221813725490197
0 0.014705882352941176 0.546109068627451 0.02287581699346405 0.09895833333333333
0 0.9834558823529411 0.42861519607843135 0.0363562091503268 0.06495098039215687
0 0.9303513071895425 0.42371323529411764 0.06004901960784314 0.06495098039215687
0 0.07352941176470588 0.5482536764705882 0.04738562091503268 0.10324754901960784
0 0.8159722222222222 0.43075980392156865 0.06495098039215687 0.05330882352941176
0 0.7375408496732027 0.4330575980392157 0.07720588235294118 0.05116421568627451
0 0.7381535947712419 0.38128063725490197 0.08251633986928104 0.048100490196078434
0 0.6497140522875817 0.43014705882352944 0.07883986928104575 0.04534313725490196
0 0.41217320261437906 0.40425857843137253 0.04820261437908497 0.10079656862745098
0 0.6454248366013072 0.3802083333333333 0.07434640522875817 0.04595588235294118
0 0.5573937908496732 0.4247855392156863 0.07475490196078431 0.046875
0 0.47875816993464054 0.3723958333333333 0.07434640522875817 0.046875
0 0.48018790849673204 0.42922794117647056 0.07475490196078431 0.04656862745098039
0 0.8717320261437909 0.4149816176470588 0.042483660130718956 0.057291666666666664
0 0.5594362745098039 0.3737745098039216 0.07475490196078431 0.04656862745098039
