0 0.7342728758169934 0.6691176470588235 0.06658496732026144 0.07230392156862746
0 0.6605392156862745 0.6793811274509803 0.056372549019607844 0.05116421568627451
0 0.6006944444444444 0.6829044117647058 0.0494281045751634 0.05024509803921569
0 0.4152369281045752 0.9375 0.027369281045751634 0.1170343137254902
0 0.45383986928104575 0.9325980392156863 0.04084967320261438 0.1213235294117647
0 0.4934640522875817 0.9307598039215687 0.032679738562091505 0.125
0 0.1729983660130719 0.23314950980392157 0.06413398692810457 0.10416666666666667
0 0.6002859477124183 0.9313725490196079 0.030637254901960783 0.1133578431372549
0 0.6382761437908496 0.9312193627450981 0.03308823529411765 0.1056985294117647
0 0.670751633986928 0.9203431372549019 0.027777777777777776 0.11151960784313726
0 0.7091503267973857 0.9309129901960784 0.03758169934640523 0.11550245098039216
0 0.7450980392156863 0.9322916666666666 0.028594771241830064 0.11151960784313726
0 0.7777777777777778 0.9292279411764706 0.03349673202614379 0.11458333333333333
0 0.8106617647058824 0.9185049019607843 0.025735294117647058 0.11458333333333333
0 0.9180964052287581 0.9209558823529411 0.15236928104575165 0.11948529411764706
0 0.5355392156862745 0.6735600490196079 0.06372549019607843 0.06832107843137254
0 0.47120098039215685 0.6793811274509803 0.054330065359477125 0.0628063725490196
0 0.41299019607843135 0.6738664215686274 0.05473856209150327 0.07138480392156862
0 0.3519199346405229 0.6749387254901961 0.0559640522875817 0.07169117647058823
0 0.803921568627451 0.6729473039215687 0.061274509803921566 0.07506127450980392
0 0.5637254901960784 0.9287683823529411 0.035130718954248366 0.11672794117647059
0 0.127859477124183 0.796875 0.04084967320261438 0.07475490196078431
0 0.042075163398692814 0.7657781862745098 0.08415032679738563 0.11795343137254902
0 0.23202614379084968 0.2421875 0.04493464052287582 0.08547794117647059
0 0.278390522875817 0.24739583333333334 0.042075163398692814 0.07567401960784313
0 0.9266748366013072 0.09880514705882353 0.03553921568627451 0.09221813725490197
0 0.2928921568627451 0.6795343137254902 0.061274509803921566 0.061887254901960786
0 0.6597222222222222 0.08011642156862746 0.07924836601307189 0.13020833333333334
0 0.5796568627450981 0.0782781862745098 0.07434640522875817 0.1326593137254902
0 0.511437908496732 0.0778186274509804 0.05800653594771242 0.1323529411764706
0 0.4511846405228758 0.07674632352941177 0.056781045751633986 0.12959558823529413
0 0.3895016339869281 0.0741421568627451 0.06004901960784314 0.13174019607843138
0 0.8788807189542484 0.09941789215686274 0.0494281045751634 0.09466911764705882
0 0.8220996732026143 0.0779718137254902 0.0625 0.13756127450980393
0 0.7636846405228758 0.0819546568627451 0.044526143790849675 0.13204656862745098
0 0.32312091503267976 0.2495404411764706 0.04411764705882353 0.07077205882352941
0 0.7224264705882353 0.08256740196078431 0.03553921568627451 0.12837009803921567
0 0.36887254901960786 0.25045955882352944 0.04411764705882353 0.06954656862745098
0 0.4185049019607843 0.25306372549019607 0.04779411764705882 0.0704656862745098
0 0.22406045751633988 0.796109068627451 0.04616013071895425 0.0701593137254902
0 0.1744281045751634 0.8003982843137255 0.042483660130718956 0.06893382352941177
0 0.10273692810457516 0.23177083333333334 0.068218954248366 0.10447303921568628
0 0.8609068627450981 0.6737132352941176 0.04861111111111111 0.0741421568627451
0 0.2085375816993464 0.6738664215686274 0.0821078431372549 0.07628676470588236
0 0.20976307189542484 0.5755208333333334 0.024918300653594773 0.043198529411764705
0 0.8092320261437909 0.5768995098039216 0.015522875816993464 0.03799019607843137
0 0.7810457516339869 0.5667892156862745 0.029411764705882353 0.05821078431372549
0 0.8776552287581699 0.5854779411764706 0.01838235294117647 0.017769607843137254
0 0.8537581699346405 0.5818014705882353 0.016339869281045753 0.0196078431372549
0 0.7379493464052288 0.578890931372549 0.034722222222222224 0.036458333333333336
0 0.6975081699346405 0.577359068627451 0.03553921568627451 0.03707107843137255
0 0.6625816993464052 0.5775122549019608 0.028594771241830064 0.04963235294117647
0 0.6319444444444444 0.5778186274509803 0.027777777777777776 0.04840686274509804
0 0.32107843137254904 0.5753676470588235 0.025326797385620915 0.04595588235294118
0 0.6021241830065359 0.5796568627450981 0.024509803921568627 0.0428921568627451
0 0.3502859477124183 0.5750612745098039 0.027369281045751634 0.04595588235294118
0 0.3770424836601307 0.5749080882352942 0.024509803921568627 0.046875
0 0.4070669934640523 0.5735294117647058 0.024918300653594773 0.04779411764705882
0 0.43504901960784315 0.5747549019607843 0.027777777777777776 0.044730392156862746
0 0.3214869281045752 0.07352941176470588 0.0718954248366013 0.13112745098039216
0 0.5749591503267973 0.5772058823529411 0.026552287581699346 0.04718137254901961
0 0.5428921568627451 0.5758272058823529 0.028594771241830064 0.04503676470588235
0 0.5171568627450981 0.5749080882352942 0.02369281045751634 0.048100490196078434
0 0.49019607843137253 0.5767463235294118 0.026143790849673203 0.046262254901960786
0 0.4632352941176471 0.5782781862745098 0.024509803921568627 0.04136029411764706
0 0.2945261437908497 0.5744485294117647 0.022058823529411766 0.04718137254901961
0 0.2659313725490196 0.5742953431372549 0.024509803921568627 0.045649509803921566
0 0.2391748366013072 0.5747549019607843 0.027369281045751634 0.04534313725490196
0 0.18137254901960784 0.5770526960784313 0.024509803921568627 0.04442401960784314
0 0.12173202614379085 0.4684436274509804 0.049836601307189546 0.0784313725490196
0 0.17892156862745098 0.4699754901960784 0.051470588235294115 0.07720588235294118
0 0.23733660130718953 0.4699754901960784 0.05228758169934641 0.0784313725490196
0 0.31209150326797386 0.4710477941176471 0.0923202614379085 0.07751225490196079
0 0.3854166666666667 0.47411151960784315 0.04534313725490196 0.07628676470588236
0 0.4293300653594771 0.47349877450980393 0.041666666666666664 0.08057598039215687
0 0.47181372549019607 0.4724264705882353 0.03839869281045752 0.08088235294117647
0 0.5212418300653595 0.4727328431372549 0.05228758169934641 0.0821078431372549
0 0.5819035947712419 0.47150735294117646 0.054330065359477125 0.07904411764705882
0 0.13419117647058823 0.6734068627450981 0.060866013071895424 0.07598039215686274
0 0.6462418300653595 0.46982230392156865 0.06290849673202614 0.07996323529411764
0 0.7816584967320261 0.47487745098039214 0.04125816993464052 0.07536764705882353
0 0.8306781045751634 0.4762561274509804 0.044526143790849675 0.07261029411764706
0 0.8956290849673203 0.4768688725490196 0.054330065359477125 0.06587009803921569
0 0.9652777777777778 0.3929227941176471 0.07026143790849673 0.027879901960784315
0 0.9669117647058824 0.46675857843137253 0.06699346405228758 0.05912990196078431
0 0.06066176470588235 0.6035539215686274 0.068218954248366 0.13725490196078433
0 0.12806372549019607 0.5422794117647058 0.023284313725490197 0.0196078431372549
0 0.12438725490196079 0.5767463235294118 0.023284313725490197 0.04381127450980392
0 0.1517565359477124 0.578125 0.024918300653594773 0.04595588235294118
0 0.7175245098039216 0.4713541666666667 0.07148692810457516 0.08118872549019608
0 0.25040849673202614 0.0704656862745098 0.06045751633986928 0.13357843137254902
0 0.2741013071895425 0.7990196078431373 0.04411764705882353 0.07169117647058823
0 0.032066993464052285 0.0664828431372549 0.060866013071895424 0.12745098039215685
0 0.5535130718954249 0.25275735294117646 0.04330065359477124 0.07291666666666667
0 0.6002859477124183 0.2535232843137255 0.04534313725490196 0.0744485294117647
0 0.6452205882352942 0.2532169117647059 0.039624183006535946 0.07322303921568628
0 0.6917892156862745 0.25275735294117646 0.04534313725490196 0.07291666666666667
0 0.7367238562091504 0.25214460784313725 0.0428921568627451 0.07352941176470588
0 0.7839052287581699 0.2503063725490196 0.0392156862745098 0.0778186274509804
0 0.829248366013072 0.24770220588235295 0.03839869281045752 0.08302696078431372
0 0.6517565359477124 0.8051470588235294 0.03880718954248366 0.04595588235294118
0 0.5998774509803921 0.7947303921568627 0.04044117647058824 0.05392156862745098
0 0.5518790849673203 0.7919730392156863 0.04003267973856209 0.05943627450980392
0 0.1721813725490196 0.07138480392156862 0.08047385620915033 0.13725490196078433
0 0.49816176470588236 0.7964154411764706 0.0559640522875817 0.0664828431372549
0 0.4395424836601307 0.7944240196078431 0.051470588235294115 0.06985294117647059
0 0.3839869281045752 0.7996323529411765 0.049019607843137254 0.0704656862745098
0 0.8737745098039216 0.24708946078431374 0.042483660130718956 0.08486519607843138
0 0.9187091503267973 0.24770220588235295 0.04820261437908497 0.08302696078431372
0 0.12581699346405228 0.3633578431372549 0.05065359477124183 0.0821078431372549
0 0.18913398692810457 0.36642156862745096 0.05800653594771242 0.08333333333333333
0 0.26286764705882354 0.36519607843137253 0.07475490196078431 0.0857843137254902
0 0.33108660130718953 0.37331495098039214 0.0559640522875817 0.06954656862745098
0 0.38848039215686275 0.37254901960784315 0.051470588235294115 0.0741421568627451
0 0.44281045751633985 0.37331495098039214 0.04738562091503268 0.0701593137254902
0 0.49203431372549017 0.37362132352941174 0.046977124183006536 0.06893382352941177
0 0.5445261437908496 0.37316176470588236 0.05310457516339869 0.07291666666666667
0 0.5996732026143791 0.37316176470588236 0.05473856209150327 0.07291666666666667
0 0.6570669934640523 0.3713235294117647 0.0494281045751634 0.0661764705882353
0 0.7352941176470589 0.36136642156862747 0.0857843137254902 0.0940563725490196
0 0.8231209150326797 0.3599877450980392 0.0784313725490196 0.09926470588235294
0 0.8913398692810458 0.35860906862745096 0.0457516339869281 0.09895833333333333
0 0.5073529411764706 0.24892769607843138 0.042483660130718956 0.07506127450980392
0 0.032679738562091505 0.42892156862745096 0.06535947712418301 0.13419117647058823
0 0.46405228758169936 0.25107230392156865 0.03676470588235294 0.06832107843137254
0 0.8061683006535948 0.7927389705882353 0.04861111111111111 0.07935049019607843
0 0.7011846405228758 0.7993259803921569 0.0428921568627451 0.05759803921568627
0 0.32822712418300654 0.7977941176470589 0.054330065359477125 0.07107843137254902
0 0.3770424836601307 0.9375 0.0392156862745098 0.11274509803921569
0 0.3415032679738562 0.9401041666666666 0.027777777777777776 0.11427696078431372
0 0.09967320261437909 0.0701593137254902 0.058823529411764705 0.12928921568627452
0 0.2673611111111111 0.9379595588235294 0.030637254901960783 0.11060049019607843
0 0.18280228758169934 0.9375 0.04534313725490196 0.11825980392156862
0 0.9197303921568627 0.8036151960784313 0.0428921568627451 0.0508578431372549
0 0.8527369281045751 0.7981004901960784 0.03553921568627451 0.06801470588235294
0 0.30637254901960786 0.9396446078431373 0.035130718954248366 0.1170343137254902
