0 0.09817708333333333 0.5189453125 0.019270833333333334 0.030078125
0 0.09557291666666666 0.5501953125 0.0171875 0.029296875
0 0.13984375 0.5443359375 0.027604166666666666 0.066015625
0 0.16510416666666666 0.5486328125 0.023958333333333335 0.069140625
0 0.19427083333333334 0.5318359375 0.025 0.025390625
0 0.22239583333333332 0.5376953125 0.026041666666666668 0.019140625
0 0.19244791666666666 0.555859375 0.024479166666666666 0.01953125
0 0.23932291666666666 0.6357421875 0.022395833333333334 0.021484375
0 0.19375 0.5775390625 0.027083333333333334 0.019921875
0 0.221875 0.582421875 0.025 0.021875
0 0.25390625 0.5517578125 0.028645833333333332 0.037109375
0 0.28802083333333334 0.5576171875 0.03229166666666667 0.036328125
0 0.2526041666666667 0.588671875 0.03229166666666667 0.0296875
0 0.2869791666666667 0.594921875 0.030208333333333334 0.03203125
0 0.3216145833333333 0.557421875 0.027604166666666666 0.02578125
0 0.35703125 0.5630859375 0.033854166666666664 0.023828125
0 0.06484375 0.5248046875 0.034895833333333334 0.069921875
0 0.22265625 0.559765625 0.0265625 0.0203125
0 0.026822916666666665 0.51796875 0.03697916666666667 0.06875
0 0.97578125 0.58046875 0.04739583333333333 0.103125
0 0.13333333333333333 0.4818359375 0.025 0.027734375
0 0.19375 0.4595703125 0.030208333333333334 0.084765625
0 0.23020833333333332 0.46640625 0.041666666666666664 0.08203125
0 0.26796875 0.4697265625 0.028645833333333332 0.086328125
0 0.2955729166666667 0.4740234375 0.0265625 0.091015625
0 0.32369791666666664 0.4791015625 0.028645833333333332 0.087890625
0 0.35625 0.481640625 0.030208333333333334 0.09375
0 0.39010416666666664 0.4875 0.028125 0.1
0 0.42682291666666666 0.495703125 0.04114583333333333 0.0875
0 0.46901041666666665 0.5009765625 0.03697916666666667 0.096484375
0 0.55 0.509375 0.04895833333333333 0.103125
0 0.6296875 0.523046875 0.053125 0.11015625
0 0.6846354166666667 0.5345703125 0.05260416666666667 0.105859375
0 0.740625 0.539453125 0.051041666666666666 0.10703125
0 0.7947916666666667 0.5431640625 0.04583333333333333 0.122265625
0 0.8481770833333333 0.56640625 0.05364583333333333 0.1015625
0 0.9145833333333333 0.5748046875 0.07083333333333333 0.100390625
0 0.32109375 0.5822265625 0.0265625 0.016796875
0 0.3572916666666667 0.5890625 0.0375 0.025
0 0.35546875 0.61796875 0.033854166666666664 0.02421875
0 0.13098958333333333 0.45625 0.0234375 0.01953125
0 0.21041666666666667 0.628125 0.026041666666666668 0.02421875
0 0.21276041666666667 0.6521484375 0.024479166666666666 0.018359375
0 0.23880208333333333 0.6576171875 0.021354166666666667 0.019140625
0 0.21015625 0.6740234375 0.028645833333333332 0.021484375
0 0.23854166666666668 0.683203125 0.020833333333333332 0.021875
0 0.26979166666666665 0.6708984375 0.035416666666666666 0.070703125
0 0.30546875 0.6796875 0.0328125 0.0734375
0 0.18151041666666667 0.6427734375 0.0265625 0.068359375
0 0.3411458333333333 0.662109375 0.029166666666666667 0.028125
0 0.3359375 0.712890625 0.029166666666666667 0.02421875
0 0.3690104166666667 0.7234375 0.0296875 0.02421875
0 0.33932291666666664 0.68828125 0.027604166666666666 0.021875
0 0.37161458333333336 0.69765625 0.027604166666666666 0.021875
0 0.41041666666666665 0.7083984375 0.041666666666666664 0.082421875
0 0.4544270833333333 0.7212890625 0.03802083333333333 0.083203125
0 0.49765625 0.7044921875 0.0390625 0.033984375
0 0.37526041666666665 0.67265625 0.0296875 0.02421875
0 0.32109375 0.6056640625 0.0265625 0.019921875
0 0.15260416666666668 0.636328125 0.019791666666666666 0.06328125
0 0.12864583333333332 0.629296875 0.022916666666666665 0.01640625
0 0.39895833333333336 0.567578125 0.03229166666666667 0.028125
0 0.7283854166666667 0.6900390625 0.03802083333333333 0.010546875
0 0.7244791666666667 0.7048828125 0.040625 0.012109375
0 0.7729166666666667 0.6892578125 0.04895833333333333 0.057421875
0 0.8231770833333333 0.6818359375 0.0453125 0.104296875
0 0.8677083333333333 0.6875 0.042708333333333334 0.109375
0 0.93203125 0.7095703125 0.07447916666666667 0.105078125
0 0.12734375 0.6484375 0.0203125 0.0140625
0 0.01328125 0.57421875 0.0265625 0.03359375
0 0.041666666666666664 0.5833984375 0.025 0.031640625
0 0.07578125 0.5927734375 0.0359375 0.037890625
0 0.04401041666666667 0.61640625 0.0265625 0.02890625
0 0.07447916666666667 0.627734375 0.030208333333333334 0.028125
0 0.10494791666666667 0.6361328125 0.019270833333333334 0.032421875
0 0.10651041666666666 0.6046875 0.016145833333333335 0.028125
0 0.128125 0.6091796875 0.014583333333333334 0.019140625
0 0.01484375 0.607421875 0.0265625 0.02578125
0 0.13828125 0.434375 0.024479166666666666 0.02421875
0 0.10416666666666667 0.4779296875 0.028125 0.022265625
0 0.10104166666666667 0.453515625 0.025 0.02421875
0 0.5122395833333333 0.115625 0.0515625 0.13125
0 0.5674479166666667 0.1158203125 0.05677083333333333 0.125390625
0 0.6270833333333333 0.1150390625 0.053125 0.116796875
0 0.74609375 0.1099609375 0.13802083333333334 0.116796875
0 0.8479166666666667 0.0896484375 0.05625 0.134765625
0 0.04296875 0.264453125 0.027604166666666666 0.06953125
0 0.06640625 0.2642578125 0.0171875 0.074609375
0 0.46380208333333334 0.1267578125 0.043229166666666666 0.116015625
0 0.09166666666666666 0.2638671875 0.027083333333333334 0.078515625
0 0.14375 0.262890625 0.03229166666666667 0.08125
0 0.16770833333333332 0.2640625 0.0125 0.084375
0 0.19375 0.2638671875 0.03333333333333333 0.084765625
0 0.24479166666666666 0.2724609375 0.05416666666666667 0.016796875
0 0.2390625 0.2953125 0.053125 0.021875
0 0.28151041666666665 0.271484375 0.025520833333333333 0.0640625
0 0.3065104166666667 0.273046875 0.024479166666666666 0.06640625
0 0.11822916666666666 0.2658203125 0.020833333333333332 0.077734375
0 0.41354166666666664 0.1375 0.034375 0.09921875
0 0.3580729166666667 0.141015625 0.0390625 0.09609375
0 0.3255208333333333 0.142578125 0.025 0.1
0 0.5276041666666667 0.6060546875 0.04791666666666667 0.046484375
0 0.5231770833333333 0.650390625 0.04635416666666667 0.040625
0 0.5783854166666667 0.6240234375 0.044270833333333336 0.038671875
0 0.5731770833333333 0.6625 0.04114583333333333 0.034375
0 0.6341145833333334 0.6357421875 0.050520833333333334 0.039453125
0 0.6270833333333333 0.6734375 0.053125 0.0359375
0 0.7255208333333333 0.6580078125 0.04583333333333333 0.022265625
0 0.7268229166666667 0.6771484375 0.0453125 0.012109375
0 0.04895833333333333 0.167578125 0.026041666666666668 0.075
0 0.08463541666666667 0.162890625 0.0265625 0.0796875
0 0.109375 0.160546875 0.021875 0.08515625
0 0.13541666666666666 0.159375 0.028125 0.08515625
0 0.18958333333333333 0.1541015625 0.03229166666666667 0.088671875
0 0.21901041666666668 0.1560546875 0.022395833333333334 0.082421875
0 0.246875 0.15078125 0.017708333333333333 0.0921875
0 0.27369791666666665 0.1458984375 0.030729166666666665 0.095703125
0 0.30052083333333335 0.1458984375 0.022916666666666665 0.095703125
0 0.33255208333333336 0.2658203125 0.022395833333333334 0.083203125
0 0.35572916666666665 0.266015625 0.020833333333333332 0.0859375
0 0.38307291666666665 0.2646484375 0.027604166666666666 0.093359375
0 0.4083333333333333 0.2646484375 0.017708333333333333 0.093359375
0 0.38177083333333334 0.3767578125 0.03229166666666667 0.102734375
0 0.41432291666666665 0.380859375 0.0328125 0.0953125
0 0.4440104166666667 0.3828125 0.024479166666666666 0.1
0 0.47161458333333334 0.3841796875 0.028645833333333332 0.098828125
0 0.5072916666666667 0.3892578125 0.03854166666666667 0.099609375
0 0.5497395833333333 0.39140625 0.04114583333333333 0.1
0 0.5947916666666667 0.3943359375 0.04375 0.105078125
0 0.6401041666666667 0.3970703125 0.04583333333333333 0.105078125
0 0.6888020833333334 0.3947265625 0.0484375 0.118359375
0 0.7588541666666667 0.398828125 0.04895833333333333 0.121875
0 0.803125 0.402734375 0.03229166666666667 0.121875
0 0.853125 0.40703125 0.06666666666666667 0.128125
0 0.91796875 0.4275390625 0.05677083333333333 0.091015625
0 0.015625 0.4404296875 0.017708333333333333 0.062109375
0 0.03411458333333333 0.442578125 0.0171875 0.0609375
0 0.065625 0.451171875 0.01875 0.06015625
0 0.08125 0.45546875 0.0125 0.06171875
0 0.346875 0.3751953125 0.030208333333333334 0.094921875
0 0.54140625 0.7107421875 0.034895833333333334 0.028515625
0 0.3098958333333333 0.3712890625 0.03854166666666667 0.086328125
0 0.23723958333333334 0.3658203125 0.0328125 0.091015625
0 0.4296875 0.2630859375 0.01875 0.094921875
0 0.45416666666666666 0.2654296875 0.03125 0.091796875
0 0.4869791666666667 0.2666015625 0.03229166666666667 0.094140625
0 0.5239583333333333 0.2658203125 0.0375 0.095703125
0 0.5630208333333333 0.2681640625 0.0375 0.088671875
0 0.6067708333333334 0.2673828125 0.046875 0.095703125
0 0.65546875 0.2677734375 0.0453125 0.094140625
0 0.7098958333333333 0.2671875 0.059375 0.09609375
0 0.7776041666666667 0.2693359375 0.071875 0.096484375
0 0.8424479166666666 0.264453125 0.05260416666666667 0.10390625
0 0.8932291666666666 0.2708984375 0.04583333333333333 0.091015625
0 0.95390625 0.2732421875 0.0640625 0.094140625
0 0.012239583333333333 0.3515625 0.021354166666666667 0.0703125
0 0.03411458333333333 0.3521484375 0.0203125 0.073828125
0 0.08098958333333334 0.358203125 0.025520833333333333 0.0734375
0 0.15078125 0.36171875 0.0265625 0.0828125
0 0.1859375 0.3623046875 0.03854166666666667 0.083984375
0 0.27317708333333335 0.3673828125 0.0359375 0.094140625
0 0.49661458333333336 0.7333984375 0.03697916666666667 0.020703125
0 0.1625 0.1578125 0.01875 0.08359375
0 0.49765625 0.7607421875 0.0390625 0.026953125
0 0.43671875 0.5759765625 0.04010416666666667 0.026953125
0 0.2526041666666667 0.737109375 0.029166666666666667 0.0203125
0 0.25104166666666666 0.7599609375 0.029166666666666667 0.020703125
0 0.2515625 0.784375 0.029166666666666667 0.0203125
0 0.2864583333333333 0.771484375 0.029166666666666667 0.0734375
0 0.31614583333333335 0.7830078125 0.027083333333333334 0.066796875
0 0.35520833333333335 0.8025390625 0.040625 0.076953125
0 0.7984375 0.9353515625 0.09479166666666666 0.129296875
0 0.7015625 0.9205078125 0.07708333333333334 0.108984375
0 0.3966145833333333 0.81328125 0.034895833333333334 0.07578125
0 0.6213541666666667 0.8904296875 0.06875 0.101953125
0 0.5627604166666667 0.896484375 0.033854166666666664 0.03515625
0 0.5231770833333333 0.8794921875 0.0359375 0.029296875
0 0.5638020833333334 0.8560546875 0.0328125 0.033203125
0 0.5268229166666667 0.846484375 0.0328125 0.03515625
0 0.48020833333333335 0.8666015625 0.03229166666666667 0.023828125
0 0.43671875 0.85078125 0.03697916666666667 0.02265625
0 0.48541666666666666 0.8390625 0.03854166666666667 0.02265625
0 0.440625 0.82734375 0.040625 0.0171875
0 0.48932291666666666 0.8140625 0.04635416666666667 0.0234375
0 0.5385416666666667 0.741015625 0.036458333333333336 0.02265625
0 0.4317708333333333 0.6314453125 0.040625 0.025390625
0 0.4401041666666667 0.8017578125 0.04375 0.026953125
0 0.43255208333333334 0.603515625 0.034895833333333334 0.0234375
0 0.22291666666666668 0.7501953125 0.023958333333333335 0.064453125
0 0.39348958333333334 0.5953125 0.028645833333333332 0.021875
0 0.19348958333333333 0.7388671875 0.0296875 0.066796875
0 0.15651041666666668 0.731640625 0.030729166666666665 0.0140625
0 0.08880208333333334 0.71015625 0.0453125 0.0375
0 0.05520833333333333 0.6939453125 0.01875 0.043359375
0 0.03359375 0.6869140625 0.0234375 0.049609375
0 0.9234375 0.837109375 0.07916666666666666 0.12578125
0 0.809375 0.8478515625 0.057291666666666664 0.026953125
0 0.7450520833333333 0.830078125 0.0515625 0.025
0 0.69296875 0.8166015625 0.0421875 0.026171875
0 0.8177083333333334 0.81796875 0.05 0.0265625
0 0.3921875 0.6234375 0.03229166666666667 0.02734375
0 0.6934895833333333 0.789453125 0.050520833333333334 0.0203125
0 0.75234375 0.80390625 0.05260416666666667 0.02109375
0 0.5841145833333333 0.7603515625 0.0453125 0.089453125
0 0.6377604166666667 0.771875 0.0578125 0.090625
0 0.5364583333333334 0.7693359375 0.035416666666666666 0.028515625
0 0.7010416666666667 0.757421875 0.052083333333333336 0.0375
0 0.759375 0.773828125 0.04895833333333333 0.03203125
0 0.8229166666666666 0.7859375 0.057291666666666664 0.03359375
