0 0.4609375 0.6625 0.03958333333333333 0.0421875
0 0.6315104166666666 0.117578125 0.0609375 0.07890625
0 0.61953125 0.655859375 0.033854166666666664 0.04765625
0 0.6528645833333333 0.65625 0.0296875 0.0390625
0 0.7059895833333333 0.665234375 0.04635416666666667 0.05703125
0 0.7471354166666667 0.662890625 0.0265625 0.0578125
0 0.7854166666666667 0.6609375 0.042708333333333334 0.0578125
0 0.8278645833333333 0.6591796875 0.03802083333333333 0.058203125
0 0.86796875 0.657421875 0.03802083333333333 0.05859375
0 0.8455729166666667 0.565625 0.04114583333333333 0.05703125
0 0.8026041666666667 0.56953125 0.03229166666666667 0.05546875
0 0.76875 0.5708984375 0.034375 0.058203125
0 0.72578125 0.56953125 0.03802083333333333 0.0640625
0 0.6046875 0.5740234375 0.042708333333333334 0.064453125
0 0.6424479166666667 0.5658203125 0.028645833333333332 0.052734375
0 0.684375 0.57109375 0.041666666666666664 0.06796875
0 0.5578125 0.5708984375 0.03854166666666667 0.060546875
0 0.515625 0.5708984375 0.03333333333333333 0.059765625
0 0.478125 0.578515625 0.03854166666666667 0.065625
0 0.44114583333333335 0.5833984375 0.035416666666666666 0.058984375
0 0.39921875 0.583984375 0.044270833333333336 0.06015625
0 0.3533854166666667 0.5728515625 0.034895833333333334 0.058203125
0 0.31536458333333334 0.583984375 0.0390625 0.0578125
0 0.2794270833333333 0.5857421875 0.0265625 0.051171875
0 0.016145833333333335 0.590625 0.03125 0.06875
0 0.06536458333333334 0.587109375 0.04114583333333333 0.0234375
0 0.06744791666666666 0.6095703125 0.0421875 0.015234375
0 0.11484375 0.595703125 0.050520833333333334 0.05703125
0 0.16979166666666667 0.5873046875 0.052083333333333336 0.069140625
0 0.2234375 0.584765625 0.053125 0.0640625
0 0.015625 0.4833984375 0.029166666666666667 0.079296875
0 0.5807291666666666 0.6611328125 0.036458333333333336 0.046484375
0 0.5440104166666667 0.6640625 0.0328125 0.05078125
0 0.5041666666666667 0.669140625 0.042708333333333334 0.0578125
0 0.41848958333333336 0.67109375 0.04114583333333333 0.06171875
0 0.10260416666666666 0.84921875 0.041666666666666664 0.07109375
0 0.14479166666666668 0.84453125 0.04375 0.065625
0 0.184375 0.8287109375 0.030208333333333334 0.098046875
0 0.21692708333333333 0.8255859375 0.033854166666666664 0.092578125
0 0.2638020833333333 0.83515625 0.0609375 0.078125
0 0.3143229166666667 0.8150390625 0.030729166666666665 0.080859375
0 0.37213541666666666 0.832421875 0.034895833333333334 0.06015625
0 0.4158854166666667 0.8263671875 0.0484375 0.073828125
0 0.46015625 0.828125 0.03802083333333333 0.06171875
0 0.49635416666666665 0.825390625 0.03333333333333333 0.0640625
0 0.5325520833333334 0.8265625 0.0359375 0.05625
0 0.5716145833333334 0.8232421875 0.03697916666666667 0.066015625
0 0.6067708333333334 0.8162109375 0.030208333333333334 0.073828125
0 0.64296875 0.8138671875 0.0390625 0.080078125
0 0.07395833333333333 0.4708984375 0.03229166666666667 0.056640625
0 0.6997395833333333 0.80703125 0.033854166666666664 0.07421875
0 0.7768229166666667 0.814453125 0.03802083333333333 0.06640625
0 0.8143229166666667 0.791796875 0.0328125 0.10390625
0 0.8544270833333333 0.790234375 0.04635416666666667 0.1078125
0 0.8986979166666667 0.785546875 0.0390625 0.103125
0 0.9489583333333333 0.7984375 0.053125 0.0765625
0 0.98984375 0.7943359375 0.022395833333333334 0.075390625
0 0.03828125 0.6927734375 0.050520833333333334 0.062109375
0 0.09114583333333333 0.6955078125 0.051041666666666666 0.057421875
0 0.14557291666666666 0.691796875 0.0515625 0.0546875
0 0.20078125 0.68359375 0.043229166666666666 0.071875
0 0.24791666666666667 0.6822265625 0.04479166666666667 0.064453125
0 0.29322916666666665 0.6802734375 0.042708333333333334 0.068359375
0 0.33880208333333334 0.67578125 0.03802083333333333 0.059375
0 0.37838541666666664 0.686328125 0.033854166666666664 0.04921875
0 0.73671875 0.81796875 0.03802083333333333 0.0625
0 0.11666666666666667 0.4818359375 0.051041666666666666 0.076171875
0 0.17135416666666667 0.4783203125 0.052083333333333336 0.076171875
0 0.22838541666666667 0.4771484375 0.05364583333333333 0.076953125
0 0.09739583333333333 0.241015625 0.051041666666666666 0.08671875
0 0.15625 0.2431640625 0.06041666666666667 0.084765625
0 0.21432291666666667 0.2423828125 0.0546875 0.083984375
0 0.27057291666666666 0.2390625 0.0546875 0.09296875
0 0.32526041666666666 0.2384765625 0.05260416666666667 0.093359375
0 0.3828125 0.240234375 0.05625 0.0953125
0 0.4390625 0.2392578125 0.05625 0.094921875
0 0.49505208333333334 0.241015625 0.05364583333333333 0.09140625
0 0.5416666666666666 0.2390625 0.0375 0.08984375
0 0.5825520833333333 0.23828125 0.043229166666666666 0.09140625
0 0.6346354166666667 0.2404296875 0.04739583333333333 0.090234375
0 0.73359375 0.2423828125 0.04114583333333333 0.086328125
0 0.7822916666666667 0.24296875 0.052083333333333336 0.08515625
0 0.9182291666666667 0.2470703125 0.04895833333333333 0.072265625
0 0.03177083333333333 0.2447265625 0.06145833333333333 0.088671875
0 0.834375 0.2494140625 0.051041666666666666 0.072265625
0 0.13828125 0.1130859375 0.05572916666666667 0.080859375
0 0.19661458333333334 0.11171875 0.0609375 0.08203125
0 0.2591145833333333 0.111328125 0.0609375 0.08203125
0 0.321875 0.111328125 0.05520833333333333 0.08828125
0 0.37994791666666666 0.10859375 0.05677083333333333 0.09453125
0 0.5731770833333333 0.1197265625 0.05572916666666667 0.073828125
0 0.6942708333333333 0.118359375 0.058333333333333334 0.08046875
0 0.753125 0.1177734375 0.05416666666666667 0.082421875
0 0.8013020833333333 0.119921875 0.0421875 0.0765625
0 0.8770833333333333 0.1185546875 0.071875 0.073828125
0 0.9361979166666666 0.1185546875 0.043229166666666666 0.074609375
0 0.9791666666666666 0.1228515625 0.040625 0.070703125
0 0.027604166666666666 0.1099609375 0.052083333333333336 0.080859375
0 0.43697916666666664 0.114453125 0.05520833333333333 0.08046875
0 0.08203125 0.1134765625 0.05572916666666667 0.083203125
0 0.057291666666666664 0.850390625 0.040625 0.065625
0 0.9385416666666667 0.3572265625 0.041666666666666664 0.079296875
0 0.8505208333333333 0.3578125 0.04791666666666667 0.0828125
0 0.28125 0.478125 0.051041666666666666 0.0734375
0 0.33697916666666666 0.47578125 0.057291666666666664 0.075
0 0.39088541666666665 0.4759765625 0.049479166666666664 0.074609375
0 0.44296875 0.47421875 0.0453125 0.078125
0 0.48776041666666664 0.4755859375 0.0421875 0.080859375
0 0.5802083333333333 0.4728515625 0.04479166666666667 0.075390625
0 0.5270833333333333 0.482421875 0.03958333333333333 0.03515625
0 0.6213541666666667 0.473828125 0.0375 0.0671875
0 0.6638020833333333 0.4720703125 0.0421875 0.069921875
0 0.7052083333333333 0.467578125 0.03854166666666667 0.07421875
0 0.74453125 0.46875 0.04010416666666667 0.071875
0 0.784375 0.4673828125 0.034375 0.071484375
0 0.8216145833333334 0.465625 0.03802083333333333 0.07578125
0 0.9041666666666667 0.4630859375 0.046875 0.067578125
0 0.89609375 0.3572265625 0.04010416666666667 0.081640625
0 0.86484375 0.491796875 0.03177083333333333 0.021875
0 0.9286458333333333 0.6505859375 0.04479166666666667 0.085546875
0 0.09166666666666666 0.3654296875 0.058333333333333334 0.080859375
0 0.20572916666666666 0.362890625 0.046875 0.08515625
0 0.2591145833333333 0.3626953125 0.0578125 0.084765625
0 0.32005208333333335 0.3640625 0.0578125 0.0828125
0 0.3765625 0.3615234375 0.05625 0.082421875
0 0.43307291666666664 0.36328125 0.04739583333333333 0.08125
0 0.4869791666666667 0.363671875 0.059375 0.08203125
0 0.5421875 0.36171875 0.04479166666666667 0.084375
0 0.5848958333333333 0.3623046875 0.040625 0.081640625
0 0.6322916666666667 0.3609375 0.046875 0.0859375
0 0.7171875 0.3595703125 0.040625 0.083984375
0 0.7580729166666667 0.359375 0.0421875 0.08203125
0 0.8005208333333333 0.3576171875 0.040625 0.080078125
0 0.9690104166666667 0.64921875 0.0359375 0.08515625
0 0.9807291666666667 0.5271484375 0.03958333333333333 0.097265625
0 0.018489583333333334 0.8341796875 0.033854166666666664 0.105078125
0 0.9421875 0.5306640625 0.03125 0.099609375
