0 0.94375 0.34375 0.051041666666666666 0.08046875
0 0.88984375 0.3447265625 0.0515625 0.080078125
0 0.8106770833333333 0.3658203125 0.0703125 0.030078125
0 0.8098958333333334 0.3357421875 0.071875 0.028515625
0 0.8182291666666667 0.303515625 0.071875 0.03046875
0 0.7278645833333334 0.36796875 0.06822916666666666 0.0296875
0 0.7348958333333333 0.3359375 0.06458333333333334 0.02421875
0 0.7325520833333333 0.3041015625 0.0703125 0.029296875
0 0.6283854166666667 0.3673828125 0.06927083333333334 0.030859375
0 0.6286458333333333 0.335546875 0.06979166666666667 0.028125
0 0.6247395833333333 0.3005859375 0.07239583333333334 0.030078125
0 0.18177083333333333 0.45078125 0.078125 0.04453125
0 0.27317708333333335 0.4513671875 0.0734375 0.043359375
0 0.43125 0.45390625 0.06666666666666667 0.04296875
0 0.5380208333333333 0.3654296875 0.065625 0.026953125
0 0.18697916666666667 0.4966796875 0.075 0.037109375
0 0.3541666666666667 0.49765625 0.071875 0.04140625
0 0.43307291666666664 0.4984375 0.06302083333333333 0.04296875
0 0.5559895833333334 0.4248046875 0.1703125 0.045703125
0 0.5419270833333333 0.471484375 0.1484375 0.03515625
0 0.5463541666666667 0.5056640625 0.15416666666666667 0.031640625
0 0.7463541666666667 0.44609375 0.21041666666666667 0.0609375
0 0.7645833333333333 0.4990234375 0.175 0.036328125
0 0.8966145833333333 0.4841796875 0.04114583333333333 0.083203125
0 0.95390625 0.49453125 0.07135416666666666 0.05703125
0 0.24036458333333333 0.56328125 0.06927083333333334 0.0421875
0 0.35520833333333335 0.453125 0.06770833333333333 0.04375
0 0.5408854166666667 0.3359375 0.07135416666666666 0.02890625
0 0.44817708333333334 0.3671875 0.06302083333333333 0.028125
0 0.31302083333333336 0.5642578125 0.06145833333333333 0.036328125
0 0.16901041666666666 0.1626953125 0.07239583333333334 0.019140625
0 0.17213541666666668 0.181640625 0.06510416666666667 0.01640625
0 0.17213541666666668 0.198046875 0.06510416666666667 0.015625
0 0.17213541666666668 0.2130859375 0.06510416666666667 0.012890625
0 0.17317708333333334 0.228125 0.0640625 0.01484375
0 0.24348958333333334 0.1857421875 0.06822916666666666 0.105859375
0 0.3143229166666667 0.2232421875 0.0640625 0.027734375
0 0.38229166666666664 0.20625 0.07083333333333333 0.06171875
0 0.44114583333333335 0.206640625 0.03854166666666667 0.0640625
0 0.5864583333333333 0.19140625 0.06041666666666667 0.09921875
0 0.6395833333333333 0.196875 0.0375 0.0875
0 0.696875 0.19140625 0.057291666666666664 0.096875
0 0.7611979166666667 0.1876953125 0.059895833333333336 0.104296875
0 0.5372395833333333 0.3005859375 0.07135416666666666 0.032421875
0 0.8244791666666667 0.1869140625 0.057291666666666664 0.109765625
0 0.13020833333333334 0.2990234375 0.06666666666666667 0.021484375
0 0.16614583333333333 0.323046875 0.07708333333333334 0.01875
0 0.17526041666666667 0.3453125 0.0921875 0.01953125
0 0.17864583333333334 0.36875 0.078125 0.0203125
0 0.25859375 0.313671875 0.06822916666666666 0.025
0 0.271875 0.340234375 0.078125 0.025
0 0.27421875 0.3673828125 0.06927083333333334 0.023046875
0 0.36953125 0.3142578125 0.06510416666666667 0.019140625
0 0.35859375 0.3384765625 0.0671875 0.026171875
0 0.37135416666666665 0.367578125 0.065625 0.0234375
0 0.46328125 0.287109375 0.06614583333333333 0.0234375
0 0.45729166666666665 0.3123046875 0.06458333333333334 0.019921875
0 0.44583333333333336 0.3384765625 0.06875 0.026171875
0 0.9252604166666667 0.1890625 0.049479166666666664 0.11953125
0 0.21223958333333334 0.602734375 0.05677083333333333 0.03203125
0 0.27447916666666666 0.497265625 0.07604166666666666 0.040625
0 0.23984375 0.6400390625 0.06510416666666667 0.030078125
0 0.4075520833333333 0.7212890625 0.08697916666666666 0.067578125
0 0.49140625 0.725390625 0.0609375 0.08125
0 0.57890625 0.7412109375 0.09635416666666667 0.076953125
0 0.7364583333333333 0.741796875 0.11875 0.08046875
0 0.8890625 0.767578125 0.05 0.08125
0 0.940625 0.768359375 0.04791666666666667 0.08046875
0 0.09010416666666667 0.826171875 0.04375 0.06015625
0 0.04895833333333333 0.8328125 0.030208333333333334 0.04609375
0 0.013541666666666667 0.8271484375 0.027083333333333334 0.044921875
0 0.1765625 0.88203125 0.04375 0.11875
0 0.21953125 0.87578125 0.033854166666666664 0.13203125
0 0.16770833333333332 0.6390625 0.06041666666666667 0.03359375
0 0.26640625 0.747265625 0.09427083333333333 0.07109375
0 0.3111979166666667 0.880078125 0.04739583333333333 0.12265625
0 0.41822916666666665 0.8630859375 0.07708333333333334 0.060546875
0 0.41901041666666666 0.9189453125 0.07239583333333334 0.049609375
0 0.50078125 0.86171875 0.0734375 0.06015625
0 0.5744791666666667 0.8625 0.07291666666666667 0.06015625
0 0.49947916666666664 0.9158203125 0.07395833333333333 0.048828125
0 0.5731770833333333 0.9173828125 0.07135416666666666 0.045703125
0 0.6796875 0.880078125 0.05625 0.12109375
0 0.7236979166666667 0.8765625 0.0296875 0.11796875
0 0.7622395833333333 0.873828125 0.03802083333333333 0.1203125
0 0.8200520833333333 0.8755859375 0.034895833333333334 0.118359375
0 0.875 0.9017578125 0.04583333333333333 0.073828125
0 0.9348958333333334 0.93046875 0.05 0.03671875
0 0.35703125 0.8779296875 0.03697916666666667 0.124609375
0 0.1734375 0.7373046875 0.06770833333333333 0.073828125
0 0.26015625 0.8763671875 0.04739583333333333 0.124609375
0 0.8880208333333334 0.6236328125 0.041666666666666664 0.081640625
0 0.9484375 0.6337890625 0.06875 0.061328125
0 0.30859375 0.6380859375 0.06614583333333333 0.031640625
0 0.33671875 0.605078125 0.033854166666666664 0.02421875
0 0.36875 0.5802734375 0.040625 0.023046875
0 0.4119791666666667 0.5822265625 0.03854166666666667 0.029296875
0 0.38333333333333336 0.6111328125 0.04583333333333333 0.023046875
0 0.3697916666666667 0.6427734375 0.03854166666666667 0.025390625
0 0.4109375 0.6408203125 0.036458333333333336 0.031640625
0 0.4296875 0.610546875 0.036458333333333336 0.025
0 0.4544270833333333 0.5814453125 0.03802083333333333 0.027734375
0 0.5 0.5828125 0.034375 0.028125
0 0.540625 0.5796875 0.04375 0.034375
0 0.47734375 0.613671875 0.04010416666666667 0.02109375
0 0.5213541666666667 0.6125 0.042708333333333334 0.02890625
0 0.27890625 0.6025390625 0.06510416666666667 0.029296875
0 0.49661458333333336 0.64453125 0.04114583333333333 0.0265625
0 0.4518229166666667 0.6435546875 0.04010416666666667 0.026953125
0 0.7286458333333333 0.64453125 0.08020833333333334 0.02109375
0 0.81484375 0.6193359375 0.0921875 0.024609375
0 0.7270833333333333 0.617578125 0.08333333333333333 0.0234375
0 0.8234375 0.5916015625 0.08854166666666667 0.030078125
0 0.828125 0.560546875 0.08854166666666667 0.0265625
0 0.8166666666666667 0.6458984375 0.08541666666666667 0.019140625
0 0.6231770833333333 0.6419921875 0.1234375 0.028515625
0 0.6143229166666667 0.6158203125 0.1296875 0.019921875
0 0.6369791666666667 0.5875 0.14166666666666666 0.03203125
0 0.5401041666666667 0.6427734375 0.04583333333333333 0.030078125
0 0.7432291666666667 0.5859375 0.06458333333333334 0.02890625
