0 0.12336601307189543 0.6314338235294118 0.056372549019607844 0.03553921568627451
0 0.2542892156862745 0.6784620098039216 0.06658496732026144 0.0389093137254902
0 0.1256127450980392 0.6767769607843137 0.05514705882352941 0.0428921568627451
0 0.35804738562091504 0.9160539215686274 0.05759803921568627 0.03799019607843137
0 0.35723039215686275 0.8694852941176471 0.05759803921568627 0.051470588235294115
0 0.2935049019607843 0.9172794117647058 0.05106209150326797 0.0428921568627451
0 0.29248366013071897 0.8682598039215687 0.05392156862745098 0.04718137254901961
0 0.23100490196078433 0.8556985294117647 0.05759803921568627 0.012254901960784314
0 0.2289624183006536 0.9249387254901961 0.054330065359477125 0.03002450980392157
0 0.22651143790849673 0.8871017156862745 0.05841503267973856 0.04197303921568627
0 0.1687091503267974 0.9214154411764706 0.05473856209150327 0.03707107843137255
0 0.16605392156862744 0.8799019607843137 0.06004901960784314 0.041666666666666664
0 0.10620915032679738 0.9238664215686274 0.059640522875817 0.030330882352941176
0 0.1039624183006536 0.8800551470588235 0.05923202614379085 0.046875
0 0.0392156862745098 0.9180453431372549 0.05718954248366013 0.03278186274509804
0 0.41544117647058826 0.8693321078431373 0.05392156862745098 0.05116421568627451
0 0.0377859477124183 0.8769914215686274 0.06331699346405228 0.045649509803921566
0 0.9027777777777778 0.7765012254901961 0.061274509803921566 0.08118872549019608
0 0.8347630718954249 0.7765012254901961 0.061683006535947715 0.07689950980392157
0 0.7504084967320261 0.8030024509803921 0.08251633986928104 0.032475490196078434
0 0.7589869281045751 0.7645526960784313 0.08006535947712418 0.036458333333333336
0 0.6652369281045751 0.8007046568627451 0.0821078431372549 0.03952205882352941
0 0.6652369281045751 0.7582720588235294 0.0821078431372549 0.0428921568627451
0 0.5759803921568627 0.7988664215686274 0.08986928104575163 0.03400735294117647
0 0.5751633986928104 0.7515318627450981 0.0857843137254902 0.04105392156862745
0 0.4846813725490196 0.7904411764705882 0.08946078431372549 0.04044117647058824
0 0.48447712418300654 0.7484681372549019 0.08741830065359477 0.037377450980392156
0 0.3939950980392157 0.7846200980392157 0.061683006535947715 0.04779411764705882
0 0.3292483660130719 0.7902879901960784 0.05473856209150327 0.04013480392156863
0 0.9685457516339869 0.7757352941176471 0.05718954248366013 0.0704656862745098
0 0.4164624183006536 0.9235600490196079 0.05841503267973856 0.04136029411764706
0 0.47875816993464054 0.8584558823529411 0.06045751633986928 0.03431372549019608
0 0.4810049019607843 0.8950674019607843 0.05514705882352941 0.036458333333333336
0 0.0639297385620915 0.6784620098039216 0.068218954248366 0.04136029411764706
0 0.06985294117647059 0.7466299019607843 0.06045751633986928 0.03615196078431373
0 0.13602941176470587 0.7484681372549019 0.06944444444444445 0.03370098039215686
0 0.20302287581699346 0.7480085784313726 0.05228758169934641 0.0389093137254902
0 0.20874183006535948 0.7904411764705882 0.06290849673202614 0.03615196078431373
0 0.14440359477124182 0.7907475490196079 0.06495098039215687 0.03676470588235294
0 0.9434232026143791 0.9371936274509803 0.05759803921568627 0.03308823529411765
0 0.9491421568627451 0.8979779411764706 0.06413398692810457 0.03553921568627451
0 0.9493464052287581 0.8638174019607843 0.06290849673202614 0.02849264705882353
0 0.8741830065359477 0.9355085784313726 0.05473856209150327 0.03707107843137255
0 0.8854166666666666 0.8642769607843137 0.061683006535947715 0.031862745098039214
0 0.8110702614379085 0.9330575980392157 0.051879084967320264 0.03462009803921569
0 0.8151552287581699 0.8956801470588235 0.06658496732026144 0.03278186274509804
0 0.8141339869281046 0.8602941176470589 0.06454248366013073 0.028799019607843136
0 0.738562091503268 0.9394914215686274 0.05228758169934641 0.02849264705882353
0 0.744281045751634 0.9034926470588235 0.06944444444444445 0.03676470588235294
0 0.7459150326797386 0.8651960784313726 0.06045751633986928 0.03615196078431373
0 0.6740196078431373 0.9335171568627451 0.05555555555555555 0.030637254901960783
0 0.6772875816993464 0.8975183823529411 0.061274509803921566 0.03216911764705882
0 0.6772875816993464 0.8635110294117647 0.06209150326797386 0.030330882352941176
0 0.6125408496732027 0.9267769607843137 0.0625 0.028799019607843136
0 0.6098856209150327 0.8915441176470589 0.06290849673202614 0.03676470588235294
0 0.6086601307189542 0.8595281862745098 0.061274509803921566 0.02971813725490196
0 0.545751633986928 0.9278492647058824 0.06454248366013073 0.033394607843137254
0 0.5430964052287581 0.8949142156862745 0.060866013071895424 0.03125
0 0.5439133986928104 0.8612132352941176 0.05759803921568627 0.03308823529411765
0 0.47630718954248363 0.9299938725490197 0.07107843137254902 0.030330882352941176
0 0.05923202614379085 0.6312806372549019 0.07434640522875817 0.035845588235294115
0 0.8809232026143791 0.8975183823529411 0.060866013071895424 0.03216911764705882
0 0.27369281045751637 0.7789522058823529 0.051470588235294115 0.0628063725490196
0 0.4013480392156863 0.7172181372549019 0.04125816993464052 0.03615196078431373
0 0.5915032679738562 0.26424632352941174 0.061274509803921566 0.04503676470588235
0 0.6629901960784313 0.2659313725490196 0.06535947712418301 0.04105392156862745
0 0.7387663398692811 0.2617953431372549 0.07475490196078431 0.04258578431372549
0 0.5214460784313726 0.30974264705882354 0.0755718954248366 0.03676470588235294
0 0.5191993464052288 0.2622549019607843 0.06862745098039216 0.05392156862745098
0 0.4389297385620915 0.2630208333333333 0.06985294117647059 0.047487745098039214
0 0.43995098039215685 0.3083639705882353 0.07107843137254902 0.043198529411764705
0 0.3255718954248366 0.2493872549019608 0.15196078431372548 0.05821078431372549
0 0.3292483660130719 0.3069852941176471 0.1380718954248366 0.05024509803921569
0 0.2193627450980392 0.31004901960784315 0.07598039215686274 0.04595588235294118
0 0.5978349673202614 0.3091299019607843 0.06495098039215687 0.03799019607843137
0 0.21058006535947713 0.24862132352941177 0.07066993464052287 0.05667892156862745
0 0.06964869281045752 0.2916666666666667 0.0690359477124183 0.08026960784313726
0 0.9683415032679739 0.4027267156862745 0.056781045751633986 0.05912990196078431
0 0.9673202614379085 0.44730392156862747 0.05473856209150327 0.029411764705882353
0 0.8993055555555556 0.4476102941176471 0.0690359477124183 0.03370098039215686
0 0.8978758169934641 0.39920343137254904 0.06781045751633986 0.05943627450980392
0 0.8231209150326797 0.3955269607843137 0.06290849673202614 0.06372549019607843
0 0.8174019607843137 0.44699754901960786 0.07679738562091504 0.028799019607843136
0 0.7438725490196079 0.3987438725490196 0.0857843137254902 0.04136029411764706
0 0.7338643790849673 0.4440870098039216 0.08047385620915033 0.04197303921568627
0 0.6525735294117647 0.44515931372549017 0.0690359477124183 0.03860294117647059
0 0.1329656862745098 0.29105392156862747 0.05923202614379085 0.07965686274509803
0 0.6650326797385621 0.3082107843137255 0.06944444444444445 0.03799019607843137
0 0.7387663398692811 0.3082107843137255 0.07066993464052287 0.037377450980392156
0 0.8982843137254902 0.3121936274509804 0.08415032679738563 0.031862745098039214
0 0.05249183006535948 0.14506740196078433 0.06740196078431372 0.0934436274509804
0 0.12254901960784313 0.14537377450980393 0.06781045751633986 0.0940563725490196
0 0.20077614379084968 0.16314338235294118 0.07312091503267974 0.05116421568627451
0 0.27798202614379086 0.16253063725490197 0.07883986928104575 0.04932598039215686
0 0.35294117647058826 0.16605392156862744 0.06781045751633986 0.05698529411764706
0 0.19281045751633988 0.10033700980392157 0.0727124183006536 0.06770833333333333
0 0.26776960784313725 0.09972426470588236 0.07148692810457516 0.06587009803921569
0 0.34620098039215685 0.09574142156862746 0.07312091503267974 0.07077205882352941
0 0.43729575163398693 0.17003676470588236 0.08455882352941177 0.04411764705882353
0 0.5296160130718954 0.16988357843137256 0.09844771241830065 0.04197303921568627
0 0.6237745098039216 0.1645220588235294 0.0784313725490196 0.042279411764705885
0 0.7048611111111112 0.1634497549019608 0.08619281045751634 0.04258578431372549
0 0.4387254901960784 0.11611519607843138 0.10049019607843138 0.052083333333333336
0 0.5392156862745098 0.11596200980392157 0.09558823529411764 0.0548406862745098
0 0.6288807189542484 0.10998774509803921 0.07312091503267974 0.051470588235294115
0 0.7091503267973857 0.11167279411764706 0.08169934640522876 0.050551470588235295
0 0.7781862745098039 0.10891544117647059 0.05228758169934641 0.04932598039215686
0 0.7749183006535948 0.16268382352941177 0.049019607843137254 0.04595588235294118
0 0.8455882352941176 0.11243872549019608 0.07352941176470588 0.06862745098039216
0 0.926062091503268 0.11213235294117647 0.07352941176470588 0.0704656862745098
0 0.8980800653594772 0.2617953431372549 0.07148692810457516 0.06158088235294118
0 0.8220996732026143 0.26409313725490197 0.08129084967320262 0.0545343137254902
0 0.8135212418300654 0.3112745098039216 0.0755718954248366 0.03002450980392157
0 0.661968954248366 0.4028799019607843 0.0755718954248366 0.03799019607843137
0 0.5831290849673203 0.4459252450980392 0.053513071895424834 0.03707107843137255
0 0.5849673202614379 0.40012254901960786 0.05800653594771242 0.041666666666666664
0 0.5177696078431373 0.40012254901960786 0.07066993464052287 0.041666666666666664
0 0.23958333333333334 0.5124080882352942 0.0559640522875817 0.04871323529411765
0 0.17647058823529413 0.5623468137254902 0.061274509803921566 0.045649509803921566
0 0.17197712418300654 0.5130208333333334 0.059640522875817 0.04503676470588235
0 0.10927287581699346 0.561734068627451 0.0625 0.04258578431372549
0 0.10477941176470588 0.5134803921568627 0.060866013071895424 0.04656862745098039
0 0.04330065359477124 0.5608149509803921 0.05800653594771242 0.03952205882352941
0 0.035130718954248366 0.5159313725490197 0.059640522875817 0.04656862745098039
0 0.9493464052287581 0.6723345588235294 0.06944444444444445 0.06770833333333333
0 0.8762254901960784 0.6712622549019608 0.07026143790849673 0.07475490196078431
0 0.8041258169934641 0.6695772058823529 0.056781045751633986 0.07628676470588236
0 0.7342728758169934 0.6878063725490197 0.06740196078431372 0.041666666666666664
0 0.7322303921568627 0.6447610294117647 0.061683006535947715 0.04197303921568627
0 0.6540032679738562 0.6453737745098039 0.06290849673202614 0.03707107843137255
0 0.659109477124183 0.6847426470588235 0.07312091503267974 0.03982843137254902
0 0.5645424836601307 0.6887254901960784 0.09722222222222222 0.037377450980392156
0 0.559640522875817 0.6433823529411765 0.0857843137254902 0.04963235294117647
0 0.4693627450980392 0.6858149509803921 0.08823529411764706 0.035845588235294115
0 0.46834150326797386 0.6389399509803921 0.08374183006535947 0.05361519607843137
0 0.08169934640522876 0.7895220588235294 0.05800653594771242 0.03615196078431373
0 0.25183823529411764 0.6338848039215687 0.06413398692810457 0.0428921568627451
0 0.18831699346405228 0.6773897058823529 0.06290849673202614 0.04350490196078431
0 0.18647875816993464 0.6343443627450981 0.06004901960784314 0.03952205882352941
0 0.37806372549019607 0.6689644607843137 0.0428921568627451 0.06096813725490196
0 0.247140522875817 0.5615808823529411 0.06781045751633986 0.0428921568627451
0 0.3368055555555556 0.7274816176470589 0.05024509803921569 0.04013480392156863
0 0.3457924836601307 0.5594362745098039 0.11968954248366014 0.05269607843137255
0 0.45935457516339867 0.5217524509803921 0.09436274509803921 0.04411764705882353
0 0.5124591503267973 0.4440870098039216 0.07393790849673203 0.04013480392156863
0 0.4360702614379085 0.4440870098039216 0.0690359477124183 0.03829656862745098
0 0.440359477124183 0.39981617647058826 0.0784313725490196 0.04105392156862745
0 0.3341503267973856 0.3883272058823529 0.12826797385620914 0.04932598039215686
0 0.3298611111111111 0.44255514705882354 0.12377450980392157 0.04381127450980392
0 0.2312091503267974 0.44025735294117646 0.07434640522875817 0.04840686274509804
0 0.22140522875816993 0.3864889705882353 0.07598039215686274 0.043198529411764705
0 0.15012254901960784 0.42432598039215685 0.053513071895424834 0.07598039215686274
0 0.08660130718954248 0.4252450980392157 0.07352941176470588 0.07352941176470588
0 0.024101307189542485 0.42172181372549017 0.04493464052287582 0.078125
0 0.33762254901960786 0.508578431372549 0.12377450980392157 0.03860294117647059
0 0.9634395424836601 0.5281862745098039 0.06331699346405228 0.061274509803921566
0 0.8850081699346405 0.5696997549019608 0.07965686274509803 0.03278186274509804
0 0.8075980392156863 0.5724571078431373 0.06535947712418301 0.0352328431372549
0 0.806781045751634 0.5200674019607843 0.06535947712418301 0.05422794117647059
0 0.7338643790849673 0.5693933823529411 0.07393790849673203 0.036458333333333336
0 0.7338643790849673 0.5274203431372549 0.07148692810457516 0.04013480392156863
0 0.659109477124183 0.5683210784313726 0.06576797385620915 0.034926470588235295
0 0.6531862745098039 0.5263480392156863 0.06454248366013073 0.04105392156862745
0 0.5608660130718954 0.5206801470588235 0.10130718954248366 0.04381127450980392
0 0.5659722222222222 0.5675551470588235 0.0959967320261438 0.04013480392156863
0 0.46262254901960786 0.5664828431372549 0.0951797385620915 0.037377450980392156
0 0.8821486928104575 0.5203737745098039 0.06495098039215687 0.06219362745098039
