0 0.08905228758169935 0.6464460784313726 0.02287581699346405 0.05392156862745098
0 0.7205882352941176 0.34512867647058826 0.06944444444444445 0.08363970588235294
0 0.6509395424836601 0.34681372549019607 0.06331699346405228 0.08394607843137254
0 0.5894607843137255 0.3527879901960784 0.05228758169934641 0.06709558823529412
0 0.53125 0.35340073529411764 0.0559640522875817 0.06832107843137254
0 0.4520016339869281 0.34221813725490197 0.10008169934640523 0.09068627450980392
0 0.36907679738562094 0.35079656862745096 0.037173202614379085 0.07904411764705882
0 0.32536764705882354 0.3628982843137255 0.03553921568627451 0.0548406862745098
0 0.2798202614379085 0.3628982843137255 0.04330065359477124 0.05177696078431373
0 0.2267156862745098 0.3463541666666667 0.05800653594771242 0.08302696078431372
0 0.1613562091503268 0.3561580882352941 0.04738562091503268 0.0701593137254902
0 0.10437091503267974 0.35661764705882354 0.0494281045751634 0.06495098039215687
0 0.9415849673202614 0.21583946078431374 0.03839869281045752 0.07383578431372549
0 0.9826388888888888 0.12607230392156862 0.03390522875816993 0.08792892156862746
0 0.786968954248366 0.3318014705882353 0.05106209150326797 0.06066176470588235
0 0.9399509803921569 0.12882965686274508 0.049019607843137254 0.0897671568627451
0 0.3860294117647059 0.5707720588235294 0.04493464052287582 0.04779411764705882
0 0.8654003267973857 0.1721813725490196 0.07883986928104575 0.17340686274509803
0 0.7902369281045751 0.1801470588235294 0.06658496732026144 0.1568627450980392
0 0.7162990196078431 0.1724877450980392 0.07312091503267974 0.17095588235294118
0 0.6382761437908496 0.1723345588235294 0.0763888888888889 0.18045343137254902
0 0.5586192810457516 0.17080269607843138 0.0763888888888889 0.18351715686274508
0 0.4722222222222222 0.17356004901960784 0.06699346405228758 0.17616421568627452
0 0.40298202614379086 0.19439338235294118 0.05759803921568627 0.13388480392156862
0 0.34375 0.20695465686274508 0.05106209150326797 0.11366421568627451
0 0.27328431372549017 0.20159313725490197 0.07352941176470588 0.12254901960784313
0 0.20833333333333334 0.21338848039215685 0.051470588235294115 0.10447303921568628
0 0.12806372549019607 0.19010416666666666 0.054330065359477125 0.15104166666666666
0 0.08026960784313726 0.2028186274509804 0.03553921568627451 0.13174019607843138
0 0.13337418300653595 0.6741727941176471 0.0298202614379085 0.019301470588235295
0 0.863562091503268 0.34574142156862747 0.07107843137254902 0.08486519607843138
0 0.9342320261437909 0.3411458333333333 0.028594771241830064 0.0628063725490196
0 0.9677287581699346 0.3388480392156863 0.03431372549019608 0.061274509803921566
0 0.33925653594771243 0.5692401960784313 0.042075163398692814 0.04840686274509804
0 0.29268790849673204 0.5698529411764706 0.04370915032679738 0.04963235294117647
0 0.24591503267973855 0.5661764705882353 0.04003267973856209 0.05821078431372549
0 0.2005718954248366 0.5707720588235294 0.04411764705882353 0.04779411764705882
0 0.16013071895424835 0.5594362745098039 0.018790849673202614 0.0545343137254902
0 0.10355392156862746 0.5545343137254902 0.026552287581699346 0.044730392156862746
0 0.049836601307189546 0.5625 0.02696078431372549 0.05698529411764706
0 0.023488562091503268 0.5600490196078431 0.020833333333333332 0.05575980392156863
0 0.8335375816993464 0.4722732843137255 0.054330065359477125 0.05974264705882353
0 0.7785947712418301 0.4759497549019608 0.051470588235294115 0.0585171568627451
0 0.7308006535947712 0.4655330882352941 0.025326797385620915 0.07628676470588236
0 0.7030228758169934 0.4658394607843137 0.029411764705882353 0.07689950980392157
0 0.6656454248366013 0.46691176470588236 0.0363562091503268 0.07352941176470588
0 0.6223447712418301 0.4739583333333333 0.044526143790849675 0.05759803921568627
0 0.5725081699346405 0.4733455882352941 0.04861111111111111 0.06311274509803921
0 0.5187908496732027 0.46660539215686275 0.04820261437908497 0.07169117647058823
0 0.4812091503267974 0.47487745098039214 0.02042483660130719 0.05698529411764706
0 0.4417892156862745 0.4647671568627451 0.0494281045751634 0.0778186274509804
0 0.38786764705882354 0.4638480392156863 0.04861111111111111 0.07904411764705882
0 0.33169934640522875 0.4722732843137255 0.05065359477124183 0.06096813725490196
0 0.2826797385620915 0.47012867647058826 0.04084967320261438 0.06954656862745098
0 0.24611928104575165 0.4840686274509804 0.027369281045751634 0.04534313725490196
0 0.20915032679738563 0.4788602941176471 0.03104575163398693 0.0545343137254902
0 0.17340686274509803 0.47824754901960786 0.03308823529411765 0.056372549019607844
0 0.13786764705882354 0.48131127450980393 0.034722222222222224 0.05269607843137255
0 0.10089869281045752 0.4805453431372549 0.029411764705882353 0.05116421568627451
0 0.07148692810457516 0.47870710784313725 0.02696078431372549 0.057291666666666664
0 0.039624183006535946 0.48161764705882354 0.031862745098039214 0.05024509803921569
0 0.011029411764705883 0.48299632352941174 0.022058823529411766 0.046875
0 0.030433006535947712 0.20174632352941177 0.060866013071895424 0.1326593137254902
0 0.48570261437908496 0.5611213235294118 0.03839869281045752 0.06096813725490196
0 0.43423202614379086 0.5614276960784313 0.042483660130718956 0.0585171568627451
0 0.5821078431372549 0.5612745098039216 0.049836601307189546 0.06433823529411764
0 0.0661764705882353 0.7380514705882353 0.024509803921568627 0.06985294117647059
0 0.09558823529411764 0.7398897058823529 0.027777777777777776 0.06678921568627451
0 0.159109477124183 0.7383578431372549 0.0298202614379085 0.06678921568627451
0 0.1919934640522876 0.7391237745098039 0.03104575163398693 0.06525735294117647
0 0.2397875816993464 0.7310049019607843 0.031862745098039214 0.061887254901960786
0 0.26919934640522875 0.7363664215686274 0.022058823529411766 0.05361519607843137
0 0.306781045751634 0.7576593137254902 0.0457516339869281 0.00857843137254902
0 0.3645833333333333 0.7647058823529411 0.0494281045751634 0.00980392156862745
0 0.465890522875817 0.7596507352941176 0.05024509803921569 0.009497549019607842
0 0.034109477124183 0.6453737745098039 0.03799019607843137 0.05545343137254902
0 0.4644607843137255 0.7478553921568627 0.04738562091503268 0.011642156862745098
0 0.516748366013072 0.749234068627451 0.04820261437908497 0.01133578431372549
0 0.5496323529411765 0.7360600490196079 0.0494281045751634 0.010723039215686275
0 0.041870915032679736 0.7378982843137255 0.01919934640522876 0.06587009803921569
0 0.571078431372549 0.7582720588235294 0.05065359477124183 0.013480392156862746
0 0.7283496732026143 0.7634803921568627 0.05065359477124183 0.011029411764705883
0 0.6691176470588235 0.7375919117647058 0.041666666666666664 0.06770833333333333
0 0.4140114379084967 0.7587316176470589 0.04534313725490196 0.017463235294117647
0 0.784109477124183 0.7167585784313726 0.054330065359477125 0.010723039215686275
0 0.9048202614379085 0.7334558823529411 0.03758169934640523 0.025122549019607844
0 0.7886029411764706 0.7313112745098039 0.04616013071895425 0.011029411764705883
0 0.786968954248366 0.7421875 0.05106209150326797 0.0070465686274509805
0 0.7837009803921569 0.7529105392156863 0.0494281045751634 0.008884803921568627
0 0.7824754901960784 0.7621017156862745 0.046977124183006536 0.008272058823529412
0 0.8229166666666666 0.7231924019607843 0.011029411764705883 0.033394607843137254
0 0.8390522875816994 0.7236519607843137 0.017973856209150325 0.03431372549019608
0 0.5330882352941176 0.5625 0.04656862745098039 0.06066176470588235
0 0.8206699346405228 0.7571997549019608 0.015522875816993464 0.03462009803921569
0 0.6207107843137255 0.7391237745098039 0.04779411764705882 0.07322303921568628
0 0.016544117647058824 0.7389705882352942 0.02900326797385621 0.06801470588235294
0 0.5175653594771242 0.7665441176470589 0.0457516339869281 0.010416666666666666
0 0.9793709150326797 0.6132046568627451 0.04044117647058824 0.06219362745098039
0 0.6852532679738562 0.5603553921568627 0.05024509803921569 0.0625
0 0.13725490196078433 0.6485906862745098 0.02042483660130719 0.015931372549019607
0 0.7363153594771242 0.5603553921568627 0.04861111111111111 0.0661764705882353
0 0.7892156862745098 0.5602022058823529 0.051470588235294115 0.06587009803921569
0 0.8478349673202614 0.5692401960784313 0.05269607843137255 0.044730392156862746
0 0.9266748366013072 0.5212928921568627 0.026552287581699346 0.0585171568627451
0 0.9540441176470589 0.5212928921568627 0.024101307189542485 0.06219362745098039
0 0.985498366013072 0.5231311274509803 0.03145424836601307 0.06587009803921569
0 0.9330065359477124 0.42493872549019607 0.021241830065359478 0.0661764705882353
0 0.9824346405228758 0.7149203431372549 0.03758169934640523 0.02971813725490196
0 0.9419934640522876 0.7210477941176471 0.03022875816993464 0.02297794117647059
0 0.16462418300653595 0.6502757352941176 0.03104575163398693 0.06158088235294118
0 0.19566993464052287 0.6467524509803921 0.026143790849673203 0.061274509803921566
0 0.23039215686274508 0.6443014705882353 0.022058823529411766 0.05330882352941176
0 0.9810049019607843 0.4299938725490196 0.034722222222222224 0.07628676470588236
0 0.6352124183006536 0.5623468137254902 0.049019607843137254 0.0664828431372549
0 0.829248366013072 0.6522671568627451 0.049836601307189546 0.04656862745098039
0 0.25592320261437906 0.647671568627451 0.025735294117647058 0.06004901960784314
0 0.7732843137254902 0.6490502450980392 0.049019607843137254 0.053002450980392156
0 0.7193627450980392 0.6671262254901961 0.04084967320261438 0.018075980392156864
0 0.681781045751634 0.6502757352941176 0.03022875816993464 0.04871323529411765
0 0.9340277777777778 0.6155024509803921 0.04044117647058824 0.06985294117647059
0 0.5839460784313726 0.6479779411764706 0.04534313725490196 0.05698529411764706
0 0.6382761437908496 0.6556372549019608 0.05106209150326797 0.04595588235294118
0 0.48713235294117646 0.6511948529411765 0.0494281045751634 0.05422794117647059
0 0.43913398692810457 0.6507352941176471 0.04411764705882353 0.05330882352941176
0 0.3923611111111111 0.6511948529411765 0.04534313725490196 0.057291666666666664
0 0.3459967320261438 0.6484375 0.042483660130718956 0.05177696078431373
0 0.3008578431372549 0.6465992647058824 0.0298202614379085 0.05116421568627451
0 0.5365604575163399 0.649203431372549 0.04534313725490196 0.056372549019607844
