0 0.8421160130718954 0.8344056372549019 0.039624183006535946 0.026041666666666668
0 0.8968545751633987 0.8094362745098039 0.06658496732026144 0.07598039215686274
0 0.9660947712418301 0.8094362745098039 0.06535947712418301 0.07598039215686274
0 0.9730392156862745 0.7216605392156863 0.05392156862745098 0.06525735294117647
0 0.900531045751634 0.7150735294117647 0.05106209150326797 0.06924019607843138
0 0.4854983660130719 0.6446078431372549 0.05106209150326797 0.024509803921568627
0 0.4750816993464052 0.6090686274509803 0.04738562091503268 0.012254901960784314
0 0.5359477124183006 0.639859068627451 0.0457516339869281 0.04258578431372549
0 0.5759803921568627 0.5373774509803921 0.04738562091503268 0.09558823529411764
0 0.6644199346405228 0.6488970588235294 0.10988562091503268 0.026348039215686275
0 0.840890522875817 0.7136948529411765 0.05514705882352941 0.0701593137254902
0 0.7961601307189542 0.8347120098039216 0.04330065359477124 0.02665441176470588
0 0.7732843137254902 0.6314338235294118 0.10294117647058823 0.04963235294117647
0 0.8790849673202614 0.6282169117647058 0.09967320261437909 0.050551470588235295
0 0.9662990196078431 0.625765931372549 0.06740196078431372 0.05238970588235294
0 0.9344362745098039 0.5298713235294118 0.04534313725490196 0.0940563725490196
0 0.7820669934640523 0.7161458333333334 0.051879084967320264 0.06832107843137254
0 0.7279411764705882 0.5347732843137255 0.04493464052287582 0.09712009803921569
0 0.6715686274509803 0.5344669117647058 0.041666666666666664 0.09283088235294118
0 0.6245915032679739 0.5355392156862745 0.04411764705882353 0.09191176470588236
0 0.5833333333333334 0.6383272058823529 0.04411764705882353 0.03952205882352941
0 0.33435457516339867 0.6156556372549019 0.05024509803921569 0.018075980392156864
0 0.17749183006535948 0.6501225490196079 0.03880718954248366 0.03553921568627451
0 0.30044934640522875 0.6458333333333334 0.037173202614379085 0.037377450980392156
0 0.04616013071895425 0.8272058823529411 0.05555555555555555 0.06311274509803921
0 0.0988562091503268 0.8256740196078431 0.04656862745098039 0.06372549019607843
0 0.1568627450980392 0.8307291666666666 0.06209150326797386 0.06341911764705882
0 0.21446078431372548 0.8244485294117647 0.049019607843137254 0.06495098039215687
0 0.27124183006535946 0.8224571078431373 0.061274509803921566 0.07077205882352941
0 0.33435457516339867 0.8102022058823529 0.05024509803921569 0.06341911764705882
0 0.4097222222222222 0.8190870098039216 0.09558823529411764 0.06770833333333333
0 0.505718954248366 0.8242953431372549 0.09068627450980392 0.06770833333333333
0 0.585171568627451 0.8161764705882353 0.056781045751633986 0.06862745098039216
0 0.6523692810457516 0.8454350490196079 0.05392156862745098 0.020526960784313725
0 0.7240604575163399 0.8011642156862745 0.07393790849673203 0.05943627450980392
0 0.7749183006535948 0.5329350490196079 0.042483660130718956 0.09650735294117647
0 0.1815767973856209 0.7247242647058824 0.06495098039215687 0.07138480392156862
0 0.11601307189542484 0.7270220588235294 0.05800653594771242 0.07230392156862746
0 0.056576797385620915 0.7302389705882353 0.05841503267973856 0.06893382352941177
0 0.012254901960784314 0.7313112745098039 0.024509803921568627 0.06740196078431372
0 0.13848039215686275 0.6515012254901961 0.03431372549019608 0.03829656862745098
0 0.21977124183006536 0.6458333333333334 0.03594771241830065 0.037377450980392156
0 0.2618464052287582 0.6453737745098039 0.03839869281045752 0.036458333333333336
0 0.33986928104575165 0.6449142156862745 0.03839869281045752 0.03553921568627451
0 0.5279820261437909 0.5395220588235294 0.04370915032679738 0.09620098039215687
0 0.8280228758169934 0.5317095588235294 0.05718954248366013 0.0940563725490196
0 0.43423202614379086 0.5395220588235294 0.04411764705882353 0.09620098039215687
0 0.8325163398692811 0.030943627450980393 0.03349673202614379 0.05514705882352941
0 0.7928921568627451 0.03079044117647059 0.041666666666666664 0.057904411764705885
0 0.7524509803921569 0.030637254901960783 0.03839869281045752 0.0545343137254902
0 0.7091503267973857 0.028952205882352942 0.04411764705882353 0.057904411764705885
0 0.6587009803921569 0.029411764705882353 0.05269607843137255 0.058823529411764705
0 0.5138888888888888 0.029871323529411766 0.042483660130718956 0.05974264705882353
0 0.46629901960784315 0.0314031862745098 0.04370915032679738 0.0628063725490196
0 0.71875 0.2977941176470588 0.0494281045751634 0.10049019607843138
0 0.5733251633986928 0.3007046568627451 0.14338235294117646 0.09957107843137254
0 0.48304738562091504 0.29963235294117646 0.0363562091503268 0.10416666666666667
0 0.43729575163398693 0.3013174019607843 0.054330065359477125 0.10447303921568628
0 0.3776552287581699 0.30269607843137253 0.054330065359477125 0.10355392156862746
0 0.2589869281045752 0.30315563725490197 0.05555555555555555 0.1014093137254902
0 0.24305555555555555 0.7245710784313726 0.05555555555555555 0.07475490196078431
0 0.3035130718954248 0.7225796568627451 0.06209150326797386 0.07383578431372549
0 0.3647875816993464 0.7221200980392157 0.06045751633986928 0.07291666666666667
0 0.4252450980392157 0.7201286764705882 0.05800653594771242 0.07261029411764706
0 0.4852941176470588 0.7224264705882353 0.058823529411764705 0.0704656862745098
0 0.5435049019607843 0.7210477941176471 0.0559640522875817 0.07077205882352941
0 0.9003267973856209 0.029411764705882353 0.09640522875816994 0.05514705882352941
0 0.6172385620915033 0.7254901960784313 0.04738562091503268 0.05575980392156863
0 0.96875 0.028339460784313725 0.03145424836601307 0.05667892156862745
0 0.049223856209150325 0.17018995098039216 0.05841503267973856 0.10998774509803921
0 0.7685866013071896 0.29473039215686275 0.04370915032679738 0.10477941176470588
0 0.8169934640522876 0.2931985294117647 0.049019607843137254 0.1017156862745098
0 0.8727532679738562 0.2924325980392157 0.05024509803921569 0.10692401960784313
0 0.9250408496732027 0.29090073529411764 0.0494281045751634 0.10386029411764706
0 0.9787581699346405 0.29090073529411764 0.042483660130718956 0.10386029411764706
0 0.9707924836601307 0.14981617647058823 0.05841503267973856 0.11764705882352941
0 0.9080882352941176 0.15242034313725492 0.04656862745098039 0.11672794117647059
0 0.8527369281045751 0.15395220588235295 0.046977124183006536 0.11550245098039216
0 0.792687908496732 0.15456495098039216 0.05024509803921569 0.11672794117647059
0 0.6999591503267973 0.15824142156862744 0.04370915032679738 0.11366421568627451
0 0.6554330065359477 0.15900735294117646 0.042075163398692814 0.11213235294117647
0 0.6076388888888888 0.15916053921568626 0.046977124183006536 0.11550245098039216
0 0.5580065359477124 0.16007965686274508 0.04411764705882353 0.11427696078431372
0 0.5112336601307189 0.16528799019607843 0.042075163398692814 0.10386029411764706
0 0.46711601307189543 0.16528799019607843 0.04044117647058824 0.10692401960784313
0 0.4209558823529412 0.16283700980392157 0.044526143790849675 0.11243872549019608
0 0.23488562091503268 0.16605392156862744 0.06535947712418301 0.11458333333333333
0 0.16380718954248366 0.16482843137254902 0.07107843137254902 0.11458333333333333
0 0.10294117647058823 0.17080269607843138 0.0457516339869281 0.10447303921568628
0 0.5774101307189542 0.04610906862745098 0.03227124183006536 0.030330882352941176
0 0.47998366013071897 0.538296568627451 0.04330065359477124 0.0900735294117647
0 0.6683006535947712 0.7241115196078431 0.049019607843137254 0.05667892156862745
0 0.19914215686274508 0.30361519607843135 0.054330065359477125 0.10232843137254902
0 0.13786764705882354 0.5448835784313726 0.046977124183006536 0.09650735294117647
0 0.7222222222222222 0.7161458333333334 0.051470588235294115 0.06832107843137254
0 0.3762254901960784 0.03155637254901961 0.03758169934640523 0.05943627450980392
0 0.3374183006535948 0.03278186274509804 0.03758169934640523 0.058823529411764705
0 0.29616013071895425 0.03354779411764706 0.042483660130718956 0.06341911764705882
0 0.2555147058823529 0.03354779411764706 0.03880718954248366 0.06341911764705882
0 0.2093545751633987 0.03416053921568627 0.04779411764705882 0.06158088235294118
0 0.0923202614379085 0.5442708333333334 0.042483660130718956 0.09528186274509803
0 0.15727124183006536 0.0352328431372549 0.05310457516339869 0.06372549019607843
0 0.04534313725490196 0.036917892156862746 0.05392156862745098 0.06709558823529412
0 0.8886846405228758 0.53125 0.04044117647058824 0.09313725490196079
0 0.18504901960784315 0.5442708333333334 0.04493464052287582 0.09528186274509803
0 0.23999183006535948 0.5415134803921569 0.05841503267973856 0.0897671568627451
0 0.29820261437908496 0.5355392156862745 0.04656862745098039 0.08455882352941177
0 0.3445669934640523 0.5350796568627451 0.0428921568627451 0.08731617647058823
0 0.3888888888888889 0.5404411764705882 0.04003267973856209 0.09436274509803921
0 0.09803921568627451 0.03553921568627451 0.049836601307189546 0.06740196078431372
0 0.043913398692810454 0.546109068627451 0.05106209150326797 0.09589460784313726
0 0.4201388888888889 0.030637254901960783 0.0428921568627451 0.061274509803921566
0 0.1096813725490196 0.4260110294117647 0.06331699346405228 0.10263480392156862
0 0.7028186274509803 0.4172794117647059 0.044526143790849675 0.09926470588235294
0 0.032475490196078434 0.3043811274509804 0.05106209150326797 0.11060049019607843
0 0.09109477124183006 0.3020833333333333 0.05392156862745098 0.1090686274509804
0 0.049836601307189546 0.4293811274509804 0.05392156862745098 0.10263480392156862
0 0.14522058823529413 0.3011642156862745 0.04779411764705882 0.10723039215686274
0 0.8531454248366013 0.4140625 0.04779411764705882 0.09957107843137254
0 0.9044117647058824 0.4149816176470588 0.051470588235294115 0.1014093137254902
0 0.9575163398692811 0.41207107843137253 0.049836601307189546 0.09926470588235294
0 0.6564542483660131 0.4192708333333333 0.0457516339869281 0.10324754901960784
0 0.6074346405228758 0.41973039215686275 0.04656862745098039 0.10049019607843138
0 0.508578431372549 0.42034313725490197 0.05065359477124183 0.1017156862745098
0 0.45751633986928103 0.4212622549019608 0.04411764705882353 0.10049019607843138
0 0.3227124183006536 0.42371323529411764 0.04493464052287582 0.09497549019607843
0 0.24101307189542484 0.4270833333333333 0.09722222222222222 0.09497549019607843
0 0.16809640522875818 0.4260110294117647 0.04861111111111111 0.10263480392156862
0 0.752859477124183 0.41881127450980393 0.05310457516339869 0.10232843137254902
0 0.8035130718954249 0.41574754901960786 0.049019607843137254 0.10232843137254902
