0 0.2549019607843137 0.6796875 0.03676470588235294 0.09037990196078431
0 0.21507352941176472 0.6795343137254902 0.03880718954248366 0.08762254901960784
0 0.17749183006535948 0.6766237745098039 0.03308823529411765 0.09037990196078431
0 0.8488562091503268 0.8486519607843137 0.042483660130718956 0.10416666666666667
0 0.47610294117647056 0.8163296568627451 0.03880718954248366 0.1014093137254902
0 0.5357434640522876 0.8183210784313726 0.03145424836601307 0.11090686274509803
0 0.5718954248366013 0.8247549019607843 0.03431372549019608 0.09987745098039216
0 0.6184640522875817 0.8311887254901961 0.042483660130718956 0.09987745098039216
0 0.6689133986928104 0.8344056372549019 0.0494281045751634 0.09589460784313726
0 0.7493872549019608 0.8425245098039216 0.034722222222222224 0.10416666666666667
0 0.7986111111111112 0.8451286764705882 0.04493464052287582 0.0977328431372549
0 0.9013480392156863 0.852328431372549 0.04534313725490196 0.09681372549019608
0 0.4699754901960784 0.6957720588235294 0.03390522875816993 0.0857843137254902
0 0.39358660130718953 0.8174019607843137 0.03553921568627451 0.09436274509803921
0 0.6997549019607843 0.21246936274509803 0.03758169934640523 0.07628676470588236
0 0.6564542483660131 0.21354166666666666 0.03676470588235294 0.0741421568627451
0 0.6168300653594772 0.2115502450980392 0.035130718954248366 0.07138480392156862
0 0.576797385620915 0.21430759803921567 0.04084967320261438 0.07567401960784313
0 0.5386029411764706 0.21660539215686275 0.02900326797385621 0.07536764705882353
0 0.1395016339869281 0.6709558823529411 0.034722222222222224 0.07720588235294118
0 0.1053921568627451 0.6689644607843137 0.02696078431372549 0.078125
0 0.06944444444444445 0.6720281862745098 0.03676470588235294 0.07199754901960784
0 0.5020424836601307 0.21875 0.03758169934640523 0.07291666666666667
0 0.45955882352941174 0.21752450980392157 0.042483660130718956 0.0741421568627451
0 0.7924836601307189 0.2190563725490196 0.03104575163398693 0.058823529411764705
0 0.41911764705882354 0.22028186274509803 0.035130718954248366 0.07904411764705882
0 0.3492647058823529 0.22150735294117646 0.026143790849673203 0.0704656862745098
0 0.24509803921568626 0.22303921568627452 0.03349673202614379 0.07598039215686274
0 0.20526960784313725 0.22319240196078433 0.03553921568627451 0.07628676470588236
0 0.1721813725490196 0.2267156862745098 0.030637254901960783 0.07107843137254902
0 0.13337418300653595 0.2264093137254902 0.03880718954248366 0.07291666666666667
0 0.09354575163398693 0.22778799019607843 0.027777777777777776 0.0701593137254902
0 0.0639297385620915 0.22763480392156862 0.025735294117647058 0.06433823529411764
0 0.024918300653594773 0.22840073529411764 0.03349673202614379 0.06525735294117647
0 0.027777777777777776 0.6720281862745098 0.035130718954248366 0.06587009803921569
0 0.7702205882352942 0.5825674019607843 0.03308823529411765 0.0977328431372549
0 0.38235294117647056 0.22150735294117646 0.03104575163398693 0.07598039215686274
0 0.8082107843137255 0.5834865196078431 0.0428921568627451 0.09650735294117647
0 0.8288398692810458 0.2190563725490196 0.0392156862745098 0.06066176470588235
0 0.9056372549019608 0.21798406862745098 0.0457516339869281 0.05974264705882353
0 0.954248366013072 0.8587622549019608 0.04084967320261438 0.1090686274509804
0 0.6734068627450981 0.42371323529411764 0.08047385620915033 0.08272058823529412
0 0.8129084967320261 0.45894607843137253 0.03349673202614379 0.10661764705882353
0 0.8598856209150327 0.46109068627450983 0.03349673202614379 0.09620098039215687
0 0.9089052287581699 0.46139705882352944 0.0457516339869281 0.09865196078431372
0 0.9552696078431373 0.45986519607843135 0.034722222222222224 0.09987745098039216
0 0.9566993464052288 0.3368566176470588 0.029411764705882353 0.09283088235294118
0 0.8204656862745098 0.33425245098039214 0.03880718954248366 0.11213235294117647
0 0.9893790849673203 0.45955882352941174 0.021241830065359478 0.10232843137254902
0 0.08496732026143791 0.3440563725490196 0.03022875816993464 0.07659313725490197
0 0.8651960784313726 0.2181372549019608 0.03022875816993464 0.06004901960784314
0 0.6905637254901961 0.33547794117647056 0.03553921568627451 0.09375
0 0.6074346405228758 0.33517156862745096 0.032679738562091505 0.09129901960784313
0 0.5694444444444444 0.33409926470588236 0.03349673202614379 0.08731617647058823
0 0.5377859477124183 0.33792892156862747 0.027369281045751634 0.0857843137254902
0 0.49468954248366015 0.3350183823529412 0.035130718954248366 0.08915441176470588
0 0.24162581699346405 0.3336397058823529 0.026552287581699346 0.08517156862745098
0 0.18729575163398693 0.3403799019607843 0.05269607843137255 0.08455882352941177
0 0.4375 0.8031556372549019 0.02696078431372549 0.10753676470588236
0 0.11601307189542484 0.3388480392156863 0.027777777777777776 0.08455882352941177
0 0.9483251633986928 0.21568627450980393 0.03308823529411765 0.05514705882352941
0 0.032066993464052285 0.36044730392156865 0.06413398692810457 0.020526960784313725
0 0.6452205882352942 0.33440563725490197 0.03880718954248366 0.09099264705882353
0 0.8488562091503268 0.5888480392156863 0.0392156862745098 0.0974264705882353
0 0.14440359477124182 0.3391544117647059 0.028186274509803922 0.08333333333333333
0 0.9338235294117647 0.5859375 0.03676470588235294 0.09099264705882353
0 0.35723039215686275 0.45526960784313725 0.03553921568627451 0.09068627450980392
0 0.3937908496732026 0.45511642156862747 0.03594771241830065 0.0897671568627451
0 0.43443627450980393 0.45526960784313725 0.0363562091503268 0.09068627450980392
0 0.4722222222222222 0.45894607843137253 0.03431372549019608 0.08823529411764706
0 0.5187908496732027 0.4563419117647059 0.04330065359477124 0.09283088235294118
0 0.559640522875817 0.45925245098039214 0.026143790849673203 0.09681372549019608
0 0.5978349673202614 0.4580269607843137 0.04370915032679738 0.09620098039215687
0 0.352124183006536 0.6908700980392157 0.03594771241830065 0.08333333333333333
0 0.38848039215686275 0.6928615196078431 0.035130718954248366 0.0860906862745098
0 0.42749183006535946 0.6963848039215687 0.039624183006535946 0.0784313725490196
0 0.5091911764705882 0.6988357843137255 0.03553921568627451 0.08272058823529412
0 0.5906862745098039 0.7049632352941176 0.04003267973856209 0.08272058823529412
0 0.6317401960784313 0.7052696078431373 0.04044117647058824 0.08639705882352941
0 0.24754901960784315 0.45266544117647056 0.03104575163398693 0.09160539215686274
0 0.6752450980392157 0.7068014705882353 0.03349673202614379 0.09068627450980392
0 0.7996323529411765 0.7110906862745098 0.042075163398692814 0.0974264705882353
0 0.8431372549019608 0.7106311274509803 0.035130718954248366 0.10018382352941177
0 0.8860294117647058 0.717984068627451 0.0392156862745098 0.09283088235294118
0 0.9291258169934641 0.7189031862745098 0.039624183006535946 0.1014093137254902
0 0.9763071895424836 0.7204350490196079 0.04820261437908497 0.09712009803921569
0 0.0196078431372549 0.7789522058823529 0.0392156862745098 0.10814950980392157
0 0.06556372549019608 0.7821691176470589 0.04534313725490196 0.10845588235294118
0 0.11397058823529412 0.7858455882352942 0.04411764705882353 0.11274509803921569
0 0.16605392156862744 0.7979473039215687 0.05514705882352941 0.08915441176470588
0 0.22569444444444445 0.8028492647058824 0.051879084967320264 0.09834558823529412
0 0.28288398692810457 0.8048406862745098 0.051879084967320264 0.09681372549019608
0 0.3474264705882353 0.8167892156862745 0.03799019607843137 0.09865196078431372
0 0.8941993464052288 0.5908394607843137 0.042483660130718956 0.09283088235294118
0 0.7577614379084967 0.7097120098039216 0.03104575163398693 0.09221813725490197
0 0.2136437908496732 0.453125 0.03349673202614379 0.09068627450980392
0 0.5463643790849673 0.6997549019607843 0.0363562091503268 0.09068627450980392
0 0.1337826797385621 0.5621936274509803 0.039624183006535946 0.08639705882352941
0 0.6776960784313726 0.5833333333333334 0.03839869281045752 0.09620098039215687
0 0.6329656862745098 0.5834865196078431 0.03880718954248366 0.09650735294117647
0 0.5921160130718954 0.5793504901960784 0.034722222222222224 0.09497549019607843
0 0.5533088235294118 0.5808823529411765 0.03390522875816993 0.0974264705882353
0 0.5091911764705882 0.5787377450980392 0.04370915032679738 0.0900735294117647
0 0.46834150326797386 0.5598958333333334 0.027369281045751634 0.07996323529411764
0 0.4279003267973856 0.5747549019607843 0.0363562091503268 0.09191176470588236
0 0.3888888888888889 0.5752144607843137 0.03594771241830065 0.09528186274509803
0 0.1721813725490196 0.5637254901960784 0.034722222222222224 0.09068627450980392
0 0.09538398692810457 0.5609681372549019 0.03145424836601307 0.08517156862745098
0 0.05821078431372549 0.5606617647058824 0.034722222222222224 0.08333333333333333
0 0.026552287581699346 0.5577512254901961 0.028594771241830064 0.08486519607843138
0 0.051266339869281044 0.44745710784313725 0.028186274509803922 0.0897671568627451
0 0.9803921568627451 0.5779718137254902 0.03758169934640523 0.08547794117647059
0 0.08823529411764706 0.44806985294117646 0.031862745098039214 0.08854166666666667
0 0.13357843137254902 0.4522058823529412 0.04656862745098039 0.08333333333333333
0 0.17790032679738563 0.4502144607843137 0.03553921568627451 0.08670343137254902
