0 0.5919117647058824 0.4011437908496732 0.016544117647058824 0.14297385620915032
0 0.6113664215686274 0.40625 0.01991421568627451 0.1482843137254902
0 0.6372549019607843 0.4097222222222222 0.03002450980392157 0.1527777777777778
0 0.27619485294117646 0.24611928104575165 0.009497549019607842 0.06985294117647059
0 0.2847732843137255 0.24468954248366012 0.006433823529411764 0.0718954248366013
0 0.3307291666666667 0.24530228758169934 0.01685049019607843 0.07965686274509803
0 0.29105392156862747 0.24448529411764705 0.006740196078431373 0.0763888888888889
0 0.2974877450980392 0.24325980392156862 0.007352941176470588 0.0755718954248366
0 0.34574142156862747 0.2426470588235294 0.01133578431372549 0.08986928104575163
0 0.36014093137254904 0.24223856209150327 0.01685049019607843 0.09068627450980392
0 0.5727634803921569 0.39644607843137253 0.01991421568627451 0.1409313725490196
0 0.37454044117647056 0.24162581699346405 0.011948529411764705 0.09436274509803921
0 0.3089767156862745 0.2455065359477124 0.015625 0.07352941176470588
0 0.5553002450980392 0.3944035947712418 0.013786764705882353 0.1343954248366013
0 0.4007352941176471 0.3613153594771242 0.00857843137254902 0.09436274509803921
0 0.5222120098039216 0.38623366013071897 0.018688725490196078 0.1294934640522876
0 0.5021446078431373 0.3805147058823529 0.02022058823529412 0.12540849673202614
0 0.48223039215686275 0.3776552287581699 0.016544117647058824 0.11968954248366014
0 0.46691176470588236 0.3743872549019608 0.012867647058823529 0.11070261437908496
0 0.45297181372549017 0.37050653594771243 0.015625 0.10457516339869281
0 0.43903186274509803 0.36907679738562094 0.011029411764705883 0.10498366013071896
0 0.4252450980392157 0.36376633986928103 0.013480392156862746 0.10416666666666667
0 0.41222426470588236 0.35927287581699346 0.01133578431372549 0.09681372549019608
0 0.3918504901960784 0.35804738562091504 0.00857843137254902 0.08946078431372549
0 0.38204656862745096 0.35661764705882354 0.00857843137254902 0.0923202614379085
0 0.3717830882352941 0.35294117647058826 0.009497549019607842 0.08088235294117647
0 0.36106004901960786 0.3492647058823529 0.011948529411764705 0.08905228758169935
0 0.38495710784313725 0.24162581699346405 0.008884803921568627 0.09926470588235294
0 0.539828431372549 0.3895016339869281 0.016544117647058824 0.13357843137254902
0 0.39629289215686275 0.23651960784313725 0.013786764705882353 0.10702614379084967
0 0.2763480392156863 0.1621732026143791 0.00980392156862745 0.05555555555555555
0 0.4212622549019608 0.23651960784313725 0.015318627450980392 0.1119281045751634
0 0.7893688725490197 0.04779411764705882 0.15778186274509803 0.07434640522875817
0 0.36473651960784315 0.1358251633986928 0.04013480392156863 0.06331699346405228
0 0.3391544117647059 0.14256535947712418 0.009191176470588236 0.07434640522875817
0 0.32889093137254904 0.14562908496732027 0.01011029411764706 0.06576797385620915
0 0.3193933823529412 0.14848856209150327 0.007659313725490196 0.06740196078431372
0 0.31066176470588236 0.15196078431372548 0.00980392156862745 0.06209150326797386
0 0.3011642156862745 0.1556372549019608 0.006740196078431373 0.06535947712418301
0 0.2935049019607843 0.15788398692810457 0.007965686274509803 0.05923202614379085
0 0.2853860294117647 0.15931372549019607 0.007659313725490196 0.06045751633986928
0 0.7994791666666666 0.2624591503267974 0.02542892156862745 0.10334967320261437
0 0.7735906862745098 0.26286764705882354 0.025735294117647058 0.10089869281045752
0 0.7461703431372549 0.26143790849673204 0.02849264705882353 0.09803921568627451
0 0.719515931372549 0.2608251633986928 0.02420343137254902 0.09681372549019608
0 0.6980698529411765 0.2630718954248366 0.018688725490196078 0.0923202614379085
0 0.6786151960784313 0.2630718954248366 0.02022058823529412 0.08986928104575163
0 0.6587009803921569 0.26348039215686275 0.01838235294117647 0.08986928104575163
0 0.6397058823529411 0.26429738562091504 0.01838235294117647 0.08251633986928104
0 0.6208639705882353 0.26348039215686275 0.01685049019607843 0.08251633986928104
0 0.6050857843137255 0.26205065359477125 0.014093137254901961 0.08537581699346405
0 0.5893075980392157 0.26266339869281047 0.01685049019607843 0.0857843137254902
0 0.5732230392156863 0.2636846405228758 0.013480392156862746 0.08374183006535947
0 0.5557598039215687 0.2289624183006536 0.017769607843137254 0.1482843137254902
0 0.5376838235294118 0.23345588235294118 0.017769607843137254 0.13848039215686275
0 0.5188419117647058 0.23161764705882354 0.01991421568627451 0.136437908496732
0 0.4993872549019608 0.2346813725490196 0.01838235294117647 0.13112745098039216
0 0.48253676470588236 0.23304738562091504 0.015318627450980392 0.12867647058823528
0 0.46706495098039214 0.23570261437908496 0.015625 0.12336601307189543
0 0.45205269607843135 0.2361111111111111 0.013786764705882353 0.11764705882352941
0 0.43704044117647056 0.2369281045751634 0.016237745098039217 0.1119281045751634
0 0.40808823529411764 0.23774509803921567 0.010416666666666666 0.10866013071895425
0 0.3503370098039216 0.34538398692810457 0.01011029411764706 0.08619281045751634
0 0.32827818627450983 0.3400735294117647 0.013786764705882353 0.07802287581699346
0 0.3151041666666667 0.33435457516339867 0.010723039215686275 0.07148692810457516
0 0.29105392156862747 0.39767156862745096 0.012254901960784314 0.028186274509803922
0 0.30361519607843135 0.4048202614379085 0.00857843137254902 0.03022875816993464
0 0.3158700980392157 0.4099264705882353 0.014093137254901961 0.028186274509803922
0 0.3275122549019608 0.4166666666666667 0.007965686274509803 0.03022875816993464
0 0.32827818627450983 0.4464869281045752 0.008884803921568627 0.02696078431372549
0 0.33808210784313725 0.42116013071895425 0.010723039215686275 0.031862745098039214
0 0.33609068627450983 0.4526143790849673 0.006740196078431373 0.027777777777777776
0 0.3440563725490196 0.4562908496732026 0.007965686274509803 0.027777777777777776
0 0.35324754901960786 0.463031045751634 0.010416666666666666 0.026552287581699346
0 0.36504289215686275 0.46691176470588236 0.010723039215686275 0.02696078431372549
0 0.3043811274509804 0.43566176470588236 0.011948529411764705 0.025735294117647058
0 0.3648897058823529 0.43504901960784315 0.011642156862745098 0.03349673202614379
0 0.38357843137254904 0.44342320261437906 0.020833333333333332 0.03308823529411765
0 0.5551470588235294 0.647671568627451 0.022058823529411766 0.05106209150326797
0 0.532015931372549 0.6352124183006536 0.019301470588235295 0.05228758169934641
0 0.5116421568627451 0.6674836601307189 0.017769607843137254 0.04738562091503268
0 0.5071997549019608 0.6184640522875817 0.016237745098039217 0.03758169934640523
0 0.49019607843137253 0.6515522875816994 0.016544117647058824 0.04411764705882353
0 0.4877450980392157 0.6070261437908496 0.015318627450980392 0.041666666666666664
0 0.4719669117647059 0.6380718954248366 0.015625 0.03839869281045752
0 0.47043504901960786 0.5949754901960784 0.016237745098039217 0.04125816993464052
0 0.45159313725490197 0.6213235294117647 0.016544117647058824 0.03431372549019608
0 0.35263480392156865 0.43014705882352944 0.009191176470588236 0.032679738562091505
0 0.43443627450980393 0.6074346405228758 0.012867647058823529 0.03758169934640523
0 0.29181985294117646 0.42830882352941174 0.011948529411764705 0.02900326797385621
0 0.9401041666666666 0.45894607843137253 0.04932598039215686 0.20874183006535948
0 0.5818014705882353 0.6650326797385621 0.023284313725490197 0.04738562091503268
0 0.6083026960784313 0.6856617647058824 0.026041666666666668 0.05514705882352941
0 0.5338541666666666 0.6840277777777778 0.019301470588235295 0.039624183006535946
0 0.5551470588235294 0.6964869281045751 0.02389705882352941 0.042483660130718956
0 0.5821078431372549 0.7154820261437909 0.025735294117647058 0.051879084967320264
0 0.6116727941176471 0.7432598039215687 0.0272671568627451 0.05759803921568627
0 0.6455269607843137 0.7028186274509803 0.00857843137254902 0.04616013071895425
0 0.640625 0.7598039215686274 0.022058823529411766 0.056372549019607844
0 0.6689644607843137 0.7328431372549019 0.03400735294117647 0.06781045751633986
0 0.6703431372549019 0.7941176470588235 0.03676470588235294 0.04411764705882353
0 0.9047181372549019 0.19934640522875818 0.051470588235294115 0.2181372549019608
0 0.7081801470588235 0.8241421568627451 0.033394607843137254 0.07066993464052287
0 0.7106311274509803 0.7571486928104575 0.030943627450980393 0.060866013071895424
0 0.7496936274509803 0.7792075163398693 0.0392156862745098 0.0690359477124183
0 0.8131127450980392 0.8341503267973857 0.020833333333333332 0.15359477124183007
0 0.8423713235294118 0.8547794117647058 0.033394607843137254 0.16462418300653595
0 0.8872549019607843 0.8758169934640523 0.04350490196078431 0.16993464052287582
0 0.9439338235294118 0.9234068627450981 0.042279411764705885 0.15318627450980393
0 0.8261335784313726 0.6397058823529411 0.03707107843137255 0.17892156862745098
0 0.8691789215686274 0.6599264705882353 0.04779411764705882 0.1809640522875817
0 0.9332107843137255 0.6897467320261438 0.04963235294117647 0.18504901960784315
0 0.8676470588235294 0.44056372549019607 0.04656862745098039 0.19730392156862744
0 0.7457107843137255 0.8519199346405228 0.03615196078431373 0.0763888888888889
0 0.3402267156862745 0.3423202614379085 0.009497549019607842 0.08006535947712418
0 0.44806985294117646 0.5802696078431373 0.015012254901960785 0.044526143790849675
0 0.42432598039215685 0.5557598039215687 0.00857843137254902 0.024918300653594773
0 0.4178921568627451 0.45669934640522875 0.010416666666666666 0.03594771241830065
0 0.43152573529411764 0.46405228758169936 0.015625 0.03594771241830065
0 0.40625 0.4895833333333333 0.014093137254901961 0.034722222222222224
0 0.4186580882352941 0.49673202614379086 0.008884803921568627 0.03431372549019608
0 0.43075980392156865 0.5036764705882353 0.012867647058823529 0.03594771241830065
0 0.4492953431372549 0.5128676470588235 0.015625 0.03553921568627451
0 0.46798406862745096 0.48141339869281047 0.018688725490196078 0.044526143790849675
0 0.4647671568627451 0.5257352941176471 0.014093137254901961 0.0392156862745098
0 0.48682598039215685 0.5357434640522876 0.025735294117647058 0.04125816993464052
0 0.4898897058823529 0.48937908496732024 0.0196078431372549 0.04820261437908497
0 0.2927389705882353 0.5018382352941176 0.008272058823529412 0.015931372549019607
0 0.5075061274509803 0.5437091503267973 0.01133578431372549 0.049019607843137254
0 0.5499387254901961 0.5185866013071896 0.024509803921568627 0.054330065359477125
0 0.5507046568627451 0.5720996732026143 0.026041666666666668 0.04861111111111111
0 0.5767463235294118 0.5810866013071896 0.02420343137254902 0.054330065359477125
0 0.6436887254901961 0.5573937908496732 0.03002450980392157 0.05923202614379085
0 0.6346507352941176 0.6194852941176471 0.030330882352941176 0.06413398692810457
0 0.7483149509803921 0.670547385620915 0.05238970588235294 0.07720588235294118
0 0.27925857843137253 0.3286356209150327 0.006433823529411764 0.06740196078431372
0 0.28599877450980393 0.3306781045751634 0.006433823529411764 0.06740196078431372
0 0.2927389705882353 0.3314950980392157 0.006433823529411764 0.06740196078431372
0 0.30315563725490197 0.3341503267973856 0.012561274509803922 0.06944444444444445
0 0.5245098039215687 0.5551470588235294 0.02144607843137255 0.0457516339869281
0 0.4338235294117647 0.5669934640522876 0.00980392156862745 0.04084967320261438
0 0.3011642156862745 0.5055147058823529 0.006740196078431373 0.020833333333333332
0 0.31204044117647056 0.4854983660130719 0.008884803921568627 0.026552287581699346
0 0.42034313725490197 0.5953839869281046 0.013480392156862746 0.037173202614379085
0 0.40732230392156865 0.588031045751634 0.010723039215686275 0.024918300653594773
0 0.3958333333333333 0.5782271241830066 0.011642156862745098 0.02900326797385621
0 0.40456495098039214 0.5486111111111112 0.016237745098039217 0.03022875816993464
0 0.3837316176470588 0.5706699346405228 0.01011029411764706 0.024509803921568627
0 0.3880208333333333 0.5410539215686274 0.015012254901960785 0.0363562091503268
0 0.37637867647058826 0.5306372549019608 0.008272058823529412 0.027777777777777776
0 0.3708639705882353 0.5586192810457516 0.009497549019607842 0.025735294117647058
0 0.36642156862745096 0.5230800653594772 0.00980392156862745 0.0363562091503268
0 0.35983455882352944 0.5524918300653595 0.009497549019607842 0.024101307189542485
0 0.2971813725490196 0.47937091503267976 0.007965686274509803 0.025735294117647058
0 0.3567708333333333 0.5189950980392157 0.01011029411764706 0.03308823529411765
0 0.3762254901960784 0.47549019607843135 0.011029411764705883 0.029411764705882353
0 0.3897058823529412 0.48427287581699346 0.013480392156862746 0.030637254901960783
0 0.4036458333333333 0.4513888888888889 0.014399509803921568 0.03431372549019608
0 0.33869485294117646 0.5334967320261438 0.0070465686274509805 0.026143790849673203
0 0.3324142156862745 0.525531045751634 0.006740196078431373 0.024918300653594773
0 0.3466605392156863 0.508578431372549 0.008272058823529412 0.029411764705882353
0 0.33777573529411764 0.5010212418300654 0.008272058823529412 0.023284313725490197
0 0.3249080882352941 0.5208333333333334 0.007659313725490196 0.02696078431372549
0 0.3164828431372549 0.5155228758169934 0.007352941176470588 0.02369281045751634
0 0.3092830882352941 0.5120506535947712 0.0070465686274509805 0.02900326797385621
0 0.32245710784313725 0.4897875816993464 0.01011029411764706 0.027777777777777776
0 0.3474264705882353 0.5408496732026143 0.007965686274509803 0.028594771241830064
0 0.31816789215686275 0.44219771241830064 0.008884803921568627 0.028186274509803922
