0 0.7346354166666667 0.4740234375 0.10364583333333334 0.045703125
0 0.24661458333333333 0.400390625 0.0859375 0.0421875
0 0.43020833333333336 0.4015625 0.090625 0.05078125
0 0.5252604166666667 0.4037109375 0.0921875 0.048828125
0 0.6234375 0.4025390625 0.09895833333333333 0.047265625
0 0.72890625 0.4025390625 0.10364583333333334 0.046484375
0 0.84921875 0.401953125 0.11197916666666667 0.0546875
0 0.84609375 0.473828125 0.10989583333333333 0.0484375
0 0.3372395833333333 0.401171875 0.09114583333333333 0.04375
0 0.02421875 0.458203125 0.0484375 0.04140625
0 0.73203125 0.66875 0.10260416666666666 0.05
0 0.17526041666666667 0.4640625 0.07760416666666667 0.04140625
0 0.26015625 0.465625 0.08385416666666666 0.04140625
0 0.3497395833333333 0.4654296875 0.08802083333333334 0.044140625
0 0.440625 0.4673828125 0.090625 0.044921875
0 0.5356770833333333 0.471484375 0.09322916666666667 0.04375
0 0.6325520833333333 0.4734375 0.0953125 0.04765625
0 0.02421875 0.5158203125 0.0484375 0.040234375
0 0.16354166666666667 0.3982421875 0.078125 0.044140625
0 0.08932291666666667 0.51953125 0.0765625 0.04140625
0 0.09270833333333334 0.4630859375 0.07916666666666666 0.042578125
0 0.07838541666666667 0.3982421875 0.08385416666666666 0.044140625
0 0.15729166666666666 0.266015625 0.08229166666666667 0.04609375
0 0.5229166666666667 0.3296875 0.09583333333333334 0.05390625
0 0.8479166666666667 0.6751953125 0.109375 0.050390625
0 0.3341145833333333 0.1775390625 0.09739583333333333 0.051953125
0 0.4375 0.1734375 0.10416666666666667 0.053125
0 0.0703125 0.26796875 0.0875 0.04375
0 0.17213541666666668 0.521875 0.0828125 0.0375
0 0.24427083333333333 0.2642578125 0.084375 0.048046875
0 0.33567708333333335 0.2625 0.08802083333333334 0.05078125
0 0.43046875 0.261328125 0.09427083333333333 0.0515625
0 0.5291666666666667 0.258203125 0.09583333333333334 0.0515625
0 0.6317708333333333 0.254296875 0.10104166666666667 0.053125
0 0.7432291666666667 0.25078125 0.10833333333333334 0.0578125
0 0.8578125 0.2466796875 0.11770833333333333 0.052734375
0 0.853125 0.3234375 0.10833333333333334 0.05703125
0 0.7309895833333333 0.3275390625 0.1046875 0.055859375
0 0.07265625 0.3345703125 0.08802083333333334 0.042578125
0 0.15703125 0.3326171875 0.07760416666666667 0.046484375
0 0.24296875 0.3353515625 0.08177083333333333 0.046484375
0 0.32916666666666666 0.3322265625 0.08645833333333333 0.050390625
0 0.42630208333333336 0.330859375 0.09427083333333333 0.05
0 0.625 0.3314453125 0.10416666666666667 0.054296875
0 0.25833333333333336 0.52421875 0.08020833333333334 0.0421875
0 0.19401041666666666 0.64140625 0.07864583333333333 0.04140625
0 0.43046875 0.53046875 0.0859375 0.0453125
0 0.06380208333333333 0.7931640625 0.06197916666666667 0.038671875
0 0.30104166666666665 0.806640625 0.06354166666666666 0.02578125
0 0.3765625 0.8318359375 0.08020833333333334 0.048046875
0 0.4630208333333333 0.8376953125 0.08645833333333333 0.054296875
0 0.8361979166666667 0.8658203125 0.0984375 0.046484375
0 0.7369791666666666 0.8564453125 0.0875 0.049609375
0 0.6427083333333333 0.848828125 0.08645833333333333 0.04921875
0 0.13385416666666666 0.8 0.071875 0.040625
0 0.5549479166666667 0.84375 0.0859375 0.0484375
0 0.5427083333333333 0.783203125 0.08645833333333333 0.05234375
0 0.45416666666666666 0.77734375 0.084375 0.053125
0 0.36875 0.769140625 0.08125 0.04921875
0 0.28515625 0.7626953125 0.08072916666666667 0.044921875
0 0.21328125 0.7431640625 0.059895833333333336 0.030859375
0 0.12005208333333334 0.746484375 0.06927083333333334 0.046875
0 0.044270833333333336 0.74296875 0.06770833333333333 0.0421875
0 0.6359375 0.790625 0.08958333333333333 0.05859375
0 0.8346354166666666 0.8083984375 0.0953125 0.060546875
0 0.21328125 0.8091796875 0.0796875 0.043359375
0 0.10338541666666666 0.8599609375 0.06822916666666666 0.044140625
0 0.34270833333333334 0.527734375 0.08645833333333333 0.04296875
0 0.3346354166666667 0.8861328125 0.07447916666666667 0.047265625
0 0.41848958333333336 0.8947265625 0.0828125 0.049609375
0 0.5049479166666667 0.9041015625 0.08072916666666667 0.052734375
0 0.5924479166666666 0.9126953125 0.08385416666666666 0.051953125
0 0.68515625 0.9212890625 0.09427083333333333 0.053515625
0 0.7786458333333334 0.930859375 0.08958333333333333 0.0515625
0 0.03229166666666667 0.8515625 0.06458333333333334 0.0421875
0 0.8807291666666667 0.9279296875 0.10208333333333333 0.051953125
0 0.25625 0.875390625 0.07604166666666666 0.04765625
0 0.27708333333333335 0.64453125 0.07708333333333334 0.04453125
0 0.35859375 0.64921875 0.08072916666666667 0.04765625
0 0.4432291666666667 0.6533203125 0.08333333333333333 0.043359375
0 0.5346354166666667 0.6587890625 0.09114583333333333 0.051171875
0 0.6299479166666667 0.6626953125 0.09322916666666667 0.050390625
0 0.17786458333333333 0.8662109375 0.07447916666666667 0.044140625
0 0.03828125 0.630859375 0.06822916666666666 0.04140625
0 0.7325520833333333 0.8025390625 0.0953125 0.054296875
0 0.115625 0.6380859375 0.07604166666666666 0.044140625
0 0.74296875 0.734375 0.0953125 0.053125
0 0.039322916666666666 0.0935546875 0.07864583333333333 0.076953125
0 0.04114583333333333 0.6892578125 0.07395833333333333 0.044921875
0 0.3536458333333333 0.5875 0.07916666666666666 0.046875
0 0.2671875 0.58515625 0.08541666666666667 0.04765625
0 0.18177083333333333 0.5814453125 0.078125 0.046484375
0 0.10234375 0.57890625 0.06927083333333334 0.04140625
0 0.030208333333333334 0.577734375 0.06041666666666667 0.03984375
0 0.5388020833333333 0.5970703125 0.09114583333333333 0.047265625
0 0.44114583333333335 0.5947265625 0.0875 0.045703125
0 0.6377604166666667 0.599609375 0.09322916666666667 0.04609375
0 0.8450520833333334 0.60859375 0.1078125 0.04609375
0 0.834375 0.5388671875 0.10729166666666666 0.047265625
0 0.7247395833333333 0.535546875 0.10364583333333334 0.046875
0 0.6231770833333333 0.533203125 0.09635416666666667 0.0453125
0 0.8419270833333333 0.737890625 0.09739583333333333 0.05703125
0 0.13072916666666667 0.090234375 0.09479166666666666 0.0734375
0 0.22552083333333334 0.0833984375 0.08854166666666667 0.089453125
0 0.7380208333333333 0.6048828125 0.09791666666666667 0.044921875
0 0.4317708333333333 0.0693359375 0.06041666666666667 0.086328125
0 0.6463541666666667 0.729296875 0.08958333333333333 0.0578125
0 0.3221354166666667 0.07890625 0.09427083333333333 0.084375
0 0.5513020833333333 0.7224609375 0.09114583333333333 0.056640625
0 0.46197916666666666 0.715234375 0.084375 0.0546875
0 0.37526041666666665 0.71171875 0.08177083333333333 0.04765625
0 0.29270833333333335 0.7064453125 0.08020833333333334 0.045703125
0 0.11875 0.69453125 0.078125 0.05
0 0.23984375 0.184375 0.08802083333333334 0.04765625
0 0.14895833333333333 0.1884765625 0.08541666666666667 0.046484375
0 0.5236979166666667 0.531640625 0.09739583333333333 0.0453125
0 0.06015625 0.19140625 0.08802083333333334 0.04609375
0 0.7520833333333333 0.1564453125 0.109375 0.055859375
0 0.5234375 0.0671875 0.10520833333333333 0.09140625
0 0.6403645833333333 0.164453125 0.10677083333333333 0.05078125
0 0.8765625 0.15078125 0.11770833333333333 0.05703125
0 0.8768229166666667 0.048046875 0.1265625 0.09375
0 0.7510416666666667 0.0498046875 0.115625 0.093359375
0 0.6330729166666667 0.05859375 0.1078125 0.09921875
