0 0.20894607843137256 0.4846813725490196 0.04044117647058824 0.07475490196078431
0 0.02287581699346405 0.3648897058823529 0.029411764705882353 0.09191176470588236
0 0.12765522875816993 0.4882046568627451 0.04125816993464052 0.07935049019607843
0 0.06311274509803921 0.5039828431372549 0.039624183006535946 0.08455882352941177
0 0.026143790849673203 0.5553002450980392 0.0392156862745098 0.014399509803921568
0 0.025122549019607844 0.5340073529411765 0.037173202614379085 0.02022058823529412
0 0.05371732026143791 0.36243872549019607 0.027369281045751634 0.10110294117647059
0 0.1693218954248366 0.4866727941176471 0.028186274509803922 0.08118872549019608
0 0.20159313725490197 0.34543504901960786 0.03553921568627451 0.08915441176470588
0 0.10457516339869281 0.36795343137254904 0.05228758169934641 0.04534313725490196
0 0.1597222222222222 0.3463541666666667 0.041666666666666664 0.08854166666666667
0 0.23447712418300654 0.34543504901960786 0.027777777777777776 0.08915441176470588
0 0.26776960784313725 0.34237132352941174 0.03390522875816993 0.0897671568627451
0 0.30637254901960786 0.34099264705882354 0.04003267973856209 0.08946078431372549
0 0.35437091503267976 0.36795343137254904 0.05024509803921569 0.026348039215686275
0 0.25674019607843135 0.47809436274509803 0.04044117647058824 0.08118872549019608
0 0.35355392156862747 0.34068627450980393 0.051879084967320264 0.024509803921568627
0 0.11049836601307189 0.31357230392156865 0.03227124183006536 0.04932598039215686
0 0.8770424836601307 0.42371323529411764 0.03676470588235294 0.07536764705882353
0 0.6058006535947712 0.4491421568627451 0.028594771241830064 0.07107843137254902
0 0.34129901960784315 0.4658394607843137 0.027369281045751634 0.078125
0 0.40727124183006536 0.35110294117647056 0.04738562091503268 0.04779411764705882
0 0.8415032679738562 0.43213848039215685 0.01715686274509804 0.06096813725490196
0 0.8198529411764706 0.4333639705882353 0.018790849673202614 0.06587009803921569
0 0.784109477124183 0.4348958333333333 0.030637254901960783 0.06403186274509803
0 0.7532679738562091 0.43704044117647056 0.02287581699346405 0.06587009803921569
0 0.727328431372549 0.4362745098039216 0.02900326797385621 0.07169117647058823
0 0.6928104575163399 0.44393382352941174 0.025326797385620915 0.06985294117647059
0 0.3053513071895425 0.4759497549019608 0.03799019607843137 0.07689950980392157
0 0.6658496732026143 0.44715073529411764 0.02696078431372549 0.06709558823529412
0 0.5704656862745098 0.4494485294117647 0.04125816993464052 0.07659313725490197
0 0.5263480392156863 0.45557598039215685 0.0298202614379085 0.06924019607843138
0 0.4877450980392157 0.4557291666666667 0.026143790849673203 0.08670343137254902
0 0.46262254901960786 0.45986519607843135 0.023284313725490197 0.08517156862745098
0 0.43729575163398693 0.4606311274509804 0.027369281045751634 0.08425245098039216
0 0.40604575163398693 0.4646139705882353 0.035130718954248366 0.07567401960784313
0 0.37111928104575165 0.4646139705882353 0.03227124183006536 0.08057598039215687
0 0.6362336601307189 0.44730392156862747 0.02900326797385621 0.06985294117647059
0 0.4507761437908497 0.33379289215686275 0.034722222222222224 0.07996323529411764
0 0.7387663398692811 0.22242647058823528 0.03553921568627451 0.04656862745098039
0 0.5102124183006536 0.33547794117647056 0.02287581699346405 0.06678921568627451
0 0.9405637254901961 0.20006127450980393 0.0428921568627451 0.08333333333333333
0 0.9810049019607843 0.19837622549019607 0.020833333333333332 0.07996323529411764
0 0.9779411764705882 0.30300245098039214 0.04084967320261438 0.0857843137254902
0 0.9156454248366013 0.3072916666666667 0.07883986928104575 0.08700980392156862
0 0.7969771241830066 0.7506127450980392 0.02042483660130719 0.00980392156862745
0 0.8235294117647058 0.3091299019607843 0.09640522875816994 0.08823529411764706
0 0.7616421568627451 0.32981004901960786 0.026552287581699346 0.060355392156862746
0 0.8931781045751634 0.22763480392156862 0.037173202614379085 0.028186274509803922
0 0.7316176470588235 0.34941789215686275 0.027777777777777776 0.022365196078431373
0 0.6748366013071896 0.32797181372549017 0.02287581699346405 0.07322303921568628
0 0.6452205882352942 0.3293504901960784 0.020833333333333332 0.06862745098039216
0 0.6219362745098039 0.3313419117647059 0.02246732026143791 0.0701593137254902
0 0.5939542483660131 0.32827818627450983 0.02369281045751634 0.07628676470588236
0 0.5620915032679739 0.3314950980392157 0.027777777777777776 0.0778186274509804
0 0.534109477124183 0.3333333333333333 0.01919934640522876 0.07169117647058823
0 0.9125816993464052 0.4368872549019608 0.025326797385620915 0.0392156862745098
0 0.6987336601307189 0.32996323529411764 0.02246732026143791 0.06985294117647059
0 0.8572303921568627 0.22763480392156862 0.03227124183006536 0.03308823529411765
0 0.7990196078431373 0.19975490196078433 0.07598039215686274 0.08762254901960784
0 0.6893382352941176 0.22104779411764705 0.05841503267973856 0.04381127450980392
0 0.029616013071895424 0.21200980392156862 0.05923202614379085 0.12683823529411764
0 0.09252450980392157 0.1956188725490196 0.04125816993464052 0.10324754901960784
0 0.13316993464052287 0.20481004901960784 0.0392156862745098 0.08854166666666667
0 0.17565359477124182 0.20894607843137256 0.03758169934640523 0.07965686274509803
0 0.21854575163398693 0.20419730392156862 0.04084967320261438 0.07996323529411764
0 0.26000816993464054 0.20787377450980393 0.04044117647058824 0.07751225490196079
0 0.29820261437908496 0.20680147058823528 0.03022875816993464 0.07291666666666667
0 0.32679738562091504 0.20925245098039216 0.02369281045751634 0.07291666666666667
0 0.3500816993464052 0.2106311274509804 0.022058823529411766 0.06893382352941177
0 0.38174019607843135 0.20848651960784315 0.034722222222222224 0.07138480392156862
0 0.41973039215686275 0.20572916666666666 0.04044117647058824 0.08057598039215687
0 0.4577205882352941 0.203125 0.0363562091503268 0.08272058823529412
0 0.4895833333333333 0.21568627450980393 0.023284313725490197 0.05943627450980392
0 0.5179738562091504 0.20710784313725492 0.031862745098039214 0.07598039215686274
0 0.5504493464052288 0.20649509803921567 0.0298202614379085 0.07965686274509803
0 0.5910947712418301 0.20787377450980393 0.04738562091503268 0.07506127450980392
0 0.6376633986928104 0.2029718137254902 0.04084967320261438 0.07996323529411764
0 0.4840686274509804 0.3327205882352941 0.027777777777777776 0.08026960784313726
0 0.9628267973856209 0.43995098039215685 0.05800653594771242 0.018995098039215685
0 0.8090277777777778 0.764859068627451 0.03227124183006536 0.011948529411764705
0 0.8668300653594772 0.5136335784313726 0.042483660130718956 0.04381127450980392
0 0.21466503267973855 0.7284007352941176 0.03308823529411765 0.09712009803921569
0 0.247140522875817 0.7215073529411765 0.027777777777777776 0.09313725490196079
0 0.27655228758169936 0.7143075980392157 0.028594771241830064 0.09283088235294118
0 0.3098447712418301 0.7144607843137255 0.03145424836601307 0.09558823529411764
0 0.34068627450980393 0.7064950980392157 0.026143790849673203 0.0857843137254902
0 0.36825980392156865 0.7003676470588235 0.026552287581699346 0.08639705882352941
0 0.4048202614379085 0.6942401960784313 0.0392156862745098 0.08394607843137254
0 0.4511846405228758 0.6899509803921569 0.04534313725490196 0.08272058823529412
0 0.5034722222222222 0.6783088235294118 0.04125816993464052 0.04963235294117647
0 0.5602532679738562 0.6700367647058824 0.04616013071895425 0.0857843137254902
0 0.5976307189542484 0.6606924019607843 0.028594771241830064 0.06464460784313726
0 0.6472630718954249 0.6657475490196079 0.03799019607843137 0.06311274509803921
0 0.6934232026143791 0.6565563725490197 0.04044117647058824 0.06862745098039216
0 0.7359068627450981 0.6462928921568627 0.039624183006535946 0.05545343137254902
0 0.7798202614379085 0.6564031862745098 0.03758169934640523 0.03462009803921569
0 0.8388480392156863 0.6248468137254902 0.04370915032679738 0.05545343137254902
0 0.8923611111111112 0.6230085784313726 0.03227124183006536 0.05667892156862745
0 0.18116830065359477 0.7322303921568627 0.0298202614379085 0.09497549019607843
0 0.9481209150326797 0.6113664215686274 0.031862745098039214 0.0548406862745098
0 0.14808006535947713 0.7359068627450981 0.03390522875816993 0.09558823529411764
0 0.018790849673202614 0.7801776960784313 0.03758169934640523 0.09528186274509803
0 0.5968137254901961 0.5559129901960784 0.01715686274509804 0.08792892156862746
0 0.5735294117647058 0.5615808823529411 0.027777777777777776 0.0778186274509804
0 0.5437091503267973 0.5664828431372549 0.029411764705882353 0.08026960784313726
0 0.516748366013072 0.5678615196078431 0.02287581699346405 0.08547794117647059
0 0.48733660130718953 0.5698529411764706 0.03431372549019608 0.08700980392156862
0 0.4540441176470588 0.5827205882352942 0.03227124183006536 0.06004901960784314
0 0.4238153594771242 0.5804227941176471 0.025735294117647058 0.08425245098039216
0 0.39419934640522875 0.5822610294117647 0.03022875816993464 0.09528186274509803
0 0.3611111111111111 0.585171568627451 0.031862745098039214 0.09620098039215687
0 0.3284313725490196 0.5879289215686274 0.03022875816993464 0.09436274509803921
0 0.29330065359477125 0.5885416666666666 0.03349673202614379 0.09803921568627451
0 0.9336192810457516 0.5306372549019608 0.07066993464052287 0.051470588235294115
0 0.22630718954248366 0.6000306372549019 0.03349673202614379 0.09712009803921569
0 0.18627450980392157 0.6202512254901961 0.04330065359477124 0.06770833333333333
0 0.13970588235294118 0.6260723039215687 0.0457516339869281 0.06770833333333333
0 0.061887254901960786 0.6841299019607843 0.1017156862745098 0.032475490196078434
0 0.0508578431372549 0.6518075980392157 0.0951797385620915 0.030330882352941176
0 0.0784313725490196 0.7717524509803921 0.07026143790849673 0.0974264705882353
0 0.6223447712418301 0.5520833333333334 0.0298202614379085 0.08517156862745098
0 0.9846813725490197 0.6083026960784313 0.03145424836601307 0.05606617647058824
0 0.099468954248366 0.9316789215686274 0.07393790849673203 0.12254901960784313
0 0.5996732026143791 0.8553921568627451 0.051470588235294115 0.012867647058823529
0 0.6384803921568627 0.75 0.0457516339869281 0.017769607843137254
0 0.6433823529411765 0.7720588235294118 0.04330065359477124 0.014093137254901961
0 0.6548202614379085 0.789828431372549 0.05310457516339869 0.011029411764705883
0 0.6468545751633987 0.8010110294117647 0.04370915032679738 0.009497549019607842
0 0.6625816993464052 0.8365502450980392 0.058823529411764705 0.013786764705882353
0 0.7148692810457516 0.7844669117647058 0.04820261437908497 0.017463235294117647
0 0.7171160130718954 0.8252144607843137 0.0494281045751634 0.01011029411764706
0 0.7167075163398693 0.8097426470588235 0.039624183006535946 0.015318627450980392
0 0.7616421568627451 0.7518382352941176 0.04616013071895425 0.012254901960784314
0 0.7626633986928104 0.7668504901960784 0.04493464052287582 0.013480392156862746
0 0.766952614379085 0.7810968137254902 0.046977124183006536 0.010723039215686275
0 0.7730800653594772 0.8020833333333334 0.037173202614379085 0.014093137254901961
0 0.9944852941176471 0.5186887254901961 0.012663398692810458 0.061274509803921566
0 0.9440359477124183 0.7642463235294118 0.058823529411764705 0.01991421568627451
0 0.866421568627451 0.7910539215686274 0.04738562091503268 0.025122549019607844
0 0.8180147058823529 0.8007046568627451 0.04370915032679738 0.01133578431372549
0 0.6025326797385621 0.8411458333333334 0.06372549019607843 0.013174019607843137
0 0.03125 0.9417892156862745 0.0625 0.11642156862745098
0 0.5917075163398693 0.8141850490196079 0.05759803921568627 0.011948529411764705
0 0.5888480392156863 0.780484068627451 0.051879084967320264 0.009497549019607842
0 0.17524509803921567 0.8933823529411765 0.07516339869281045 0.11764705882352941
0 0.2506127450980392 0.8497242647058824 0.07312091503267974 0.10202205882352941
0 0.34334150326797386 0.8307291666666666 0.09844771241830065 0.0977328431372549
0 0.35171568627450983 0.8973651960784313 0.05718954248366013 0.02022058823529412
0 0.4227941176470588 0.8806678921568627 0.05228758169934641 0.013174019607843137
0 0.41891339869281047 0.8972120098039216 0.054330065359477125 0.015012254901960785
0 0.4791666666666667 0.8691789215686274 0.056372549019607844 0.009191176470588236
0 0.4805964052287582 0.8811274509803921 0.053513071895424834 0.009191176470588236
0 0.47549019607843135 0.8030024509803921 0.06209150326797386 0.01838235294117647
0 0.4742647058823529 0.8190870098039216 0.06290849673202614 0.01011029411764706
0 0.48018790849673204 0.8302696078431373 0.05841503267973856 0.007965686274509803
0 0.4789624183006536 0.8451286764705882 0.0559640522875817 0.01133578431372549
0 0.5298202614379085 0.8103553921568627 0.0457516339869281 0.015931372549019607
0 0.5351307189542484 0.8265931372549019 0.05310457516339869 0.012867647058823529
0 0.5404411764705882 0.8537071078431373 0.051470588235294115 0.011948529411764705
0 0.5402369281045751 0.8655024509803921 0.054330065359477125 0.009191176470588236
0 0.5902777777777778 0.764859068627451 0.051470588235294115 0.014399509803921568
0 0.5819035947712419 0.7971813725490197 0.05106209150326797 0.011642156862745098
0 0.6484885620915033 0.5644914215686274 0.01838235294117647 0.04993872549019608
0 0.2608251633986928 0.5955882352941176 0.03227124183006536 0.09987745098039216
0 0.7904411764705882 0.5140931372549019 0.01715686274509804 0.03553921568627451
0 0.6756535947712419 0.547640931372549 0.03431372549019608 0.05912990196078431
0 0.7048611111111112 0.5533088235294118 0.015931372549019607 0.037377450980392156
0 0.826797385620915 0.5402879901960784 0.04820261437908497 0.020526960784313725
0 0.7945261437908496 0.5575980392156863 0.022058823529411766 0.01715686274509804
0 0.8316993464052288 0.5589767156862745 0.0392156862745098 0.015012254901960785
0 0.7569444444444444 0.5439644607843137 0.04656862745098039 0.06403186274509803
