0 0.5445261437908496 0.5301776960784313 0.058823529411764705 0.0352328431372549
0 0.6821895424836601 0.8953737745098039 0.061274509803921566 0.02542892156862745
0 0.6801470588235294 0.9267769607843137 0.05718954248366013 0.026348039215686275
0 0.6172385620915033 0.9267769607843137 0.06290849673202614 0.026348039215686275
0 0.6172385620915033 0.8959865196078431 0.05310457516339869 0.02665441176470588
0 0.6783088235294118 0.8615196078431373 0.05923202614379085 0.02267156862745098
0 0.6180555555555556 0.8606004901960784 0.049019607843137254 0.02696078431372549
0 0.5518790849673203 0.8858762254901961 0.05800653594771242 0.030330882352941176
0 0.5469771241830066 0.9250919117647058 0.06699346405228758 0.0272671568627451
0 0.48366013071895425 0.9209558823529411 0.056372549019607844 0.03308823529411765
0 0.4193218954248366 0.9244791666666666 0.06004901960784314 0.03155637254901961
0 0.35314542483660133 0.9221813725490197 0.05923202614379085 0.03308823529411765
0 0.022263071895424837 0.8714767156862745 0.025735294117647058 0.0664828431372549
0 0.0545343137254902 0.875 0.03227124183006536 0.07352941176470588
0 0.8112745098039216 0.530484068627451 0.061274509803921566 0.03462009803921569
0 0.7450980392156863 0.5298713235294118 0.061274509803921566 0.030943627450980393
0 0.7197712418300654 0.8046875 0.051470588235294115 0.030330882352941176
0 0.159109477124183 0.9266237745098039 0.05269607843137255 0.03155637254901961
0 0.21956699346405228 0.9224877450980392 0.05923202614379085 0.041666666666666664
0 0.2820669934640523 0.9247855392156863 0.05841503267973856 0.0352328431372549
0 0.8590686274509803 0.4811580882352941 0.06944444444444445 0.048100490196078434
0 0.9305555555555556 0.4799325980392157 0.06454248366013073 0.04381127450980392
0 0.9550653594771242 0.5329350490196079 0.0661764705882353 0.048100490196078434
0 0.6793300653594772 0.5291053921568627 0.05800653594771242 0.034926470588235295
0 0.2749183006535948 0.5346200980392157 0.06290849673202614 0.04718137254901961
0 0.3480392156862745 0.5350796568627451 0.061274509803921566 0.04871323529411765
0 0.4131944444444444 0.5321691176470589 0.06331699346405228 0.0428921568627451
0 0.47875816993464054 0.5309436274509803 0.058823529411764705 0.04044117647058824
0 0.6133578431372549 0.5300245098039216 0.061683006535947715 0.03799019607843137
0 0.2093545751633987 0.5341605392156863 0.061683006535947715 0.04381127450980392
0 0.4070669934640523 0.6185661764705882 0.056781045751633986 0.05821078431372549
0 0.7849264705882353 0.4810049019607843 0.06495098039215687 0.04840686274509804
0 0.3911356209150327 0.4091605392156863 0.06331699346405228 0.05545343137254902
0 0.32107843137254904 0.4010416666666667 0.06699346405228758 0.07659313725490197
0 0.24979575163398693 0.40119485294117646 0.06576797385620915 0.07873774509803921
0 0.17769607843137256 0.4010416666666667 0.06290849673202614 0.07659313725490197
0 0.12316176470588236 0.39920343137254904 0.03553921568627451 0.0778186274509804
0 0.7013888888888888 0.2587316176470588 0.06454248366013073 0.057291666666666664
0 0.6266339869281046 0.26087622549019607 0.07516339869281045 0.05545343137254902
0 0.5522875816993464 0.25965073529411764 0.06781045751633986 0.053002450980392156
0 0.4738562091503268 0.2619485294117647 0.06209150326797386 0.05575980392156863
0 0.40645424836601307 0.26026348039215685 0.06209150326797386 0.05912990196078431
0 0.3349673202614379 0.2493872549019608 0.06372549019607843 0.07598039215686274
0 0.26429738562091504 0.2503063725490196 0.06699346405228758 0.07169117647058823
0 0.19587418300653595 0.2522977941176471 0.061683006535947715 0.0701593137254902
0 0.12214052287581699 0.24892769607843138 0.0718954248366013 0.07935049019607843
0 0.6196895424836601 0.19868259803921567 0.06781045751633986 0.057291666666666664
0 0.5473856209150327 0.19852941176470587 0.06781045751633986 0.05759803921568627
0 0.4775326797385621 0.19898897058823528 0.0661764705882353 0.05912990196078431
0 0.463031045751634 0.40701593137254904 0.068218954248366 0.05545343137254902
0 0.7467320261437909 0.9252450980392157 0.05800653594771242 0.024509803921568627
0 0.5367647058823529 0.40900735294117646 0.06209150326797386 0.051470588235294115
0 0.6754493464052288 0.4096200980392157 0.06004901960784314 0.052083333333333336
0 0.7252859477124183 0.4805453431372549 0.04044117647058824 0.04932598039215686
0 0.6603349673202614 0.48238357843137253 0.06413398692810457 0.045649509803921566
0 0.5872140522875817 0.4806985294117647 0.0690359477124183 0.051470588235294115
0 0.5320669934640523 0.47901348039215685 0.027369281045751634 0.035845588235294115
0 0.5020424836601307 0.47870710784313725 0.02696078431372549 0.036458333333333336
0 0.45608660130718953 0.48223039215686275 0.060866013071895424 0.04595588235294118
0 0.3917483660130719 0.48330269607843135 0.05473856209150327 0.04871323529411765
0 0.32598039215686275 0.48131127450980393 0.06781045751633986 0.04779411764705882
0 0.2549019607843137 0.4834558823529412 0.06699346405228758 0.04595588235294118
0 0.18831699346405228 0.4810049019607843 0.06290849673202614 0.04840686274509804
0 0.1374591503267974 0.5294117647058824 0.04861111111111111 0.04350490196078431
0 0.12888071895424835 0.48514093137254904 0.04044117647058824 0.04013480392156863
0 0.9579248366013072 0.3472732843137255 0.0718954248366013 0.0548406862745098
0 0.9564950980392157 0.41191789215686275 0.0690359477124183 0.040747549019607844
0 0.8850081699346405 0.40778186274509803 0.05841503267973856 0.05269607843137255
0 0.8151552287581699 0.40808823529411764 0.0690359477124183 0.04840686274509804
0 0.7438725490196079 0.4074754901960784 0.06209150326797386 0.04963235294117647
0 0.6094771241830066 0.40609681372549017 0.059640522875817 0.05238970588235294
0 0.7453022875816994 0.8920036764705882 0.060866013071895424 0.0272671568627451
0 0.5892565359477124 0.8088235294117647 0.06004901960784314 0.03370098039215686
0 0.8792892156862745 0.8647365196078431 0.0625 0.02542892156862745
0 0.7046568627450981 0.1171875 0.058823529411764705 0.050551470588235295
0 0.7781862745098039 0.11228553921568628 0.07679738562091504 0.0628063725490196
0 0.8541666666666666 0.11090686274509803 0.06535947712418301 0.056372549019607844
0 0.9274918300653595 0.11106004901960784 0.07393790849673203 0.0628063725490196
0 0.9834558823529411 0.12040441176470588 0.03227124183006536 0.0392156862745098
0 0.8374183006535948 0.19653799019607843 0.06699346405228758 0.05912990196078431
0 0.6292892156862745 0.11381740196078431 0.068218954248366 0.05238970588235294
0 0.8490604575163399 0.25796568627450983 0.061683006535947715 0.056372549019607844
0 0.9799836601307189 0.2552083333333333 0.04084967320261438 0.05943627450980392
0 0.775531045751634 0.25995710784313725 0.07148692810457516 0.048100490196078434
0 0.7657271241830066 0.1956188725490196 0.06495098039215687 0.0585171568627451
0 0.6954656862745098 0.19730392156862744 0.06576797385620915 0.05514705882352941
0 0.4068627450980392 0.20174632352941177 0.06944444444444445 0.05606617647058824
0 0.6121323529411765 0.6202512254901961 0.05923202614379085 0.0548406862745098
0 0.9187091503267973 0.25612745098039214 0.0661764705882353 0.05759803921568627
0 0.6787173202614379 0.6188725490196079 0.06331699346405228 0.05759803921568627
0 0.5569852941176471 0.12009803921568628 0.061683006535947715 0.044730392156862746
0 0.11907679738562091 0.11580882352941177 0.068218954248366 0.06066176470588235
0 0.47814542483660133 0.6188725490196079 0.060866013071895424 0.05330882352941176
0 0.5445261437908496 0.6204044117647058 0.06209150326797386 0.05943627450980392
0 0.2659313725490196 0.11504289215686274 0.06699346405228758 0.057291666666666664
0 0.340890522875817 0.11274509803921569 0.07230392156862746 0.05943627450980392
0 0.41299019607843135 0.11427696078431372 0.06862745098039216 0.058823529411764705
0 0.2763480392156863 0.6207107843137255 0.05923202614379085 0.056372549019607844
0 0.4854983660130719 0.11274509803921569 0.06985294117647059 0.05698529411764706
0 0.20955882352941177 0.6187193627450981 0.05473856209150327 0.060355392156862746
0 0.023488562091503268 0.49387254901960786 0.04370915032679738 0.06556372549019608
0 0.030637254901960783 0.6573223039215687 0.05800653594771242 0.06832107843137254
0 0.9554738562091504 0.6194852941176471 0.06372549019607843 0.052083333333333336
0 0.8852124183006536 0.6225490196078431 0.06209150326797386 0.05024509803921569
0 0.8792892156862745 0.5289522058823529 0.0625 0.030330882352941176
0 0.19281045751633988 0.11473651960784313 0.0718954248366013 0.05545343137254902
0 0.14930555555555555 0.6211703431372549 0.053513071895424834 0.053002450980392156
0 0.7446895424836601 0.6170343137254902 0.06372549019607843 0.0545343137254902
0 0.8157679738562091 0.6178002450980392 0.061274509803921566 0.053002450980392156
0 0.1395016339869281 0.7284007352941176 0.04125816993464052 0.03216911764705882
0 0.20894607843137256 0.813265931372549 0.06004901960784314 0.02971813725490196
0 0.2724673202614379 0.8103553921568627 0.061274509803921566 0.030637254901960783
0 0.33700980392156865 0.8123468137254902 0.05800653594771242 0.029105392156862746
0 0.40012254901960786 0.8100490196078431 0.05923202614379085 0.03125
0 0.46568627450980393 0.8083639705882353 0.05800653594771242 0.03462009803921569
0 0.5257352941176471 0.805453431372549 0.05555555555555555 0.03125
0 0.15134803921568626 0.8118872549019608 0.04616013071895425 0.03002450980392157
0 0.3431372549019608 0.6190257352941176 0.05800653594771242 0.057291666666666664
0 0.8131127450980392 0.9267769607843137 0.05923202614379085 0.02389705882352941
0 0.8788807189542484 0.9257046568627451 0.05841503267973856 0.023590686274509803
0 0.946078431372549 0.9286151960784313 0.05473856209150327 0.029411764705882353
0 0.9344362745098039 0.8924632352941176 0.056781045751633986 0.022058823529411766
0 0.8737745098039216 0.8949142156862745 0.05473856209150327 0.02389705882352941
0 0.8108660130718954 0.8939950980392157 0.05718954248366013 0.025735294117647058
0 0.6584967320261438 0.8075980392156863 0.06045751633986928 0.03615196078431373
0 0.7816584967320261 0.8068321078431373 0.061683006535947715 0.02849264705882353
0 0.7730800653594772 0.7729779411764706 0.060866013071895424 0.020833333333333332
0 0.8496732026143791 0.8098958333333334 0.056372549019607844 0.02420343137254902
0 0.19362745098039216 0.7268688725490197 0.05718954248366013 0.030330882352941176
0 0.2542892156862745 0.7290134803921569 0.053513071895424834 0.033394607843137254
0 0.32536764705882354 0.7218137254901961 0.054330065359477125 0.03799019607843137
0 0.3888888888888889 0.7218137254901961 0.058823529411764705 0.03125
0 0.4526143790849673 0.7218137254901961 0.05718954248366013 0.03125
0 0.5175653594771242 0.7276348039215687 0.061274509803921566 0.03125
0 0.5833333333333334 0.7170649509803921 0.05473856209150327 0.02849264705882353
0 0.6427696078431373 0.7155330882352942 0.05759803921568627 0.02971813725490196
0 0.7081290849673203 0.7149203431372549 0.06576797385620915 0.026041666666666668
0 0.7781862745098039 0.7224264705882353 0.06781045751633986 0.03002450980392157
0 0.9142156862745098 0.7285539215686274 0.06454248366013073 0.024509803921568627
0 0.9325980392156863 0.6928615196078431 0.03676470588235294 0.03216911764705882
0 0.9763071895424836 0.7270220588235294 0.049019607843137254 0.032475490196078434
0 0.9728349673202614 0.8083639705882353 0.05514705882352941 0.02542892156862745
0 0.9121732026143791 0.8125 0.058823529411764705 0.026348039215686275
0 0.8092320261437909 0.8540134803921569 0.06045751633986928 0.021139705882352942
0 0.8500816993464052 0.7256433823529411 0.06045751633986928 0.026041666666666668
