0 0.8478349673202614 0.31755514705882354 0.014297385620915032 0.008884803921568627
0 0.9918300653594772 0.5582107843137255 0.016339869281045753 0.05514705882352941
0 0.445874183006536 0.7299325980392157 0.05106209150326797 0.07138480392156862
0 0.3858251633986928 0.742953431372549 0.05841503267973856 0.07169117647058823
0 0.5976307189542484 0.7553615196078431 0.0457516339869281 0.0585171568627451
0 0.5500408496732027 0.7683823529411765 0.044526143790849675 0.061274509803921566
0 0.5002042483660131 0.7830882352941176 0.0494281045751634 0.06495098039215687
0 0.4462826797385621 0.8010110294117647 0.051879084967320264 0.06464460784313726
0 0.3888888888888889 0.8184742647058824 0.05555555555555555 0.06770833333333333
0 0.32373366013071897 0.836703431372549 0.06413398692810457 0.0704656862745098
0 0.6090686274509803 0.5465686274509803 0.049019607843137254 0.061274509803921566
0 0.5604575163398693 0.5519301470588235 0.04493464052287582 0.06587009803921569
0 0.5071486928104575 0.5589767156862745 0.054330065359477125 0.06893382352941177
0 0.6096813725490197 0.610140931372549 0.04779411764705882 0.06341911764705882
0 0.5616830065359477 0.6188725490196079 0.041666666666666664 0.06556372549019608
0 0.5108251633986928 0.6288296568627451 0.053513071895424834 0.06464460784313726
0 0.3214869281045752 0.5845588235294118 0.06862745098039216 0.0778186274509804
0 0.5010212418300654 0.7147671568627451 0.05106209150326797 0.06433823529411764
0 0.3233251633986928 0.664828431372549 0.07230392156862746 0.07291666666666667
0 0.551062091503268 0.7028186274509803 0.04330065359477124 0.06372549019607843
0 0.6472630718954249 0.7118566176470589 0.02900326797385621 0.08854166666666667
0 0.8715277777777778 0.20986519607843138 0.024918300653594773 0.08823529411764706
0 0.8427287581699346 0.20618872549019607 0.031862745098039214 0.08946078431372549
0 0.815359477124183 0.203125 0.0196078431372549 0.09191176470588236
0 0.7928921568627451 0.20174632352941177 0.02042483660130719 0.09589460784313726
0 0.7657271241830066 0.19684436274509803 0.03145424836601307 0.10079656862745098
0 0.7310049019607843 0.1946997549019608 0.03227124183006536 0.10692401960784313
0 0.6944444444444444 0.15471813725490197 0.03594771241830065 0.1096813725490196
0 0.6605392156862745 0.15088848039215685 0.03022875816993464 0.11488970588235294
0 0.6919934640522876 0.2763480392156863 0.025326797385620915 0.1090686274509804
0 0.6695261437908496 0.2777267156862745 0.01715686274509804 0.1056985294117647
0 0.6868872549019608 0.3874080882352941 0.04044117647058824 0.10386029411764706
0 0.6836192810457516 0.4960171568627451 0.025735294117647058 0.10110294117647059
0 0.6607434640522876 0.5036764705882353 0.016748366013071895 0.09252450980392157
0 0.6548202614379085 0.6063112745098039 0.015522875816993464 0.08884803921568628
0 0.673202614379085 0.7026654411764706 0.0196078431372549 0.08486519607843138
0 0.6006944444444444 0.6928615196078431 0.051879084967320264 0.06096813725490196
0 0.8980800653594772 0.21292892156862744 0.025735294117647058 0.08394607843137254
0 0.6129493464052288 0.4056372549019608 0.04861111111111111 0.06801470588235294
0 0.5100081699346405 0.4094669117647059 0.054330065359477125 0.07383578431372549
0 0.5061274509803921 0.07306985294117647 0.049836601307189546 0.078125
0 0.44812091503267976 0.05805759803921569 0.061274509803921566 0.08241421568627451
0 0.3792892156862745 0.04886642156862745 0.06495098039215687 0.08731617647058823
0 0.30657679738562094 0.04212622549019608 0.0755718954248366 0.08425245098039216
0 0.6194852941176471 0.16743259803921567 0.046977124183006536 0.07567401960784313
0 0.5667892156862745 0.16069240196078433 0.0494281045751634 0.07751225490196079
0 0.5083741830065359 0.15517769607843138 0.05106209150326797 0.07873774509803921
0 0.4513888888888889 0.14751838235294118 0.058823529411764705 0.08915441176470588
0 0.3815359477124183 0.13893995098039216 0.06862745098039216 0.08486519607843138
0 0.3088235294117647 0.13174019607843138 0.07434640522875817 0.08762254901960784
0 0.2062908496732026 0.3851102941176471 0.049836601307189546 0.15257352941176472
0 0.14930555555555555 0.38863357843137253 0.060866013071895424 0.15962009803921567
0 0.20894607843137256 0.18826593137254902 0.024101307189542485 0.14736519607843138
0 0.16891339869281047 0.1792279411764706 0.051879084967320264 0.16115196078431374
0 0.11213235294117647 0.17677696078431374 0.05759803921568627 0.16053921568627452
0 0.5655637254901961 0.08057598039215687 0.0494281045751634 0.08026960784313726
0 0.5633169934640523 0.4074754901960784 0.04493464052287582 0.07169117647058823
0 0.6180555555555556 0.08884803921568628 0.049836601307189546 0.07352941176470588
0 0.38112745098039214 0.3170955882352941 0.06290849673202614 0.08026960784313726
0 0.6113153594771242 0.4733455882352941 0.05106209150326797 0.06556372549019608
0 0.5618872549019608 0.47870710784313725 0.04534313725490196 0.06587009803921569
0 0.5098039215686274 0.48422181372549017 0.05392156862745098 0.06832107843137254
0 0.445874183006536 0.4895833333333333 0.05923202614379085 0.07230392156862746
0 0.32741013071895425 0.4955575980392157 0.06576797385620915 0.08057598039215687
0 0.6151960784313726 0.24632352941176472 0.04738562091503268 0.06985294117647059
0 0.5641339869281046 0.24417892156862744 0.05228758169934641 0.07659313725490197
0 0.5087826797385621 0.23881740196078433 0.05514705882352941 0.08057598039215687
0 0.44893790849673204 0.23682598039215685 0.05718954248366013 0.07904411764705882
0 0.3827614379084967 0.23069852941176472 0.06944444444444445 0.08333333333333333
0 0.3075980392156863 0.2271752450980392 0.06862745098039216 0.08486519607843138
0 0.6125408496732027 0.3193933823529412 0.053513071895424834 0.07199754901960784
0 0.5610702614379085 0.31954656862745096 0.04616013071895425 0.07230392156862746
0 0.5091911764705882 0.31893382352941174 0.05269607843137255 0.07720588235294118
0 0.44812091503267976 0.3174019607843137 0.06372549019607843 0.08088235294117647
0 0.3125 0.3161764705882353 0.07026143790849673 0.08700980392156862
0 0.9264705882352942 0.21568627450980393 0.02696078431372549 0.08333333333333333
0 0.9515931372549019 0.2190563725490196 0.017565359477124183 0.08149509803921569
0 0.9726307189542484 0.22196691176470587 0.02042483660130719 0.07689950980392157
0 0.7293709150326797 0.6668198529411765 0.03227124183006536 0.03400735294117647
0 0.8312908496732027 0.6790747549019608 0.026143790849673203 0.02665441176470588
0 0.8014705882352942 0.6848958333333334 0.028594771241830064 0.03462009803921569
0 0.7671568627450981 0.6919424019607843 0.03431372549019608 0.035845588235294115
0 0.7312091503267973 0.7032781862745098 0.032679738562091505 0.03278186274509804
0 0.6891339869281046 0.6178002450980392 0.04738562091503268 0.07199754901960784
0 0.6979166666666666 0.6931678921568627 0.028186274509803922 0.07199754901960784
0 0.9895833333333334 0.4885110294117647 0.020016339869281044 0.03216911764705882
0 0.9889705882352942 0.4560355392156863 0.022058823529411766 0.030943627450980393
0 0.9632352941176471 0.4580269607843137 0.02696078431372549 0.030637254901960783
0 0.9360702614379085 0.46109068627450983 0.023284313725490197 0.032475490196078434
0 0.9125816993464052 0.4615502450980392 0.018790849673202614 0.03155637254901961
0 0.8878676470588235 0.4664522058823529 0.0298202614379085 0.030330882352941176
0 0.9644607843137255 0.4915747549019608 0.02696078431372549 0.03216911764705882
0 0.9344362745098039 0.49525122549019607 0.02900326797385621 0.03278186274509804
0 0.7653186274509803 0.6573223039215687 0.03308823529411765 0.030330882352941176
0 0.9066584967320261 0.4990808823529412 0.024101307189542485 0.031862745098039214
0 0.7977941176470589 0.6504289215686274 0.03022875816993464 0.03125
0 0.7299836601307189 0.6285232843137255 0.03349673202614379 0.036458333333333336
0 0.9622140522875817 0.5657169117647058 0.0363562091503268 0.05912990196078431
0 0.9634395424836601 0.6266850490196079 0.03553921568627451 0.057904411764705885
0 0.9274918300653595 0.5563725490196079 0.026552287581699346 0.03002450980392157
0 0.9291258169934641 0.5902267156862745 0.027369281045751634 0.03155637254901961
0 0.9301470588235294 0.6217830882352942 0.02287581699346405 0.029105392156862746
0 0.9291258169934641 0.6537990196078431 0.024101307189542485 0.031862745098039214
0 0.8850081699346405 0.5844056372549019 0.05759803921568627 0.0628063725490196
0 0.8854166666666666 0.6487438725490197 0.05841503267973856 0.06158088235294118
0 0.8378267973856209 0.5730698529411765 0.03104575163398693 0.03155637254901961
0 0.8016748366013072 0.5810355392156863 0.034722222222222224 0.03462009803921569
0 0.7653186274509803 0.5863970588235294 0.03308823529411765 0.034926470588235295
0 0.7314133986928104 0.5917585784313726 0.03308823529411765 0.03278186274509804
0 0.8390522875816994 0.610140931372549 0.03349673202614379 0.033394607843137254
0 0.8012663398692811 0.6142769607843137 0.03145424836601307 0.03125
0 0.7655228758169934 0.6223958333333334 0.03104575163398693 0.03462009803921569
0 0.8376225490196079 0.6462928921568627 0.030637254901960783 0.029105392156862746
0 0.8821486928104575 0.5033700980392157 0.023284313725490197 0.032475490196078434
0 0.8521241830065359 0.5081188725490197 0.03104575163398693 0.0352328431372549
0 0.8163807189542484 0.5139399509803921 0.03145424836601307 0.036458333333333336
0 0.9846813725490197 0.33777573529411764 0.010212418300653595 0.008884803921568627
0 0.9707924836601307 0.33762254901960786 0.011029411764705883 0.00857843137254902
0 0.9536356209150327 0.33792892156862747 0.010212418300653595 0.007352941176470588
0 0.9869281045751634 0.32230392156862747 0.012254901960784314 0.007965686274509803
0 0.9709967320261438 0.32199754901960786 0.011437908496732025 0.007352941176470588
0 0.9556781045751634 0.3235294117647059 0.01184640522875817 0.007965686274509803
0 0.846609477124183 0.3327205882352941 0.01184640522875817 0.007352941176470588
0 0.8223039215686274 0.33639705882352944 0.013888888888888888 0.007965686274509803
0 0.7977941176470589 0.33379289215686275 0.013071895424836602 0.009497549019607842
0 0.8131127450980392 0.3177083333333333 0.012663398692810458 0.009191176470588236
0 0.7918709150326797 0.3160232843137255 0.01511437908496732 0.01011029411764706
0 0.7696078431372549 0.3134191176470588 0.010620915032679739 0.009191176470588236
0 0.7745098039215687 0.3314950980392157 0.012254901960784314 0.009191176470588236
0 0.7171160130718954 0.33409926470588236 0.013480392156862746 0.01011029411764706
0 0.9920343137254902 0.22441789215686275 0.014297385620915032 0.07322303921568628
0 0.7162990196078431 0.3762254901960784 0.014297385620915032 0.06433823529411764
0 0.7334558823529411 0.3746936274509804 0.017565359477124183 0.06556372549019608
0 0.7559232026143791 0.37346813725490197 0.020016339869281044 0.06311274509803921
0 0.7775735294117647 0.37224264705882354 0.01838235294117647 0.06066176470588235
0 0.7839052287581699 0.47763480392156865 0.03349673202614379 0.03615196078431373
0 0.7479575163398693 0.48131127450980393 0.035130718954248366 0.034926470588235295
0 0.7132352941176471 0.48621323529411764 0.03104575163398693 0.04044117647058824
0 0.7804330065359477 0.5171568627450981 0.034722222222222224 0.03615196078431373
0 0.7461192810457516 0.522671568627451 0.02900326797385621 0.03676470588235294
0 0.7138480392156863 0.5271139705882353 0.03227124183006536 0.03952205882352941
0 0.9899918300653595 0.37025122549019607 0.020833333333333332 0.050551470588235295
0 0.9910130718954249 0.6176470588235294 0.01715686274509804 0.05698529411764706
0 0.9618055555555556 0.3714767156862745 0.015931372549019607 0.053002450980392156
0 0.9295343137254902 0.3708639705882353 0.02165032679738562 0.05606617647058824
0 0.909109477124183 0.37254901960784315 0.01184640522875817 0.05943627450980392
0 0.8941993464052288 0.37331495098039214 0.013071895424836602 0.06096813725490196
0 0.8566176470588235 0.37362132352941174 0.02042483660130719 0.05912990196078431
0 0.8764297385620915 0.37316176470588236 0.017565359477124183 0.05821078431372549
0 0.8312908496732027 0.37346813725490197 0.02042483660130719 0.058823529411764705
0 0.8006535947712419 0.3740808823529412 0.024509803921568627 0.06004901960784314
0 0.9481209150326797 0.3707107843137255 0.011437908496732025 0.05392156862745098
