0 0.875 0.8685661764705882 0.06209150326797386 0.027573529411764705
0 0.28227124183006536 0.8642769607843137 0.06290849673202614 0.03125
0 0.34824346405228757 0.8655024509803921 0.06413398692810457 0.030637254901960783
0 0.414624183006536 0.8556985294117647 0.05473856209150327 0.026348039215686275
0 0.4738562091503268 0.8639705882352942 0.058823529411764705 0.030637254901960783
0 0.19607843137254902 0.5657169117647058 0.06045751633986928 0.057904411764705885
0 0.943218954248366 0.866421568627451 0.06781045751633986 0.026348039215686275
0 0.4166666666666667 0.9656862745098039 0.06290849673202614 0.032475490196078434
0 0.2659313725490196 0.5687806372549019 0.06781045751633986 0.0548406862745098
0 0.09906045751633986 0.9595588235294118 0.05514705882352941 0.03553921568627451
0 0.16380718954248366 0.9659926470588235 0.06290849673202614 0.03002450980392157
0 0.2295751633986928 0.9626225490196079 0.059640522875817 0.031862745098039214
0 0.2916666666666667 0.9632352941176471 0.061274509803921566 0.03370098039215686
0 0.3560049019607843 0.9656862745098039 0.05514705882352941 0.028799019607843136
0 0.4840686274509804 0.9662990196078431 0.06699346405228758 0.028186274509803922
0 0.03676470588235294 0.9522058823529411 0.05718954248366013 0.02696078431372549
0 0.3372140522875817 0.5577512254901961 0.06331699346405228 0.057291666666666664
0 0.5467728758169934 0.9650735294117647 0.05759803921568627 0.028186274509803922
0 0.4709967320261438 0.5497855392156863 0.05718954248366013 0.07506127450980392
0 0.3372140522875817 0.7827818627450981 0.0625 0.03370098039215686
0 0.272875816993464 0.7837009803921569 0.06454248366013073 0.032475490196078434
0 0.20669934640522875 0.7830882352941176 0.06699346405228758 0.03308823529411765
0 0.13868464052287582 0.7840073529411765 0.060866013071895424 0.03308823529411765
0 0.07761437908496732 0.7833946078431373 0.061274509803921566 0.03553921568627451
0 0.02246732026143791 0.7849264705882353 0.04084967320261438 0.034926470588235295
0 0.09089052287581699 0.7437193627450981 0.07148692810457516 0.03216911764705882
0 0.4812091503267974 0.42141544117647056 0.06944444444444445 0.05974264705882353
0 0.5529003267973857 0.42018995098039214 0.06985294117647059 0.0585171568627451
0 0.6274509803921569 0.4174325980392157 0.0727124183006536 0.057904411764705885
0 0.7026143790849673 0.41681985294117646 0.0718954248366013 0.05912990196078431
0 0.7767565359477124 0.41712622549019607 0.07312091503267974 0.060355392156862746
0 0.8537581699346405 0.41559436274509803 0.07679738562091504 0.06158088235294118
0 0.3449754901960784 0.5162377450980392 0.06576797385620915 0.02022058823529412
0 0.27736928104575165 0.5180759803921569 0.061274509803921566 0.022058823529411766
0 0.20833333333333334 0.5217524509803921 0.07026143790849673 0.025122549019607844
0 0.10110294117647059 0.515625 0.0428921568627451 0.03002450980392157
0 0.4076797385620915 0.5122549019607843 0.061274509803921566 0.027573529411764705
0 0.3355800653594771 0.4189644607843137 0.06331699346405228 0.06096813725490196
0 0.40808823529411764 0.42141544117647056 0.07026143790849673 0.05912990196078431
0 0.5353349673202614 0.8651960784313726 0.05923202614379085 0.028186274509803922
0 0.8104575163398693 0.866421568627451 0.06372549019607843 0.032475490196078434
0 0.7381535947712419 0.8670343137254902 0.06944444444444445 0.027573529411764705
0 0.41013071895424835 0.5580575980392157 0.06454248366013073 0.057904411764705885
0 0.6711601307189542 0.866421568627451 0.06209150326797386 0.029411764705882353
0 0.15808823529411764 0.8639705882352942 0.059640522875817 0.030637254901960783
0 0.09170751633986927 0.8667279411764706 0.0690359477124183 0.03002450980392157
0 0.028594771241830064 0.8627450980392157 0.05310457516339869 0.03125
0 0.9330065359477124 0.41620710784313725 0.07598039215686274 0.06158088235294118
0 0.38562091503267976 0.35294117647058826 0.06209150326797386 0.03308823529411765
0 0.04534313725490196 0.5150122549019608 0.06209150326797386 0.03002450980392157
0 0.21895424836601307 0.8651960784313726 0.058823529411764705 0.03125
0 0.6131535947712419 0.9678308823529411 0.06454248366013073 0.024509803921568627
0 0.6008986928104575 0.8658088235294118 0.06862745098039216 0.03125
0 0.738562091503268 0.9534313725490197 0.05392156862745098 0.026348039215686275
0 0.8033088235294118 0.08011642156862746 0.0763888888888889 0.07199754901960784
0 0.7205882352941176 0.08164828431372549 0.08333333333333333 0.07138480392156862
0 0.6348039215686274 0.08256740196078431 0.08333333333333333 0.07322303921568628
0 0.5561683006535948 0.0822610294117647 0.07230392156862746 0.07261029411764706
0 0.06781045751633986 0.0978860294117647 0.07679738562091504 0.036458333333333336
0 0.1497140522875817 0.0975796568627451 0.07965686274509803 0.0389093137254902
0 0.22916666666666666 0.09635416666666667 0.07598039215686274 0.036458333333333336
0 0.31924019607843135 0.0822610294117647 0.07066993464052287 0.06341911764705882
0 0.39419934640522875 0.08379289215686274 0.07598039215686274 0.06158088235294118
0 0.1301062091503268 0.5678615196078431 0.06985294117647059 0.050551470588235295
0 0.05718954248366013 0.5761335784313726 0.06944444444444445 0.03278186274509804
0 0.5332924836601307 0.48590686274509803 0.05514705882352941 0.03002450980392157
0 0.6008986928104575 0.49387254901960786 0.06045751633986928 0.0428921568627451
0 0.6658496732026143 0.49264705882352944 0.06781045751633986 0.042279411764705885
0 0.7324346405228758 0.4892769607843137 0.06209150326797386 0.0428921568627451
0 0.9407679738562091 0.7867647058823529 0.06699346405228758 0.032475490196078434
0 0.8680555555555556 0.7861519607843137 0.06862745098039216 0.03002450980392157
0 0.8004493464052288 0.7855392156862745 0.06331699346405228 0.03002450980392157
0 0.733251633986928 0.7849264705882353 0.059640522875817 0.026348039215686275
0 0.5996732026143791 0.7846200980392157 0.0661764705882353 0.02696078431372549
0 0.5349264705882353 0.7855392156862745 0.0625 0.02696078431372549
0 0.7369281045751634 0.7394301470588235 0.06290849673202614 0.02849264705882353
0 0.6678921568627451 0.7486213235294118 0.059640522875817 0.029105392156862746
0 0.6049836601307189 0.7559742647058824 0.06454248366013073 0.029105392156862746
0 0.5377859477124183 0.7538296568627451 0.06413398692810457 0.033394607843137254
0 0.46895424836601307 0.7833946078431373 0.061274509803921566 0.029411764705882353
0 0.40441176470588236 0.7806372549019608 0.06290849673202614 0.032475490196078434
0 0.8790849673202614 0.0819546568627451 0.07434640522875817 0.07199754901960784
0 0.9634395424836601 0.08042279411764706 0.0755718954248366 0.07138480392156862
0 0.10151143790849673 0.24586397058823528 0.0763888888888889 0.0389093137254902
0 0.18055555555555555 0.24647671568627452 0.07598039215686274 0.0389093137254902
0 0.678921568627451 0.9669117647058824 0.06454248366013073 0.023284313725490197
0 0.26633986928104575 0.4195772058823529 0.06781045751633986 0.05974264705882353
0 0.19730392156862744 0.4180453431372549 0.0727124183006536 0.06219362745098039
0 0.12888071895424835 0.4186580882352941 0.05759803921568627 0.0585171568627451
0 0.05759803921568627 0.4296875 0.0784313725490196 0.036458333333333336
0 0.06004901960784314 0.3900122549019608 0.06781045751633986 0.03370098039215686
0 0.05514705882352941 0.35355392156862747 0.07352941176470588 0.037377450980392156
0 0.03104575163398693 0.28737745098039214 0.05228758169934641 0.03676470588235294
0 0.10723039215686274 0.28768382352941174 0.07066993464052287 0.03308823529411765
0 0.18055555555555555 0.2861519607843137 0.07516339869281045 0.037377450980392156
0 0.25612745098039214 0.28707107843137253 0.07107843137254902 0.03431372549019608
0 0.3290441176470588 0.2867647058823529 0.0755718954248366 0.03553921568627451
0 0.4048202614379085 0.28737745098039214 0.07107843137254902 0.03676470588235294
0 0.943218954248366 0.9613970588235294 0.06781045751633986 0.03125
0 0.47671568627450983 0.28799019607843135 0.07026143790849673 0.03799019607843137
0 0.7963643790849673 0.21691176470588236 0.0625 0.04350490196078431
0 0.8570261437908496 0.21783088235294118 0.05555555555555555 0.04411764705882353
0 0.9513888888888888 0.21415441176470587 0.07107843137254902 0.049019607843137254
0 0.9444444444444444 0.2734375 0.09068627450980392 0.0585171568627451
0 0.8615196078431373 0.27190563725490197 0.0718954248366013 0.06341911764705882
0 0.786968954248366 0.2728247549019608 0.07312091503267974 0.06587009803921569
0 0.7066993464052288 0.27558210784313725 0.08006535947712418 0.06770833333333333
0 0.6294934640522876 0.2734375 0.0727124183006536 0.06464460784313726
0 0.5549428104575164 0.2722120098039216 0.07802287581699346 0.06709558823529412
0 0.4750816993464052 0.24770220588235295 0.07352941176470588 0.03952205882352941
0 0.40236928104575165 0.24862132352941177 0.07107843137254902 0.03829656862745098
0 0.3278186274509804 0.24862132352941177 0.07230392156862746 0.040747549019607844
0 0.255718954248366 0.24770220588235295 0.07107843137254902 0.04258578431372549
0 0.7308006535947712 0.21599264705882354 0.06372549019607843 0.04656862745098039
0 0.8016748366013072 0.49111519607843135 0.06576797385620915 0.051470588235294115
0 0.6666666666666666 0.7837009803921569 0.06535947712418301 0.026348039215686275
0 0.40032679738562094 0.6878063725490197 0.06699346405228758 0.03431372549019608
0 0.6854575163398693 0.5687806372549019 0.0661764705882353 0.057904411764705885
0 0.7555147058823529 0.5678615196078431 0.07148692810457516 0.05974264705882353
0 0.8308823529411765 0.5709252450980392 0.0718954248366013 0.06219362745098039
0 0.9056372549019608 0.5700061274509803 0.07434640522875817 0.06464460784313726
0 0.9728349673202614 0.5651041666666666 0.05759803921568627 0.05974264705882353
0 0.07598039215686274 0.6455269607843137 0.07026143790849673 0.03431372549019608
0 0.8065767973856209 0.9659926470588235 0.06740196078431372 0.03125
0 0.068218954248366 0.6908700980392157 0.06699346405228758 0.03308823529411765
0 0.1423611111111111 0.6868872549019608 0.07230392156862746 0.0392156862745098
0 0.26919934640522875 0.6819852941176471 0.05718954248366013 0.030637254901960783
0 0.8700980392156863 0.9543504901960784 0.056372549019607844 0.025122549019607844
0 0.3314950980392157 0.6865808823529411 0.06331699346405228 0.03676470588235294
0 0.06740196078431372 0.05821078431372549 0.08169934640522876 0.0428921568627451
0 0.6123366013071896 0.5681678921568627 0.07107843137254902 0.05606617647058824
0 0.14522058823529413 0.056372549019607844 0.07066993464052287 0.04350490196078431
0 0.31352124183006536 0.02696078431372549 0.0763888888888889 0.0508578431372549
0 0.3954248366013072 0.02849264705882353 0.0857843137254902 0.04718137254901961
0 0.4783496732026144 0.027573529411764705 0.08006535947712418 0.049019607843137254
0 0.47630718954248363 0.08348651960784313 0.07924836601307189 0.05974264705882353
0 0.4681372549019608 0.6795343137254902 0.059640522875817 0.03799019607843137
0 0.5345179738562091 0.6666666666666666 0.061683006535947715 0.052083333333333336
0 0.6017156862745098 0.6776960784313726 0.07026143790849673 0.05269607843137255
0 0.6711601307189542 0.6776960784313726 0.07026143790849673 0.051470588235294115
0 0.741421568627451 0.6780024509803921 0.06862745098039216 0.05330882352941176
0 0.8139297385620915 0.6776960784313726 0.07393790849673203 0.05759803921568627
0 0.8811274509803921 0.6700367647058824 0.05800653594771242 0.05269607843137255
0 0.9546568627450981 0.6773897058823529 0.0784313725490196 0.05514705882352941
0 0.025735294117647058 0.7418811274509803 0.04738562091503268 0.03400735294117647
0 0.22140522875816993 0.05422794117647059 0.0718954248366013 0.04411764705882353
0 0.5381944444444444 0.5684742647058824 0.0690359477124183 0.057291666666666664
0 0.20915032679738563 0.6807598039215687 0.059640522875817 0.03431372549019608
0 0.9387254901960784 0.4944852941176471 0.07924836601307189 0.04779411764705882
0 0.8676470588235294 0.49172794117647056 0.06372549019607843 0.05392156862745098
