0 0.7045036764705882 0.8472222222222222 0.047487745098039214 0.05555555555555555
0 0.7561274509803921 0.8560049019607843 0.051470588235294115 0.06004901960784314
0 0.5955882352941176 0.6660539215686274 0.052083333333333336 0.05923202614379085
0 0.5422794117647058 0.6633986928104575 0.04963235294117647 0.05800653594771242
0 0.6531862745098039 0.667687908496732 0.05269607843137255 0.0625
0 0.8233762254901961 0.6125408496732027 0.05238970588235294 0.06985294117647059
0 0.49080882352941174 0.661968954248366 0.04963235294117647 0.061683006535947715
0 0.9427083333333334 0.6840277777777778 0.05759803921568627 0.0625
0 0.7049632352941176 0.7918709150326797 0.05024509803921569 0.051879084967320264
0 0.8233762254901961 0.6797385620915033 0.05238970588235294 0.06045751633986928
0 0.6533394607843137 0.6013071895424836 0.0548406862745098 0.06454248366013073
0 0.5972732843137255 0.6025326797385621 0.050551470588235295 0.06699346405228758
0 0.8848039215686274 0.6151960784313726 0.05759803921568627 0.0661764705882353
0 0.9454656862745098 0.6127450980392157 0.05821078431372549 0.06781045751633986
0 0.7588848039215687 0.795751633986928 0.049019607843137254 0.05310457516339869
0 0.49463848039215685 0.7203839869281046 0.050551470588235295 0.05024509803921569
0 0.8837316176470589 0.6821895424836601 0.05667892156862745 0.06290849673202614
0 0.546109068627451 0.7232434640522876 0.046262254901960786 0.0559640522875817
0 0.8768382352941176 0.7448937908496732 0.05269607843137255 0.05759803921568627
0 0.6522671568627451 0.7297794117647058 0.0508578431372549 0.0559640522875817
0 0.8733149509803921 0.8041258169934641 0.05422794117647059 0.056781045751633986
0 0.8694852941176471 0.8688725490196079 0.05269607843137255 0.06454248366013073
0 0.8201593137254902 0.7389705882352942 0.052083333333333336 0.05473856209150327
0 0.8147977941176471 0.8000408496732027 0.05606617647058824 0.061683006535947715
0 0.15226715686274508 0.44281045751633985 0.028799019607843136 0.11519607843137254
0 0.930453431372549 0.8082107843137255 0.05269607843137255 0.0625
0 0.9362745098039216 0.7465277777777778 0.05575980392156863 0.05923202614379085
0 0.811734068627451 0.863562091503268 0.0548406862745098 0.05800653594771242
0 0.7653186274509803 0.6719771241830066 0.05514705882352941 0.06454248366013073
0 0.5980392156862745 0.7267156862745098 0.052083333333333336 0.05392156862745098
0 0.7090992647058824 0.6695261437908496 0.05361519607843137 0.06372549019607843
0 0.7613357843137255 0.7352941176470589 0.05024509803921569 0.06045751633986928
0 0.4990808823529412 0.8335375816993464 0.04840686274509804 0.056781045751633986
0 0.5507046568627451 0.8376225490196079 0.046875 0.053513071895424834
0 0.6009497549019608 0.8421160130718954 0.04932598039215686 0.054330065359477125
0 0.6510416666666666 0.8443627450980392 0.04718137254901961 0.058823529411764705
0 0.6511948529411765 0.7851307189542484 0.050551470588235295 0.05310457516339869
0 0.5989583333333334 0.784109477124183 0.05024509803921569 0.05759803921568627
0 0.5471813725490197 0.7800245098039216 0.04840686274509804 0.051879084967320264
0 0.4954044117647059 0.7743055555555556 0.049019607843137254 0.053513071895424834
0 0.7066482843137255 0.7344771241830066 0.05361519607843137 0.058823529411764705
0 0.18075980392156862 0.4438316993464052 0.02389705882352941 0.11723856209150327
0 0.9295343137254902 0.8739787581699346 0.058823529411764705 0.05923202614379085
0 0.40762867647058826 0.6701388888888888 0.018688725490196078 0.1017156862745098
0 0.0467218137254902 0.06433823529411764 0.021752450980392156 0.08292483660130719
0 0.06908700980392157 0.06147875816993464 0.017463235294117647 0.08619281045751634
0 0.0900735294117647 0.05984477124183007 0.022058823529411766 0.08700980392156862
0 0.1133578431372549 0.056576797385620915 0.0196078431372549 0.08455882352941177
0 0.14399509803921567 0.04268790849673203 0.028186274509803922 0.08455882352941177
0 0.17371323529411764 0.04309640522875817 0.025735294117647058 0.08619281045751634
0 0.5706188725490197 0.2595996732026144 0.11795343137254902 0.046977124183006536
0 0.27987132352941174 0.07209967320261437 0.021139705882352942 0.10089869281045752
0 0.3215379901960784 0.06883169934640523 0.018075980392156864 0.10498366013071896
0 0.34390318627450983 0.06883169934640523 0.020526960784313725 0.10498366013071896
0 0.3697916666666667 0.068218954248366 0.0196078431372549 0.10375816993464053
0 0.3955269607843137 0.068218954248366 0.022058823529411766 0.10375816993464053
0 0.4183517156862745 0.06801470588235294 0.018688725490196078 0.10743464052287582
0 0.44255514705882354 0.0661764705882353 0.02665441176470588 0.10866013071895425
0 0.3020833333333333 0.07128267973856209 0.01838235294117647 0.10334967320261437
0 0.009497549019607842 0.19750816993464052 0.018995098039215685 0.12540849673202614
0 0.694546568627451 0.25674019607843135 0.1256127450980392 0.051879084967320264
0 0.508578431372549 0.3255718954248366 0.0428921568627451 0.058823529411764705
0 0.39889705882352944 0.5565767973856209 0.02267156862745098 0.10580065359477124
0 0.3746936274509804 0.5561683006535948 0.0196078431372549 0.10661764705882353
0 0.35309436274509803 0.5553513071895425 0.019301470588235295 0.10743464052287582
0 0.4528186274509804 0.40461601307189543 0.02267156862745098 0.0951797385620915
0 0.4309129901960784 0.4011437908496732 0.018075980392156864 0.08823529411764706
0 0.4094669117647059 0.4027777777777778 0.017463235294117647 0.09395424836601307
0 0.8291973039215687 0.25163398692810457 0.13204656862745098 0.059640522875817
0 0.38924632352941174 0.4040032679738562 0.019301470588235295 0.08986928104575163
0 0.42953431372549017 0.30106209150326796 0.01838235294117647 0.10212418300653595
0 0.4056372549019608 0.30126633986928103 0.02144607843137255 0.1017156862745098
0 0.38097426470588236 0.2994281045751634 0.019301470588235295 0.10294117647058823
0 0.35661764705882354 0.29983660130718953 0.0196078431372549 0.10375816993464053
0 0.6040134803921569 0.32373366013071897 0.045649509803921566 0.05759803921568627
0 0.5556066176470589 0.3247549019607843 0.046875 0.05718954248366013
0 0.44745710784313725 0.3014705882352941 0.01685049019607843 0.10866013071895425
0 0.03079044117647059 0.19607843137254902 0.020526960784313725 0.12663398692810457
0 0.055912990196078434 0.19321895424836602 0.02665441176470588 0.12990196078431374
0 0.08241421568627451 0.19219771241830066 0.024509803921568627 0.12540849673202614
0 0.10447303921568628 0.44424019607843135 0.0196078431372549 0.11397058823529412
0 0.12653186274509803 0.44505718954248363 0.02267156862745098 0.1090686274509804
0 0.3368566176470588 0.29963235294117646 0.016237745098039217 0.10334967320261437
0 0.3163296568627451 0.30249183006535946 0.020526960784313725 0.10253267973856209
0 0.29381127450980393 0.29820261437908496 0.014705882352941176 0.0915032679738562
0 0.43213848039215685 0.6693218954248366 0.021752450980392156 0.10253267973856209
0 0.08118872549019608 0.443218954248366 0.018995098039215685 0.11601307189542484
0 0.42233455882352944 0.18913398692810457 0.018688725490196078 0.11274509803921569
0 0.37806372549019607 0.18790849673202614 0.02144607843137255 0.10375816993464053
0 0.35079656862745096 0.18872549019607843 0.0196078431372549 0.10784313725490197
0 0.32965686274509803 0.19138071895424835 0.0196078431372549 0.10825163398692811
0 0.3083639705882353 0.19178921568627452 0.019301470588235295 0.1090686274509804
0 0.2858455882352941 0.18852124183006536 0.02144607843137255 0.10253267973856209
0 0.20955882352941177 0.44485294117647056 0.028799019607843136 0.11519607843137254
0 0.40088848039215685 0.19158496732026145 0.01991421568627451 0.11356209150326797
0 0.05897671568627451 0.4426062091503268 0.023590686274509803 0.1147875816993464
0 0.033854166666666664 0.4401552287581699 0.021752450980392156 0.11397058823529412
0 0.31816789215686275 0.43770424836601307 0.029105392156862746 0.11805555555555555
0 0.11044730392156862 0.18974673202614378 0.024816176470588234 0.13112745098039216
0 0.13710171568627452 0.19219771241830066 0.02420343137254902 0.1343954248366013
0 0.1636029411764706 0.19158496732026145 0.02022058823529412 0.13071895424836602
0 0.18995098039215685 0.190359477124183 0.025735294117647058 0.12581699346405228
0 0.02190563725490196 0.320874183006536 0.022365196078431373 0.11315359477124183
0 0.0467218137254902 0.3233251633986928 0.01991421568627451 0.1156045751633987
0 0.0703125 0.32230392156862747 0.024816176470588234 0.12009803921568628
0 0.09558823529411764 0.3235294117647059 0.02144607843137255 0.12009803921568628
0 0.12208946078431372 0.32312091503267976 0.023590686274509803 0.12418300653594772
0 0.14751838235294118 0.32312091503267976 0.02542892156862745 0.119281045751634
0 0.17417279411764705 0.3206699346405229 0.023590686274509803 0.12091503267973856
0 0.19990808823529413 0.3202614379084967 0.026041666666666668 0.1184640522875817
0 0.23866421568627452 0.43770424836601307 0.02022058823529412 0.11151960784313726
0 0.26317401960784315 0.43913398692810457 0.02389705882352941 0.12336601307189543
0 0.2893688725490196 0.43770424836601307 0.023590686274509803 0.11805555555555555
0 0.42233455882352944 0.5580065359477124 0.021752450980392156 0.10866013071895425
0 0.3236825980392157 0.5571895424836601 0.023590686274509803 0.10212418300653595
0 0.44393382352941174 0.1860702614379085 0.02267156862745098 0.1090686274509804
0 0.2772671568627451 0.5614787581699346 0.02144607843137255 0.11315359477124183
0 0.2864583333333333 0.7741013071895425 0.02144607843137255 0.0923202614379085
0 0.5588235294117647 0.4904003267973856 0.13357843137254902 0.04534313725490196
0 0.5150122549019608 0.43852124183006536 0.04411764705882353 0.051879084967320264
0 0.5600490196078431 0.4387254901960784 0.042279411764705885 0.05473856209150327
0 0.6049325980392157 0.4375 0.04442401960784314 0.056372549019607844
0 0.514859068627451 0.5416666666666666 0.04197303921568627 0.049836601307189546
0 0.2616421568627451 0.7720588235294118 0.020833333333333332 0.09477124183006536
0 0.5546875 0.5428921568627451 0.03216911764705882 0.04738562091503268
0 0.35631127450980393 0.6703431372549019 0.02389705882352941 0.10212418300653595
0 0.3831188725490196 0.6701388888888888 0.02542892156862745 0.10008169934640523
0 0.8483455882352942 0.49959150326797386 0.14767156862745098 0.05228758169934641
0 0.3091299019607843 0.7751225490196079 0.02022058823529412 0.09681372549019608
0 0.3353247549019608 0.7781862745098039 0.026041666666666668 0.10294117647058823
0 0.4371936274509804 0.7822712418300654 0.02389705882352941 0.10866013071895425
0 0.32965686274509803 0.6713643790849673 0.02267156862745098 0.10253267973856209
0 0.25628063725490197 0.6664624183006536 0.021139705882352942 0.09272875816993464
0 0.28109681372549017 0.6713643790849673 0.021752450980392156 0.10253267973856209
0 0.30484068627450983 0.6746323529411765 0.018995098039215685 0.10334967320261437
0 0.8973651960784313 0.4426062091503268 0.044730392156862746 0.06004901960784314
0 0.8489583333333334 0.440359477124183 0.04779411764705882 0.06045751633986928
0 0.7973345588235294 0.43709150326797386 0.047487745098039214 0.05392156862745098
0 0.7012867647058824 0.43729575163398693 0.1409313725490196 0.054330065359477125
0 0.5117953431372549 0.3821486928104575 0.040747549019607844 0.05269607843137255
0 0.5556066176470589 0.380718954248366 0.04381127450980392 0.05228758169934641
0 0.6027879901960784 0.3819444444444444 0.04503676470588235 0.05228758169934641
0 0.7006740196078431 0.380718954248366 0.14460784313725492 0.05392156862745098
0 0.8025428921568627 0.38031045751633985 0.046875 0.051470588235294115
0 0.8540134803921569 0.38112745098039214 0.048100490196078434 0.05392156862745098
0 0.9030330882352942 0.38255718954248363 0.04503676470588235 0.06004901960784314
0 0.9097732843137255 0.3214869281045752 0.04871323529411765 0.059640522875817
0 0.8558517156862745 0.32107843137254904 0.04871323529411765 0.058823529411764705
0 0.8045343137254902 0.32189542483660133 0.04718137254901961 0.05392156862745098
0 0.6992953431372549 0.320874183006536 0.1400122549019608 0.05841503267973856
0 0.4117647058823529 0.7839052287581699 0.022058823529411766 0.11437908496732026
0 0.3857230392156863 0.78125 0.025735294117647058 0.11070261437908496
0 0.7008272058823529 0.49387254901960786 0.13694852941176472 0.05392156862745098
0 0.23529411764705882 0.7745098039215687 0.023284313725490197 0.09967320261437909
0 0.20526960784313725 0.667687908496732 0.02022058823529412 0.10089869281045752
0 0.22732843137254902 0.6695261437908496 0.02389705882352941 0.1053921568627451
0 0.13373161764705882 0.6642156862745098 0.021139705882352942 0.10130718954248366
0 0.3619791666666667 0.7796160130718954 0.020526960784313725 0.09272875816993464
0 0.109375 0.6633986928104575 0.02144607843137255 0.09967320261437909
0 0.08792892156862746 0.6627859477124183 0.017769607843137254 0.09844771241830065
0 0.06694240196078431 0.6613562091503268 0.021139705882352942 0.09722222222222222
0 0.2192095588235294 0.5602532679738562 0.022365196078431373 0.11070261437908496
0 0.19332107843137256 0.5590277777777778 0.0196078431372549 0.10825163398692811
0 0.16973039215686275 0.5584150326797386 0.02267156862745098 0.10702614379084967
0 0.14568014705882354 0.5557598039215687 0.021752450980392156 0.10580065359477124
0 0.12040441176470588 0.5563725490196079 0.022058823529411766 0.10702614379084967
0 0.18198529411764705 0.6664624183006536 0.0196078431372549 0.09926470588235294
0 0.0779718137254902 0.7606209150326797 0.018688725490196078 0.09395424836601307
0 0.1568627450980392 0.6642156862745098 0.023284313725490197 0.10294117647058823
0 0.11795343137254902 0.764501633986928 0.014093137254901961 0.09272875816993464
0 0.21170343137254902 0.7745098039215687 0.01715686274509804 0.09967320261437909
0 0.19056372549019607 0.7734885620915033 0.018995098039215685 0.10825163398692811
0 0.16636029411764705 0.7706290849673203 0.024509803921568627 0.10089869281045752
0 0.2503063725490196 0.5631127450980392 0.026348039215686275 0.10743464052287582
0 0.051470588235294115 0.5490196078431373 0.02267156862745098 0.0923202614379085
0 0.07475490196078431 0.5565767973856209 0.020833333333333332 0.10743464052287582
0 0.09941789215686274 0.7630718954248366 0.017463235294117647 0.09640522875816994
0 0.0974264705882353 0.5565767973856209 0.01838235294117647 0.10580065359477124
0 0.14139093137254902 0.7671568627450981 0.024816176470588234 0.09558823529411764
0 0.29993872549019607 0.5616830065359477 0.02022058823529412 0.11683006535947713
