0 0.6419270833333334 0.471484375 0.07239583333333334 0.01484375
0 0.8489583333333334 0.79921875 0.06354166666666666 0.01328125
0 0.71171875 0.3443359375 0.09322916666666667 0.017578125
0 0.7083333333333334 0.364453125 0.09583333333333334 0.01875
0 0.9294270833333333 0.5478515625 0.0390625 0.014453125
0 0.9268229166666667 0.530859375 0.04114583333333333 0.01640625
0 0.9223958333333333 0.5119140625 0.03854166666666667 0.014453125
0 0.87109375 0.56015625 0.0734375 0.0171875
0 0.8677083333333333 0.538671875 0.06770833333333333 0.01640625
0 0.8653645833333333 0.5203125 0.07447916666666667 0.01875
0 0.8 0.5630859375 0.034375 0.020703125
0 0.7932291666666667 0.5439453125 0.04895833333333333 0.013671875
0 0.7166666666666667 0.3228515625 0.090625 0.022265625
0 0.7479166666666667 0.575 0.06666666666666667 0.0203125
0 0.72421875 0.5353515625 0.0515625 0.015234375
0 0.6822916666666666 0.5841796875 0.057291666666666664 0.018359375
0 0.67421875 0.5615234375 0.06927083333333334 0.019921875
0 0.6640625 0.537890625 0.06145833333333333 0.01796875
0 0.5825520833333333 0.5416015625 0.043229166666666666 0.018359375
0 0.6161458333333333 0.59140625 0.07083333333333333 0.025
0 0.5932291666666667 0.5607421875 0.041666666666666664 0.016015625
0 0.5294270833333333 0.6056640625 0.09739583333333333 0.027734375
0 0.5213541666666667 0.580078125 0.09895833333333333 0.02109375
0 0.5098958333333333 0.5548828125 0.09895833333333333 0.020703125
0 0.7395833333333334 0.55390625 0.059375 0.01640625
0 0.6208333333333333 0.3900390625 0.090625 0.017578125
0 0.6049479166666667 0.3701171875 0.09114583333333333 0.016015625
0 0.6059895833333333 0.3515625 0.09635416666666667 0.0171875
0 0.5921875 0.2609375 0.059375 0.0203125
0 0.5986979166666667 0.282421875 0.07239583333333334 0.0203125
0 0.67578125 0.24140625 0.07552083333333333 0.02265625
0 0.6744791666666666 0.265234375 0.07291666666666667 0.021875
0 0.6734375 0.2865234375 0.07083333333333333 0.019140625
0 0.7369791666666666 0.2615234375 0.04479166666666667 0.070703125
0 0.79296875 0.2494140625 0.0640625 0.019140625
0 0.8013020833333333 0.2701171875 0.06822916666666666 0.019921875
0 0.9588541666666667 0.378125 0.05 0.01796875
0 0.8583333333333333 0.2509765625 0.04791666666666667 0.017578125
0 0.8604166666666667 0.27109375 0.041666666666666664 0.0171875
0 0.86015625 0.290625 0.034895833333333334 0.01796875
0 0.028385416666666666 0.4306640625 0.05677083333333333 0.137109375
0 0.09375 0.4306640625 0.0625 0.136328125
0 0.159375 0.426953125 0.06666666666666667 0.1296875
0 0.22395833333333334 0.4296875 0.05520833333333333 0.1234375
0 0.2552083333333333 0.34296875 0.09166666666666666 0.021875
0 0.39453125 0.3423828125 0.1015625 0.018359375
0 0.4046875 0.3654296875 0.10625 0.023046875
0 0.42265625 0.39140625 0.10677083333333333 0.02265625
0 0.5098958333333333 0.3666015625 0.09583333333333334 0.020703125
0 0.5263020833333333 0.3900390625 0.09322916666666667 0.019921875
0 0.60546875 0.33046875 0.0859375 0.01796875
0 0.9122395833333333 0.764453125 0.059895833333333336 0.0609375
0 0.7114583333333333 0.385546875 0.08958333333333333 0.01796875
0 0.7807291666666667 0.3296875 0.03333333333333333 0.01796875
0 0.7794270833333333 0.34765625 0.033854166666666664 0.0140625
0 0.7234375 0.4857421875 0.04583333333333333 0.019140625
0 0.7130208333333333 0.466015625 0.06354166666666666 0.015625
0 0.6606770833333333 0.4951171875 0.07447916666666667 0.019140625
0 0.6395833333333333 0.4501953125 0.08333333333333333 0.017578125
0 0.5752604166666667 0.5029296875 0.0921875 0.025390625
0 0.5653645833333333 0.4783203125 0.07864583333333333 0.019140625
0 0.5479166666666667 0.4568359375 0.08541666666666667 0.016796875
0 0.4947916666666667 0.510546875 0.0625 0.02109375
0 0.4869791666666667 0.4861328125 0.07916666666666666 0.022265625
0 0.39348958333333334 0.4611328125 0.08385416666666666 0.034765625
0 0.44166666666666665 0.1140625 0.06770833333333333 0.08203125
0 0.5171875 0.1267578125 0.075 0.071484375
0 0.5776041666666667 0.139453125 0.036458333333333336 0.0484375
0 0.6934895833333333 0.13671875 0.14635416666666667 0.09140625
0 0.8143229166666667 0.096484375 0.07552083333333333 0.02109375
0 0.8138020833333334 0.1162109375 0.0703125 0.016796875
0 0.8356770833333333 0.1390625 0.08177083333333333 0.02421875
0 0.8255208333333334 0.1625 0.071875 0.0203125
0 0.8239583333333333 0.1845703125 0.071875 0.019140625
0 0.4049479166666667 0.516015625 0.10989583333333333 0.03359375
0 0.390625 0.488671875 0.103125 0.01796875
0 0.29791666666666666 0.523828125 0.10104166666666667 0.028125
0 0.29583333333333334 0.4970703125 0.07708333333333334 0.020703125
0 0.7236979166666667 0.4267578125 0.06927083333333334 0.014453125
0 0.5666666666666667 0.237109375 0.075 0.01875
0 0.7263020833333333 0.4443359375 0.06197916666666667 0.016015625
0 0.7877604166666666 0.4841796875 0.06927083333333334 0.016015625
0 0.7872395833333333 0.366015625 0.05572916666666667 0.01953125
0 0.7854166666666667 0.3849609375 0.05520833333333333 0.016796875
0 0.8197916666666667 0.3349609375 0.01875 0.017578125
0 0.8330729166666667 0.3666015625 0.0359375 0.016015625
0 0.8372395833333334 0.38515625 0.044270833333333336 0.0171875
0 0.9622395833333334 0.339453125 0.050520833333333334 0.0171875
0 0.42291666666666666 0.6201171875 0.11354166666666667 0.033203125
0 0.4010416666666667 0.59140625 0.08854166666666667 0.01953125
0 0.3125 0.6361328125 0.09791666666666667 0.023046875
0 0.30885416666666665 0.611328125 0.090625 0.02109375
0 0.30078125 0.5876953125 0.07760416666666667 0.016796875
0 0.23255208333333333 0.637109375 0.05572916666666667 0.11640625
0 0.16614583333333333 0.64140625 0.06979166666666667 0.1171875
0 0.09348958333333333 0.6578125 0.06822916666666666 0.11875
0 0.027083333333333334 0.663671875 0.05416666666666667 0.128125
0 0.9731770833333333 0.4671875 0.05364583333333333 0.021875
0 0.9731770833333333 0.4486328125 0.05364583333333333 0.014453125
0 0.97578125 0.4314453125 0.049479166666666664 0.016015625
0 0.9140625 0.47265625 0.06041666666666667 0.01484375
0 0.9096354166666667 0.454296875 0.0515625 0.0140625
0 0.9145833333333333 0.4388671875 0.06145833333333333 0.014453125
0 0.9174479166666667 0.4228515625 0.05677083333333333 0.013671875
0 0.8518229166666667 0.4755859375 0.04739583333333333 0.016015625
0 0.7893229166666667 0.4658203125 0.07239583333333334 0.015234375
0 0.9755208333333333 0.521875 0.04895833333333333 0.0125
0 0.80390625 0.2904296875 0.0703125 0.017578125
0 0.0296875 0.8330078125 0.059375 0.133984375
0 0.8994791666666667 0.166015625 0.023958333333333335 0.0609375
0 0.3065104166666667 0.1876953125 0.14322916666666666 0.030078125
0 0.31276041666666665 0.215625 0.1390625 0.02578125
0 0.3221354166666667 0.2447265625 0.1390625 0.026953125
0 0.321875 0.2724609375 0.13541666666666666 0.026953125
0 0.47604166666666664 0.232421875 0.10208333333333333 0.02578125
0 0.49713541666666666 0.256640625 0.0890625 0.021875
0 0.20130208333333333 0.9212890625 0.025520833333333333 0.070703125
0 0.16848958333333333 0.948828125 0.04010416666666667 0.10390625
0 0.12630208333333334 0.9560546875 0.03802083333333333 0.089453125
0 0.09036458333333333 0.9583984375 0.033854166666666664 0.084765625
0 0.04895833333333333 0.9599609375 0.04479166666666667 0.080078125
0 0.9666666666666667 0.68984375 0.0625 0.02265625
0 0.9747395833333333 0.540234375 0.04739583333333333 0.0203125
0 0.9578125 0.6701171875 0.06770833333333333 0.014453125
0 0.95078125 0.6552734375 0.07447916666666667 0.012890625
0 0.5127604166666667 0.2802734375 0.0953125 0.023046875
0 0.9020833333333333 0.698046875 0.03958333333333333 0.01484375
0 0.865625 0.7119140625 0.030208333333333334 0.011328125
0 0.24973958333333332 0.9330078125 0.0421875 0.101171875
0 0.34609375 0.9509765625 0.1234375 0.061328125
0 0.45 0.86953125 0.115625 0.0234375
0 0.4583333333333333 0.8974609375 0.10729166666666666 0.020703125
0 0.84453125 0.7787109375 0.06822916666666666 0.013671875
0 0.8411458333333334 0.7591796875 0.05520833333333333 0.009765625
0 0.7838541666666666 0.82265625 0.07083333333333333 0.021875
0 0.7783854166666667 0.7955078125 0.059895833333333336 0.013671875
0 0.775 0.7755859375 0.06041666666666667 0.013671875
0 0.7130208333333333 0.84921875 0.06041666666666667 0.02421875
0 0.7119791666666667 0.824609375 0.06458333333333334 0.01640625
0 0.7072916666666667 0.7962890625 0.071875 0.024609375
0 0.6401041666666667 0.8697265625 0.07604166666666666 0.022265625
0 0.8653645833333333 0.6962890625 0.0296875 0.013671875
0 0.6348958333333333 0.8478515625 0.09270833333333334 0.019140625
0 0.5575520833333333 0.8859375 0.0828125 0.028125
0 0.15234375 0.2275390625 0.06510416666666667 0.145703125
0 0.08359375 0.2263671875 0.06822916666666666 0.150390625
0 0.02421875 0.2248046875 0.0484375 0.154296875
0 0.9825520833333333 0.172265625 0.0140625 0.06640625
0 0.9606770833333333 0.171875 0.022395833333333334 0.06796875
0 0.9341145833333333 0.171875 0.0234375 0.05625
0 0.5466145833333333 0.8583984375 0.0734375 0.019140625
0 0.46458333333333335 0.9224609375 0.11041666666666666 0.019921875
0 0.62265625 0.81875 0.10260416666666666 0.03046875
0 0.86875 0.678515625 0.03333333333333333 0.0140625
0 0.9575520833333333 0.358984375 0.050520833333333334 0.0171875
0 0.8026041666666667 0.7154296875 0.08645833333333333 0.016015625
0 0.8994791666666667 0.6392578125 0.071875 0.016796875
0 0.5604166666666667 0.661328125 0.05625 0.0203125
0 0.4625 0.803515625 0.10833333333333334 0.0203125
0 0.4609375 0.7802734375 0.11770833333333333 0.025390625
0 0.5692708333333333 0.6873046875 0.06770833333333333 0.022265625
0 0.33359375 0.84453125 0.1109375 0.0359375
0 0.3338541666666667 0.8099609375 0.11458333333333333 0.032421875
0 0.96484375 0.6216796875 0.05572916666666667 0.012890625
0 0.95859375 0.60234375 0.043229166666666666 0.0125
0 0.4625 0.82578125 0.109375 0.02109375
0 0.95859375 0.588671875 0.05260416666666667 0.009375
0 0.8135416666666667 0.73828125 0.08645833333333333 0.0140625
0 0.6567708333333333 0.67734375 0.10520833333333333 0.03359375
0 0.73046875 0.6333984375 0.0859375 0.019921875
0 0.7513020833333334 0.666796875 0.0796875 0.02421875
0 0.82109375 0.6125 0.07552083333333333 0.02109375
0 0.82890625 0.63359375 0.06822916666666666 0.01328125
0 0.8283854166666667 0.6521484375 0.0609375 0.014453125
0 0.89921875 0.602734375 0.07135416666666666 0.01640625
0 0.94921875 0.575390625 0.06302083333333333 0.009375
0 0.6375 0.6431640625 0.09479166666666666 0.019921875
0 0.55234375 0.748046875 0.08177083333333333 0.01640625
0 0.8981770833333333 0.6224609375 0.06614583333333333 0.012109375
0 0.5640625 0.7880859375 0.07916666666666666 0.015234375
0 0.8010416666666667 0.6947265625 0.09583333333333334 0.017578125
0 0.72265625 0.7541015625 0.09635416666666667 0.019140625
0 0.71171875 0.731640625 0.09322916666666667 0.01484375
0 0.7005208333333334 0.71171875 0.08333333333333333 0.01328125
0 0.08854166666666667 0.814453125 0.05520833333333333 0.12734375
0 0.14739583333333334 0.805078125 0.05520833333333333 0.128125
0 0.2 0.7998046875 0.04479166666666667 0.115234375
0 0.24791666666666667 0.794140625 0.04791666666666667 0.11796875
0 0.3296875 0.709765625 0.128125 0.02734375
0 0.6325520833333333 0.7640625 0.059895833333333336 0.0125
0 0.3294270833333333 0.74609375 0.10885416666666667 0.02421875
0 0.55859375 0.76953125 0.07760416666666667 0.0140625
0 0.46822916666666664 0.6640625 0.12395833333333334 0.03828125
0 0.35520833333333335 0.10859375 0.09895833333333333 0.08515625
0 0.12161458333333333 0.0794921875 0.0703125 0.067578125
0 0.040625 0.0728515625 0.075 0.064453125
0 0.6309895833333333 0.745703125 0.06614583333333333 0.01640625
0 0.0421875 0.020703125 0.071875 0.0390625
0 0.46119791666666665 0.71171875 0.1265625 0.05234375
