0 0.6583946078431373 0.7054738562091504 0.025122549019607844 0.0988562091503268
0 0.5779718137254902 0.8086192810457516 0.02665441176470588 0.10253267973856209
0 0.5473345588235294 0.8059640522875817 0.02971813725490196 0.09722222222222222
0 0.5168504901960784 0.8033088235294118 0.026348039215686275 0.10089869281045752
0 0.7138480392156863 0.7120098039215687 0.022058823529411766 0.10130718954248366
0 0.6861213235294118 0.7087418300653595 0.024816176470588234 0.10375816993464053
0 0.6079963235294118 0.8139297385620915 0.029105392156862746 0.10253267973856209
0 0.6309742647058824 0.7036356209150327 0.023590686274509803 0.10253267973856209
0 0.26409313725490197 0.3341503267973856 0.02144607843137255 0.07598039215686274
0 0.5775122549019608 0.6946486928104575 0.02389705882352941 0.09763071895424837
0 0.5520833333333334 0.6915849673202614 0.024509803921568627 0.10212418300653595
0 0.5272671568627451 0.6872957516339869 0.023284313725490197 0.09272875816993464
0 0.5016850490196079 0.6842320261437909 0.027879901960784315 0.09803921568627451
0 0.7152267156862745 0.5929330065359477 0.020526960784313725 0.11233660130718955
0 0.6920955882352942 0.5894607843137255 0.025122549019607844 0.10702614379084967
0 0.6393995098039216 0.8233251633986928 0.025735294117647058 0.11070261437908496
0 0.6049325980392157 0.6979166666666666 0.021752450980392156 0.10416666666666667
0 0.6686580882352942 0.8278186274509803 0.02971813725490196 0.10253267973856209
0 0.7953431372549019 0.6247957516339869 0.023284313725490197 0.08619281045751634
0 0.7887561274509803 0.8384395424836601 0.026041666666666668 0.061683006535947715
0 0.8213848039215687 0.6272467320261438 0.02267156862745098 0.08455882352941177
0 0.6652879901960784 0.5878267973856209 0.021752450980392156 0.11274509803921569
0 0.9612438725490197 0.7685866013071896 0.026041666666666668 0.07802287581699346
0 0.9292279411764706 0.7659313725490197 0.026348039215686275 0.08169934640522876
0 0.8953737745098039 0.7636846405228758 0.026041666666666668 0.08782679738562091
0 0.8613664215686274 0.755718954248366 0.0272671568627451 0.08251633986928104
0 0.8308823529411765 0.7516339869281046 0.02389705882352941 0.08088235294117647
0 0.7034313725490197 0.8327205882352942 0.02696078431372549 0.10825163398692811
0 0.8020833333333334 0.7455065359477124 0.025735294117647058 0.08169934640522876
0 0.9877450980392157 0.8784722222222222 0.024509803921568627 0.05024509803921569
0 0.9584865196078431 0.8698937908496732 0.022365196078431373 0.05024509803921569
0 0.9292279411764706 0.8631535947712419 0.024509803921568627 0.051470588235294115
0 0.9002757352941176 0.8600898692810458 0.024816176470588234 0.051879084967320264
0 0.8697916666666666 0.8533496732026143 0.023284313725490197 0.05310457516339869
0 0.8425245098039216 0.8478349673202614 0.0196078431372549 0.05269607843137255
0 0.8160232843137255 0.84375 0.02297794117647059 0.053513071895424834
0 0.7766544117647058 0.7434640522875817 0.0196078431372549 0.0727124183006536
0 0.6393995098039216 0.5833333333333334 0.025735294117647058 0.10375816993464053
0 0.6701899509803921 0.3298611111111111 0.024816176470588234 0.1147875816993464
0 0.5814950980392157 0.5761846405228758 0.02389705882352941 0.10334967320261437
0 0.5015318627450981 0.33231209150326796 0.024509803921568627 0.10661764705882353
0 0.7371323529411765 0.21466503267973855 0.02267156862745098 0.08700980392156862
0 0.7094056372549019 0.21548202614379086 0.024816176470588234 0.09272875816993464
0 0.6786151960784313 0.21752450980392157 0.02389705882352941 0.08619281045751634
0 0.6482843137254902 0.21691176470588236 0.024509803921568627 0.08741830065359477
0 0.6222426470588235 0.21793300653594772 0.025122549019607844 0.08946078431372549
0 0.5919117647058824 0.22344771241830066 0.022058823529411766 0.08986928104575163
0 0.5278799019607843 0.33251633986928103 0.020833333333333332 0.10049019607843138
0 0.5651041666666666 0.2246732026143791 0.021752450980392156 0.08986928104575163
0 0.5110294117647058 0.22508169934640523 0.025735294117647058 0.08905228758169935
0 0.7464767156862745 0.07209967320261437 0.021752450980392156 0.09109477124183006
0 0.7198223039215687 0.07434640522875817 0.027879901960784315 0.08660130718954248
0 0.688265931372549 0.0755718954248366 0.02542892156862745 0.0915032679738562
0 0.6593137254901961 0.07883986928104575 0.028799019607843136 0.09313725490196079
0 0.6283700980392157 0.08129084967320262 0.024509803921568627 0.08986928104575163
0 0.5972732843137255 0.08415032679738563 0.02849264705882353 0.08905228758169935
0 0.5387561274509803 0.22630718954248366 0.023590686274509803 0.08660130718954248
0 0.608609068627451 0.5816993464052288 0.02665441176470588 0.1111111111111111
0 0.5572916666666666 0.32945261437908496 0.02696078431372549 0.10661764705882353
0 0.6148897058823529 0.33169934640522875 0.022058823529411766 0.10866013071895425
0 0.5562193627450981 0.5735294117647058 0.01991421568627451 0.10294117647058823
0 0.5297181372549019 0.5714869281045751 0.024509803921568627 0.09803921568627451
0 0.5024509803921569 0.5698529411764706 0.024509803921568627 0.09803921568627451
0 0.7167585784313726 0.4646650326797386 0.027879901960784315 0.11642156862745098
0 0.6875 0.4609885620915033 0.02389705882352941 0.11151960784313726
0 0.6613051470588235 0.4622140522875817 0.021752450980392156 0.11151960784313726
0 0.6346507352941176 0.46139705882352944 0.026041666666666668 0.10580065359477124
0 0.5882352941176471 0.3347630718954248 0.023284313725490197 0.11151960784313726
0 0.6072303921568627 0.46119281045751637 0.02267156862745098 0.10947712418300654
0 0.5507046568627451 0.4534313725490196 0.024816176470588234 0.10294117647058823
0 0.5243566176470589 0.4526143790849673 0.02542892156862745 0.10049019607843138
0 0.5009191176470589 0.4528186274509804 0.02022058823529412 0.09926470588235294
0 0.7302389705882353 0.3333333333333333 0.02971813725490196 0.11437908496732026
0 0.6997549019607843 0.33374183006535946 0.024509803921568627 0.11764705882352941
0 0.8448223039215687 0.6280637254901961 0.02297794117647059 0.08782679738562091
0 0.6416973039215687 0.3335375816993464 0.020526960784313725 0.11070261437908496
0 0.578890931372549 0.4534313725490196 0.02542892156862745 0.10702614379084967
0 0.8725490196078431 0.6309232026143791 0.025122549019607844 0.08537581699346405
0 0.9019607843137255 0.6315359477124183 0.023284313725490197 0.08905228758169935
0 0.9327512254901961 0.636437908496732 0.0272671568627451 0.09640522875816994
0 0.2835477941176471 0.7655228758169934 0.021752450980392156 0.08741830065359477
0 0.18060661764705882 0.7363153594771242 0.018075980392156864 0.08455882352941177
0 0.15992647058823528 0.7328431372549019 0.016544117647058824 0.0857843137254902
0 0.13878676470588236 0.7240604575163399 0.017769607843137254 0.08129084967320262
0 0.1210171568627451 0.724468954248366 0.015931372549019607 0.07802287581699346
0 0.10401348039215687 0.7212009803921569 0.013786764705882353 0.07965686274509803
0 0.0857843137254902 0.71875 0.015931372549019607 0.07720588235294118
0 0.06770833333333333 0.7156862745098039 0.01838235294117647 0.08169934640522876
0 0.1803002450980392 0.6358251633986928 0.018688725490196078 0.08455882352941177
0 0.16023284313725492 0.6315359477124183 0.018995098039215685 0.08415032679738563
0 0.1400122549019608 0.6296977124183006 0.01838235294117647 0.08537581699346405
0 0.31142769607843135 0.3394607843137255 0.018075980392156864 0.08006535947712418
0 0.12040441176470588 0.6256127450980392 0.017769607843137254 0.08129084967320262
0 0.08241421568627451 0.6229575163398693 0.018995098039215685 0.08006535947712418
0 0.0625 0.6196895424836601 0.017769607843137254 0.08006535947712418
0 0.18397671568627452 0.5347222222222222 0.02297794117647059 0.08986928104575163
0 0.16099877450980393 0.5310457516339869 0.015625 0.08905228758169935
0 0.13970588235294118 0.5292075163398693 0.0196078431372549 0.08946078431372549
0 0.12009803921568628 0.5273692810457516 0.018995098039215685 0.0857843137254902
0 0.09865196078431372 0.5249183006535948 0.017769607843137254 0.08496732026143791
0 0.08088235294117647 0.5228758169934641 0.014093137254901961 0.08333333333333333
0 0.06295955882352941 0.5236928104575164 0.018688725490196078 0.0784313725490196
0 0.17539828431372548 0.4256535947712418 0.021752450980392156 0.08986928104575163
0 0.15272671568627452 0.42483660130718953 0.018075980392156864 0.08823529411764706
0 0.33517156862745096 0.3400735294117647 0.020833333333333332 0.07720588235294118
0 0.13097426470588236 0.4264705882352941 0.018075980392156864 0.0915032679738562
0 0.3350183823529412 0.7730800653594772 0.024816176470588234 0.09191176470588236
0 0.38955269607843135 0.7785947712418301 0.024816176470588234 0.08741830065359477
0 0.42233455882352944 0.4325980392156863 0.040747549019607844 0.08905228758169935
0 0.38848039215686275 0.4397467320261438 0.02144607843137255 0.09272875816993464
0 0.3642769607843137 0.440359477124183 0.0196078431372549 0.09395424836601307
0 0.34129901960784315 0.4417892156862745 0.02022058823529412 0.09681372549019608
0 0.3180147058823529 0.4397467320261438 0.01838235294117647 0.09844771241830065
0 0.29503676470588236 0.4499591503267974 0.020833333333333332 0.0763888888888889
0 0.2722120098039216 0.4477124183006536 0.018075980392156864 0.07598039215686274
0 0.4342830882352941 0.5622957516339869 0.01991421568627451 0.10008169934640523
0 0.4108455882352941 0.5580065359477124 0.02144607843137255 0.09967320261437909
0 0.38924632352941174 0.5573937908496732 0.01991421568627451 0.09681372549019608
0 0.3671875 0.5541258169934641 0.020526960784313725 0.09681372549019608
0 0.3628982843137255 0.7777777777777778 0.024816176470588234 0.0923202614379085
0 0.3411458333333333 0.5516748366013072 0.021139705882352942 0.09763071895424837
0 0.2931985294117647 0.545751633986928 0.02144607843137255 0.08823529411764706
0 0.27144607843137253 0.5433006535947712 0.01838235294117647 0.08741830065359477
0 0.43474264705882354 0.6719771241830066 0.020833333333333332 0.09477124183006536
0 0.41222426470588236 0.6701388888888888 0.022365196078431373 0.09109477124183006
0 0.39016544117647056 0.6664624183006536 0.01991421568627451 0.09191176470588236
0 0.36703431372549017 0.6621732026143791 0.022058823529411766 0.08823529411764706
0 0.3449754901960784 0.6603349673202614 0.020833333333333332 0.0951797385620915
0 0.3229166666666667 0.6589052287581699 0.022058823529411766 0.09395424836601307
0 0.3007046568627451 0.6546160130718954 0.020526960784313725 0.09027777777777778
0 0.2803308823529412 0.653390522875817 0.02144607843137255 0.08782679738562091
0 0.42861519607843135 0.7720588235294118 0.023284313725490197 0.07924836601307189
0 0.31755514705882354 0.5484068627450981 0.020526960784313725 0.09354575163398693
0 0.11060049019607843 0.4229983660130719 0.018995098039215685 0.0886437908496732
0 0.09114583333333333 0.42034313725490197 0.01685049019607843 0.08986928104575163
0 0.07230392156862746 0.4209558823529412 0.017769607843137254 0.08455882352941177
0 0.9520526960784313 0.2696078431372549 0.0272671568627451 0.08333333333333333
0 0.9244791666666666 0.27124183006535946 0.01991421568627451 0.08660130718954248
0 0.9007352941176471 0.27124183006535946 0.022058823529411766 0.08660130718954248
0 0.8736213235294118 0.2694035947712418 0.0272671568627451 0.08782679738562091
0 0.8471200980392157 0.2734885620915033 0.020833333333333332 0.08700980392156862
0 0.8232230392156863 0.2743055555555556 0.01838235294117647 0.0821078431372549
0 0.9921875 0.3954248366013072 0.015625 0.08741830065359477
0 0.9689031862745098 0.3923611111111111 0.019301470588235295 0.08700980392156862
0 0.9401041666666666 0.3903186274509804 0.02420343137254902 0.08537581699346405
0 0.9160539215686274 0.3903186274509804 0.018995098039215685 0.09191176470588236
0 0.8892463235294118 0.3888888888888889 0.02971813725490196 0.08660130718954248
0 0.9808517156862745 0.26776960784313725 0.023590686274509803 0.08455882352941177
0 0.8613664215686274 0.38909313725490197 0.020526960784313725 0.08700980392156862
0 0.8094362745098039 0.3882761437908497 0.020833333333333332 0.08374183006535947
0 0.9898897058823529 0.5108251633986928 0.020833333333333332 0.08292483660130719
0 0.960171568627451 0.508578431372549 0.02389705882352941 0.08006535947712418
0 0.9356617647058824 0.508578431372549 0.02022058823529412 0.08006535947712418
0 0.9108455882352942 0.5067401960784313 0.02144607843137255 0.0763888888888889
0 0.8843443627450981 0.5046977124183006 0.021752450980392156 0.08129084967320262
0 0.8589154411764706 0.5030637254901961 0.023590686274509803 0.0821078431372549
0 0.8333333333333334 0.5026552287581699 0.020833333333333332 0.08374183006535947
0 0.8095894607843137 0.4987745098039216 0.021139705882352942 0.08415032679738563
0 0.7886029411764706 0.4977532679738562 0.016544117647058824 0.07965686274509803
0 0.9667585784313726 0.6437908496732027 0.02420343137254902 0.0857843137254902
0 0.8348651960784313 0.3874591503267974 0.025122549019607844 0.08537581699346405
0 0.8527879901960784 0.1556372549019608 0.04197303921568627 0.0718954248366013
0 0.8920036764705882 0.15441176470588236 0.017463235294117647 0.06944444444444445
0 0.9152879901960784 0.15236928104575165 0.022365196078431373 0.06944444444444445
0 0.05392156862745098 0.4207516339869281 0.016544117647058824 0.08660130718954248
0 0.5421262254901961 0.08823529411764706 0.023590686274509803 0.08905228758169935
0 0.36182598039215685 0.33843954248366015 0.017769607843137254 0.07802287581699346
0 0.3866421568627451 0.34129901960784315 0.018995098039215685 0.07720588235294118
0 0.4102328431372549 0.3417075163398693 0.02144607843137255 0.0755718954248366
0 0.4375 0.3429330065359477 0.023284313725490197 0.07802287581699346
0 0.26317401960784315 0.08231209150326797 0.024509803921568627 0.10498366013071896
0 0.28707107843137253 0.08660130718954248 0.022058823529411766 0.11519607843137254
0 0.31081495098039214 0.08088235294117647 0.01991421568627451 0.11029411764705882
0 0.3359375 0.07883986928104575 0.02665441176470588 0.10620915032679738
0 0.3632046568627451 0.07352941176470588 0.02542892156862745 0.10620915032679738
0 0.39016544117647056 0.0755718954248366 0.024816176470588234 0.11029411764705882
0 0.41452205882352944 0.07230392156862746 0.02022058823529412 0.11437908496732026
0 0.43795955882352944 0.07393790849673203 0.02420343137254902 0.11356209150326797
0 0.5153186274509803 0.08946078431372549 0.023284313725490197 0.08660130718954248
0 0.8160232843137255 0.15665849673202614 0.027879901960784315 0.06740196078431372
0 0.9662990196078431 0.0457516339869281 0.03125 0.08741830065359477
0 0.9324448529411765 0.04636437908496732 0.02971813725490196 0.09109477124183006
0 0.9005821078431373 0.04758986928104575 0.02542892156862745 0.09272875816993464
0 0.8691789215686274 0.04758986928104575 0.025122549019607844 0.0951797385620915
0 0.8163296568627451 0.05044934640522876 0.01685049019607843 0.09027777777777778
0 0.8399203431372549 0.0479983660130719 0.021139705882352942 0.09191176470588236
0 0.9906556372549019 0.1503267973856209 0.019301470588235295 0.0718954248366013
0 0.9658394607843137 0.15236928104575165 0.022365196078431373 0.0718954248366013
0 0.9401041666666666 0.15298202614379086 0.021139705882352942 0.07312091503267974
0 0.28768382352941174 0.33905228758169936 0.01715686274509804 0.07679738562091504
0 0.3069852941176471 0.7663398692810458 0.02389705882352941 0.08905228758169935
0 0.1015625 0.6245915032679739 0.01685049019607843 0.08088235294117647
0 0.5696997549019608 0.08496732026143791 0.02420343137254902 0.09068627450980392
0 0.17110906862745098 0.3174019607843137 0.02297794117647059 0.08741830065359477
0 0.1484375 0.318218954248366 0.016237745098039217 0.09068627450980392
0 0.12898284313725492 0.3161764705882353 0.018995098039215685 0.0915032679738562
0 0.10860906862745098 0.3190359477124183 0.01685049019607843 0.09068627450980392
0 0.06847426470588236 0.31576797385620914 0.01685049019607843 0.08415032679738563
0 0.04993872549019608 0.315359477124183 0.017769607843137254 0.08986928104575163
0 0.1724877450980392 0.2142565359477124 0.017769607843137254 0.0690359477124183
0 0.15425857843137256 0.21772875816993464 0.015012254901960785 0.07434640522875817
0 0.13434436274509803 0.2193627450980392 0.018688725490196078 0.0727124183006536
0 0.11289828431372549 0.21875 0.017463235294117647 0.07393790849673203
0 0.08884803921568628 0.31719771241830064 0.01715686274509804 0.09109477124183006
0 0.07613357843137254 0.2193627450980392 0.014399509803921568 0.06862745098039216
0 0.06050857843137255 0.2201797385620915 0.015012254901960785 0.06781045751633986
0 0.04411764705882353 0.22120098039215685 0.015931372549019607 0.068218954248366
0 0.1646752450980392 0.09763071895424837 0.02297794117647059 0.1119281045751634
0 0.13924632352941177 0.10008169934640523 0.024816176470588234 0.11029411764705882
0 0.11473651960784313 0.1039624183006536 0.022365196078431373 0.11151960784313726
0 0.09145220588235294 0.09967320261437909 0.022365196078431373 0.10947712418300654
0 0.06954656862745098 0.09763071895424837 0.018995098039215685 0.10294117647058823
0 0.04978553921568627 0.10232843137254902 0.021139705882352942 0.0951797385620915
0 0.09283088235294118 0.22058823529411764 0.014093137254901961 0.07107843137254902
