0 0.04003267973856209 0.15196078431372548 0.07924836601307189 0.1090686274509804
0 0.1329656862745098 0.17310049019607843 0.04534313725490196 0.06985294117647059
0 0.2757352941176471 0.18106617647058823 0.07434640522875817 0.05392156862745098
0 0.35314542483660133 0.18351715686274508 0.07802287581699346 0.05821078431372549
0 0.5012254901960784 0.18841911764705882 0.08088235294117647 0.0545343137254902
0 0.5753676470588235 0.19025735294117646 0.06985294117647059 0.05943627450980392
0 0.8525326797385621 0.19761029411764705 0.07434640522875817 0.051470588235294115
0 0.7079248366013072 0.19393382352941177 0.06209150326797386 0.0545343137254902
0 0.7718545751633987 0.19791666666666666 0.05923202614379085 0.04779411764705882
0 0.9203431372549019 0.19914215686274508 0.06290849673202614 0.05269607843137255
0 0.9765114379084967 0.19607843137254902 0.04861111111111111 0.05759803921568627
0 0.010212418300653595 0.2633272058823529 0.016339869281045753 0.07689950980392157
0 0.6446078431372549 0.19362745098039216 0.06209150326797386 0.05330882352941176
0 0.04738562091503268 0.26669730392156865 0.056372549019607844 0.08425245098039216
0 0.9662990196078431 0.3648897058823529 0.0690359477124183 0.0625
0 0.20751633986928106 0.27159926470588236 0.0988562091503268 0.05974264705882353
0 0.30453431372549017 0.2728247549019608 0.0959967320261438 0.0628063725490196
0 0.44893790849673204 0.2746629901960784 0.09313725490196079 0.05667892156862745
0 0.5418709150326797 0.2780330882352941 0.09027777777777778 0.06158088235294118
0 0.619281045751634 0.28125 0.0661764705882353 0.05514705882352941
0 0.6981209150326797 0.2815563725490196 0.08823529411764706 0.05759803921568627
0 0.7890114379084967 0.2849264705882353 0.09354575163398693 0.05024509803921569
0 0.8680555555555556 0.2855392156862745 0.0661764705882353 0.05269607843137255
0 0.9325980392156863 0.28737745098039214 0.06372549019607843 0.049019607843137254
0 0.9820261437908496 0.28952205882352944 0.03431372549019608 0.0508578431372549
0 0.8982843137254902 0.3707107843137255 0.06372549019607843 0.05024509803921569
0 0.8884803921568627 0.15226715686274508 0.0661764705882353 0.03799019607843137
0 0.8316993464052288 0.36764705882352944 0.06944444444444445 0.044730392156862746
0 0.13684640522875818 0.27068014705882354 0.04820261437908497 0.07628676470588236
0 0.7587826797385621 0.14675245098039216 0.068218954248366 0.03982843137254902
0 0.07598039215686274 0.07460171568627451 0.0457516339869281 0.027879901960784315
0 0.031862745098039214 0.04917279411764706 0.04656862745098039 0.07873774509803921
0 0.7551062091503268 0.3630514705882353 0.07883986928104575 0.05330882352941176
0 0.9027777777777778 0.024509803921568627 0.06209150326797386 0.02144607843137255
0 0.9636437908496732 0.026041666666666668 0.058823529411764705 0.024509803921568627
0 0.9836601307189542 0.07889093137254902 0.03431372549019608 0.05974264705882353
0 0.9452614379084967 0.07981004901960784 0.04330065359477124 0.060355392156862746
0 0.8913398692810458 0.07306985294117647 0.06209150326797386 0.07567401960784313
0 0.8353758169934641 0.0742953431372549 0.04411764705882353 0.05606617647058824
0 0.7918709150326797 0.07276348039215687 0.042075163398692814 0.05974264705882353
0 0.7495915032679739 0.07153799019607843 0.04330065359477124 0.0585171568627451
0 0.7075163398692811 0.07245710784313726 0.04084967320261438 0.05912990196078431
0 0.6642156862745098 0.06847426470588236 0.04411764705882353 0.05238970588235294
0 0.625 0.06357230392156862 0.035130718954248366 0.05974264705882353
0 0.5878267973856209 0.06541053921568628 0.03839869281045752 0.06158088235294118
0 0.6286764705882353 0.14154411764705882 0.06372549019607843 0.03615196078431373
0 0.5484068627450981 0.07245710784313726 0.04044117647058824 0.046875
0 0.4665032679738562 0.058363970588235295 0.03594771241830065 0.07077205882352941
0 0.4236111111111111 0.05652573529411765 0.04820261437908497 0.06709558823529412
0 0.2034313725490196 0.015625 0.05800653594771242 0.025122549019607844
0 0.24918300653594772 0.017769607843137254 0.031862745098039214 0.028799019607843136
0 0.37459150326797386 0.018688725490196078 0.0457516339869281 0.03615196078431373
0 0.3737745098039216 0.06418504901960784 0.04656862745098039 0.0548406862745098
0 0.3306781045751634 0.06326593137254902 0.04125816993464052 0.05606617647058824
0 0.28431372549019607 0.05499387254901961 0.03839869281045752 0.07628676470588236
0 0.23897058823529413 0.06142769607843137 0.041666666666666664 0.06158088235294118
0 0.19444444444444445 0.05897671568627451 0.04656862745098039 0.05912990196078431
0 0.1556372549019608 0.0470281862745098 0.03022875816993464 0.08486519607843138
0 0.12111928104575163 0.04641544117647059 0.03799019607843137 0.08425245098039216
0 0.07720588235294118 0.04779411764705882 0.0457516339869281 0.02696078431372549
0 0.5053104575163399 0.07092524509803921 0.04411764705882353 0.04442401960784314
0 0.670751633986928 0.36151960784313725 0.08169934640522876 0.05392156862745098
0 0.21568627450980393 0.35140931372549017 0.09313725490196079 0.06066176470588235
0 0.45955882352941174 0.3587622549019608 0.07516339869281045 0.056372549019607844
0 0.610702614379085 0.6207107843137255 0.06290849673202614 0.04595588235294118
0 0.5418709150326797 0.617953431372549 0.06985294117647059 0.051470588235294115
0 0.44076797385620914 0.6200980392156863 0.06045751633986928 0.04411764705882353
0 0.3729575163398693 0.6225490196078431 0.06535947712418301 0.04656862745098039
0 0.29840686274509803 0.6204044117647058 0.08374183006535947 0.04963235294117647
0 0.21650326797385622 0.6213235294117647 0.07679738562091504 0.05024509803921569
0 0.1613562091503268 0.5978860294117647 0.03594771241830065 0.057904411764705885
0 0.12520424836601307 0.5997242647058824 0.034722222222222224 0.06158088235294118
0 0.08415032679738563 0.592984068627451 0.03594771241830065 0.05545343137254902
0 0.05841503267973856 0.5960477941176471 0.017973856209150325 0.06341911764705882
0 0.027777777777777776 0.6003370098039216 0.042483660130718956 0.05606617647058824
0 0.024101307189542485 0.5367647058823529 0.0457516339869281 0.02144607843137255
0 0.02287581699346405 0.5140931372549019 0.041666666666666664 0.02389705882352941
0 0.0755718954248366 0.5373774509803921 0.049019607843137254 0.025735294117647058
0 0.15727124183006536 0.5248161764705882 0.03349673202614379 0.051470588235294115
0 0.22263071895424835 0.5517769607843137 0.09068627450980392 0.051470588235294115
0 0.3098447712418301 0.5523897058823529 0.08129084967320262 0.051470588235294115
0 0.6842320261437909 0.6219362745098039 0.07924836601307189 0.04656862745098039
0 0.380718954248366 0.5514705882352942 0.06045751633986928 0.0508578431372549
0 0.7689950980392157 0.6228553921568627 0.0886437908496732 0.04411764705882353
0 0.9113562091503268 0.6277573529411765 0.06535947712418301 0.044730392156862746
0 0.015318627450980392 0.6761642156862745 0.030637254901960783 0.06678921568627451
0 0.05228758169934641 0.6801470588235294 0.035130718954248366 0.08026960784313726
0 0.08905228758169935 0.6819852941176471 0.0392156862745098 0.08272058823529412
0 0.5806781045751634 0.3581495098039216 0.07230392156862746 0.04963235294117647
0 0.2267156862745098 0.6712622549019608 0.03349673202614379 0.03982843137254902
0 0.2988153594771242 0.6957720588235294 0.09191176470588236 0.05821078431372549
0 0.3852124183006536 0.6979166666666666 0.08169934640522876 0.05392156862745098
0 0.45588235294117646 0.6982230392156863 0.059640522875817 0.05392156862745098
0 0.516748366013072 0.6997549019607843 0.06290849673202614 0.05024509803921569
0 0.5786356209150327 0.7012867647058824 0.06004901960784314 0.05392156862745098
0 0.6507352941176471 0.7006740196078431 0.08251633986928104 0.0545343137254902
0 0.7254901960784313 0.6881127450980392 0.0727124183006536 0.0428921568627451
0 0.7922794117647058 0.6930147058823529 0.05923202614379085 0.03308823529411765
0 0.8480392156862745 0.6801470588235294 0.049019607843137254 0.0392156862745098
0 0.9740604575163399 0.7080269607843137 0.051879084967320264 0.04595588235294118
0 0.9916258169934641 0.6231617647058824 0.017565359477124183 0.056372549019607844
0 0.9636437908496732 0.6219362745098039 0.03839869281045752 0.058823529411764705
0 0.8468137254901961 0.6262254901960784 0.06372549019607843 0.05024509803921569
0 0.4424019607843137 0.5542279411764706 0.05718954248366013 0.044730392156862746
0 0.12602124183006536 0.6856617647058824 0.03553921568627451 0.07536764705882353
0 0.5671977124183006 0.5545343137254902 0.061683006535947715 0.04411764705882353
0 0.21160130718954248 0.42233455882352944 0.09722222222222222 0.0585171568627451
0 0.30657679738562094 0.4257046568627451 0.09109477124183006 0.05361519607843137
0 0.3872549019607843 0.4244791666666667 0.06944444444444445 0.05361519607843137
0 0.4554738562091503 0.42693014705882354 0.06699346405228758 0.05116421568627451
0 0.5036764705882353 0.5545343137254902 0.06535947712418301 0.044730392156862746
0 0.5890522875816994 0.4290747549019608 0.06535947712418301 0.04993872549019608
0 0.6535947712418301 0.43121936274509803 0.06372549019607843 0.0548406862745098
0 0.1437908496732026 0.43642769607843135 0.0392156862745098 0.07506127450980392
0 0.7254901960784313 0.43275122549019607 0.04820261437908497 0.05177696078431373
0 0.8517156862745098 0.4348958333333333 0.04411764705882353 0.050551470588235295
0 0.014501633986928105 0.3556985294117647 0.028186274509803922 0.07475490196078431
0 0.054330065359477125 0.3587622549019608 0.04738562091503268 0.07169117647058823
0 0.09906045751633986 0.3590686274509804 0.0428921568627451 0.07291666666666667
0 0.14011437908496732 0.35784313725490197 0.04003267973856209 0.07352941176470588
0 0.3082107843137255 0.3547794117647059 0.09027777777777778 0.05514705882352941
0 0.3868464052287582 0.35753676470588236 0.06862745098039216 0.06066176470588235
0 0.769812091503268 0.4309129901960784 0.03880718954248366 0.048100490196078434
0 0.09987745098039216 0.43673406862745096 0.04861111111111111 0.07199754901960784
0 0.5247140522875817 0.4263174019607843 0.0625 0.05422794117647059
0 0.015318627450980392 0.43612132352941174 0.026552287581699346 0.06954656862745098
0 0.6973039215686274 0.5566789215686274 0.061274509803921566 0.04595588235294118
0 0.053513071895424834 0.43673406862745096 0.0457516339869281 0.07138480392156862
0 0.7600081699346405 0.5602022058823529 0.06004901960784314 0.053002450980392156
0 0.8231209150326797 0.5626531862745098 0.06454248366013073 0.04871323529411765
0 0.8872549019607843 0.5629595588235294 0.0661764705882353 0.04932598039215686
0 0.9534313725490197 0.5651041666666666 0.06372549019607843 0.04381127450980392
0 0.8656045751633987 0.4987745098039216 0.06290849673202614 0.04840686274509804
0 0.6352124183006536 0.5560661764705882 0.059640522875817 0.04779411764705882
0 0.7992238562091504 0.49846813725490197 0.0690359477124183 0.049019607843137254
0 0.6617647058823529 0.49325980392156865 0.0915032679738562 0.044730392156862746
0 0.5753676470588235 0.49050245098039214 0.08047385620915033 0.05269607843137255
0 0.5044934640522876 0.4883578431372549 0.059640522875817 0.05024509803921569
0 0.4415849673202614 0.4883578431372549 0.06290849673202614 0.0508578431372549
0 0.3762254901960784 0.4880514705882353 0.06290849673202614 0.04963235294117647
0 0.3029003267973856 0.4856004901960784 0.08700980392156862 0.05330882352941176
0 0.21854575163398693 0.48161764705882354 0.07679738562091504 0.04595588235294118
0 0.7361111111111112 0.49693627450980393 0.05718954248366013 0.052083333333333336
