0 0.32589285714285715 0.39099702380952384 0.06316137566137567 0.035962301587301584
0 0.9398148148148148 0.39347718253968256 0.07275132275132275 0.036458333333333336
0 0.6496362433862434 0.42919146825396826 0.04927248677248677 0.033482142857142856
0 0.7008928571428571 0.4304315476190476 0.04927248677248677 0.035962301587301584
0 0.751818783068783 0.4304315476190476 0.045304232804232805 0.035962301587301584
0 0.8303571428571429 0.4321676587301587 0.09722222222222222 0.03447420634920635
0 0.4009589947089947 0.3253968253968254 0.06316137566137567 0.041666666666666664
0 0.33449074074074076 0.326140873015873 0.06117724867724868 0.03819444444444445
0 0.2691798941798942 0.32428075396825395 0.062169312169312166 0.03447420634920635
0 0.4646164021164021 0.28608630952380953 0.05952380952380952 0.04439484126984127
0 0.3386243386243386 0.2779017857142857 0.06018518518518518 0.04141865079365079
0 0.2630621693121693 0.27740575396825395 0.06911375661375661 0.05133928571428571
0 0.9560185185185185 0.2357390873015873 0.057539682539682536 0.03993055555555555
0 0.8923611111111112 0.23239087301587302 0.06117724867724868 0.03422619047619048
0 0.9404761904761905 0.4304315476190476 0.07407407407407407 0.035962301587301584
0 0.03521825396825397 0.7282986111111112 0.06382275132275132 0.029513888888888888
0 0.03802910052910053 0.6980406746031746 0.06349206349206349 0.024553571428571428
0 0.037698412698412696 0.6705109126984127 0.06283068783068783 0.024553571428571428
0 0.03902116402116402 0.6416170634920635 0.06812169312169312 0.029265873015873016
0 0.0798611111111111 0.5994543650793651 0.08630952380952381 0.043154761904761904
0 0.07258597883597884 0.5498511904761905 0.08432539682539683 0.042162698412698416
0 0.06349206349206349 0.5026041666666666 0.09523809523809523 0.04836309523809524
0 0.06712962962962964 0.44841269841269843 0.0958994708994709 0.043154761904761904
0 0.06994047619047619 0.3990575396825397 0.08895502645502645 0.04513888888888889
0 0.8283730158730159 0.3929811507936508 0.11574074074074074 0.03794642857142857
0 0.7306547619047619 0.39074900793650796 0.035383597883597885 0.03546626984126984
0 0.69130291005291 0.3897569444444444 0.03670634920634921 0.035962301587301584
0 0.6416997354497355 0.38950892857142855 0.05257936507936508 0.03298611111111111
0 0.3950066137566138 0.39273313492063494 0.06712962962962964 0.037450396825396824
0 0.4523809523809524 0.3939732142857143 0.04431216931216931 0.03546626984126984
0 0.26851851851851855 0.4263392857142857 0.057539682539682536 0.030257936507936508
0 0.9556878306878307 0.333953373015873 0.06944444444444445 0.037450396825396824
0 0.890542328042328 0.33444940476190477 0.057539682539682536 0.03844246031746032
0 0.8305224867724867 0.3349454365079365 0.04927248677248677 0.03943452380952381
0 0.32572751322751325 0.4270833333333333 0.05357142857142857 0.033234126984126984
0 0.382771164021164 0.4290674603174603 0.05588624338624339 0.033234126984126984
0 0.44246031746031744 0.43092757936507936 0.056878306878306875 0.03249007936507937
0 0.49090608465608465 0.3851686507936508 0.028769841269841268 0.04365079365079365
0 0.5276124338624338 0.3864087301587302 0.03207671957671958 0.04513888888888889
0 0.2612433862433862 0.3916170634920635 0.05886243386243386 0.03720238095238095
0 0.9588293650793651 0.29737103174603174 0.08234126984126984 0.03373015873015873
0 0.1345899470899471 0.13219246031746032 0.0582010582010582 0.05803571428571429
0 0.8272156084656085 0.2978670634920635 0.045965608465608467 0.02976190476190476
0 0.7607473544973545 0.3317212301587302 0.08234126984126984 0.03695436507936508
0 0.6772486772486772 0.3307291666666667 0.0787037037037037 0.03794642857142857
0 0.7628968253968254 0.29712301587301587 0.07738095238095238 0.029265873015873016
0 0.6789021164021164 0.2982390873015873 0.082010582010582 0.023561507936507936
0 0.6040013227513228 0.33283730158730157 0.050595238095238096 0.042162698412698416
0 0.5403439153439153 0.33196924603174605 0.06415343915343916 0.0339781746031746
0 0.47023809523809523 0.32998511904761907 0.0582010582010582 0.0339781746031746
0 0.5620039682539683 0.3861607142857143 0.030753968253968252 0.04563492063492063
0 0.5973875661375662 0.3854166666666667 0.027447089947089946 0.04712301587301587
0 0.8855820105820106 0.29476686507936506 0.057539682539682536 0.0339781746031746
0 0.08300264550264551 0.13020833333333334 0.03835978835978836 0.05109126984126984
0 0.45006613756613756 0.19481646825396826 0.05952380952380952 0.037450396825396824
0 0.13260582010582012 0.0685763888888889 0.05423280423280423 0.060267857142857144
0 0.04927248677248677 0.9212549603174603 0.06018518518518518 0.020089285714285716
0 0.055224867724867725 0.9445684523809523 0.056216931216931214 0.021081349206349208
0 0.9776785714285714 0.8374255952380952 0.04662698412698413 0.04241071428571429
0 0.9188161375661376 0.8405257936507936 0.06646825396825397 0.036210317460317464
0 0.9742063492063492 0.7911706349206349 0.04298941798941799 0.046130952380952384
0 0.9131944444444444 0.7963789682539683 0.06779100529100529 0.04861111111111111
0 0.841931216931217 0.837921626984127 0.07208994708994709 0.040426587301587304
0 0.6724537037037037 0.2275545634920635 0.05324074074074074 0.045882936507936505
0 0.6208664021164021 0.22904265873015872 0.0333994708994709 0.03844246031746032
0 0.5813492063492064 0.22904265873015872 0.037037037037037035 0.03844246031746032
0 0.5419973544973545 0.22854662698412698 0.031746031746031744 0.03993055555555555
0 0.04646164021164021 0.8988095238095238 0.06382275132275132 0.018353174603174604
0 0.5009920634920635 0.22805059523809523 0.03968253968253968 0.03794642857142857
0 0.38095238095238093 0.22916666666666666 0.0582010582010582 0.030753968253968252
0 0.31712962962962965 0.22569444444444445 0.05886243386243386 0.029265873015873016
0 0.6283068783068783 0.18253968253968253 0.03835978835978836 0.04513888888888889
0 0.8384589947089947 0.7853422619047619 0.06514550264550265 0.04092261904761905
0 0.5438161375661376 0.11656746031746032 0.05191798941798942 0.031746031746031744
0 0.6167328042328042 0.1189236111111111 0.07605820105820106 0.03050595238095238
0 0.26025132275132273 0.1884920634920635 0.056878306878306875 0.031746031746031744
0 0.3239087301587302 0.18774801587301587 0.0625 0.032242063492063495
0 0.5879629629629629 0.18204365079365079 0.036375661375661374 0.04365079365079365
0 0.5458002645502645 0.18229166666666666 0.03670634920634921 0.043154761904761904
0 0.5042989417989417 0.18030753968253968 0.03968253968253968 0.04662698412698413
0 0.4489087301587302 0.23065476190476192 0.050595238095238096 0.027281746031746032
0 0.042328042328042326 0.12946428571428573 0.03968253968253968 0.05257936507936508
0 0.043154761904761904 0.875 0.06382275132275132 0.025793650793650792
0 0.07671957671957672 0.21391369047619047 0.041666666666666664 0.058779761904761904
0 0.830026455026455 0.23139880952380953 0.06481481481481481 0.03819444444444445
0 0.9593253968253969 0.1935763888888889 0.07671957671957672 0.03447420634920635
0 0.8910383597883598 0.19010416666666666 0.04927248677248677 0.03695436507936508
0 0.8306878306878307 0.18874007936507936 0.06283068783068783 0.039186507936507936
0 0.7577711640211641 0.23598710317460317 0.06712962962962964 0.03050595238095238
0 0.749834656084656 0.20151289682539683 0.07374338624338625 0.019097222222222224
0 0.08349867724867725 0.06907242063492064 0.0419973544973545 0.06076388888888889
0 0.041666666666666664 0.07105654761904762 0.03835978835978836 0.06770833333333333
0 0.03736772486772487 0.2709573412698413 0.036375661375661374 0.05282738095238095
0 0.3888888888888889 0.19506448412698413 0.061507936507936505 0.037450396825396824
0 0.9236111111111112 0.12338789682539683 0.09523809523809523 0.035962301587301584
0 0.03422619047619048 0.21180555555555555 0.03670634920634921 0.059027777777777776
0 0.2705026455026455 0.06919642857142858 0.06746031746031746 0.04265873015873016
0 0.41121031746031744 0.0716765873015873 0.0710978835978836 0.03869047619047619
0 0.4818121693121693 0.0744047619047619 0.062169312169312166 0.040674603174603176
0 0.5426587301587301 0.07341269841269842 0.05555555555555555 0.04017857142857143
0 0.6170634920634921 0.07787698412698413 0.06084656084656084 0.040674603174603176
0 0.2673611111111111 0.11197916666666667 0.06448412698412699 0.03943452380952381
0 0.3371362433862434 0.1117311507936508 0.06977513227513228 0.03546626984126984
0 0.4131944444444444 0.11445932539682539 0.07175925925925926 0.03695436507936508
0 0.482473544973545 0.11445932539682539 0.06018518518518518 0.034970238095238096
0 0.0787037037037037 0.27046130952380953 0.03902116402116402 0.051835317460317464
0 0.14252645502645503 0.27728174603174605 0.05489417989417989 0.05803571428571429
0 0.13872354497354497 0.21416170634920634 0.06646825396825397 0.05431547619047619
0 0.3411044973544973 0.07452876984126984 0.06183862433862434 0.038938492063492064
0 0.04050925925925926 0.8467261904761905 0.06514550264550265 0.024305555555555556
0 0.3587962962962963 0.8035714285714286 0.05555555555555555 0.029265873015873016
0 0.03902116402116402 0.7834821428571429 0.062169312169312166 0.027281746031746032
0 0.2746362433862434 0.6578621031746031 0.04398148148148148 0.034970238095238096
0 0.32423941798941797 0.6573660714285714 0.04728835978835979 0.03546626984126984
0 0.37466931216931215 0.6500496031746031 0.04298941798941799 0.031746031746031744
0 0.42311507936507936 0.6505456349206349 0.04662698412698413 0.032242063492063495
0 0.48032407407407407 0.6688988095238095 0.05257936507936508 0.04513888888888889
0 0.41335978835978837 0.8024553571428571 0.05291005291005291 0.03546626984126984
0 0.2526455026455027 0.839781746031746 0.057539682539682536 0.034722222222222224
0 0.3060515873015873 0.8405257936507936 0.045965608465608467 0.03373015873015873
0 0.3587962962962963 0.8395337301587301 0.05555555555555555 0.03422619047619048
0 0.416005291005291 0.841765873015873 0.05489417989417989 0.03125
0 0.4697420634920635 0.8287450396825397 0.04728835978835979 0.045882936507936505
0 0.593584656084656 0.8297371031746031 0.0582010582010582 0.05530753968253968
0 0.6536044973544973 0.8053075396825397 0.0539021164021164 0.044642857142857144
0 0.7132936507936508 0.8043154761904762 0.0582010582010582 0.046130952380952384
0 0.7741402116402116 0.8012152777777778 0.05489417989417989 0.04141865079365079
0 0.6555886243386243 0.8425099206349206 0.05125661375661376 0.030257936507936508
0 0.7132936507936508 0.8432539682539683 0.051587301587301584 0.028273809523809524
0 0.7749669312169312 0.8412698412698413 0.050595238095238096 0.030257936507936508
0 0.5381944444444444 0.6674107142857143 0.05324074074074074 0.04662698412698413
0 0.5930886243386243 0.6605902777777778 0.044642857142857144 0.035962301587301584
0 0.660218253968254 0.6824156746031746 0.054563492063492064 0.021081349206349208
0 0.984457671957672 0.6010664682539683 0.031084656084656083 0.0642361111111111
0 0.71494708994709 0.6812996031746031 0.051587301587301584 0.01984126984126984
0 0.9282407407407407 0.6217757936507936 0.06613756613756613 0.03273809523809524
0 0.8583002645502645 0.6240079365079365 0.04728835978835979 0.03273809523809524
0 0.038525132275132275 0.8209325396825397 0.06712962962962964 0.027777777777777776
0 0.4750330687830688 0.47966269841269843 0.04861111111111111 0.04811507936507937
0 0.529265873015873 0.48115079365079366 0.05125661375661376 0.04513888888888889
0 0.5796957671957672 0.4802827380952381 0.046957671957671955 0.03993055555555555
0 0.6403769841269841 0.4852430555555556 0.049933862433862435 0.03695436507936508
0 0.6919642857142857 0.4861111111111111 0.04728835978835979 0.039186507936507936
0 0.7389219576719577 0.4887152777777778 0.0419973544973545 0.03447420634920635
0 0.8210978835978836 0.4884672619047619 0.10714285714285714 0.03447420634920635
0 0.9173280423280423 0.4894593253968254 0.07936507936507936 0.03298611111111111
0 0.4763558201058201 0.5239335317460317 0.05125661375661376 0.035962301587301584
0 0.5398478835978836 0.5256696428571429 0.049933862433862435 0.034970238095238096
0 0.5930886243386243 0.5264136904761905 0.044642857142857144 0.035962301587301584
0 0.6436838624338624 0.5269097222222222 0.04662698412698413 0.034970238095238096
0 0.6944444444444444 0.5276537698412699 0.04298941798941799 0.035962301587301584
0 0.7159391534391535 0.5922619047619048 0.04431216931216931 0.02628968253968254
0 0.7622354497354498 0.5911458333333334 0.04431216931216931 0.021577380952380952
0 0.8115079365079365 0.5904017857142857 0.04365079365079365 0.022569444444444444
0 0.8607804232804233 0.5908978174603174 0.046296296296296294 0.0220734126984127
0 0.7139550264550265 0.6227678571428571 0.04034391534391534 0.032242063492063495
0 0.763558201058201 0.623015873015873 0.046957671957671955 0.034722222222222224
0 0.8115079365079365 0.6223958333333334 0.04365079365079365 0.035962301587301584
0 0.9265873015873016 0.5842013888888888 0.0787037037037037 0.038938492063492064
0 0.6727843915343915 0.6525297619047619 0.04398148148148148 0.01984126984126984
0 0.5317460317460317 0.8170882936507936 0.0496031746031746 0.04935515873015873
0 0.31398809523809523 0.7087053571428571 0.045965608465608467 0.035962301587301584
0 0.4904100529100529 0.6174355158730159 0.03439153439153439 0.035962301587301584
0 0.5256283068783069 0.6179315476190477 0.03141534391534392 0.03695436507936508
0 0.558531746031746 0.619171626984127 0.03306878306878307 0.034970238095238096
0 0.6352513227513228 0.5933779761904762 0.09391534391534391 0.023561507936507936
0 0.6362433862433863 0.623015873015873 0.10251322751322751 0.027777777777777776
0 0.925760582010582 0.6749751984126984 0.07043650793650794 0.03844246031746032
0 0.9287367724867724 0.7108134920634921 0.06712962962962964 0.028273809523809524
0 0.9851190476190477 0.6908482142857143 0.032407407407407406 0.06919642857142858
0 0.25066137566137564 0.8033234126984127 0.05026455026455026 0.028769841269841268
0 0.304728835978836 0.8030753968253969 0.04662698412698413 0.026785714285714284
0 0.2612433862433862 0.708953373015873 0.05555555555555555 0.036458333333333336
0 0.3427579365079365 0.029017857142857144 0.06845238095238096 0.050595238095238096
0 0.4115410052910053 0.029265873015873016 0.06514550264550265 0.04712301587301587
0 0.48032407407407407 0.030257936507936508 0.06514550264550265 0.046130952380952384
0 0.5446428571428571 0.031001984126984128 0.056216931216931214 0.04365079365079365
0 0.6225198412698413 0.027281746031746032 0.06183862433862434 0.04017857142857143
0 0.7078373015873016 0.04439484126984127 0.10813492063492064 0.040674603174603176
0 0.8217592592592593 0.04600694444444445 0.11177248677248677 0.037450396825396824
0 0.9265873015873016 0.0441468253968254 0.09126984126984126 0.033234126984126984
0 0.7111441798941799 0.08370535714285714 0.10813492063492064 0.03298611111111111
0 0.8191137566137566 0.0842013888888889 0.10052910052910052 0.03298611111111111
0 0.9254298941798942 0.08097718253968254 0.08895502645502645 0.037450396825396824
0 0.7098214285714286 0.12239583333333333 0.09887566137566138 0.035962301587301584
0 0.8172949735449735 0.12065972222222222 0.10615079365079365 0.03695436507936508
0 0.037698412698412696 0.7550843253968254 0.06283068783068783 0.023561507936507936
0 0.4568452380952381 0.6171875 0.03141534391534392 0.03794642857142857
0 0.5676256613756614 0.5763888888888888 0.02546296296296296 0.04365079365079365
0 0.271494708994709 0.02418154761904762 0.07275132275132275 0.040426587301587304
0 0.4933862433862434 0.5751488095238095 0.03373015873015873 0.0441468253968254
0 0.5291005291005291 0.5751488095238095 0.03505291005291005 0.044642857142857144
0 0.42328042328042326 0.7098214285714286 0.06018518518518518 0.03125
0 0.48660714285714285 0.7083333333333334 0.04927248677248677 0.030753968253968252
0 0.544808201058201 0.7103174603174603 0.0539021164021164 0.03521825396825397
0 0.5997023809523809 0.7079613095238095 0.04861111111111111 0.03943452380952381
0 0.7197420634920635 0.7098214285714286 0.06779100529100529 0.03373015873015873
0 0.7706679894179894 0.671875 0.044642857142857144 0.032242063492063495
0 0.8199404761904762 0.6741071428571429 0.04728835978835979 0.028273809523809524
0 0.8657407407407407 0.675843253968254 0.037037037037037035 0.030257936507936508
0 0.7757936507936508 0.7100694444444444 0.042328042328042326 0.031746031746031744
0 0.6541005291005291 0.7105654761904762 0.05489417989417989 0.030257936507936508
0 0.8204365079365079 0.7093253968253969 0.042328042328042326 0.032242063492063495
0 0.8634259259259259 0.7090773809523809 0.03835978835978836 0.032242063492063495
0 0.7418981481481481 0.529265873015873 0.04794973544973545 0.03273809523809524
0 0.8194444444444444 0.5281498015873016 0.09788359788359788 0.03447420634920635
0 0.9298941798941799 0.5276537698412699 0.09788359788359788 0.033482142857142856
0 0.6307870370370371 0.5601438492063492 0.0882936507936508 0.024553571428571428
0 0.45337301587301587 0.5731646825396826 0.037037037037037035 0.04563492063492063
0 0.3662367724867725 0.708953373015873 0.04794973544973545 0.0339781746031746
