0 0.7275326797385621 0.39231004901960786 0.04003267973856209 0.07506127450980392
0 0.3737745098039216 0.4797794117647059 0.026143790849673203 0.0741421568627451
0 0.9722222222222222 0.7213541666666666 0.04820261437908497 0.09528186274509803
0 0.9268790849673203 0.719515931372549 0.04330065359477124 0.09957107843137254
0 0.8754084967320261 0.7115502450980392 0.05065359477124183 0.09037990196078431
0 0.8316993464052288 0.7005208333333334 0.04084967320261438 0.10447303921568628
0 0.786968954248366 0.6884191176470589 0.044526143790849675 0.07904411764705882
0 0.7434640522875817 0.6847426470588235 0.0392156862745098 0.0821078431372549
0 0.7022058823529411 0.6807598039215687 0.03431372549019608 0.07291666666666667
0 0.6703431372549019 0.6773897058823529 0.031862745098039214 0.07965686274509803
0 0.9199346405228758 0.6040134803921569 0.05392156862745098 0.07935049019607843
0 0.8709150326797386 0.6006433823529411 0.03758169934640523 0.0818014705882353
0 0.8296568627450981 0.5942095588235294 0.03676470588235294 0.06219362745098039
0 0.7918709150326797 0.5859375 0.03799019607843137 0.07996323529411764
0 0.38235294117647056 0.5758272058823529 0.018790849673202614 0.06525735294117647
0 0.6401143790849673 0.7501531862745098 0.032679738562091505 0.06893382352941177
0 0.7218137254901961 0.578890931372549 0.04493464052287582 0.078125
0 0.6462418300653595 0.5675551470588235 0.032679738562091505 0.06770833333333333
0 0.9138071895424836 0.49785539215686275 0.03758169934640523 0.06862745098039216
0 0.8696895424836601 0.49295343137254904 0.0392156862745098 0.08088235294117647
0 0.8296568627450981 0.48682598039215685 0.04084967320261438 0.0661764705882353
0 0.7890114379084967 0.4849877450980392 0.03227124183006536 0.07720588235294118
0 0.7173202614379085 0.47549019607843135 0.04003267973856209 0.06740196078431372
0 0.6797385620915033 0.47732843137254904 0.03431372549019608 0.06678921568627451
0 0.6454248366013072 0.47579656862745096 0.035130718954248366 0.06801470588235294
0 0.9771241830065359 0.3935355392156863 0.03758169934640523 0.05912990196078431
0 0.7628676470588235 0.3932291666666667 0.03308823529411765 0.07567401960784313
0 0.931781045751634 0.40150122549019607 0.049019607843137254 0.06525735294117647
0 0.6883169934640523 0.3941482843137255 0.035130718954248366 0.07689950980392157
0 0.6482843137254902 0.3941482843137255 0.04084967320261438 0.07873774509803921
0 0.6797385620915033 0.5715379901960784 0.03431372549019608 0.06158088235294118
0 0.6715686274509803 0.7556678921568627 0.03022875816993464 0.060355392156862746
0 0.7430555555555556 0.7798713235294118 0.03431372549019608 0.06709558823529412
0 0.7796160130718954 0.7843137254901961 0.03799019607843137 0.05821078431372549
0 0.4056372549019608 0.5749080882352942 0.024509803921568627 0.06709558823529412
0 0.42892156862745096 0.5791973039215687 0.022058823529411766 0.06464460784313726
0 0.5406454248366013 0.6994485294117647 0.037173202614379085 0.08149509803921569
0 0.5016339869281046 0.6933210784313726 0.03676470588235294 0.09313725490196079
0 0.4636437908496732 0.6859681372549019 0.03431372549019608 0.08088235294117647
0 0.4334150326797386 0.6795343137254902 0.02696078431372549 0.0900735294117647
0 0.4027777777777778 0.6740196078431373 0.02696078431372549 0.07720588235294118
0 0.37254901960784315 0.6657475490196079 0.03594771241830065 0.0900735294117647
0 0.5269607843137255 0.7892156862745098 0.03022875816993464 0.04534313725490196
0 0.497140522875817 0.7798713235294118 0.02369281045751634 0.06096813725490196
0 0.4456699346405229 0.7636335784313726 0.04330065359477124 0.06525735294117647
0 0.4027777777777778 0.7535232843137255 0.03104575163398693 0.046262254901960786
0 0.36560457516339867 0.7428002450980392 0.03839869281045752 0.057291666666666664
0 0.9272875816993464 0.8990502450980392 0.056372549019607844 0.045649509803921566
0 0.8770424836601307 0.8874080882352942 0.0457516339869281 0.06219362745098039
0 0.8374183006535948 0.8783700980392157 0.027777777777777776 0.05392156862745098
0 0.801062091503268 0.8688725490196079 0.04493464052287582 0.07107843137254902
0 0.752859477124183 0.8532475490196079 0.0457516339869281 0.04595588235294118
0 0.7132352941176471 0.84375 0.03594771241830065 0.06372549019607843
0 0.6744281045751634 0.8339460784313726 0.031862745098039214 0.044730392156862746
0 0.6401143790849673 0.8290441176470589 0.03676470588235294 0.05575980392156863
0 0.9407679738562091 0.8170955882352942 0.05065359477124183 0.06004901960784314
0 0.8986928104575164 0.8079044117647058 0.04003267973856209 0.0778186274509804
0 0.8553921568627451 0.8002450980392157 0.04330065359477124 0.06311274509803921
0 0.45955882352941174 0.5871629901960784 0.03022875816993464 0.07935049019607843
0 0.48937908496732024 0.5902267156862745 0.024509803921568627 0.07322303921568628
0 0.5241013071895425 0.5917585784313726 0.04084967320261438 0.07628676470588236
0 0.3488562091503268 0.47732843137254904 0.025326797385620915 0.07720588235294118
0 0.8165849673202614 0.7922794117647058 0.035130718954248366 0.07720588235294118
0 0.9795751633986928 0.29871323529411764 0.03431372549019608 0.09068627450980392
0 0.9485294117647058 0.3011642156862745 0.025326797385620915 0.0857843137254902
0 0.7569444444444444 0.5819546568627451 0.025326797385620915 0.07138480392156862
0 0.8439542483660131 0.30484068627450983 0.04084967320261438 0.0778186274509804
0 0.4922385620915033 0.18627450980392157 0.03431372549019608 0.07107843137254902
0 0.46282679738562094 0.18658088235294118 0.024509803921568627 0.06740196078431372
0 0.5249183006535948 0.10738357843137254 0.03839869281045752 0.0664828431372549
0 0.49142156862745096 0.11397058823529412 0.028594771241830064 0.06004901960784314
0 0.40931372549019607 0.12346813725490197 0.027777777777777776 0.051470588235294115
0 0.3790849673202614 0.12591911764705882 0.032679738562091505 0.05392156862745098
0 0.34620098039215685 0.12745098039215685 0.03145424836601307 0.04718137254901961
0 0.8860294117647058 0.30392156862745096 0.04330065359477124 0.08026960784313726
0 0.5163398692810458 0.28201593137254904 0.03349673202614379 0.09283088235294118
0 0.4852941176470588 0.2850796568627451 0.024509803921568627 0.08731617647058823
0 0.4562908496732026 0.28661151960784315 0.031862745098039214 0.08363970588235294
0 0.42892156862745096 0.2893688725490196 0.022058823529411766 0.08792892156862746
0 0.5273692810457516 0.17892156862745098 0.035130718954248366 0.06433823529411764
0 0.4011437908496732 0.2925857843137255 0.031862745098039214 0.08088235294117647
0 0.34701797385620914 0.2881433823529412 0.02900326797385621 0.08057598039215687
0 0.5281862745098039 0.39629289215686275 0.024509803921568627 0.07873774509803921
0 0.4979575163398693 0.3944546568627451 0.029411764705882353 0.08241421568627451
0 0.4714052287581699 0.3929227941176471 0.025326797385620915 0.07935049019607843
0 0.44730392156862747 0.39077818627450983 0.026143790849673203 0.08425245098039216
0 0.4207516339869281 0.38924632352941174 0.026143790849673203 0.08363970588235294
0 0.3966503267973856 0.3877144607843137 0.018790849673202614 0.08425245098039216
0 0.3729575163398693 0.3864889705882353 0.028594771241830064 0.07996323529411764
0 0.3472222222222222 0.3864889705882353 0.022058823529411766 0.07873774509803921
0 0.4709967320261438 0.49111519607843135 0.028594771241830064 0.07598039215686274
0 0.4444444444444444 0.4895833333333333 0.024509803921568627 0.08026960784313726
0 0.4178921568627451 0.48621323529411764 0.024509803921568627 0.07352941176470588
0 0.37336601307189543 0.29013480392156865 0.025326797385620915 0.0741421568627451
0 0.3966503267973856 0.48223039215686275 0.018790849673202614 0.08088235294117647
0 0.3602941176470588 0.5715379901960784 0.027777777777777776 0.07261029411764706
0 0.7303921568627451 0.2192095588235294 0.03349673202614379 0.08731617647058823
0 0.7336601307189542 0.11197916666666667 0.03594771241830065 0.09221813725490197
0 0.772671568627451 0.10983455882352941 0.04044117647058824 0.09834558823529412
0 0.8165849673202614 0.10370710784313726 0.04330065359477124 0.09712009803921569
0 0.8590686274509803 0.09911151960784313 0.042483660130718956 0.10753676470588236
0 0.9003267973856209 0.09206495098039216 0.035130718954248366 0.1014093137254902
0 0.9468954248366013 0.09145220588235294 0.04656862745098039 0.10447303921568628
0 0.6915849673202614 0.22135416666666666 0.041666666666666664 0.0818014705882353
0 0.6968954248366013 0.11780024509803921 0.04003267973856209 0.0977328431372549
0 0.7661356209150327 0.21400122549019607 0.039624183006535946 0.08241421568627451
0 0.8112745098039216 0.2115502450980392 0.04493464052287582 0.08731617647058823
0 0.8513071895424836 0.20649509803921567 0.035130718954248366 0.0857843137254902
0 0.6552287581699346 0.12147671568627451 0.03839869281045752 0.0897671568627451
0 0.8464052287581699 0.40119485294117646 0.041666666666666664 0.07199754901960784
0 0.8026960784313726 0.39598651960784315 0.04003267973856209 0.08241421568627451
0 0.8946078431372549 0.20710784313725492 0.04820261437908497 0.08455882352941177
0 0.9415849673202614 0.203125 0.04003267973856209 0.07904411764705882
0 0.9840686274509803 0.19975490196078433 0.035130718954248366 0.08394607843137254
0 0.6544117647058824 0.30974264705882354 0.03676470588235294 0.07536764705882353
0 0.6924019607843137 0.3091299019607843 0.0392156862745098 0.07598039215686274
0 0.7291666666666666 0.3088235294117647 0.035130718954248366 0.07965686274509803
0 0.7873774509803921 0.30484068627450983 0.04125816993464052 0.07475490196078431
0 0.8880718954248366 0.3987438725490196 0.0392156862745098 0.07261029411764706
