0 0.02221200980392157 0.7920751633986928 0.04442401960784314 0.18382352941176472
0 0.5853247549019608 0.7510212418300654 0.012561274509803922 0.09844771241830065
0 0.5625 0.7773692810457516 0.012867647058823529 0.10212418300653595
0 0.5402879901960784 0.7820669934640523 0.018688725490196078 0.10825163398692811
0 0.5168504901960784 0.7994281045751634 0.02022058823529412 0.10620915032679738
0 0.5634191176470589 0.4340277777777778 0.014705882352941176 0.07883986928104575
0 0.5796568627450981 0.43075980392156865 0.014705882352941176 0.08619281045751634
0 0.5494791666666666 0.43913398692810457 0.011948529411764705 0.08169934640522876
0 0.07291666666666667 0.7747140522875817 0.04963235294117647 0.2062908496732026
0 0.5672487745098039 0.8907271241830066 0.02849264705882353 0.1090686274509804
0 0.2032781862745098 0.7175245098039216 0.04871323529411765 0.18586601307189543
0 0.27236519607843135 0.6815767973856209 0.06556372549019608 0.15236928104575165
0 0.3236825980392157 0.6458333333333334 0.021139705882352942 0.1111111111111111
0 0.5997242647058824 0.8619281045751634 0.02542892156862745 0.09967320261437909
0 0.6004901960784313 0.7416258169934641 0.012867647058823529 0.09763071895424837
0 0.5742953431372549 0.7600081699346405 0.009497549019607842 0.09763071895424837
0 0.3713235294117647 0.610702614379085 0.02696078431372549 0.08986928104575163
0 0.41911764705882354 0.5998774509803921 0.02389705882352941 0.09844771241830065
0 0.46078431372549017 0.585171568627451 0.02267156862745098 0.09354575163398693
0 0.48360906862745096 0.5743464052287581 0.017463235294117647 0.09967320261437909
0 0.48514093137254904 0.9546568627450981 0.04258578431372549 0.08496732026143791
0 0.5263480392156863 0.9285130718954249 0.0392156862745098 0.09558823529411764
0 0.1410845588235294 0.7406045751633987 0.06893382352941177 0.16013071895424835
0 0.3460477941176471 0.6333741830065359 0.018075980392156864 0.1156045751633987
0 0.4401041666666667 0.5959967320261438 0.015625 0.10784313725490197
0 0.5206801470588235 0.4452614379084967 0.0070465686274509805 0.08823529411764706
0 0.06724877450980392 0.21200980392156862 0.03829656862745098 0.1576797385620915
0 0.026041666666666668 0.21548202614379086 0.03370098039215686 0.16462418300653595
0 0.3547794117647059 0.49407679738562094 0.01715686274509804 0.09844771241830065
0 0.33486519607843135 0.5036764705882353 0.015931372549019607 0.11519607843137254
0 0.3161764705882353 0.5061274509803921 0.02022058823529412 0.11029411764705882
0 0.29151348039215685 0.5112336601307189 0.023590686274509803 0.11723856209150327
0 0.27037377450980393 0.5185866013071896 0.015625 0.127859477124183
0 0.22242647058823528 0.5302287581699346 0.06862745098039216 0.125
0 0.10447303921568628 0.2128267973856209 0.032475490196078434 0.15196078431372548
0 0.13771446078431374 0.5614787581699346 0.07567401960784313 0.14583333333333334
0 0.5764399509803921 0.3333333333333333 0.015012254901960785 0.0857843137254902
0 0.5643382352941176 0.3329248366013072 0.009191176470588236 0.08496732026143791
0 0.5522365196078431 0.33762254901960786 0.010723039215686275 0.09272875816993464
0 0.5387561274509803 0.3402777777777778 0.013174019607843137 0.08741830065359477
0 0.5222120098039216 0.34129901960784315 0.012561274509803922 0.08782679738562091
0 0.5065870098039216 0.3431372549019608 0.015625 0.08660130718954248
0 0.4889705882352941 0.34681372549019607 0.014705882352941176 0.08905228758169935
0 0.47579656862745096 0.34844771241830064 0.011029411764705883 0.08496732026143791
0 0.04963235294117647 0.5684232026143791 0.09681372549019608 0.13112745098039216
0 0.5338541666666666 0.43790849673202614 0.017463235294117647 0.07761437908496732
0 0.1407781862745098 0.21119281045751634 0.03400735294117647 0.14705882352941177
0 0.23667279411764705 0.3776552287581699 0.019301470588235295 0.14665032679738563
0 0.5091911764705882 0.44669117647058826 0.011642156862745098 0.08619281045751634
0 0.4977022058823529 0.4542483660130719 0.008884803921568627 0.09477124183006536
0 0.48422181372549017 0.45812908496732024 0.011948529411764705 0.09027777777777778
0 0.47043504901960786 0.46119281045751637 0.009497549019607842 0.09313725490196079
0 0.23253676470588236 0.21323529411764705 0.03370098039215686 0.1388888888888889
0 0.45481004901960786 0.46343954248366015 0.015012254901960785 0.08619281045751634
0 0.43964460784313725 0.4736519607843137 0.012254901960784314 0.08946078431372549
0 0.42294730392156865 0.47549019607843135 0.01991421568627451 0.0857843137254902
0 0.1715686274509804 0.2128267973856209 0.022058823529411766 0.13970588235294118
0 0.4088541666666667 0.4838643790849673 0.01011029411764706 0.09354575163398693
0 0.37346813725490197 0.48937908496732024 0.012867647058823529 0.10375816993464053
0 0.19822303921568626 0.21323529411764705 0.031862745098039214 0.14215686274509803
0 0.43244485294117646 0.3539624183006536 0.015625 0.0959967320261438
0 0.4128370098039216 0.3562091503267974 0.020526960784313725 0.09477124183006536
0 0.33578431372549017 0.37173202614379086 0.02267156862745098 0.10457516339869281
0 0.3112745098039216 0.3764297385620915 0.02389705882352941 0.10743464052287582
0 0.28799019607843135 0.37949346405228757 0.023284313725490197 0.11274509803921569
0 0.2630208333333333 0.3709150326797386 0.019301470588235295 0.12745098039215685
0 0.39169730392156865 0.4834558823529412 0.017463235294117647 0.09844771241830065
0 0.2659313725490196 0.21834150326797386 0.027573529411764705 0.12459150326797386
0 0.46262254901960786 0.3525326797385621 0.012867647058823529 0.09068627450980392
0 0.3154105392156863 0.21486928104575165 0.02297794117647059 0.11764705882352941
0 0.561734068627451 0.6578839869281046 0.013174019607843137 0.08946078431372549
0 0.5482536764705882 0.6668709150326797 0.011948529411764705 0.10334967320261437
0 0.5349264705882353 0.6711601307189542 0.012254901960784314 0.09477124183006536
0 0.5203737745098039 0.6795343137254902 0.013174019607843137 0.1090686274509804
0 0.5088848039215687 0.6877042483660131 0.011029411764705883 0.09436274509803921
0 0.4970894607843137 0.6952614379084967 0.01011029411764706 0.10212418300653595
0 0.4810049019607843 0.704248366013072 0.02144607843137255 0.08741830065359477
0 0.5621936274509803 0.21548202614379086 0.014093137254901961 0.09191176470588236
0 0.031862745098039214 0.4025735294117647 0.06372549019607843 0.15645424836601307
0 0.10615808823529412 0.39624183006535946 0.07935049019607843 0.16748366013071894
0 0.5752144607843137 0.6535947712418301 0.008272058823529412 0.09640522875816994
0 0.18566176470588236 0.38296568627450983 0.07291666666666667 0.1417483660130719
0 0.23851102941176472 0.8929738562091504 0.05974264705882353 0.15931372549019607
0 0.30223651960784315 0.8370098039215687 0.05422794117647059 0.1323529411764706
0 0.34237132352941174 0.7816584967320261 0.017463235294117647 0.11070261437908496
0 0.3828125 0.7612336601307189 0.022365196078431373 0.10334967320261437
0 0.40027573529411764 0.75 0.0070465686274509805 0.1119281045751634
0 0.41329656862745096 0.7434640522875817 0.01715686274509804 0.10457516339869281
0 0.4299938725490196 0.7348856209150327 0.01133578431372549 0.11764705882352941
0 0.44745710784313725 0.7240604575163399 0.018688725490196078 0.09681372549019608
0 0.46338848039215685 0.7175245098039216 0.01133578431372549 0.10661764705882353
0 0.2928921568627451 0.21752450980392157 0.02144607843137255 0.1213235294117647
0 0.16482843137254902 0.9076797385620915 0.0821078431372549 0.1454248366013072
0 0.586703431372549 0.6435866013071896 0.010416666666666666 0.0763888888888889
0 0.3622855392156863 0.7732843137254902 0.013786764705882353 0.11683006535947713
0 0.3486519607843137 0.9158496732026143 0.027573529411764705 0.12826797385620914
0 0.3397671568627451 0.2173202614379085 0.02144607843137255 0.11274509803921569
0 0.5981924019607843 0.6423611111111112 0.008272058823529412 0.07883986928104575
0 0.3635110294117647 0.21629901960784315 0.02542892156862745 0.11151960784313726
0 0.3869485294117647 0.2193627450980392 0.0196078431372549 0.10866013071895425
0 0.40793504901960786 0.21691176470588236 0.022365196078431373 0.10620915032679738
0 0.4479166666666667 0.35130718954248363 0.014093137254901961 0.08905228758169935
0 0.5024509803921569 0.5702614379084967 0.014093137254901961 0.09477124183006536
0 0.5185355392156863 0.5437091503267973 0.014399509803921568 0.059640522875817
0 0.4479166666666667 0.21752450980392157 0.01715686274509804 0.09844771241830065
0 0.4661458333333333 0.21793300653594772 0.01685049019607843 0.09926470588235294
0 0.4831495098039216 0.21793300653594772 0.016544117647058824 0.10253267973856209
0 0.42830882352941174 0.21977124183006536 0.01715686274509804 0.10212418300653595
0 0.4273897058823529 0.8613153594771242 0.02022058823529412 0.11070261437908496
0 0.5134803921568627 0.21650326797385622 0.013480392156862746 0.09395424836601307
0 0.5295649509803921 0.21752450980392157 0.015625 0.09436274509803921
0 0.5465686274509803 0.21568627450980393 0.015318627450980392 0.0923202614379085
0 0.49846813725490197 0.8045343137254902 0.012867647058823529 0.11233660130718955
0 0.46599264705882354 0.8361928104575164 0.02389705882352941 0.10947712418300654
0 0.44684436274509803 0.852328431372549 0.008272058823529412 0.1213235294117647
0 0.390625 0.8878676470588235 0.012867647058823529 0.1270424836601307
0 0.40824142156862747 0.8768382352941176 0.013786764705882353 0.13357843137254902
0 0.37193627450980393 0.9078839869281046 0.014705882352941176 0.13848039215686275
0 0.4993872549019608 0.21854575163398693 0.014705882352941176 0.09803921568627451
