0 0.741652397260274 0.8127403846153847 0.04409246575342466 0.03317307692307692
0 0.5845462328767124 0.8116586538461539 0.04238013698630137 0.02860576923076923
0 0.6241438356164384 0.8268028846153846 0.023972602739726026 0.04927884615384615
0 0.6596746575342466 0.8222355769230769 0.03339041095890411 0.07235576923076924
0 0.9184503424657534 0.33942307692307694 0.040667808219178085 0.06586538461538462
0 0.836472602739726 0.8275240384615384 0.039383561643835614 0.065625
0 0.9738869863013698 0.8307692307692308 0.04794520547945205 0.05721153846153846
0 0.9848030821917808 0.45048076923076924 0.03210616438356165 0.06298076923076923
0 0.9777397260273972 0.3326923076923077 0.03595890410958904 0.08173076923076923
0 0.5860445205479452 0.8413461538461539 0.045376712328767124 0.026442307692307692
0 0.792166095890411 0.8224759615384616 0.0389554794520548 0.07283653846153847
0 0.53125 0.8413461538461539 0.0410958904109589 0.028846153846153848
0 0.21746575342465754 0.8296875 0.04965753424657534 0.05985576923076923
0 0.4655393835616438 0.8242788461538462 0.041523972602739725 0.06634615384615385
0 0.4227311643835616 0.8259615384615384 0.03981164383561644 0.05721153846153846
0 0.3756421232876712 0.8298076923076924 0.03809931506849315 0.0625
0 0.3242722602739726 0.8304086538461538 0.05008561643835616 0.054086538461538464
0 0.2696917808219178 0.8268028846153846 0.04195205479452055 0.06129807692307692
0 0.9332191780821918 0.2926682692307692 0.04794520547945205 0.018990384615384614
0 0.1461900684931507 0.7855769230769231 0.07662671232876712 0.023557692307692307
0 0.13805650684931506 0.8290865384615385 0.0783390410958904 0.041346153846153845
0 0.03981164383561644 0.8012019230769231 0.07534246575342465 0.09951923076923076
0 0.9794520547945206 0.7271634615384616 0.04280821917808219 0.05
0 0.9278681506849316 0.7272836538461539 0.05094178082191781 0.05024038461538462
0 0.8576626712328768 0.7320913461538462 0.06035958904109589 0.042548076923076925
0 0.7384417808219178 0.7195913461538461 0.03767123287671233 0.062259615384615385
0 0.5303938356164384 0.8085336538461538 0.052226027397260275 0.03245192307692308
0 0.871361301369863 0.33834134615384615 0.04238013698630137 0.06995192307692308
0 0.5637842465753424 0.3344951923076923 0.04965753424657534 0.06850961538461539
0 0.7767551369863014 0.33810096153846153 0.0389554794520548 0.06610576923076923
0 0.9220890410958904 0.8271634615384615 0.038527397260273974 0.058653846153846154
0 0.08540239726027397 0.18473557692307693 0.0526541095890411 0.07572115384615384
0 0.14768835616438356 0.18653846153846154 0.059075342465753425 0.07548076923076923
0 0.20976027397260275 0.18834134615384615 0.059931506849315065 0.07379807692307692
0 0.2771832191780822 0.1891826923076923 0.05950342465753425 0.07019230769230769
0 0.340111301369863 0.18942307692307692 0.06035958904109589 0.07259615384615385
0 0.410958904109589 0.19134615384615383 0.059931506849315065 0.07259615384615385
0 0.4661815068493151 0.18942307692307692 0.04280821917808219 0.07451923076923077
0 0.5179794520547946 0.1908653846153846 0.04280821917808219 0.07451923076923077
0 0.5732020547945206 0.19627403846153846 0.04452054794520548 0.06899038461538462
0 0.6228595890410958 0.19759615384615384 0.04452054794520548 0.06923076923076923
0 0.6746575342465754 0.19639423076923077 0.04708904109589041 0.07019230769230769
0 0.7241010273972602 0.1954326923076923 0.047517123287671235 0.07019230769230769
0 0.823416095890411 0.3389423076923077 0.04238013698630137 0.06442307692307692
0 0.7705479452054794 0.19483173076923077 0.04023972602739726 0.07139423076923077
0 0.865154109589041 0.19891826923076922 0.04366438356164384 0.07139423076923077
0 0.9141695205479452 0.2 0.04666095890410959 0.07115384615384615
0 0.11686643835616438 0.3424278846153846 0.11044520547945205 0.039663461538461536
0 0.20419520547945205 0.32884615384615384 0.04280821917808219 0.06923076923076923
0 0.2523544520547945 0.3295673076923077 0.048373287671232876 0.06875
0 0.3122859589041096 0.3311298076923077 0.05179794520547945 0.06947115384615385
0 0.3737157534246575 0.33185096153846155 0.05650684931506849 0.06802884615384615
0 0.445847602739726 0.33329326923076924 0.056934931506849314 0.06802884615384615
0 0.5068493150684932 0.3342548076923077 0.05650684931506849 0.06802884615384615
0 0.6857876712328768 0.7223557692307693 0.0547945205479452 0.046153846153846156
0 0.6164383561643836 0.3350961538461538 0.04965753424657534 0.06875
0 0.6680222602739726 0.32872596153846156 0.05179794520547945 0.08197115384615385
0 0.7253852739726028 0.32992788461538464 0.05179794520547945 0.08197115384615385
0 0.8167808219178082 0.19603365384615384 0.04366438356164384 0.07139423076923077
0 0.6003852739726028 0.7147836538461538 0.029537671232876712 0.062259615384615385
0 0.7902397260273972 0.7180288461538461 0.039383561643835614 0.06153846153846154
0 0.5654965753424658 0.7117788461538461 0.029965753424657533 0.05913461538461538
0 0.5610017123287672 0.5272836538461538 0.0449486301369863 0.05793269230769231
0 0.511986301369863 0.5270432692307693 0.045376712328767124 0.05793269230769231
0 0.4672517123287671 0.5235576923076923 0.03724315068493151 0.05048076923076923
0 0.4133133561643836 0.5266826923076923 0.0389554794520548 0.05625
0 0.3670804794520548 0.5269230769230769 0.0389554794520548 0.05625
0 0.3193493150684932 0.5289663461538462 0.045376712328767124 0.05841346153846154
0 0.2694777397260274 0.528485576923077 0.04580479452054795 0.05841346153846154
0 0.2131849315068493 0.5240384615384616 0.04794520547945205 0.05432692307692308
0 0.128638698630137 0.5259615384615385 0.09032534246575342 0.05336538461538461
0 0.1170804794520548 0.4391826923076923 0.05351027397260274 0.0673076923076923
0 0.18236301369863014 0.43990384615384615 0.04794520547945205 0.06875
0 0.260916095890411 0.4427884615384615 0.05950342465753425 0.06971153846153846
0 0.6095890410958904 0.5286057692307692 0.045376712328767124 0.06057692307692308
0 0.3662243150684932 0.44627403846153846 0.054366438356164386 0.056971153846153845
0 0.553082191780822 0.4729567307692308 0.06678082191780822 0.011298076923076923
0 0.5565068493150684 0.44495192307692305 0.07363013698630137 0.03701923076923077
0 0.4790239726027397 0.4567307692307692 0.03767123287671233 0.041826923076923074
0 0.6630993150684932 0.45552884615384615 0.023116438356164382 0.05336538461538461
0 0.6271404109589042 0.4518028846153846 0.023116438356164382 0.05360576923076923
0 0.7226027397260274 0.45348557692307695 0.02482876712328767 0.05600961538461539
0 0.6913527397260274 0.4519230769230769 0.02482876712328767 0.05576923076923077
0 0.7523544520547946 0.4519230769230769 0.025256849315068493 0.05336538461538461
0 0.791095890410959 0.43846153846153846 0.04366438356164384 0.07355769230769231
0 0.8413955479452054 0.4405048076923077 0.0449486301369863 0.07524038461538461
0 0.891695205479452 0.4467548076923077 0.04023972602739726 0.06514423076923077
0 0.9396404109589042 0.44579326923076923 0.029965753424657533 0.06081730769230769
0 0.4188784246575342 0.44627403846153846 0.0449486301369863 0.056971153846153845
0 0.667166095890411 0.5289663461538462 0.055222602739726026 0.05793269230769231
0 0.7480736301369864 0.8454326923076924 0.04323630136986301 0.026923076923076925
0 0.7831763698630136 0.5300480769230769 0.04580479452054795 0.05480769230769231
0 0.556292808219178 0.6211538461538462 0.05179794520547945 0.06538461538461539
0 0.6162243150684932 0.6313701923076923 0.04409246575342466 0.051201923076923075
0 0.666095890410959 0.6159855769230769 0.03767123287671233 0.06274038461538461
0 0.3861301369863014 0.6223557692307692 0.046232876712328765 0.058173076923076925
0 0.7315924657534246 0.5292067307692307 0.045376712328767124 0.05456730769230769
0 0.3358304794520548 0.625 0.04666095890410959 0.05576923076923077
0 0.2855308219178082 0.6263221153846154 0.04708904109589041 0.05841346153846154
0 0.23351883561643835 0.6236778846153846 0.048373287671232876 0.05841346153846154
0 0.16502568493150685 0.6324519230769231 0.0526541095890411 0.046153846153846156
0 0.036601027397260275 0.5967548076923077 0.0646404109589041 0.07860576923076923
0 0.07148972602739725 0.6912259615384615 0.04195205479452055 0.06995192307692308
0 0.02054794520547945 0.6800480769230769 0.036815068493150686 0.05961538461538462
0 0.13976883561643835 0.7298076923076923 0.08176369863013698 0.035576923076923075
0 0.2904537671232877 0.7138221153846154 0.03981164383561644 0.06322115384615384
0 0.4933647260273973 0.6243990384615384 0.04922945205479452 0.062259615384615385
0 0.3559503424657534 0.7163461538461539 0.04238013698630137 0.06538461538461539
0 0.4696061643835616 0.7169471153846154 0.036815068493150686 0.06658653846153846
0 0.5143407534246576 0.7147836538461538 0.04238013698630137 0.062259615384615385
0 0.7196061643835616 0.6217548076923077 0.052226027397260275 0.07427884615384615
0 0.7694777397260274 0.622235576923077 0.04666095890410959 0.07524038461538461
0 0.8540239726027398 0.6400240384615384 0.08818493150684932 0.03389423076923077
0 0.943707191780822 0.628125 0.06035958904109589 0.05961538461538462
0 0.9715325342465754 0.5324519230769231 0.027825342465753425 0.05625
0 0.9362157534246576 0.5329326923076924 0.03595890410958904 0.05673076923076923
0 0.8872003424657534 0.5310096153846153 0.04580479452054795 0.05480769230769231
0 0.8371147260273972 0.5310096153846153 0.04580479452054795 0.05480769230769231
0 0.4178082191780822 0.7200721153846154 0.04794520547945205 0.05552884615384615
0 0.4381421232876712 0.6224759615384615 0.03981164383561644 0.06322115384615384
