0 0.46210163652024117 0.5882994186046512 0.031007751937984496 0.043362403100775194
0 0.49849267872523684 0.5873304263565892 0.03488372093023256 0.04530038759689922
0 0.5310077519379846 0.5856346899224806 0.030146425495262703 0.04675387596899225
0 0.58656330749354 0.5853924418604651 0.023255813953488372 0.04481589147286822
0 0.6108957795004306 0.5832122093023255 0.018518518518518517 0.04239341085271318
0 0.6937984496124031 0.5809108527131783 0.030146425495262703 0.060562015503875966
0 0.42118863049095606 0.5953246124031008 0.03531438415159346 0.02931201550387597
0 0.5211024978466839 0.49818313953488375 0.04306632213608958 0.02446705426356589
0 0.4377691645133506 0.5178052325581395 0.03574504737295435 0.019622093023255814
0 0.4788975021533161 0.4735949612403101 0.03617571059431524 0.015988372093023256
0 0.4765288544358312 0.5169573643410853 0.03574504737295435 0.016472868217054265
0 0.6500861326442722 0.5881782945736435 0.023686477174849268 0.03924418604651163
0 0.4752368647717485 0.4953972868217054 0.037467700258397935 0.022771317829457363
0 0.3716623600344531 0.762718023255814 0.03359173126614987 0.052567829457364344
0 0.35335917312661497 0.5866036821705426 0.021963824289405683 0.04481589147286822
0 0.3832902670111972 0.5867248062015504 0.03273040482342808 0.046511627906976744
0 0.3234280792420327 0.5869670542635659 0.03531438415159346 0.046027131782945735
0 0.26916451335055985 0.5867248062015504 0.03273040482342808 0.046511627906976744
0 0.23341946597760552 0.5862403100775194 0.034453057708871665 0.045542635658914726
0 0.152885443583118 0.768531976744186 0.04478897502153316 0.05450581395348837
0 0.19788975021533162 0.765625 0.03660637381567614 0.058381782945736434
0 0.2405254091300603 0.7676841085271318 0.0409130060292851 0.0562015503875969
0 0.28789836347975883 0.7695009689922481 0.04177433247200689 0.05983527131782946
0 0.33376399655469424 0.7594476744186046 0.03962101636520241 0.06346899224806202
0 0.4145133505598622 0.7616279069767442 0.034022394487510765 0.05232558139534884
0 0.4560723514211886 0.7598110465116279 0.031007751937984496 0.053536821705426355
0 0.6720499569336779 0.34265988372093026 0.06761412575366063 0.032703488372093026
0 0.39233419465977604 0.4969718992248062 0.04220499569336779 0.022044573643410854
0 0.2971576227390181 0.5838178294573644 0.015503875968992248 0.0436046511627907
0 0.39254952627045653 0.518047480620155 0.04263565891472868 0.016715116279069766
0 0.16580534022394489 0.29045542635658916 0.07838070628768304 0.040697674418604654
0 0.4140826873385013 0.6659399224806202 0.03316106804478897 0.04408914728682171
0 0.2698105081826012 0.4221172480620155 0.03832902670111973 0.048207364341085274
0 0.31976744186046513 0.41921027131782945 0.044358311800172266 0.05402131782945736
0 0.37446167097329885 0.41351744186046513 0.027131782945736434 0.060562015503875966
0 0.4050387596899225 0.41412306201550386 0.027131782945736434 0.05935077519379845
0 0.43281653746770027 0.4158187984496124 0.02153316106804479 0.06080426356589147
0 0.46619293712316967 0.41375968992248063 0.027131782945736434 0.0625
0 0.5919465977605513 0.4333817829457364 0.03832902670111973 0.020833333333333332
0 0.5891472868217055 0.40455426356589147 0.040482342807924204 0.012112403100775194
0 0.6343669250645995 0.43568313953488375 0.037037037037037035 0.018653100775193797
0 0.16472868217054262 0.4275678294573643 0.07622739018087855 0.02810077519379845
0 0.6395348837209303 0.41363856589147285 0.031007751937984496 0.023498062015503876
0 0.681739879414298 0.4183624031007752 0.030146425495262703 0.012112403100775194
0 0.7159776055124892 0.43531976744186046 0.03316106804478897 0.01937984496124031
0 0.7685185185185185 0.4273255813953488 0.020241171403962102 0.0377906976744186
0 0.512489233419466 0.34181201550387597 0.09043927648578812 0.03439922480620155
0 0.820198105081826 0.41957364341085274 0.034022394487510765 0.04408914728682171
0 0.8636950904392765 0.41993701550387597 0.043496985357450474 0.0501453488372093
0 0.9864341085271318 0.39704457364341084 0.027993109388458226 0.06346899224806202
0 0.8359173126614987 0.34181201550387597 0.08527131782945736 0.03439922480620155
0 0.7504306632213609 0.3430232558139535 0.07795004306632214 0.029554263565891473
0 0.673557278208441 0.43544089147286824 0.034453057708871665 0.016715116279069766
0 0.18561584840654607 0.4011627906976744 0.056847545219638244 0.014050387596899225
0 0.02863910422049957 0.360343992248062 0.0409130060292851 0.05935077519379845
0 0.027993109388458226 0.4335029069767442 0.03962101636520241 0.05062984496124031
0 0.3791989664082687 0.6661821705426356 0.02885443583118002 0.0436046511627907
0 0.3023255813953488 0.6693313953488372 0.030146425495262703 0.044573643410852716
0 0.26679586563307495 0.6707848837209303 0.03229974160206718 0.0436046511627907
0 0.266365202411714 0.6398982558139535 0.027131782945736434 0.008963178294573644
0 0.23062015503875968 0.6710271317829457 0.02885443583118002 0.041182170542635656
0 0.19724375538329025 0.6679990310077519 0.03186907838070629 0.047238372093023256
0 0.1632213608957795 0.6676356589147286 0.03273040482342808 0.0499031007751938
0 0.04198966408268734 0.6827761627906976 0.03919035314384152 0.05402131782945736
0 0.05792420327304048 0.6031976744186046 0.03832902670111973 0.050387596899224806
0 0.8499138673557278 0.6002906976744186 0.060723514211886306 0.01937984496124031
0 0.7986649440137812 0.575702519379845 0.023686477174849268 0.05983527131782946
0 0.7652885443583118 0.5789728682170543 0.030146425495262703 0.05765503875968992
0 0.029715762273901807 0.27894864341085274 0.059431524547803614 0.0753391472868217
0 0.15546942291128338 0.3339389534883721 0.082687338501292 0.043362403100775194
0 0.23837209302325582 0.33502906976744184 0.07708871662360034 0.041182170542635656
0 0.3290267011197244 0.3318798449612403 0.08699397071490095 0.05184108527131783
0 0.3322566752799311 0.2923934108527132 0.08139534883720931 0.022771317829457363
0 0.4214039621016365 0.3334544573643411 0.08053402239448751 0.04433139534883721
0 0.016795865633074936 0.6040455426356589 0.03359173126614987 0.057897286821705425
0 0.04285099052540913 0.5270106589147286 0.020241171403962102 0.03561046511627907
0 0.013781223083548665 0.5193798449612403 0.02756244616709733 0.04844961240310078
0 0.7299741602067183 0.5820009689922481 0.03273040482342808 0.058381782945736434
0 0.7474160206718347 0.4268410852713178 0.018518518518518517 0.03875968992248062
0 0.791343669250646 0.42575096899224807 0.016795865633074936 0.03609496124031008
0 0.05598621877691645 0.7734980620155039 0.030146425495262703 0.03343023255813953
0 0.5594315245478036 0.6614583333333334 0.03875968992248062 0.057897286821705425
0 0.6216623600344531 0.6664244186046512 0.03660637381567614 0.03875968992248062
0 0.6884151593453919 0.6763565891472868 0.06416881998277348 0.030523255813953487
0 0.7409560723514211 0.6613372093023255 0.034022394487510765 0.05813953488372093
0 0.7911283376399656 0.674781976744186 0.03273040482342808 0.03125
0 0.8273040482342808 0.673328488372093 0.02756244616709733 0.027374031007751938
0 0.861541774332472 0.6721172480620154 0.027131782945736434 0.029796511627906978
0 0.8492678725236865 0.7765261627906976 0.047372954349698536 0.0249515503875969
0 0.7980189491817399 0.766109496124031 0.03875968992248062 0.048207364341085274
0 0.7571059431524548 0.7664728682170543 0.034453057708871665 0.04505813953488372
0 0.7189922480620154 0.762718023255814 0.027131782945736434 0.052567829457364344
0 0.6869078380706287 0.7657461240310077 0.028423772609819122 0.046511627906976744
0 0.6531007751937985 0.7590843023255814 0.02627045650301464 0.03464147286821705
0 0.6225236864771748 0.7623546511627907 0.021963824289405683 0.05329457364341085
0 0.5917312661498708 0.7690164728682171 0.03359173126614987 0.0559593023255814
0 0.5486649440137812 0.7663517441860465 0.03273040482342808 0.047722868217054265
0 0.4950473729543497 0.7607800387596899 0.044358311800172266 0.06807170542635659
0 0.5189491817398794 0.6647286821705426 0.034453057708871665 0.04893410852713178
0 0.34517657192075796 0.517562984496124 0.04177433247200689 0.015261627906976744
0 0.4834194659776055 0.6660610465116279 0.02885443583118002 0.04869186046511628
0 0.4478897502153316 0.6665455426356589 0.02756244616709733 0.042877906976744186
0 0.5650301464254953 0.49781976744186046 0.037037037037037035 0.022771317829457363
0 0.5202411714039621 0.5187742248062015 0.037037037037037035 0.012839147286821706
0 0.5633074935400517 0.5193798449612403 0.03789836347975883 0.016472868217054265
0 0.6210163652024118 0.5173207364341085 0.04306632213608958 0.015746124031007752
0 0.6763565891472868 0.5023013565891473 0.04780361757105943 0.048207364341085274
0 0.7286821705426356 0.5101744186046512 0.04220499569336779 0.030038759689922482
0 0.7771317829457365 0.49745639534883723 0.04177433247200689 0.021075581395348836
0 0.7771317829457365 0.5190164728682171 0.04177433247200689 0.017199612403100775
0 0.828380706287683 0.5192587209302325 0.04177433247200689 0.016715116279069766
0 0.8251507321274764 0.49745639534883723 0.03962101636520241 0.021075581395348836
0 0.8705857019810508 0.5018168604651163 0.03229974160206718 0.05159883720930233
0 0.9804048234280792 0.4900678294573643 0.040051679586563305 0.03827519379844961
0 0.976959517657192 0.5661337209302325 0.04608096468561585 0.02374031007751938
0 0.9806201550387597 0.5885416666666666 0.040482342807924204 0.015746124031007752
0 0.9608096468561584 0.6442587209302325 0.03359173126614987 0.05111434108527132
0 0.9911714039621017 0.6507994186046512 0.016795865633074936 0.04239341085271318
0 0.9730835486649441 0.7693798449612403 0.04177433247200689 0.055232558139534885
0 0.02239448751076658 0.7629602713178295 0.024117140396210164 0.06564922480620156
0 0.3458225667527993 0.49757751937984496 0.03531438415159346 0.020833333333333332
0 0.5977605512489234 0.344234496124031 0.06632213608957795 0.031492248062015504
0 0.13953488372093023 0.5088420542635659 0.030146425495262703 0.03512596899224806
0 0.14276485788113696 0.48328488372093026 0.03660637381567614 0.012596899224806201
0 0.17829457364341086 0.4797722868217054 0.026701119724375538 0.010416666666666666
0 0.21102497846683893 0.4773498062015504 0.02239448751076658 0.010901162790697675
0 0.1686046511627907 0.5094476744186046 0.015073212747631352 0.03391472868217054
0 0.2009043927648579 0.5075096899224806 0.02627045650301464 0.0377906976744186
0 0.23449612403100775 0.5083575581395349 0.03229974160206718 0.04045542635658915
0 0.2689491817398794 0.5061773255813954 0.027993109388458226 0.042877906976744186
0 0.30426356589147285 0.5056928294573644 0.025409130060292853 0.039001937984496124
