0 0.8533496732026143 0.45143995098039214 0.015522875816993464 0.027879901960784315
0 0.042075163398692814 0.6041666666666666 0.08415032679738563 0.06495098039215687
0 0.12765522875816993 0.5925245098039216 0.0821078431372549 0.061274509803921566
0 0.032679738562091505 0.6613051470588235 0.06535947712418301 0.04136029411764706
0 0.10580065359477124 0.6521139705882353 0.07598039215686274 0.02849264705882353
0 0.032475490196078434 0.7141544117647058 0.06495098039215687 0.05392156862745098
0 0.7526552287581699 0.4586397058823529 0.00857843137254902 0.027573529411764705
0 0.704248366013072 0.46246936274509803 0.013071895424836602 0.030330882352941176
0 0.6666666666666666 0.4652267156862745 0.012254901960784314 0.03278186274509804
0 0.6787173202614379 0.4638480392156863 0.009395424836601307 0.031862745098039214
0 0.6907679738562091 0.4638480392156863 0.011437908496732025 0.031862745098039214
0 0.7857434640522876 0.4574142156862745 0.011029411764705883 0.027573529411764705
0 0.7179330065359477 0.46262254901960786 0.010212418300653595 0.028186274509803922
0 0.8212826797385621 0.4534313725490196 0.009395424836601307 0.027573529411764705
0 0.8100490196078431 0.45496323529411764 0.008986928104575163 0.027573529411764705
0 0.7986111111111112 0.45557598039215685 0.011437908496732025 0.027573529411764705
0 0.7734885620915033 0.4569546568627451 0.00857843137254902 0.02665441176470588
0 0.7303921568627451 0.46139705882352944 0.00980392156862745 0.028186274509803922
0 0.7412173202614379 0.45925245098039214 0.010212418300653595 0.028186274509803922
0 0.6511437908496732 0.46721813725490197 0.015522875816993464 0.031862745098039214
0 0.7634803921568627 0.4575674019607843 0.008986928104575163 0.02665441176470588
0 0.6450163398692811 0.7329963235294118 0.026143790849673203 0.04381127450980392
0 0.6162173202614379 0.4681372549019608 0.016748366013071895 0.03431372549019608
0 0.3002450980392157 0.3668811274509804 0.029411764705882353 0.10079656862745098
0 0.2694035947712418 0.3645833333333333 0.03145424836601307 0.10661764705882353
0 0.2346813725490196 0.3636642156862745 0.03145424836601307 0.1133578431372549
0 0.19852941176470587 0.36121323529411764 0.035130718954248366 0.1133578431372549
0 0.1613562091503268 0.3602941176470588 0.03349673202614379 0.12377450980392157
0 0.12438725490196079 0.3590686274509804 0.03390522875816993 0.12377450980392157
0 0.08026960784313726 0.35922181372549017 0.0428921568627451 0.12224264705882353
0 0.03615196078431373 0.35738357843137253 0.0428921568627451 0.12224264705882353
0 0.8098447712418301 0.2850796568627451 0.01919934640522876 0.09528186274509803
0 0.7902369281045751 0.28278186274509803 0.01919934640522876 0.09558823529411764
0 0.7657271241830066 0.2774203431372549 0.024918300653594773 0.10631127450980392
0 0.7395833333333334 0.2778799019607843 0.024918300653594773 0.10600490196078431
0 0.710171568627451 0.27512254901960786 0.027369281045751634 0.11029411764705882
0 0.7939133986928104 0.5646446078431373 0.020833333333333332 0.028799019607843136
0 0.815359477124183 0.5606617647058824 0.0196078431372549 0.023284313725490197
0 0.8372140522875817 0.5557598039215687 0.01838235294117647 0.02267156862745098
0 0.027573529411764705 0.8466605392156863 0.05514705882352941 0.057904411764705885
0 0.02389705882352941 0.9039522058823529 0.04779411764705882 0.04258578431372549
0 0.023488562091503268 0.9578737745098039 0.046977124183006536 0.057904411764705885
0 0.6815767973856209 0.27068014705882354 0.027369281045751634 0.11550245098039216
0 0.6499183006535948 0.2650122549019608 0.03104575163398693 0.1213235294117647
0 0.3312908496732026 0.3681066176470588 0.03022875816993464 0.09957107843137254
0 0.36580882352941174 0.3700980392156863 0.0298202614379085 0.09926470588235294
0 0.39501633986928103 0.36917892156862747 0.02369281045751634 0.09987745098039216
0 0.8372140522875817 0.5283394607843137 0.01511437908496732 0.02297794117647059
0 0.4707924836601307 0.6312806372549019 0.044526143790849675 0.0352328431372549
0 0.5138888888888888 0.5793504901960784 0.04330065359477124 0.028799019607843136
0 0.5555555555555556 0.5729166666666666 0.03349673202614379 0.028186274509803922
0 0.5755718954248366 0.5335477941176471 0.03839869281045752 0.03829656862745098
0 0.5136846405228758 0.6178002450980392 0.03308823529411765 0.036458333333333336
0 0.5533088235294118 0.6110600490196079 0.03553921568627451 0.0352328431372549
0 0.5906862745098039 0.6046262254901961 0.03022875816993464 0.03155637254901961
0 0.59375 0.5698529411764706 0.03308823529411765 0.029411764705882353
0 0.6266339869281046 0.5594362745098039 0.028594771241830064 0.032475490196078434
0 0.6276552287581699 0.5977328431372549 0.027369281045751634 0.034926470588235295
0 0.6176470588235294 0.2607230392156863 0.03104575163398693 0.1256127450980392
0 0.6584967320261438 0.5912990196078431 0.028594771241830064 0.03615196078431373
0 0.6889297385620915 0.5479473039215687 0.02246732026143791 0.033394607843137254
0 0.7193627450980392 0.5428921568627451 0.025326797385620915 0.03308823529411765
0 0.6885212418300654 0.5863970588235294 0.024918300653594773 0.03125
0 0.7142565359477124 0.5805759803921569 0.01838235294117647 0.031862745098039214
0 0.7387663398692811 0.5761335784313726 0.02246732026143791 0.0272671568627451
0 0.6337826797385621 0.46798406862745096 0.01511437908496732 0.035845588235294115
0 0.8059640522875817 0.5021446078431373 0.02287581699346405 0.030637254901960783
0 0.8314950980392157 0.4987745098039216 0.02246732026143791 0.03125
0 0.7963643790849673 0.5335477941176471 0.02246732026143791 0.026041666666666668
0 0.8180147058823529 0.5318627450980392 0.01838235294117647 0.02267156862745098
0 0.6607434640522876 0.5534620098039216 0.0298202614379085 0.03278186274509804
0 0.5798611111111112 0.2539828431372549 0.03880718954248366 0.12806372549019607
0 0.539828431372549 0.24693627450980393 0.039624183006535946 0.14399509803921567
0 0.49611928104575165 0.24463848039215685 0.039624183006535946 0.14368872549019607
0 0.15461601307189543 0.1879595588235294 0.07148692810457516 0.18474264705882354
0 0.07863562091503268 0.1795343137254902 0.0763888888888889 0.19178921568627452
0 0.016952614379084966 0.1643688725490196 0.03390522875816993 0.1957720588235294
0 0.6288807189542484 0.6741727941176471 0.0298202614379085 0.04197303921568627
0 0.8970588235294118 0.5203737745098039 0.017973856209150325 0.024816176470588234
0 0.8770424836601307 0.5481004901960784 0.018790849673202614 0.026348039215686275
0 0.8731617647058824 0.49525122549019607 0.025735294117647058 0.03278186274509804
0 0.9021650326797386 0.5949754901960784 0.02246732026143791 0.031862745098039214
0 0.8984885620915033 0.6458333333333334 0.02246732026143791 0.03002450980392157
0 0.8600898692810458 0.6559436274509803 0.02246732026143791 0.03125
0 0.22549019607843138 0.20082720588235295 0.06535947712418301 0.17310049019607843
0 0.8662173202614379 0.602328431372549 0.02165032679738562 0.031862745098039214
0 0.8280228758169934 0.6446078431372549 0.022058823529411766 0.03002450980392157
0 0.8047385620915033 0.6796875 0.02696078431372549 0.035845588235294115
0 0.7918709150326797 0.6271446078431373 0.023284313725490197 0.03615196078431373
0 0.7763480392156863 0.6868872549019608 0.02246732026143791 0.03431372549019608
0 0.7516339869281046 0.6942401960784313 0.02287581699346405 0.03370098039215686
0 0.766952614379085 0.6344975490196079 0.02165032679738562 0.03370098039215686
0 0.7410130718954249 0.6412377450980392 0.02696078431372549 0.04044117647058824
0 0.7281454248366013 0.7015931372549019 0.02165032679738562 0.03799019607843137
0 0.7022058823529411 0.6783088235294118 0.026143790849673203 0.03982843137254902
0 0.6740196078431373 0.7213541666666666 0.027777777777777776 0.04442401960784314
0 0.8310866013071896 0.6136642156862745 0.02165032679738562 0.030637254901960783
0 0.4238153594771242 0.6377144607843137 0.039624183006535946 0.04013480392156863
0 0.29187091503267976 0.21277573529411764 0.056781045751633986 0.16819852941176472
0 0.4074754901960784 0.22763480392156862 0.0428921568627451 0.15134803921568626
0 0.08660130718954248 0.9342830882352942 0.0727124183006536 0.05177696078431373
0 0.09068627450980392 0.883578431372549 0.06290849673202614 0.0392156862745098
0 0.09722222222222222 0.8235294117647058 0.0727124183006536 0.04534313725490196
0 0.17769607843137256 0.803921568627451 0.07434640522875817 0.056372549019607844
0 0.16237745098039216 0.8596813725490197 0.07720588235294118 0.024509803921568627
0 0.16339869281045752 0.9064031862745098 0.07107843137254902 0.04993872549019608
0 0.23794934640522875 0.8799019607843137 0.061683006535947715 0.06740196078431372
0 0.3014705882352941 0.8541666666666666 0.058823529411764705 0.058823529411764705
0 0.3562091503267974 0.8360906862745098 0.04738562091503268 0.05759803921568627
0 0.40625 0.8265931372549019 0.04616013071895425 0.04411764705882353
0 0.35375816993464054 0.22043504901960784 0.05718954248366013 0.1559436274509804
0 0.4050245098039216 0.7746629901960784 0.051879084967320264 0.048100490196078434
0 0.45445261437908496 0.7547487745098039 0.039624183006535946 0.045649509803921566
0 0.4991830065359477 0.7915134803921569 0.042483660130718956 0.045649509803921566
0 0.4979575163398693 0.7478553921568627 0.042483660130718956 0.037377450980392156
0 0.5138888888888888 0.7057291666666666 0.041666666666666664 0.04442401960784314
0 0.5388071895424836 0.7706801470588235 0.03349673202614379 0.04258578431372549
0 0.5559640522875817 0.6940870098039216 0.03758169934640523 0.04871323529411765
0 0.5780228758169934 0.7590379901960784 0.04003267973856209 0.04993872549019608
0 0.6147875816993464 0.7480085784313726 0.03104575163398693 0.047487745098039214
0 0.5955882352941176 0.6845894607843137 0.03431372549019608 0.04871323529411765
0 0.4528186274509804 0.23912377450980393 0.0428921568627451 0.15226715686274508
0 0.45445261437908496 0.8053002450980392 0.03880718954248366 0.04197303921568627
0 0.47201797385620914 0.5890012254901961 0.037173202614379085 0.029105392156862746
0 0.7636846405228758 0.5674019607843137 0.024918300653594773 0.029411764705882353
0 0.8964460784313726 0.5451899509803921 0.014297385620915032 0.02420343137254902
0 0.8321078431372549 0.3851102941176471 0.02042483660130719 0.05575980392156863
0 0.8075980392156863 0.38587622549019607 0.02287581699346405 0.0548406862745098
0 0.7722630718954249 0.38434436274509803 0.0428921568627451 0.057904411764705885
0 0.7404003267973857 0.35983455882352944 0.013480392156862746 0.036458333333333336
0 0.7369281045751634 0.39705882352941174 0.01715686274509804 0.037377450980392156
0 0.7173202614379085 0.39675245098039214 0.021241830065359478 0.03553921568627451
0 0.7207924836601307 0.35830269607843135 0.02165032679738562 0.03768382352941176
0 0.6740196078431373 0.35661764705882354 0.024509803921568627 0.03431372549019608
0 0.6734068627450981 0.39598651960784315 0.023284313725490197 0.0389093137254902
0 0.6474673202614379 0.3802083333333333 0.014705882352941176 0.06801470588235294
0 0.6270424836601307 0.3786764705882353 0.014705882352941176 0.06801470588235294
0 0.6115196078431373 0.3783700980392157 0.014705882352941176 0.06801470588235294
0 0.5943627450980392 0.3802083333333333 0.014705882352941176 0.06801470588235294
0 0.4266748366013072 0.5968137254901961 0.04779411764705882 0.030637254901960783
0 0.5561683006535948 0.38128063725490197 0.01919934640522876 0.06709558823529412
0 0.5349264705882353 0.3708639705882353 0.020833333333333332 0.08486519607843138
0 0.5106209150326797 0.36871936274509803 0.021241830065359478 0.09160539215686274
0 0.8521241830065359 0.3851102941176471 0.016339869281045753 0.0508578431372549
0 0.48713235294117646 0.3708639705882353 0.020833333333333332 0.09160539215686274
0 0.8694852941176471 0.3851102941176471 0.015931372549019607 0.0508578431372549
0 0.012459150326797386 0.4805453431372549 0.024918300653594773 0.10386029411764706
0 0.5904820261437909 0.4696691176470588 0.014297385620915032 0.03370098039215686
0 0.5688316993464052 0.4713541666666667 0.02246732026143791 0.035845588235294115
0 0.5038807189542484 0.4699754901960784 0.016748366013071895 0.03615196078431373
0 0.4863153594771242 0.47120098039215685 0.013480392156862746 0.03860294117647059
0 0.46915849673202614 0.4721200980392157 0.017565359477124183 0.04044117647058824
0 0.44689542483660133 0.47349877450980393 0.021241830065359478 0.040747549019607844
0 0.4242238562091503 0.47503063725490197 0.016748366013071895 0.04136029411764706
0 0.4027777777777778 0.47640931372549017 0.018790849673202614 0.041666666666666664
0 0.38174019607843135 0.47794117647058826 0.01838235294117647 0.042279411764705885
0 0.35641339869281047 0.47763480392156865 0.025735294117647058 0.04411764705882353
0 0.3161764705882353 0.4724264705882353 0.03104575163398693 0.0741421568627451
0 0.2847222222222222 0.4722732843137255 0.029411764705882353 0.07383578431372549
0 0.2506127450980392 0.4765625 0.03145424836601307 0.07996323529411764
0 0.21486928104575165 0.4774816176470588 0.03349673202614379 0.07935049019607843
0 0.17544934640522875 0.47901348039215685 0.034722222222222224 0.08057598039215687
0 0.13705065359477125 0.47809436274509803 0.037173202614379085 0.08118872549019608
0 0.0959967320261438 0.48299632352941174 0.035130718954248366 0.08363970588235294
0 0.05249183006535948 0.484375 0.0428921568627451 0.0974264705882353
0 0.1053921568627451 0.7020526960784313 0.07516339869281045 0.05177696078431373
0 0.5759803921568627 0.3802083333333333 0.014705882352941176 0.06801470588235294
0 0.6609477124183006 0.6636029411764706 0.03022875816993464 0.03982843137254902
0 0.24979575163398693 0.6734068627450981 0.05841503267973856 0.03982843137254902
0 0.3131127450980392 0.6631433823529411 0.053513071895424834 0.045649509803921566
0 0.3145424836601307 0.6161151960784313 0.05392156862745098 0.03553921568627451
0 0.27001633986928103 0.5709252450980392 0.06372549019607843 0.048100490196078434
0 0.3347630718954248 0.5666360294117647 0.05841503267973856 0.046875
0 0.3723447712418301 0.6061580882352942 0.05106209150326797 0.030330882352941176
0 0.1830065359477124 0.6861213235294118 0.07026143790849673 0.046875
0 0.37520424836601307 0.6501225490196079 0.053513071895424834 0.04595588235294118
0 0.39358660130718953 0.5574448529411765 0.05514705882352941 0.043198529411764705
0 0.44669117647058826 0.5507046568627451 0.04616013071895425 0.04381127450980392
0 0.4936683006535948 0.5444240196078431 0.04125816993464052 0.03860294117647059
0 0.4622140522875817 0.3723958333333333 0.020833333333333332 0.09160539215686274
0 0.8968545751633987 0.49371936274509803 0.015931372549019607 0.026041666666666668
0 0.4180964052287582 0.37254901960784315 0.017565359477124183 0.09129901960784313
0 0.43913398692810457 0.36917892156862747 0.01715686274509804 0.09129901960784313
0 0.18259803921568626 0.6387867647058824 0.07107843137254902 0.028186274509803922
0 0.8586601307189542 0.5252757352941176 0.016339869281045753 0.022365196078431373
0 0.8566176470588235 0.5520833333333334 0.01715686274509804 0.025122549019607844
0 0.8760212418300654 0.5231311274509803 0.014297385620915032 0.01991421568627451
0 0.8878676470588235 0.3834252450980392 0.014297385620915032 0.05238970588235294
0 0.8319035947712419 0.29059436274509803 0.020016339869281044 0.09221813725490197
0 0.8533496732026143 0.29044117647058826 0.0196078431372549 0.09191176470588236
0 0.8745915032679739 0.29442401960784315 0.018790849673202614 0.08639705882352941
0 0.8680555555555556 0.4505208333333333 0.010620915032679739 0.02665441176470588
0 0.8799019607843137 0.44224877450980393 0.010620915032679739 0.03768382352941176
0 0.8915441176470589 0.4420955882352941 0.010212418300653595 0.03860294117647059
0 0.9027777777777778 0.4411764705882353 0.00980392156862745 0.03860294117647059
0 0.9183006535947712 0.43995098039215685 0.012254901960784314 0.03860294117647059
0 0.8935866013071896 0.29672181372549017 0.015931372549019607 0.078125
0 0.25245098039215685 0.6251531862745098 0.06045751633986928 0.03707107843137255
