0 0.528390522875817 0.5579044117647058 0.020833333333333332 0.03799019607843137
0 0.3568218954248366 0.5621936274509803 0.020016339869281044 0.04044117647058824
0 0.3805147058823529 0.5629595588235294 0.024918300653594773 0.04013480392156863
0 0.40625 0.5614276960784313 0.023284313725490197 0.04197303921568627
0 0.4287173202614379 0.5612745098039216 0.02246732026143791 0.041666666666666664
0 0.45383986928104575 0.5603553921568627 0.0196078431372549 0.0392156862745098
0 0.47814542483660133 0.5605085784313726 0.02246732026143791 0.04013480392156863
0 0.5030637254901961 0.5606617647058824 0.026552287581699346 0.03860294117647059
0 0.5716911764705882 0.5548406862745098 0.026552287581699346 0.03676470588235294
0 0.5978349673202614 0.5585171568627451 0.02246732026143791 0.037377450980392156
0 0.6470588235294118 0.5580575980392157 0.026143790849673203 0.04136029411764706
0 0.6727941176470589 0.5543811274509803 0.021241830065359478 0.04381127450980392
0 0.6954656862745098 0.5556066176470589 0.024101307189542485 0.040747549019607844
0 0.7179330065359477 0.5548406862745098 0.020016339869281044 0.03982843137254902
0 0.761437908496732 0.5421262254901961 0.061274509803921566 0.06709558823529412
0 0.8259803921568627 0.5407475490196079 0.056372549019607844 0.0625
0 0.877859477124183 0.5511642156862745 0.03676470588235294 0.0428921568627451
0 0.044730392156862746 0.6868872549019608 0.04370915032679738 0.10845588235294118
0 0.33435457516339867 0.5629595588235294 0.024101307189542485 0.04013480392156863
0 0.6223447712418301 0.5588235294117647 0.02246732026143791 0.03982843137254902
0 0.309640522875817 0.5634191176470589 0.02369281045751634 0.03799019607843137
0 0.7769607843137255 0.46798406862745096 0.025326797385620915 0.04442401960784314
0 0.2397875816993464 0.5899203431372549 0.049836601307189546 0.04258578431372549
0 0.3839869281045752 0.4597120098039216 0.035130718954248366 0.06893382352941177
0 0.4266748366013072 0.4586397058823529 0.0428921568627451 0.061274509803921566
0 0.46772875816993464 0.4586397058823529 0.04084967320261438 0.06311274509803921
0 0.5149101307189542 0.4586397058823529 0.04370915032679738 0.06678921568627451
0 0.5637254901960784 0.4568014705882353 0.042483660130718956 0.06678921568627451
0 0.6172385620915033 0.45465686274509803 0.04738562091503268 0.06678921568627451
0 0.6621732026143791 0.4563419117647059 0.042483660130718956 0.06219362745098039
0 0.6999591503267973 0.47028186274509803 0.025735294117647058 0.042279411764705885
0 0.28431372549019607 0.5640318627450981 0.026143790849673203 0.03676470588235294
0 0.7271241830065359 0.46920955882352944 0.02369281045751634 0.04197303921568627
0 0.1170343137254902 0.688265931372549 0.08946078431372549 0.11121323529411764
0 0.8024918300653595 0.46890318627450983 0.020016339869281044 0.03952205882352941
0 0.8247549019607843 0.4664522058823529 0.025326797385620915 0.04442401960784314
0 0.8696895424836601 0.4528186274509804 0.05228758169934641 0.06801470588235294
0 0.07863562091503268 0.5798100490196079 0.06576797385620915 0.06341911764705882
0 0.16401143790849673 0.5727634803921569 0.09926470588235294 0.015012254901960785
0 0.16319444444444445 0.5905330882352942 0.09354575163398693 0.013174019607843137
0 0.1656454248366013 0.6050857843137255 0.09844771241830065 0.015931372549019607
0 0.7526552287581699 0.46982230392156865 0.02246732026143791 0.04136029411764706
0 0.221609477124183 0.6822916666666666 0.10498366013071896 0.12254901960784313
0 0.7009803921568627 0.6355698529411765 0.035130718954248366 0.0628063725490196
0 0.3459967320261438 0.6380208333333334 0.03676470588235294 0.07138480392156862
0 0.15400326797385622 0.8065257352941176 0.0857843137254902 0.109375
0 0.24448529411764705 0.803921568627451 0.08047385620915033 0.11519607843137254
0 0.4068627450980392 0.8553921568627451 0.031862745098039214 0.08884803921568628
0 0.44281045751633985 0.8590686274509803 0.03676470588235294 0.07291666666666667
0 0.4818218954248366 0.8581495098039216 0.03390522875816993 0.0704656862745098
0 0.5165441176470589 0.8477328431372549 0.02900326797385621 0.08762254901960784
0 0.5473856209150327 0.8483455882352942 0.03104575163398693 0.0900735294117647
0 0.5802696078431373 0.8458946078431373 0.0298202614379085 0.08884803921568628
0 0.05718954248366013 0.8362438725490197 0.0718954248366013 0.1056985294117647
0 0.6086601307189542 0.8478860294117647 0.02696078431372549 0.09466911764705882
0 0.6668709150326797 0.8425245098039216 0.026552287581699346 0.09191176470588236
0 0.6954656862745098 0.8285845588235294 0.024101307189542485 0.08670343137254902
0 0.7242647058823529 0.8394607843137255 0.028594771241830064 0.09620098039215687
0 0.7559232026143791 0.8380821078431373 0.03227124183006536 0.0940563725490196
0 0.7886029411764706 0.8397671568627451 0.027369281045751634 0.09191176470588236
0 0.815359477124183 0.8333333333333334 0.021241830065359478 0.09558823529411764
0 0.8453839869281046 0.8337928921568627 0.028186274509803922 0.09834558823529412
0 0.8745915032679739 0.8377757352941176 0.03022875816993464 0.09712009803921569
0 0.6386846405228758 0.8449754901960784 0.030637254901960783 0.08823529411764706
0 0.8425245098039216 0.7182904411764706 0.04370915032679738 0.04442401960784314
0 0.7914624183006536 0.7202818627450981 0.04370915032679738 0.041666666666666664
0 0.7310049019607843 0.7159926470588235 0.07393790849673203 0.05269607843137255
0 0.38991013071895425 0.6435355392156863 0.0363562091503268 0.06403186274509803
0 0.4323937908496732 0.6430759803921569 0.04370915032679738 0.06372549019607843
0 0.4791666666666667 0.6478247549019608 0.035130718954248366 0.05361519607843137
0 0.5175653594771242 0.6423100490196079 0.03104575163398693 0.060355392156862746
0 0.5667892156862745 0.6412377450980392 0.04125816993464052 0.06433823529411764
0 0.6117238562091504 0.6401654411764706 0.04370915032679738 0.06709558823529412
0 0.65625 0.6380208333333334 0.037173202614379085 0.06341911764705882
0 0.3329248366013072 0.46338848039215685 0.049019607843137254 0.060355392156862746
0 0.7467320261437909 0.6340379901960784 0.042483660130718956 0.06587009803921569
0 0.8506944444444444 0.6380208333333334 0.05269607843137255 0.053002450980392156
0 0.8964460784313726 0.6280637254901961 0.03145424836601307 0.07291666666666667
0 0.3075980392156863 0.7268688725490197 0.04084967320261438 0.05606617647058824
0 0.3582516339869281 0.7282475490196079 0.02287581699346405 0.05759803921568627
0 0.3888888888888889 0.7254901960784313 0.03104575163398693 0.06372549019607843
0 0.4340277777777778 0.7265625 0.04370915032679738 0.06096813725490196
0 0.4963235294117647 0.7239583333333334 0.03104575163398693 0.06066176470588235
0 0.5506535947712419 0.7285539215686274 0.04411764705882353 0.04595588235294118
0 0.5986519607843137 0.7234987745098039 0.04861111111111111 0.04381127450980392
0 0.6576797385620915 0.719515931372549 0.061274509803921566 0.05116421568627451
0 0.30453431372549017 0.6415441176470589 0.03799019607843137 0.06495098039215687
0 0.9029820261437909 0.3628982843137255 0.03390522875816993 0.07077205882352941
0 0.5551470588235294 0.3792892156862745 0.04330065359477124 0.0428921568627451
0 0.8043300653594772 0.3616727941176471 0.07598039215686274 0.07322303921568628
0 0.21098856209150327 0.2610294117647059 0.04534313725490196 0.1329656862745098
0 0.1613562091503268 0.2627144607843137 0.05473856209150327 0.12898284313725492
0 0.06515522875816994 0.2841605392156863 0.11968954248366014 0.09037990196078431
0 0.8999183006535948 0.09727328431372549 0.06699346405228758 0.11979166666666667
0 0.8316993464052288 0.10661764705882353 0.04330065359477124 0.09987745098039216
0 0.7865604575163399 0.10079656862745098 0.026552287581699346 0.11519607843137254
0 0.7522467320261438 0.09941789215686274 0.03880718954248366 0.11672794117647059
0 0.7077205882352942 0.10431985294117647 0.04125816993464052 0.11611519607843138
0 0.6519607843137255 0.10248161764705882 0.05718954248366013 0.12040441176470588
0 0.5853758169934641 0.10477941176470588 0.061274509803921566 0.11519607843137254
0 0.44219771241830064 0.10692401960784313 0.06004901960784314 0.10049019607843138
0 0.38174019607843135 0.10278799019607843 0.05923202614379085 0.11550245098039216
0 0.31209150326797386 0.11764705882352941 0.06045751633986928 0.09252450980392157
0 0.2542892156862745 0.10891544117647059 0.046977124183006536 0.109375
0 0.19975490196078433 0.11228553921568628 0.05065359477124183 0.11366421568627451
0 0.1409313725490196 0.0974264705882353 0.049019607843137254 0.13419117647058823
0 0.08088235294117647 0.09941789215686274 0.056372549019607844 0.13143382352941177
0 0.027165032679738563 0.11948529411764706 0.0363562091503268 0.09865196078431372
0 0.8656045751633987 0.3627450980392157 0.03676470588235294 0.06985294117647059
0 0.27062908496732024 0.25965073529411764 0.03390522875816993 0.0701593137254902
0 0.31433823529411764 0.2610294117647059 0.04370915032679738 0.06740196078431372
0 0.5159313725490197 0.10018382352941177 0.06699346405228758 0.11825980392156862
0 0.40298202614379086 0.2613357843137255 0.03799019607843137 0.06372549019607843
0 0.7238562091503268 0.36182598039215685 0.07761437908496732 0.07659313725490197
0 0.3602941176470588 0.26087622549019607 0.04084967320261438 0.06709558823529412
0 0.6509395424836601 0.37668504901960786 0.04779411764705882 0.04013480392156863
0 0.6041666666666666 0.37331495098039214 0.03839869281045752 0.03829656862745098
0 0.4848856209150327 0.3639705882352941 0.08169934640522876 0.06985294117647059
0 0.40298202614379086 0.36611519607843135 0.08374183006535947 0.06924019607843138
0 0.28880718954248363 0.36519607843137253 0.0457516339869281 0.07230392156862746
0 0.23243464052287582 0.43566176470588236 0.06699346405228758 0.11580882352941177
0 0.15359477124183007 0.44224877450980393 0.08169934640522876 0.11672794117647059
0 0.0690359477124183 0.44224877450980393 0.07434640522875817 0.10753676470588236
0 0.33435457516339867 0.3659620098039216 0.04534313725490196 0.07383578431372549
0 0.840890522875817 0.25474877450980393 0.04044117647058824 0.0628063725490196
0 0.795751633986928 0.2568933823529412 0.03839869281045752 0.05974264705882353
0 0.7561274509803921 0.2541360294117647 0.03594771241830065 0.06464460784313726
0 0.7156862745098039 0.25643382352941174 0.04003267973856209 0.06556372549019608
0 0.44505718954248363 0.25765931372549017 0.03390522875816993 0.06862745098039216
0 0.6478758169934641 0.23943014705882354 0.09068627450980392 0.09037990196078431
0 0.5522875816993464 0.24142156862745098 0.09722222222222222 0.09558823529411764
0 0.8794934640522876 0.2539828431372549 0.03676470588235294 0.06556372549019608
0 0.4848856209150327 0.25735294117647056 0.03594771241830065 0.06556372549019608
