0 0.5453767123287672 0.7435096153846154 0.039383561643835614 0.03125
0 0.5761986301369864 0.25396634615384617 0.052226027397260275 0.04927884615384615
0 0.3471746575342466 0.6194711538461538 0.05136986301369863 0.03701923076923077
0 0.4398544520547945 0.6188701923076924 0.05179794520547945 0.042067307692307696
0 0.2281678082191781 0.7436298076923077 0.025684931506849314 0.03774038461538461
0 0.183861301369863 0.7435096153846154 0.02440068493150685 0.04375
0 0.14340753424657535 0.7427884615384616 0.030821917808219176 0.03894230769230769
0 0.11494006849315068 0.7435096153846154 0.02868150684931507 0.04375
0 0.04473458904109589 0.7241586538461539 0.05094178082191781 0.06610576923076923
0 0.9719606164383562 0.6800480769230769 0.03809931506849315 0.022115384615384617
0 0.925513698630137 0.6856971153846154 0.04280821917808219 0.019951923076923075
0 0.8771404109589042 0.6943509615384615 0.04965753424657534 0.021875
0 0.8129280821917808 0.6796875 0.07363013698630137 0.04735576923076923
0 0.7375856164383562 0.6805288461538461 0.0702054794520548 0.04278846153846154
0 0.6759417808219178 0.6859375 0.05051369863013699 0.04158653846153846
0 0.629708904109589 0.6835336538461538 0.039383561643835614 0.036778846153846155
0 0.5830479452054794 0.6849759615384615 0.04965753424657534 0.036778846153846155
0 0.5297517123287672 0.6806490384615385 0.041523972602739725 0.03341346153846154
0 0.4813784246575342 0.6848557692307692 0.047517123287671235 0.03317307692307692
0 0.4325770547945205 0.6865384615384615 0.04323630136986301 0.03365384615384615
0 0.3876284246575342 0.6858173076923076 0.04580479452054795 0.03221153846153846
0 0.3431078767123288 0.6854567307692307 0.04323630136986301 0.034375
0 0.24336472602739725 0.6840144230769231 0.05094178082191781 0.019471153846153846
0 0.18878424657534246 0.6897836538461538 0.04023972602739726 0.036298076923076926
0 0.144263698630137 0.6881009615384616 0.04366438356164384 0.036778846153846155
0 0.09696061643835617 0.6993990384615385 0.04666095890410959 0.010336538461538461
0 0.0997431506849315 0.6905048076923077 0.04708904109589041 0.007932692307692307
0 0.049443493150684935 0.6525240384615385 0.04409246575342466 0.023798076923076922
0 0.2816780821917808 0.5489182692307693 0.0625 0.039663461538461536
0 0.2945205479452055 0.6288461538461538 0.03339041095890411 0.022115384615384617
0 0.215111301369863 0.5484375 0.07063356164383562 0.042067307692307696
0 0.2577054794520548 0.6278846153846154 0.04023972602739726 0.021153846153846155
0 0.14533390410958905 0.6195913461538461 0.05094178082191781 0.03581730769230769
0 0.931292808219178 0.7508413461538461 0.06549657534246575 0.023317307692307693
0 0.9297945205479452 0.7308894230769231 0.0625 0.012259615384615384
0 0.7846746575342466 0.7429086538461539 0.0821917808219178 0.036298076923076926
0 0.6941352739726028 0.7421875 0.08090753424657535 0.03485576923076923
0 0.6044520547945206 0.7402644230769231 0.07106164383561644 0.03389423076923077
0 0.4884417808219178 0.7578125 0.05650684931506849 0.026201923076923078
0 0.429152397260274 0.737139423076923 0.0526541095890411 0.024759615384615383
0 0.3876284246575342 0.7389423076923077 0.023544520547945206 0.028365384615384615
0 0.3649400684931507 0.7429086538461539 0.02183219178082192 0.030048076923076924
0 0.3306934931506849 0.7420673076923077 0.03553082191780822 0.0375
0 0.258347602739726 0.7412259615384615 0.03210616438356165 0.03581730769230769
0 0.3508133561643836 0.5501201923076923 0.0646404109589041 0.042067307692307696
0 0.3987585616438356 0.5573317307692308 0.02440068493150685 0.018509615384615385
0 0.4312928082191781 0.5375 0.03210616438356165 0.01826923076923077
0 0.46875 0.5385817307692308 0.03339041095890411 0.018990384615384614
0 0.4323630136986301 0.5586538461538462 0.036815068493150686 0.016346153846153847
0 0.4700342465753425 0.5578125 0.03595890410958904 0.01610576923076923
0 0.5151969178082192 0.5485576923076924 0.0449486301369863 0.04807692307692308
0 0.5500856164383562 0.5548076923076923 0.016267123287671232 0.03028846153846154
0 0.579195205479452 0.5556490384615385 0.02054794520547945 0.02860576923076923
0 0.621361301369863 0.5463942307692308 0.061215753424657536 0.016346153846153847
0 0.6194349315068494 0.5621394230769231 0.0625 0.014182692307692308
0 0.6909246575342466 0.5489182692307693 0.0642123287671233 0.039663461538461536
0 0.7549229452054794 0.549639423076923 0.061215753424657536 0.03822115384615385
0 0.821917808219178 0.5491586538461538 0.059075342465753425 0.04014423076923077
0 0.8814212328767124 0.5508413461538462 0.053082191780821915 0.03581730769230769
0 0.08904109589041095 0.6192307692307693 0.053082191780821915 0.03894230769230769
0 0.2065496575342466 0.6204326923076923 0.05351027397260274 0.03894230769230769
0 0.08925513698630137 0.5504807692307693 0.0586472602739726 0.03990384615384615
0 0.1504708904109589 0.5489182692307693 0.05607876712328767 0.043028846153846154
0 0.9197345890410958 0.5431490384615385 0.02011986301369863 0.07427884615384615
0 0.0958904109589041 0.46610576923076924 0.09931506849315068 0.057692307692307696
0 0.9077482876712328 0.3701923076923077 0.034674657534246575 0.07067307692307692
0 0.8118578767123288 0.39326923076923076 0.07148972602739725 0.028365384615384615
0 0.7538527397260274 0.3995192307692308 0.03767123287671233 0.019230769230769232
0 0.708904109589041 0.3752403846153846 0.02910958904109589 0.05913461538461538
0 0.6025256849315068 0.39795673076923077 0.10488013698630137 0.01610576923076923
0 0.5143407534246576 0.37463942307692305 0.03724315068493151 0.05504807692307692
0 0.34375 0.34927884615384613 0.039383561643835614 0.016826923076923076
0 0.3356164383561644 0.39603365384615385 0.11301369863013698 0.02139423076923077
0 0.3349743150684932 0.3736778846153846 0.1091609589041096 0.019471153846153846
0 0.2566352739726027 0.3765625 0.033818493150684935 0.05889423076923077
0 0.2221746575342466 0.375 0.03595890410958904 0.05721153846153846
0 0.183861301369863 0.37403846153846154 0.040667808219178085 0.06009615384615385
0 0.9779537671232876 0.5540865384615384 0.0389554794520548 0.02548076923076923
0 0.13998287671232876 0.3733173076923077 0.04023972602739726 0.057692307692307696
0 0.06014554794520548 0.3800480769230769 0.0389554794520548 0.05048076923076923
0 0.7448630136986302 0.2591346153846154 0.046232876712328765 0.041346153846153845
0 0.693279109589041 0.25961538461538464 0.04666095890410959 0.04807692307692308
0 0.6245719178082192 0.2580528846153846 0.045376712328767124 0.04350961538461538
0 0.03531678082191781 0.5691105769230769 0.03809931506849315 0.05889423076923077
0 0.5158390410958904 0.2545673076923077 0.046232876712328765 0.05336538461538461
0 0.4648972602739726 0.25516826923076924 0.053082191780821915 0.051682692307692304
0 0.8754280821917808 0.6118990384615385 0.05136986301369863 0.045432692307692306
0 0.8144263698630136 0.6135817307692307 0.06035958904109589 0.04975961538461538
0 0.6887842465753424 0.6230769230769231 0.04366438356164384 0.023076923076923078
0 0.6215753424657534 0.6207932692307693 0.05565068493150685 0.036778846153846155
0 0.5620719178082192 0.6223557692307692 0.05650684931506849 0.03653846153846154
0 0.4997859589041096 0.6171875 0.05179794520547945 0.04158653846153846
0 0.10017123287671233 0.37848557692307694 0.036815068493150686 0.04735576923076923
0 0.1973458904109589 0.46694711538461536 0.0898972602739726 0.053125
0 0.01348458904109589 0.4875 0.02183219178082192 0.07307692307692308
0 0.4828767123287671 0.46826923076923077 0.08904109589041095 0.06490384615384616
0 0.955693493150685 0.4856971153846154 0.03809931506849315 0.026201923076923078
0 0.9032534246575342 0.465625 0.0642123287671233 0.06586538461538462
0 0.8373287671232876 0.4675480769230769 0.05736301369863014 0.06346153846153846
0 0.7756849315068494 0.46923076923076923 0.05393835616438356 0.06442307692307692
0 0.7215325342465754 0.4716346153846154 0.04922945205479452 0.05961538461538462
0 0.652611301369863 0.4621394230769231 0.08518835616438356 0.06802884615384615
0 0.568707191780822 0.4638221153846154 0.07577054794520548 0.07235576923076924
0 0.04280821917808219 0.8195913461538461 0.0642123287671233 0.07956730769230769
0 0.08818493150684932 0.8510817307692308 0.023972602739726026 0.02956730769230769
0 0.11793664383561644 0.8407451923076923 0.02868150684931507 0.042548076923076925
0 0.15154109589041095 0.8318509615384615 0.030821917808219176 0.036778846153846155
0 0.2953767123287671 0.4933894230769231 0.0898972602739726 0.014182692307692308
0 0.2093321917808219 0.8431490384615384 0.0702054794520548 0.019471153846153846
0 0.2007705479452055 0.8223557692307693 0.025684931506849314 0.014903846153846155
0 0.2771832191780822 0.8528846153846154 0.0586472602739726 0.020673076923076922
0 0.9683219178082192 0.8400240384615385 0.06335616438356165 0.053125
0 0.8422517123287672 0.8121394230769231 0.061215753424657536 0.037259615384615384
0 0.7816780821917808 0.8171875 0.04965753424657534 0.04735576923076923
0 0.2938784246575342 0.8222355769230769 0.03809931506849315 0.020432692307692308
0 0.686429794520548 0.8472355769230769 0.04409246575342466 0.024759615384615383
0 0.6401969178082192 0.8336538461538462 0.0389554794520548 0.028365384615384615
0 0.7300941780821918 0.8328125 0.04409246575342466 0.014182692307692308
0 0.5528681506849316 0.8229567307692308 0.02183219178082192 0.040625
0 0.5002140410958904 0.8350961538461539 0.041523972602739725 0.03413461538461538
0 0.4462756849315068 0.8167067307692307 0.048373287671232876 0.05841346153846154
0 0.3957619863013699 0.8379807692307693 0.04580479452054795 0.058173076923076925
0 0.3300513698630137 0.8424278846153846 0.023116438356164382 0.04591346153846154
0 0.589041095890411 0.8270432692307692 0.04023972602739726 0.02716346153846154
