0 0.1068218954248366 0.7446384803921569 0.03227124183006536 0.015625
0 0.9060457516339869 0.7846200980392157 0.12990196078431374 0.024509803921568627
0 0.9042075163398693 0.8066789215686274 0.12622549019607843 0.018995098039215685
0 0.44342320261437906 0.41881127450980393 0.12295751633986927 0.023284313725490197
0 0.44505718954248363 0.4450061274509804 0.12214052287581699 0.021752450980392156
0 0.44485294117647056 0.47028186274509803 0.12581699346405228 0.024509803921568627
0 0.5700571895424836 0.4206495098039216 0.12050653594771242 0.025122549019607844
0 0.5716911764705882 0.44715073529411764 0.12377450980392157 0.021139705882352942
0 0.5718954248366013 0.4713541666666667 0.12418300653594772 0.024816176470588234
0 0.7118055555555556 0.43704044117647056 0.14910130718954248 0.05422794117647059
0 0.7103758169934641 0.47457107843137253 0.1503267973856209 0.018995098039215685
0 0.18852124183006536 0.5409007352941176 0.1270424836601307 0.022365196078431373
0 0.18933823529411764 0.5646446078431373 0.127859477124183 0.023284313725490197
0 0.31576797385620914 0.514859068627451 0.125 0.020526960784313725
0 0.4417892156862745 0.5143995098039216 0.12459150326797386 0.022058823529411766
0 0.5680147058823529 0.5140931372549019 0.12622549019607843 0.022058823529411766
0 0.7054738562091504 0.5272671568627451 0.14052287581699346 0.04840686274509804
0 0.7009803921568627 0.5623468137254902 0.1437908496732026 0.020526960784313725
0 0.3161764705882353 0.5376838235294118 0.12581699346405228 0.024509803921568627
0 0.4424019607843137 0.5381433823529411 0.12745098039215685 0.02297794117647059
0 0.5674019607843137 0.5369178921568627 0.12254901960784313 0.02297794117647059
0 0.315359477124183 0.5637254901960784 0.12254901960784313 0.023284313725490197
0 0.443218954248366 0.5634191176470589 0.12745098039215685 0.02267156862745098
0 0.1670751633986928 0.2415747549019608 0.12581699346405228 0.02420343137254902
0 0.1650326797385621 0.21323529411764705 0.12745098039215685 0.027573529411764705
0 0.3133169934640523 0.4696691176470588 0.12990196078431374 0.026348039215686275
0 0.90625 0.7633272058823529 0.12622549019607843 0.013174019607843137
0 0.31352124183006536 0.4430147058823529 0.13031045751633988 0.02696078431372549
0 0.8982843137254902 0.8921568627450981 0.11274509803921569 0.015318627450980392
0 0.9027777777777778 0.8486519607843137 0.10947712418300654 0.016544117647058824
0 0.8051470588235294 0.7826286764705882 0.025326797385620915 0.03952205882352941
0 0.7924836601307189 0.8120404411764706 0.0661764705882353 0.013786764705882353
0 0.7718545751633987 0.8670343137254902 0.020833333333333332 0.0428921568627451
0 0.797998366013072 0.8651960784313726 0.024918300653594773 0.041666666666666664
0 0.3188316993464052 0.6939338235294118 0.11968954248366014 0.014093137254901961
0 0.44199346405228757 0.6914828431372549 0.11764705882352941 0.016544117647058824
0 0.5604575163398693 0.6907169117647058 0.11764705882352941 0.015012254901960785
0 0.318218954248366 0.7132352941176471 0.11683006535947713 0.023284313725490197
0 0.4401552287581699 0.7118566176470589 0.11887254901960784 0.022365196078431373
0 0.5602532679738562 0.7106311274509803 0.11723856209150327 0.01991421568627451
0 0.32046568627450983 0.7374387254901961 0.12540849673202614 0.02022058823529412
0 0.4417892156862745 0.7354473039215687 0.1147875816993464 0.023590686274509803
0 0.5616830065359477 0.7325367647058824 0.11519607843137254 0.02267156862745098
0 0.6966911764705882 0.616421568627451 0.1417483660130719 0.042279411764705885
0 0.07250816993464053 0.7441789215686274 0.03227124183006536 0.01838235294117647
0 0.6948529411764706 0.649203431372549 0.14297385620915032 0.017769607843137254
0 0.6921977124183006 0.7018995098039216 0.13929738562091504 0.04044117647058824
0 0.6926062091503268 0.7334558823529411 0.14011437908496732 0.018995098039215685
0 0.20241013071895425 0.7840073529411765 0.11968954248366014 0.01838235294117647
0 0.20261437908496732 0.8026960784313726 0.119281045751634 0.0196078431372549
0 0.20241013071895425 0.8232230392156863 0.11723856209150327 0.020833333333333332
0 0.20526960784313725 0.8734681372549019 0.11397058823529412 0.023284313725490197
0 0.2056781045751634 0.8955269607843137 0.11315359477124183 0.022058823529411766
0 0.20465686274509803 0.9162071078431373 0.11683006535947713 0.015625
0 0.7863562091503268 0.8953737745098039 0.06535947712418301 0.015012254901960785
0 0.9007352941176471 0.8713235294117647 0.11274509803921569 0.022058823529411766
0 0.3133169934640523 0.41651348039215685 0.1323529411764706 0.02542892156862745
0 0.18484477124183007 0.4699754901960784 0.127859477124183 0.02389705882352941
0 0.1830065359477124 0.44607843137254904 0.12418300653594772 0.02389705882352941
0 0.032679738562091505 0.14583333333333334 0.035130718954248366 0.014093137254901961
0 0.0690359477124183 0.1256127450980392 0.03431372549019608 0.02144607843137255
0 0.03227124183006536 0.1253063725490196 0.03431372549019608 0.02267156862745098
0 0.32598039215686275 0.7809436274509803 0.12009803921568628 0.014093137254901961
0 0.44669117647058826 0.7786458333333334 0.1156045751633987 0.01991421568627451
0 0.3249591503267974 0.7994791666666666 0.12050653594771242 0.018075980392156864
0 0.44750816993464054 0.7993259803921569 0.1147875816993464 0.016544117647058824
0 0.32393790849673204 0.8204656862745098 0.1184640522875817 0.01715686274509804
0 0.44424019607843135 0.8192401960784313 0.11968954248366014 0.0196078431372549
0 0.32169117647058826 0.8671875 0.11397058823529412 0.015625
0 0.44076797385620914 0.8647365196078431 0.11764705882352941 0.021752450980392156
0 0.5588235294117647 0.8607536764705882 0.1119281045751634 0.01685049019607843
0 0.6868872549019608 0.8696384803921569 0.13848039215686275 0.03462009803921569
0 0.681781045751634 0.8982843137254902 0.13480392156862744 0.01715686274509804
0 0.3233251633986928 0.8900122549019608 0.11723856209150327 0.0196078431372549
0 0.44056372549019607 0.8878676470588235 0.1147875816993464 0.02267156862745098
0 0.5588235294117647 0.8805147058823529 0.10947712418300654 0.01838235294117647
0 0.3233251633986928 0.9111519607843137 0.11723856209150327 0.01715686274509804
0 0.4417892156862745 0.9116115196078431 0.11315359477124183 0.016237745098039217
0 0.5565767973856209 0.9025735294117647 0.1147875816993464 0.020833333333333332
0 0.5649509803921569 0.7732843137254902 0.11519607843137254 0.014093137254901961
0 0.5643382352941176 0.7918198529411765 0.11397058823529412 0.021752450980392156
0 0.5645424836601307 0.8163296568627451 0.11356209150326797 0.021139705882352942
0 0.6930147058823529 0.7837009803921569 0.13684640522875818 0.03676470588235294
0 0.6901552287581699 0.8134191176470589 0.13357843137254902 0.016544117647058824
0 0.034926470588235295 0.16528799019607843 0.0363562091503268 0.01991421568627451
0 0.03329248366013072 0.18857230392156862 0.0363562091503268 0.021752450980392156
0 0.07434640522875817 0.18918504901960784 0.03594771241830065 0.020526960784313725
0 0.07352941176470588 0.16651348039215685 0.03676470588235294 0.02420343137254902
0 0.18055555555555555 0.41911764705882354 0.12908496732026145 0.02696078431372549
0 0.44199346405228757 0.37392769607843135 0.1315359477124183 0.02665441176470588
0 0.4401552287581699 0.3463541666666667 0.12540849673202614 0.02665441176470588
0 0.3075980392156863 0.3727022058823529 0.1323529411764706 0.029105392156862746
0 0.3075980392156863 0.34512867647058826 0.1323529411764706 0.026041666666666668
0 0.3069852941176471 0.3174019607843137 0.1352124183006536 0.027573529411764705
0 0.17708333333333334 0.3716299019607843 0.12214052287581699 0.022058823529411766
0 0.176062091503268 0.3475796568627451 0.12418300653594772 0.023590686274509803
0 0.17279411764705882 0.3196997549019608 0.125 0.030330882352941176
0 0.03390522875816993 0.3740808823529412 0.06781045751633986 0.0545343137254902
0 0.03656045751633987 0.43014705882352944 0.07148692810457516 0.05269607843137255
0 0.08946078431372549 0.4303002450980392 0.026143790849673203 0.053002450980392156
0 0.778390522875817 0.7835477941176471 0.026552287581699346 0.04136029411764706
0 0.08660130718954248 0.3753063725490196 0.028594771241830064 0.05330882352941176
0 0.08619281045751634 0.32169117647058826 0.03676470588235294 0.018995098039215685
0 0.08598856209150327 0.29901960784313725 0.0363562091503268 0.02144607843137255
0 0.08251633986928104 0.27971813725490197 0.035130718954248366 0.015931372549019607
0 0.08272058823529412 0.2627144607843137 0.03880718954248366 0.016237745098039217
0 0.04840686274509804 0.29886642156862747 0.034722222222222224 0.01991421568627451
0 0.04554738562091503 0.27971813725490197 0.03308823529411765 0.017769607843137254
0 0.04493464052287582 0.2621017156862745 0.03431372549019608 0.01685049019607843
0 0.07863562091503268 0.24142156862745098 0.03799019607843137 0.020833333333333332
0 0.042279411764705885 0.24111519607843138 0.0363562091503268 0.02144607843137255
0 0.167687908496732 0.16084558823529413 0.12459150326797386 0.026348039215686275
0 0.16380718954248366 0.13128063725490197 0.12990196078431374 0.03278186274509804
0 0.07148692810457516 0.14629289215686275 0.032679738562091505 0.016237745098039217
0 0.0494281045751634 0.3203125 0.03022875816993464 0.021752450980392156
0 0.8037173202614379 0.7334558823529411 0.07066993464052287 0.020833333333333332
0 0.18729575163398693 0.516390931372549 0.12867647058823528 0.021752450980392156
0 0.9064542483660131 0.7259497549019608 0.12173202614379085 0.02665441176470588
0 0.8347630718954249 0.28232230392156865 0.07066993464052287 0.02297794117647059
0 0.8129084967320261 0.24019607843137256 0.022058823529411766 0.061274509803921566
0 0.9493464052287581 0.18045343137254902 0.10375816993464053 0.027573529411764705
0 0.9446486928104575 0.15180759803921567 0.11315359477124183 0.026041666666666668
0 0.855187908496732 0.16069240196078433 0.030637254901960783 0.05361519607843137
0 0.8208741830065359 0.16237745098039216 0.03145424836601307 0.05330882352941176
0 0.7263071895424836 0.15625 0.15522875816993464 0.06556372549019608
0 0.7167075163398693 0.24923406862745098 0.15400326797385622 0.08057598039215687
0 0.4354575163398693 0.2731311274509804 0.1323529411764706 0.02665441176470588
0 0.30126633986928103 0.27175245098039214 0.13276143790849673 0.029411764705882353
0 0.43586601307189543 0.24325980392156862 0.13071895424836602 0.024509803921568627
0 0.29697712418300654 0.24142156862745098 0.1315359477124183 0.02389705882352941
0 0.5692401960784313 0.27542892156862747 0.13276143790849673 0.03308823529411765
0 0.5696486928104575 0.24571078431372548 0.13276143790849673 0.025735294117647058
0 0.9470996732026143 0.22579656862745098 0.10661764705882353 0.02389705882352941
0 0.5716911764705882 0.21982230392156862 0.12867647058823528 0.0272671568627451
0 0.2986111111111111 0.21292892156862744 0.13725490196078433 0.030637254901960783
0 0.30310457516339867 0.16498161764705882 0.14133986928104575 0.02297794117647059
0 0.5774101307189542 0.171875 0.13357843137254902 0.02267156862745098
0 0.579452614379085 0.1401654411764706 0.1352124183006536 0.0352328431372549
0 0.44342320261437906 0.13710171568627452 0.1343954248366013 0.02971813725490196
0 0.30330882352941174 0.13357843137254902 0.14419934640522875 0.03615196078431373
0 0.1670751633986928 0.2697610294117647 0.12745098039215685 0.030330882352941176
0 0.568218954248366 0.5623468137254902 0.119281045751634 0.021752450980392156
0 0.18933823529411764 0.6092218137254902 0.12295751633986927 0.021139705882352942
0 0.19015522875816993 0.6325061274509803 0.1213235294117647 0.022365196078431373
0 0.19015522875816993 0.6548713235294118 0.12295751633986927 0.018688725490196078
0 0.1940359477124183 0.6986825980392157 0.12581699346405228 0.01685049019607843
0 0.19648692810457516 0.7207414215686274 0.12009803921568628 0.02297794117647059
0 0.19505718954248366 0.7420343137254902 0.1213235294117647 0.01715686274509804
0 0.43852124183006536 0.21507352941176472 0.13357843137254902 0.025122549019607844
0 0.315359477124183 0.609375 0.12254901960784313 0.0196078431372549
0 0.9458741830065359 0.2536764705882353 0.10825163398692811 0.029411764705882353
0 0.5706699346405228 0.32230392156862747 0.12418300653594772 0.02696078431372549
0 0.10641339869281045 0.7294730392156863 0.03145424836601307 0.012867647058823529
0 0.10845588235294118 0.7118566176470589 0.03390522875816993 0.015625
0 0.10723039215686274 0.696078431372549 0.034722222222222224 0.015318627450980392
0 0.0704656862745098 0.6963848039215687 0.034722222222222224 0.015931372549019607
0 0.02696078431372549 0.6055453431372549 0.05228758169934641 0.01685049019607843
0 0.023284313725490197 0.6567095588235294 0.0457516339869281 0.02420343137254902
0 0.02267156862745098 0.6312806372549019 0.044526143790849675 0.01991421568627451
0 0.099468954248366 0.6588541666666666 0.02900326797385621 0.018075980392156864
0 0.06740196078431372 0.6599264705882353 0.03104575163398693 0.01715686274509804
0 0.1031454248366013 0.6415441176470589 0.03390522875816993 0.014705882352941176
0 0.06699346405228758 0.6415441176470589 0.035130718954248366 0.014705882352941176
0 0.10294117647058823 0.6228553921568627 0.03104575163398693 0.01715686274509804
0 0.07005718954248366 0.6228553921568627 0.03227124183006536 0.01715686274509804
0 0.10927287581699346 0.6041666666666666 0.03227124183006536 0.01715686274509804
0 0.9444444444444444 0.2818627450980392 0.11274509803921569 0.022058823529411766
0 0.07128267973856209 0.6044730392156863 0.034722222222222224 0.014705882352941176
0 0.09681372549019608 0.5125612745098039 0.035130718954248366 0.020833333333333332
0 0.09395424836601307 0.49325980392156865 0.03594771241830065 0.014705882352941176
0 0.03901143790849673 0.5660232843137255 0.0763888888888889 0.027879901960784315
0 0.03839869281045752 0.5231311274509803 0.07516339869281045 0.05238970588235294
0 0.035130718954248366 0.4846813725490196 0.07026143790849673 0.02022058823529412
0 0.9319852941176471 0.37653186274509803 0.13848039215686275 0.023284313725490197
0 0.7816584967320261 0.7017463235294118 0.02900326797385621 0.04013480392156863
0 0.9319852941176471 0.35049019607843135 0.13848039215686275 0.026348039215686275
0 0.9323937908496732 0.3268995098039216 0.13684640522875818 0.02022058823529412
0 0.8259803921568627 0.38097426470588236 0.06699346405228758 0.01991421568627451
0 0.8031045751633987 0.34129901960784315 0.027777777777777776 0.05821078431372549
0 0.7128267973856209 0.34957107843137253 0.1511437908496732 0.07965686274509803
0 0.5716911764705882 0.3740808823529412 0.12214052287581699 0.025122549019607844
0 0.5708741830065359 0.34880514705882354 0.12622549019607843 0.024816176470588234
0 0.09681372549019608 0.5525428921568627 0.03676470588235294 0.05238970588235294
0 0.44219771241830064 0.6067708333333334 0.12295751633986927 0.021752450980392156
0 0.4426062091503268 0.16804534313725492 0.13602941176470587 0.02971813725490196
0 0.3159722222222222 0.6299019607843137 0.12540849673202614 0.01715686274509804
0 0.030841503267973858 0.7424938725490197 0.044526143790849675 0.021752450980392156
0 0.9060457516339869 0.6931678921568627 0.12091503267973856 0.02297794117647059
0 0.9087009803921569 0.6427696078431373 0.1213235294117647 0.025735294117647058
0 0.9095179738562091 0.6116727941176471 0.11397058823529412 0.022365196078431373
0 0.8014705882352942 0.6465992647058824 0.06372549019607843 0.01991421568627451
0 0.7875816993464052 0.6150428921568627 0.024509803921568627 0.04136029411764706
0 0.926062091503268 0.5589767156862745 0.1380718954248366 0.022365196078431373
0 0.08394607843137254 0.9238664215686274 0.0298202614379085 0.015012254901960785
0 0.11744281045751634 0.9229473039215687 0.03227124183006536 0.014399509803921568
0 0.5635212418300654 0.6050857843137255 0.11887254901960784 0.0196078431372549
0 0.9285130718954249 0.5338541666666666 0.1380718954248366 0.023590686274509803
0 0.11907679738562091 0.9051776960784313 0.03145424836601307 0.015625
0 0.8127042483660131 0.5635723039215687 0.07230392156862746 0.019301470588235295
0 0.9368872549019608 0.4719669117647059 0.1270424836601307 0.026041666666666668
0 0.9377042483660131 0.44362745098039214 0.12459150326797386 0.026348039215686275
0 0.8186274509803921 0.4742647058823529 0.061274509803921566 0.01838235294117647
0 0.03533496732026144 0.8795955882352942 0.05923202614379085 0.017769607843137254
0 0.03656045751633987 0.8988970588235294 0.06495098039215687 0.013480392156862746
0 0.035130718954248366 0.9168198529411765 0.061274509803921566 0.01991421568627451
0 0.03022875816993464 0.7859987745098039 0.04656862745098039 0.011948529411764705
0 0.031862745098039214 0.8063725490196079 0.051470588235294115 0.02144607843137255
0 0.034109477124183 0.8275122549019608 0.056781045751633986 0.020833333333333332
0 0.03349673202614379 0.7002144607843137 0.0392156862745098 0.01991421568627451
0 0.03145424836601307 0.7218137254901961 0.042483660130718956 0.01838235294117647
0 0.7928921568627451 0.5271139705882353 0.02369281045751634 0.04993872549019608
0 0.0857843137254902 0.9074754901960784 0.028594771241830064 0.015318627450980392
0 0.8024918300653595 0.4378063725490196 0.024101307189542485 0.05392156862745098
0 0.0843545751633987 0.891390931372549 0.028186274509803922 0.012561274509803922
0 0.31638071895424835 0.6496629901960784 0.12459150326797386 0.022365196078431373
0 0.4411764705882353 0.6276041666666666 0.1184640522875817 0.018075980392156864
0 0.5641339869281046 0.6260723039215687 0.12009803921568628 0.021139705882352942
0 0.44138071895424835 0.6490502450980392 0.11887254901960784 0.021139705882352942
0 0.5627042483660131 0.6498161764705882 0.11968954248366014 0.022058823529411766
0 0.07250816993464053 0.7277879901960784 0.03227124183006536 0.014399509803921568
0 0.07250816993464053 0.7118566176470589 0.03227124183006536 0.013786764705882353
0 0.07291666666666667 0.7841605392156863 0.03308823529411765 0.013786764705882353
0 0.10620915032679738 0.7821691176470589 0.03104575163398693 0.017769607843137254
0 0.07904411764705882 0.8005514705882353 0.03390522875816993 0.015318627450980392
0 0.11744281045751634 0.8901654411764706 0.0298202614379085 0.012561274509803922
0 0.08108660130718955 0.8163296568627451 0.03308823529411765 0.010723039215686275
0 0.11437908496732026 0.8146446078431373 0.03104575163398693 0.011642156862745098
0 0.11376633986928104 0.8000919117647058 0.0298202614379085 0.015012254901960785
0 0.11519607843137254 0.8291973039215687 0.032679738562091505 0.015625
0 0.08537581699346405 0.8739276960784313 0.03022875816993464 0.01685049019607843
0 0.08251633986928104 0.8311887254901961 0.031862745098039214 0.014705882352941176
0 0.11805555555555555 0.8748468137254902 0.03104575163398693 0.015625
