0 0.4832516339869281 0.5315563725490197 0.03839869281045752 0.029411764705882353
0 0.44505718954248363 0.53125 0.03880718954248366 0.029411764705882353
0 0.5751633986928104 0.3990502450980392 0.03676470588235294 0.030330882352941176
0 0.5371732026143791 0.39767156862745096 0.03676470588235294 0.03002450980392157
0 0.619281045751634 0.40318627450980393 0.03676470588235294 0.03002450980392157
0 0.286968954248366 0.41973039215686275 0.0363562091503268 0.03002450980392157
0 0.3290441176470588 0.4206495098039216 0.0363562091503268 0.03002450980392157
0 0.369281045751634 0.421875 0.03676470588235294 0.03002450980392157
0 0.40379901960784315 0.5294117647058824 0.03880718954248366 0.029411764705882353
0 0.5220588235294118 0.5338541666666666 0.03839869281045752 0.02971813725490196
0 0.45465686274509803 0.39368872549019607 0.03839869281045752 0.028799019607843136
0 0.4117647058823529 0.39261642156862747 0.03839869281045752 0.02849264705882353
0 0.3596813725490196 0.5597426470588235 0.03880718954248366 0.029411764705882353
0 0.31719771241830064 0.5572916666666666 0.03880718954248366 0.029411764705882353
0 0.27593954248366015 0.5572916666666666 0.03880718954248366 0.029411764705882353
0 0.6049836601307189 0.5370710784313726 0.03839869281045752 0.029411764705882353
0 0.5637254901960784 0.5361519607843137 0.03839869281045752 0.029411764705882353
0 0.4577205882352941 0.3481924019607843 0.04044117647058824 0.03216911764705882
0 0.49754901960784315 0.35049019607843135 0.035130718954248366 0.03125
0 0.5371732026143791 0.35324754901960786 0.03839869281045752 0.028799019607843136
0 0.5796568627450981 0.35431985294117646 0.03839869281045752 0.02849264705882353
0 0.6217320261437909 0.35661764705882354 0.03839869281045752 0.028799019607843136
0 0.2867647058823529 0.3874080882352941 0.03839869281045752 0.02849264705882353
0 0.32802287581699346 0.38848039215686275 0.03839869281045752 0.028799019607843136
0 0.37336601307189543 0.38955269607843135 0.03839869281045752 0.02849264705882353
0 0.49673202614379086 0.39659926470588236 0.03839869281045752 0.02849264705882353
0 0.41013071895424835 0.42432598039215685 0.03676470588235294 0.03002450980392157
0 0.4891748366013072 0.46109068627450983 0.0363562091503268 0.03002450980392157
0 0.4922385620915033 0.42892156862745096 0.03676470588235294 0.03002450980392157
0 0.39950980392156865 0.5605085784313726 0.03839869281045752 0.02971813725490196
0 0.5251225490196079 0.5044424019607843 0.037173202614379085 0.026041666666666668
0 0.5667892156862745 0.5052083333333334 0.037173202614379085 0.026348039215686275
0 0.6062091503267973 0.5067401960784313 0.03676470588235294 0.026348039215686275
0 0.28227124183006536 0.5266544117647058 0.03676470588235294 0.026348039215686275
0 0.32189542483660133 0.5265012254901961 0.03758169934640523 0.027879901960784315
0 0.48713235294117646 0.5027573529411765 0.037173202614379085 0.026348039215686275
0 0.4477124183006536 0.5004595588235294 0.0392156862745098 0.026041666666666668
0 0.4076797385620915 0.49816176470588236 0.0392156862745098 0.025735294117647058
0 0.3668300653594771 0.4977022058823529 0.0392156862745098 0.026041666666666668
0 0.32741013071895425 0.4958639705882353 0.039624183006535946 0.026041666666666668
0 0.28594771241830064 0.4944852941176471 0.03676470588235294 0.03002450980392157
0 0.6111111111111112 0.46691176470588236 0.03676470588235294 0.03002450980392157
0 0.41605392156862747 0.3469669117647059 0.04044117647058824 0.03216911764705882
0 0.5708741830065359 0.4638480392156863 0.0363562091503268 0.03002450980392157
0 0.36233660130718953 0.5280330882352942 0.03839869281045752 0.02971813725490196
0 0.5308415032679739 0.4638480392156863 0.0363562091503268 0.03002450980392157
0 0.4497549019607843 0.4577205882352941 0.03676470588235294 0.03002450980392157
0 0.4076797385620915 0.45618872549019607 0.03676470588235294 0.03002450980392157
0 0.3672385620915033 0.45588235294117646 0.03676470588235294 0.03002450980392157
0 0.32393790849673204 0.45419730392156865 0.03676470588235294 0.030330882352941176
0 0.2839052287581699 0.45159313725490197 0.03676470588235294 0.03002450980392157
0 0.6154003267973857 0.43504901960784315 0.0363562091503268 0.03002450980392157
0 0.573937908496732 0.43106617647058826 0.03676470588235294 0.03002450980392157
0 0.5322712418300654 0.43106617647058826 0.03676470588235294 0.03002450980392157
0 0.45179738562091504 0.4263174019607843 0.03676470588235294 0.030330882352941176
0 0.4415849673202614 0.5628063725490197 0.03839869281045752 0.029411764705882353
0 0.33517156862745096 0.3080575980392157 0.03880718954248366 0.03278186274509804
0 0.5208333333333334 0.5657169117647058 0.03839869281045752 0.02971813725490196
0 0.2986111111111111 0.23575367647058823 0.041666666666666664 0.03462009803921569
0 0.641748366013072 0.21675857843137256 0.04084967320261438 0.04013480392156863
0 0.5988562091503268 0.21476715686274508 0.04084967320261438 0.04044117647058824
0 0.5557598039215687 0.2112438725490196 0.04044117647058824 0.04013480392156863
0 0.5132761437908496 0.21001838235294118 0.04044117647058824 0.04013480392156863
0 0.4707924836601307 0.20925245098039216 0.04044117647058824 0.04044117647058824
0 0.42830882352941174 0.20726102941176472 0.04044117647058824 0.04013480392156863
0 0.3866421568627451 0.2037377450980392 0.04044117647058824 0.03860294117647059
0 0.34191176470588236 0.23820465686274508 0.03839869281045752 0.03278186274509804
0 0.34395424836601307 0.20082720588235295 0.04411764705882353 0.03829656862745098
0 0.5147058823529411 0.6602328431372549 0.03676470588235294 0.029411764705882353
0 0.47467320261437906 0.6576286764705882 0.03676470588235294 0.029105392156862746
0 0.43300653594771243 0.6553308823529411 0.03676470588235294 0.029411764705882353
0 0.3525326797385621 0.7037377450980392 0.03758169934640523 0.028799019607843136
0 0.3903186274509804 0.7025122549019608 0.03799019607843137 0.028799019607843136
0 0.4285130718954248 0.7035845588235294 0.03758169934640523 0.029105392156862746
0 0.46854575163398693 0.7045036764705882 0.03758169934640523 0.029105392156862746
0 0.5087826797385621 0.7061887254901961 0.03799019607843137 0.028799019607843136
0 0.2971813725490196 0.20006127450980393 0.044526143790849675 0.03799019607843137
0 0.5463643790849673 0.7106311274509803 0.03799019607843137 0.029105392156862746
0 0.383374183006536 0.2415747549019608 0.0428921568627451 0.03216911764705882
0 0.4701797385620915 0.24601715686274508 0.04003267973856209 0.031862745098039214
0 0.3756127450980392 0.3086703431372549 0.03880718954248366 0.03278186274509804
0 0.41748366013071897 0.3112745098039216 0.03758169934640523 0.03431372549019608
0 0.45874183006535946 0.31265318627450983 0.03758169934640523 0.03400735294117647
0 0.5024509803921569 0.31464460784313725 0.03758169934640523 0.03431372549019608
0 0.5433006535947712 0.3158700980392157 0.03758169934640523 0.03431372549019608
0 0.5837418300653595 0.32046568627450983 0.03758169934640523 0.03431372549019608
0 0.6270424836601307 0.32230392156862747 0.03758169934640523 0.03431372549019608
0 0.2890114379084967 0.3408394607843137 0.04044117647058824 0.03216911764705882
0 0.4279003267973856 0.24402573529411764 0.04044117647058824 0.029105392156862746
0 0.3298611111111111 0.3414522058823529 0.04044117647058824 0.03216911764705882
0 0.2722630718954248 0.7017463235294118 0.0363562091503268 0.029105392156862746
0 0.59375 0.6640625 0.0363562091503268 0.029105392156862746
0 0.5541258169934641 0.6602328431372549 0.0363562091503268 0.029411764705882353
0 0.28880718954248363 0.30621936274509803 0.03839869281045752 0.03278186274509804
0 0.639501633986928 0.25597426470588236 0.03799019607843137 0.033394607843137254
0 0.5964052287581699 0.25245098039215685 0.03839869281045752 0.03308823529411765
0 0.5535130718954249 0.2512254901960784 0.0392156862745098 0.03370098039215686
0 0.5124591503267973 0.24831495098039216 0.039624183006535946 0.03155637254901961
0 0.3125 0.7018995098039216 0.03758169934640523 0.028799019607843136
0 0.5861928104575164 0.7123161764705882 0.03758169934640523 0.028799019607843136
0 0.2708333333333333 0.7317708333333334 0.03758169934640523 0.029105392156862746
0 0.3098447712418301 0.7331495098039216 0.03799019607843137 0.028799019607843136
0 0.460375816993464 0.8305759803921569 0.03594771241830065 0.02696078431372549
0 0.5006127450980392 0.8319546568627451 0.03799019607843137 0.02420343137254902
0 0.5404411764705882 0.8334865196078431 0.03839869281045752 0.02420343137254902
0 0.5804738562091504 0.8353247549019608 0.03839869281045752 0.02420343137254902
0 0.35437091503267976 0.6531862745098039 0.037173202614379085 0.03125
0 0.31556372549019607 0.6516544117647058 0.037173202614379085 0.027573529411764705
0 0.2730800653594771 0.6499693627450981 0.037173202614379085 0.030330882352941176
0 0.5976307189542484 0.6291360294117647 0.03758169934640523 0.033394607843137254
0 0.42258986928104575 0.828125 0.0363562091503268 0.02696078431372549
0 0.5575980392156863 0.6272977941176471 0.03676470588235294 0.033394607843137254
0 0.477124183006536 0.625 0.04084967320261438 0.030637254901960783
0 0.43504901960784315 0.6228553921568627 0.04084967320261438 0.030637254901960783
0 0.39624183006535946 0.6200980392156863 0.03594771241830065 0.03125
0 0.3568218954248366 0.6188725490196079 0.0363562091503268 0.03125
0 0.3167892156862745 0.6176470588235294 0.0363562091503268 0.03125
0 0.2747140522875817 0.6165747549019608 0.0363562091503268 0.03155637254901961
0 0.6019199346405228 0.5686274509803921 0.03880718954248366 0.029411764705882353
0 0.5598447712418301 0.5683210784313726 0.03880718954248366 0.029411764705882353
0 0.5175653594771242 0.6262254901960784 0.04084967320261438 0.030637254901960783
0 0.383374183006536 0.8262867647058824 0.039624183006535946 0.027573529411764705
0 0.3425245098039216 0.8265931372549019 0.039624183006535946 0.027573529411764705
0 0.30249183006535946 0.8255208333333334 0.039624183006535946 0.0272671568627451
0 0.349468954248366 0.7356004901960784 0.03799019607843137 0.028799019607843136
0 0.3903186274509804 0.7349877450980392 0.03799019607843137 0.028799019607843136
0 0.4293300653594771 0.7366727941176471 0.03758169934640523 0.029105392156862746
0 0.46711601307189543 0.7372855392156863 0.03799019607843137 0.029105392156862746
0 0.5063316993464052 0.7386642156862745 0.03799019607843137 0.028799019607843136
0 0.5449346405228758 0.7415747549019608 0.03758169934640523 0.029105392156862746
0 0.5849673202614379 0.7435661764705882 0.03758169934640523 0.028799019607843136
0 0.25919117647058826 0.7953431372549019 0.03799019607843137 0.028799019607843136
0 0.3022875816993464 0.7970281862745098 0.03758169934640523 0.029105392156862746
0 0.3443627450980392 0.7973345588235294 0.03758169934640523 0.029105392156862746
0 0.38419117647058826 0.7971813725490197 0.03799019607843137 0.028799019607843136
0 0.42258986928104575 0.8005514705882353 0.03799019607843137 0.028799019607843136
0 0.460375816993464 0.8010110294117647 0.03758169934640523 0.029105392156862746
0 0.5004084967320261 0.8023897058823529 0.03758169934640523 0.028799019607843136
0 0.5420751633986928 0.8048406862745098 0.03758169934640523 0.028799019607843136
0 0.5802696078431373 0.8074448529411765 0.03799019607843137 0.029105392156862746
0 0.627859477124183 0.8074448529411765 0.042483660130718956 0.02849264705882353
0 0.3944035947712418 0.6541053921568627 0.0363562091503268 0.029411764705882353
0 0.26123366013071897 0.8233762254901961 0.039624183006535946 0.0272671568627451
0 0.48080065359477125 0.5637254901960784 0.03839869281045752 0.029411764705882353
0 0.21895424836601307 0.8224571078431373 0.042483660130718956 0.02849264705882353
0 0.37316176470588236 0.34390318627450983 0.04044117647058824 0.03216911764705882
0 0.5788398692810458 0.8642769607843137 0.03594771241830065 0.027573529411764705
0 0.6213235294117647 0.8374693627450981 0.03839869281045752 0.02420343137254902
0 0.2630718954248366 0.8515625 0.03839869281045752 0.0272671568627451
0 0.3014705882352941 0.8550857843137255 0.03839869281045752 0.02696078431372549
0 0.3415032679738562 0.8547794117647058 0.03839869281045752 0.02696078431372549
0 0.38255718954248363 0.8544730392156863 0.03880718954248366 0.02696078431372549
0 0.42177287581699346 0.8583026960784313 0.03880718954248366 0.0272671568627451
0 0.22140522875816993 0.8518688725490197 0.041666666666666664 0.02542892156862745
0 0.5012254901960784 0.8613664215686274 0.03839869281045752 0.0272671568627451
0 0.5408496732026143 0.8628982843137255 0.03839869281045752 0.0272671568627451
0 0.6180555555555556 0.8665747549019608 0.03594771241830065 0.0272671568627451
0 0.46262254901960786 0.8599877450980392 0.03880718954248366 0.02696078431372549
