0 0.3770833333333333 0.5419921875 0.09375 0.053515625
0 0.28463541666666664 0.5470703125 0.0921875 0.044921875
0 0.46927083333333336 0.53515625 0.08645833333333333 0.03984375
0 0.18489583333333334 0.559375 0.10520833333333333 0.06484375
0 0.5546875 0.53046875 0.08125 0.0453125
0 0.5520833333333334 0.336328125 0.08229166666666667 0.04921875
0 0.7122395833333334 0.5185546875 0.07447916666666667 0.040234375
0 0.7869791666666667 0.5126953125 0.07395833333333333 0.051171875
0 0.8591145833333333 0.506640625 0.0671875 0.040625
0 0.9236979166666667 0.50390625 0.06197916666666667 0.04453125
0 0.9768229166666667 0.4984375 0.0453125 0.03359375
0 0.9768229166666667 0.55546875 0.0484375 0.040625
0 0.64140625 0.5806640625 0.07447916666666667 0.041015625
0 0.91875 0.5556640625 0.0625 0.038671875
0 0.8541666666666666 0.5634765625 0.065625 0.050390625
0 0.78515625 0.56796875 0.06927083333333334 0.04140625
0 0.7145833333333333 0.57421875 0.07083333333333333 0.05390625
0 0.05572916666666667 0.6203125 0.11145833333333334 0.05390625
0 0.6361979166666667 0.523046875 0.07760416666666667 0.0515625
0 0.18046875 0.4849609375 0.1078125 0.048046875
0 0.8559895833333333 0.3939453125 0.0609375 0.041796875
0 0.38255208333333335 0.476171875 0.08697916666666666 0.05
0 0.2747395833333333 0.3388671875 0.10260416666666666 0.056640625
0 0.375 0.3390625 0.09270833333333334 0.05546875
0 0.46510416666666665 0.339453125 0.08541666666666667 0.0546875
0 0.63515625 0.3369140625 0.08385416666666666 0.049609375
0 0.7080729166666667 0.3298828125 0.059895833333333336 0.041796875
0 0.7895833333333333 0.3361328125 0.08020833333333334 0.043359375
0 0.8658854166666666 0.335546875 0.07447916666666667 0.04453125
0 0.9341145833333333 0.33515625 0.059895833333333336 0.0453125
0 0.16666666666666666 0.3380859375 0.11145833333333334 0.057421875
0 0.9828125 0.3349609375 0.036458333333333336 0.045703125
0 0.86875 0.2740234375 0.06979166666666667 0.043359375
0 0.796875 0.2740234375 0.07291666666666667 0.041796875
0 0.7223958333333333 0.274609375 0.075 0.046875
0 0.6411458333333333 0.2734375 0.08333333333333333 0.0484375
0 0.5541666666666667 0.2728515625 0.08854166666666667 0.047265625
0 0.46588541666666666 0.271484375 0.08802083333333334 0.05078125
0 0.3729166666666667 0.2720703125 0.09375 0.048828125
0 0.2716145833333333 0.266796875 0.1046875 0.05625
0 0.9372395833333333 0.275 0.06822916666666666 0.04609375
0 0.2859375 0.48046875 0.10520833333333333 0.0421875
0 0.06197916666666667 0.4798828125 0.115625 0.051171875
0 0.27395833333333336 0.4123046875 0.103125 0.051171875
0 0.4703125 0.4697265625 0.08645833333333333 0.039453125
0 0.5572916666666666 0.466015625 0.08854166666666667 0.0484375
0 0.14895833333333333 0.101171875 0.11041666666666666 0.09765625
0 0.63828125 0.4625 0.0734375 0.04140625
0 0.7153645833333333 0.45859375 0.07760416666666667 0.0484375
0 0.7888020833333333 0.455859375 0.06927083333333334 0.0421875
0 0.8588541666666667 0.4537109375 0.071875 0.048046875
0 0.9278645833333333 0.4486328125 0.06510416666666667 0.038671875
0 0.17057291666666666 0.4166015625 0.10052083333333334 0.059765625
0 0.9802083333333333 0.448046875 0.0375 0.03984375
0 0.9236979166666667 0.392578125 0.06927083333333334 0.04375
0 0.55859375 0.58671875 0.09010416666666667 0.040625
0 0.7895833333333333 0.3966796875 0.07083333333333333 0.047265625
0 0.7138020833333333 0.39921875 0.07760416666666667 0.0484375
0 0.6359375 0.4021484375 0.07708333333333334 0.042578125
0 0.5520833333333334 0.4033203125 0.08854166666666667 0.046484375
0 0.4640625 0.4048828125 0.08854166666666667 0.044921875
0 0.3734375 0.4099609375 0.090625 0.051953125
0 0.9796875 0.390625 0.042708333333333334 0.04140625
0 0.47291666666666665 0.589453125 0.078125 0.04453125
0 0.04609375 0.0951171875 0.0921875 0.107421875
0 0.29635416666666664 0.610546875 0.096875 0.0453125
0 0.7234375 0.2123046875 0.078125 0.052734375
0 0.6401041666666667 0.2103515625 0.08958333333333333 0.047265625
0 0.5526041666666667 0.2064453125 0.08125 0.055078125
0 0.3893229166666667 0.605078125 0.09010416666666667 0.05390625
0 0.3690104166666667 0.1990234375 0.0984375 0.054296875
0 0.26640625 0.1931640625 0.10364583333333334 0.052734375
0 0.1546875 0.188671875 0.11458333333333333 0.06015625
0 0.075 0.844140625 0.10104166666666667 0.04609375
0 0.19036458333333334 0.830859375 0.10364583333333334 0.040625
0 0.29192708333333334 0.816015625 0.09427083333333333 0.05625
0 0.38619791666666664 0.8 0.08697916666666666 0.034375
0 0.47109375 0.7904296875 0.08177083333333333 0.051953125
0 0.5552083333333333 0.775390625 0.08333333333333333 0.03359375
0 0.6356770833333333 0.7583984375 0.0765625 0.044921875
0 0.7096354166666666 0.7537109375 0.0734375 0.036328125
0 0.9114583333333334 0.7205078125 0.06979166666666667 0.044921875
0 0.97421875 0.7130859375 0.05260416666666667 0.031640625
0 0.7994791666666666 0.2150390625 0.07291666666666667 0.048046875
0 0.86796875 0.217578125 0.06614583333333333 0.05390625
0 0.93828125 0.219921875 0.07239583333333334 0.0515625
0 0.9419270833333333 0.1470703125 0.07760416666666667 0.073046875
0 0.2265625 0.10546875 0.041666666666666664 0.0828125
0 0.27838541666666666 0.1056640625 0.06302083333333333 0.082421875
0 0.35885416666666664 0.108203125 0.09791666666666667 0.08828125
0 0.5380208333333333 0.120703125 0.121875 0.0765625
0 0.63671875 0.1244140625 0.0703125 0.083984375
0 0.715625 0.1318359375 0.08333333333333333 0.073828125
0 0.9708333333333333 0.6052734375 0.058333333333333334 0.043359375
0 0.9677083333333333 0.66171875 0.0625 0.0484375
0 0.9747395833333333 0.7623046875 0.05260416666666667 0.047265625
0 0.84609375 0.68046875 0.07760416666666667 0.04609375
0 0.6328125 0.7052734375 0.07604166666666666 0.035546875
0 0.55703125 0.7123046875 0.0765625 0.051171875
0 0.4713541666666667 0.7201171875 0.08854166666666667 0.040234375
0 0.3796875 0.7236328125 0.06875 0.033203125
0 0.29583333333333334 0.7486328125 0.09375 0.056640625
0 0.19765625 0.7626953125 0.10260416666666666 0.043359375
0 0.7934895833333333 0.1369140625 0.06614583333333333 0.068359375
0 0.8651041666666667 0.140625 0.075 0.0765625
0 0.7096354166666666 0.696875 0.07760416666666667 0.0453125
0 0.915625 0.7705078125 0.05625 0.030859375
0 0.4661458333333333 0.202734375 0.09166666666666666 0.04765625
0 0.78671875 0.789453125 0.06822916666666666 0.0421875
0 0.9263020833333333 0.8263671875 0.06302083333333333 0.044140625
0 0.9794270833333333 0.8171875 0.0421875 0.02890625
0 0.8544270833333333 0.77890625 0.06510416666666667 0.046875
0 0.05286458333333333 0.3119140625 0.10572916666666667 0.094921875
0 0.16614583333333333 0.26640625 0.10833333333333334 0.05703125
0 0.9091145833333333 0.6087890625 0.06510416666666667 0.037109375
0 0.8596354166666667 0.8384765625 0.06822916666666666 0.025390625
0 0.8408854166666667 0.616015625 0.07135416666666666 0.05234375
0 0.5471354166666667 0.6474609375 0.07864583333333333 0.050390625
0 0.46536458333333336 0.656640625 0.0828125 0.04140625
0 0.37604166666666666 0.668359375 0.09166666666666666 0.0609375
0 0.18697916666666667 0.6892578125 0.096875 0.065234375
0 0.059375 0.7423828125 0.11458333333333333 0.056640625
0 0.18307291666666667 0.6224609375 0.10677083333333333 0.048828125
0 0.63046875 0.6400390625 0.08697916666666666 0.041796875
0 0.7901041666666667 0.85078125 0.06770833333333333 0.04765625
0 0.28359375 0.6767578125 0.09427083333333333 0.044921875
0 0.640625 0.8806640625 0.078125 0.030078125
0 0.38958333333333334 0.9302734375 0.08958333333333333 0.056640625
0 0.29348958333333336 0.94296875 0.09739583333333333 0.0359375
0 0.1984375 0.9625 0.090625 0.06875
0 0.09635416666666667 0.970703125 0.10729166666666666 0.0484375
0 0.2125 0.887109375 0.10520833333333333 0.04921875
0 0.30963541666666666 0.872265625 0.0859375 0.05
0 0.39791666666666664 0.854296875 0.08541666666666667 0.0421875
0 0.4861979166666667 0.8380859375 0.08802083333333334 0.043359375
0 0.6455729166666667 0.8162109375 0.07447916666666667 0.048046875
0 0.5700520833333333 0.8275390625 0.07864583333333333 0.046484375
0 0.7171875 0.802734375 0.06979166666666667 0.04609375
0 0.559375 0.8994140625 0.07916666666666666 0.054296875
0 0.47552083333333334 0.9138671875 0.08229166666666667 0.032421875
0 0.71875 0.8689453125 0.071875 0.051171875
