0 0.7709865196078431 0.7038398692810458 0.018688725490196078 0.02369281045751634
0 0.7490808823529411 0.7600081699346405 0.017769607843137254 0.024918300653594773
0 0.7694546568627451 0.7595996732026143 0.017463235294117647 0.020833333333333332
0 0.7689950980392157 0.7318218954248366 0.016544117647058824 0.020833333333333332
0 0.7483149509803921 0.733251633986928 0.016237745098039217 0.02287581699346405
0 0.4806985294117647 0.8122957516339869 0.011029411764705883 0.03308823529411765
0 0.3776041666666667 0.7344771241830066 0.010723039215686275 0.02287581699346405
0 0.3161764705882353 0.7436683006535948 0.007352941176470588 0.028186274509803922
0 0.30775122549019607 0.744281045751634 0.008272058823529412 0.029411764705882353
0 0.2775735294117647 0.8026960784313726 0.007352941176470588 0.026143790849673203
0 0.2861519607843137 0.7988153594771242 0.006740196078431373 0.03145424836601307
0 0.29733455882352944 0.7977941176470589 0.0070465686274509805 0.026143790849673203
0 0.3164828431372549 0.7902369281045751 0.007965686274509803 0.02900326797385621
0 0.30713848039215685 0.792687908496732 0.010723039215686275 0.03145424836601307
0 0.2956495098039216 0.8615196078431373 0.056372549019607844 0.05065359477124183
0 0.32138480392156865 0.6358251633986928 0.006740196078431373 0.027369281045751634
0 0.3310355392156863 0.6358251633986928 0.007659313725490196 0.024918300653594773
0 0.3425245098039216 0.6341911764705882 0.007352941176470588 0.023284313725490197
0 0.35202205882352944 0.6348039215686274 0.007965686274509803 0.022058823529411766
0 0.29840686274509803 0.7457107843137255 0.007352941176470588 0.02900326797385621
0 0.36243872549019607 0.6313316993464052 0.007352941176470588 0.02900326797385621
0 0.33486519607843135 0.6887254901960784 0.00857843137254902 0.02696078431372549
0 0.3469669117647059 0.6879084967320261 0.008884803921568627 0.03349673202614379
0 0.35768995098039214 0.6856617647058824 0.0070465686274509805 0.03308823529411765
0 0.36734068627450983 0.6854575163398693 0.007965686274509803 0.031862745098039214
0 0.37775735294117646 0.6848447712418301 0.007352941176470588 0.030637254901960783
0 0.3244485294117647 0.7367238562091504 0.007352941176470588 0.027369281045751634
0 0.33639705882352944 0.7363153594771242 0.011642156862745098 0.026552287581699346
0 0.3481924019607843 0.7359068627450981 0.009497549019607842 0.02900326797385621
0 0.35768995098039214 0.7352941176470589 0.008884803921568627 0.026143790849673203
0 0.3681066176470588 0.7375408496732027 0.007659313725490196 0.024101307189542485
0 0.7584252450980392 0.8016748366013072 0.01133578431372549 0.03308823529411765
0 0.32536764705882354 0.7873774509803921 0.007352941176470588 0.02246732026143791
0 0.37224264705882354 0.6317401960784313 0.009191176470588236 0.025735294117647058
0 0.28768382352941174 0.7479575163398693 0.007965686274509803 0.02696078431372549
0 0.2789522058823529 0.7495915032679739 0.008272058823529412 0.028594771241830064
0 0.26838235294117646 0.7520424836601307 0.009191176470588236 0.026143790849673203
0 0.19684436274509803 0.7632761437908496 0.0070465686274509805 0.037173202614379085
0 0.20741421568627452 0.7626633986928104 0.00980392156862745 0.03104575163398693
0 0.21997549019607843 0.7575571895424836 0.007965686274509803 0.0363562091503268
0 0.23223039215686275 0.7567401960784313 0.011029411764705883 0.03553921568627451
0 0.2535232843137255 0.752859477124183 0.006433823529411764 0.031862745098039214
0 0.24341299019607843 0.7534722222222222 0.01011029411764706 0.03553921568627451
0 0.15196078431372548 0.8298611111111112 0.009191176470588236 0.03145424836601307
0 0.1642156862745098 0.8290441176470589 0.00857843137254902 0.03553921568627451
0 0.17601102941176472 0.8237336601307189 0.008884803921568627 0.034722222222222224
0 0.18642769607843138 0.8216911764705882 0.007659313725490196 0.03390522875816993
0 0.19730392156862744 0.8192401960784313 0.007965686274509803 0.03145424836601307
0 0.20909926470588236 0.8161764705882353 0.009497549019607842 0.032679738562091505
0 0.2415747549019608 0.8218954248366013 0.047487745098039214 0.05228758169934641
0 0.18305759803921567 0.894812091503268 0.06403186274509803 0.06576797385620915
0 0.23927696078431374 0.8764297385620915 0.04105392156862745 0.051879084967320264
0 0.22748161764705882 0.6423611111111112 0.0070465686274509805 0.028186274509803922
0 0.23560049019607843 0.6405228758169934 0.006740196078431373 0.027777777777777776
0 0.24708946078431374 0.6401143790849673 0.008272058823529412 0.03022875816993464
0 0.25582107843137253 0.6386846405228758 0.007352941176470588 0.02165032679738562
0 0.2746629901960784 0.6329656862745098 0.008884803921568627 0.025735294117647058
0 0.2653186274509804 0.6362336601307189 0.006740196078431373 0.02900326797385621
0 0.2711397058823529 0.7011846405228758 0.009191176470588236 0.03145424836601307
0 0.28170955882352944 0.7007761437908496 0.0070465686274509805 0.0298202614379085
0 0.2902879901960784 0.6995506535947712 0.007659313725490196 0.0298202614379085
0 0.29901960784313725 0.6970996732026143 0.007352941176470588 0.0298202614379085
0 0.3085171568627451 0.6940359477124183 0.007965686274509803 0.026143790849673203
0 0.32046568627450983 0.6881127450980392 0.010416666666666666 0.03553921568627451
0 0.3356311274509804 0.7857434640522876 0.008272058823529412 0.024101307189542485
0 0.34528186274509803 0.7879901960784313 0.009191176470588236 0.021241830065359478
0 0.3553921568627451 0.7839052287581699 0.007965686274509803 0.025326797385620915
0 0.37683823529411764 0.7808415032679739 0.007352941176470588 0.016748366013071895
0 0.5430453431372549 0.8504901960784313 0.008884803921568627 0.029411764705882353
0 0.5543811274509803 0.8492647058823529 0.01011029411764706 0.031862745098039214
0 0.5654105392156863 0.852328431372549 0.008272058823529412 0.030637254901960783
0 0.5768995098039216 0.8533496732026143 0.007965686274509803 0.028594771241830064
0 0.5883884803921569 0.8482434640522876 0.01133578431372549 0.03390522875816993
0 0.5998774509803921 0.8470179738562091 0.010416666666666666 0.0363562091503268
0 0.6125919117647058 0.8427287581699346 0.010723039215686275 0.035130718954248366
0 0.6231617647058824 0.8457924836601307 0.00857843137254902 0.03390522875816993
0 0.6357230392156863 0.8468137254901961 0.007965686274509803 0.029411764705882353
0 0.6459865196078431 0.8482434640522876 0.0070465686274509805 0.03390522875816993
0 0.6565563725490197 0.8462009803921569 0.00857843137254902 0.023284313725490197
0 0.6691176470588235 0.8026960784313726 0.00980392156862745 0.026143790849673203
0 0.6806066176470589 0.8024918300653595 0.007659313725490196 0.026552287581699346
0 0.6911764705882353 0.7967728758169934 0.00857843137254902 0.04534313725490196
0 0.7035845588235294 0.803921568627451 0.01011029411764706 0.028594771241830064
0 0.7146139705882353 0.8020833333333334 0.0070465686274509805 0.03227124183006536
0 0.7251838235294118 0.8020833333333334 0.007965686274509803 0.0298202614379085
0 0.672640931372549 0.8439542483660131 0.007659313725490196 0.02287581699346405
0 0.6844362745098039 0.8439542483660131 0.00980392156862745 0.027777777777777776
0 0.696078431372549 0.8439542483660131 0.007965686274509803 0.025326797385620915
0 0.7055759803921569 0.8425245098039216 0.010416666666666666 0.025735294117647058
0 0.7173713235294118 0.8425245098039216 0.0070465686274509805 0.025735294117647058
0 0.7274816176470589 0.8421160130718954 0.008884803921568627 0.02900326797385621
0 0.7378982843137255 0.8372140522875817 0.008272058823529412 0.02900326797385621
0 0.749234068627451 0.8384395424836601 0.009497549019607842 0.026552287581699346
0 0.7594975490196079 0.8378267973856209 0.007965686274509803 0.03022875816993464
0 0.7705269607843137 0.8353758169934641 0.010416666666666666 0.03022875816993464
0 0.530484068627451 0.8527369281045751 0.012561274509803922 0.0298202614379085
0 0.1868872549019608 0.7638888888888888 0.010416666666666666 0.03839869281045752
0 0.5165441176470589 0.8541666666666666 0.00857843137254902 0.02696078431372549
0 0.49019607843137253 0.8570261437908496 0.007965686274509803 0.027777777777777776
0 0.3665747549019608 0.7834967320261438 0.006433823529411764 0.021241830065359478
0 0.3782169117647059 0.8192401960784313 0.01011029411764706 0.03390522875816993
0 0.39077818627450983 0.818218954248366 0.013786764705882353 0.03349673202614379
0 0.40609681372549017 0.8178104575163399 0.009497549019607842 0.03431372549019608
0 0.4174325980392157 0.8180147058823529 0.008884803921568627 0.03145424836601307
0 0.4296875 0.8167892156862745 0.011948529411764705 0.03145424836601307
0 0.44393382352941174 0.8141339869281046 0.011642156862745098 0.03431372549019608
0 0.45848651960784315 0.8133169934640523 0.009497549019607842 0.03349673202614379
0 0.46798406862745096 0.8116830065359477 0.008884803921568627 0.03431372549019608
0 0.49417892156862747 0.8114787581699346 0.012254901960784314 0.034722222222222224
0 0.508578431372549 0.8108660130718954 0.012254901960784314 0.03594771241830065
0 0.5208333333333334 0.8133169934640523 0.00980392156862745 0.03349673202614379
0 0.5327818627450981 0.806781045751634 0.012254901960784314 0.03431372549019608
0 0.5458026960784313 0.8075980392156863 0.010723039215686275 0.027777777777777776
0 0.5560661764705882 0.8069852941176471 0.007965686274509803 0.03145424836601307
0 0.5675551470588235 0.8059640522875817 0.009497549019607842 0.03104575163398693
0 0.578890931372549 0.8061683006535948 0.008272058823529412 0.03308823529411765
0 0.5908394607843137 0.8073937908496732 0.008884803921568627 0.028186274509803922
0 0.3717830882352941 0.8656045751633987 0.01133578431372549 0.027777777777777776
0 0.38495710784313725 0.8647875816993464 0.010723039215686275 0.031862745098039214
0 0.3978247549019608 0.8639705882352942 0.01133578431372549 0.03104575163398693
0 0.4091605392156863 0.8631535947712419 0.010723039215686275 0.03022875816993464
0 0.42233455882352944 0.8641748366013072 0.009497549019607842 0.03308823529411765
0 0.4362745098039216 0.8619281045751634 0.012254901960784314 0.025326797385620915
0 0.45588235294117646 0.8594771241830066 0.007965686274509803 0.027777777777777776
0 0.4664522058823529 0.8598856209150327 0.007659313725490196 0.029411764705882353
0 0.4791666666666667 0.858047385620915 0.011642156862745098 0.028186274509803922
0 0.5029105392156863 0.8568218954248366 0.01011029411764706 0.03308823529411765
0 0.7830882352941176 0.8376225490196079 0.010416666666666666 0.028186274509803922
0 0.17570465686274508 0.764501633986928 0.008272058823529412 0.037173202614379085
0 0.15211397058823528 0.7714460784313726 0.009497549019607842 0.03308823529411765
0 0.6239276960784313 0.7087418300653595 0.015625 0.02369281045751634
0 0.6504289215686274 0.6828022875816994 0.012254901960784314 0.02246732026143791
0 0.6478247549019608 0.6507352941176471 0.016237745098039217 0.026143790849673203
0 0.6248468137254902 0.6499183006535948 0.013786764705882353 0.025326797385620915
0 0.6050857843137255 0.792687908496732 0.01715686274509804 0.024101307189542485
0 0.6029411764705882 0.7636846405228758 0.016544117647058824 0.02165032679738562
0 0.5813419117647058 0.7651143790849673 0.018688725490196078 0.021241830065359478
0 0.6024816176470589 0.7367238562091504 0.015625 0.023284313725490197
0 0.5807291666666666 0.7365196078431373 0.021139705882352942 0.026143790849673203
0 0.6037071078431373 0.7091503267973857 0.018075980392156864 0.025326797385620915
0 0.5804227941176471 0.7085375816993464 0.01685049019607843 0.02165032679738562
0 0.6035539215686274 0.6815767973856209 0.0196078431372549 0.02246732026143791
0 0.6475183823529411 0.7095588235294118 0.015625 0.02369281045751634
0 0.5813419117647058 0.6821895424836601 0.018688725490196078 0.02369281045751634
0 0.5830269607843137 0.6535947712418301 0.016544117647058824 0.025326797385620915
0 0.5586703431372549 0.7673611111111112 0.018688725490196078 0.024101307189542485
0 0.5372242647058824 0.7665441176470589 0.015625 0.023284313725490197
0 0.5153186274509803 0.7708333333333334 0.022058823529411766 0.024509803921568627
0 0.5600490196078431 0.7379493464052288 0.017769607843137254 0.024918300653594773
0 0.5384497549019608 0.7377450980392157 0.018075980392156864 0.025326797385620915
0 0.515625 0.7408088235294118 0.01715686274509804 0.026552287581699346
0 0.5582107843137255 0.7085375816993464 0.015931372549019607 0.02165032679738562
0 0.5381433823529411 0.7095588235294118 0.019301470588235295 0.02696078431372549
0 0.515625 0.7103758169934641 0.01715686274509804 0.025326797385620915
0 0.5591299019607843 0.6805555555555556 0.015931372549019607 0.022058823529411766
0 0.5376838235294118 0.6819852941176471 0.01838235294117647 0.024101307189542485
0 0.6024816176470589 0.6519607843137255 0.015625 0.028594771241830064
0 0.625765931372549 0.7363153594771242 0.015625 0.023284313725490197
0 0.6453737745098039 0.7371323529411765 0.015625 0.023284313725490197
0 0.6233149509803921 0.761437908496732 0.015625 0.02369281045751634
0 0.7495404411764706 0.704452614379085 0.01685049019607843 0.02246732026143791
0 0.7702205882352942 0.6774918300653595 0.01715686274509804 0.023284313725490197
0 0.7697610294117647 0.6515522875816994 0.018075980392156864 0.022058823529411766
0 0.7503063725490197 0.6795343137254902 0.01838235294117647 0.02165032679738562
0 0.7276348039215687 0.761437908496732 0.014705882352941176 0.028594771241830064
0 0.7072610294117647 0.7624591503267973 0.015625 0.02246732026143791
0 0.7277879901960784 0.7318218954248366 0.020526960784313725 0.023284313725490197
0 0.7068014705882353 0.7344771241830066 0.016544117647058824 0.027777777777777776
0 0.7290134803921569 0.7062908496732027 0.017463235294117647 0.02369281045751634
0 0.7087928921568627 0.7060866013071896 0.01685049019607843 0.026552287581699346
0 0.7282475490196079 0.6797385620915033 0.015931372549019607 0.026143790849673203
0 0.7081801470588235 0.6787173202614379 0.017463235294117647 0.023284313725490197
0 0.7297794117647058 0.6519607843137255 0.013480392156862746 0.02369281045751634
0 0.7100183823529411 0.6527777777777778 0.013786764705882353 0.02696078431372549
0 0.6878063725490197 0.7620506535947712 0.016544117647058824 0.023284313725490197
0 0.6671262254901961 0.7630718954248366 0.015012254901960785 0.021241830065359478
0 0.6873468137254902 0.7340686274509803 0.015625 0.021241830065359478
0 0.6662071078431373 0.735702614379085 0.015012254901960785 0.02287581699346405
0 0.6879595588235294 0.707312091503268 0.01685049019607843 0.024101307189542485
0 0.6671262254901961 0.7077205882352942 0.019301470588235295 0.023284313725490197
0 0.6873468137254902 0.6813725490196079 0.015625 0.02287581699346405
0 0.6675857843137255 0.6823937908496732 0.015931372549019607 0.020833333333333332
0 0.6897977941176471 0.6537990196078431 0.016237745098039217 0.025735294117647058
0 0.6677389705882353 0.653390522875817 0.016237745098039217 0.025735294117647058
0 0.6459865196078431 0.7920751633986928 0.015625 0.02369281045751634
0 0.6266850490196079 0.7937091503267973 0.015625 0.02369281045751634
0 0.6447610294117647 0.764501633986928 0.015625 0.023284313725490197
0 0.5620404411764706 0.6515522875816994 0.01991421568627451 0.024509803921568627
0 0.539828431372549 0.6531862745098039 0.018995098039215685 0.02369281045751634
0 0.5160845588235294 0.6809640522875817 0.018075980392156864 0.026143790849673203
0 0.49034926470588236 0.7683823529411765 0.019301470588235295 0.024509803921568627
0 0.8638174019607843 0.7800245098039216 0.018075980392156864 0.054330065359477125
0 0.8416053921568627 0.7798202614379085 0.018995098039215685 0.049836601307189546
0 0.8201593137254902 0.7794117647058824 0.018995098039215685 0.05555555555555555
0 0.8866421568627451 0.6985294117647058 0.016544117647058824 0.022058823529411766
0 0.8676470588235294 0.7095588235294118 0.02022058823529412 0.05555555555555555
0 0.8419117647058824 0.7126225490196079 0.017769607843137254 0.054330065359477125
0 0.8204656862745098 0.7140522875816994 0.0196078431372549 0.05392156862745098
0 0.8895526960784313 0.6474673202614379 0.022365196078431373 0.05473856209150327
0 0.8665747549019608 0.6466503267973857 0.015625 0.05800653594771242
0 0.8419117647058824 0.6478758169934641 0.02144607843137255 0.056372549019607844
0 0.8200061274509803 0.6486928104575164 0.020526960784313725 0.061274509803921566
0 0.9310661764705882 0.5733251633986928 0.015318627450980392 0.03390522875816993
0 0.9099264705882353 0.588031045751634 0.016544117647058824 0.06004901960784314
0 0.8869485294117647 0.5827205882352942 0.018995098039215685 0.06576797385620915
0 0.8656556372549019 0.5845588235294118 0.018075980392156864 0.06454248366013073
0 0.8396139705882353 0.5808823529411765 0.018688725490196078 0.06699346405228758
0 0.8181678921568627 0.5796568627450981 0.01685049019607843 0.06699346405228758
0 0.7810968137254902 0.8002450980392157 0.008272058823529412 0.03594771241830065
0 0.7921262254901961 0.801062091503268 0.011948529411764705 0.03676470588235294
0 0.7712928921568627 0.7996323529411765 0.01011029411764706 0.03227124183006536
0 0.13618259803921567 0.713031045751634 0.011948529411764705 0.02900326797385621
0 0.1490502450980392 0.7109885620915033 0.008884803921568627 0.03308823529411765
0 0.16053921568627452 0.7097630718954249 0.00857843137254902 0.03308823529411765
0 0.171875 0.7091503267973857 0.011029411764705883 0.03431372549019608
0 0.18336397058823528 0.7050653594771242 0.008884803921568627 0.03349673202614379
0 0.19255514705882354 0.7056781045751634 0.009497549019607842 0.034722222222222224
0 0.13832720588235295 0.7700163398692811 0.016237745098039217 0.04330065359477124
0 0.8854166666666666 0.7796160130718954 0.0196078431372549 0.05024509803921569
0 0.1636029411764706 0.7704248366013072 0.009191176470588236 0.032679738562091505
0 0.9082414215686274 0.7900326797385621 0.016237745098039217 0.029411764705882353
0 0.8178615196078431 0.8394607843137255 0.016237745098039217 0.051470588235294115
0 0.46920955882352944 0.7712418300653595 0.01685049019607843 0.02369281045751634
0 0.49004289215686275 0.7401960784313726 0.018688725490196078 0.025326797385620915
0 0.4693627450980392 0.7424428104575164 0.018995098039215685 0.025735294117647058
0 0.4928002450980392 0.7118055555555556 0.018688725490196078 0.027369281045751634
0 0.46798406862745096 0.7111928104575164 0.016237745098039217 0.026143790849673203
0 0.49295343137254904 0.6836192810457516 0.018995098039215685 0.023284313725490197
0 0.46951593137254904 0.6844362745098039 0.021139705882352942 0.024101307189542485
0 0.49356617647058826 0.653390522875817 0.022058823529411766 0.030637254901960783
0 0.47012867647058826 0.6544117647058824 0.018688725490196078 0.028594771241830064
0 0.44378063725490197 0.772671568627451 0.021752450980392156 0.023284313725490197
0 0.42003676470588236 0.7743055555555556 0.017769607843137254 0.02246732026143791
0 0.39568014705882354 0.7761437908496732 0.01991421568627451 0.02369281045751634
0 0.4430147058823529 0.7401960784313726 0.01838235294117647 0.025326797385620915
0 0.41988357843137253 0.7453022875816994 0.019301470588235295 0.024918300653594773
0 0.3972120098039216 0.7463235294117647 0.021139705882352942 0.03022875816993464
0 0.44332107843137253 0.713031045751634 0.01715686274509804 0.020016339869281044
0 0.41988357843137253 0.7150735294117647 0.019301470588235295 0.02246732026143791
0 0.3949142156862745 0.7160947712418301 0.01838235294117647 0.025326797385620915
0 0.3961397058823529 0.6828022875816994 0.018995098039215685 0.03227124183006536
0 0.4414828431372549 0.6503267973856209 0.018995098039215685 0.022058823529411766
0 0.41620710784313725 0.6478758169934641 0.024816176470588234 0.014705882352941176
0 0.3863357843137255 0.6462418300653595 0.013480392156862746 0.03022875816993464
0 0.9306066176470589 0.8429330065359477 0.021752450980392156 0.0494281045751634
0 0.9091605392156863 0.8378267973856209 0.01991421568627451 0.049836601307189546
0 0.8831188725490197 0.8406862745098039 0.018688725490196078 0.056372549019607844
0 0.8641237745098039 0.8388480392156863 0.01685049019607843 0.05024509803921569
0 0.8411458333333334 0.8368055555555556 0.01991421568627451 0.0494281045751634
0 0.9295343137254902 0.7904411764705882 0.020833333333333332 0.03594771241830065
0 0.7938112745098039 0.8372140522875817 0.011642156862745098 0.026552287581699346
