0 0.7124183006535948 0.5943627450980392 0.024509803921568627 0.08272058823529412
0 0.7401960784313726 0.5923713235294118 0.028594771241830064 0.07935049019607843
0 0.7724673202614379 0.5876225490196079 0.03104575163398693 0.08394607843137254
0 0.8018790849673203 0.5860906862745098 0.022058823529411766 0.07598039215686274
0 0.832312091503268 0.5854779411764706 0.027369281045751634 0.07659313725490197
0 0.8590686274509803 0.5853247549019608 0.026143790849673203 0.0744485294117647
0 0.46895424836601307 0.6132046568627451 0.03839869281045752 0.07628676470588236
0 0.40522875816993464 0.6044730392156863 0.03104575163398693 0.08088235294117647
0 0.13929738562091504 0.6176470588235294 0.05473856209150327 0.0974264705882353
0 0.2624591503267974 0.6205575980392157 0.04779411764705882 0.09099264705882353
0 0.31413398692810457 0.6178002450980392 0.056372549019607844 0.08486519607843138
0 0.08476307189542484 0.6279105392156863 0.0494281045751634 0.09895833333333333
0 0.36764705882352944 0.6144301470588235 0.042483660130718956 0.08731617647058823
0 0.6807598039215687 0.5939031862745098 0.026552287581699346 0.07873774509803921
0 0.6370506535947712 0.5983455882352942 0.0363562091503268 0.07598039215686274
0 0.5986519607843137 0.6001838235294118 0.04125816993464052 0.08088235294117647
0 0.5557598039215687 0.6069240196078431 0.0428921568627451 0.0857843137254902
0 0.5083741830065359 0.6043198529411765 0.03880718954248366 0.07751225490196079
0 0.8909313725490197 0.5830269607843137 0.03104575163398693 0.07169117647058823
0 0.9168709150326797 0.5827205882352942 0.01838235294117647 0.0741421568627451
0 0.8143382352941176 0.7158394607843137 0.037173202614379085 0.0940563725490196
0 0.983047385620915 0.5756740196078431 0.0363562091503268 0.06985294117647059
0 0.024918300653594773 0.6384803921568627 0.04738562091503268 0.09803921568627451
0 0.9836601307189542 0.6959252450980392 0.03431372549019608 0.08854166666666667
0 0.9234068627450981 0.7068014705882353 0.034722222222222224 0.0857843137254902
0 0.8890931372549019 0.7077205882352942 0.03390522875816993 0.08762254901960784
0 0.8515114379084967 0.710171568627451 0.03390522875816993 0.10232843137254902
0 0.778390522875817 0.7162990196078431 0.03308823529411765 0.09497549019607843
0 0.7379493464052288 0.7213541666666666 0.04044117647058824 0.10263480392156862
0 0.6938316993464052 0.7310049019607843 0.039624183006535946 0.08333333333333333
0 0.6550245098039216 0.7348345588235294 0.037173202614379085 0.09160539215686274
0 0.6066176470588235 0.7348345588235294 0.04738562091503268 0.10079656862745098
0 0.5586192810457516 0.7469362745098039 0.03880718954248366 0.09068627450980392
0 0.5132761437908496 0.7524509803921569 0.042075163398692814 0.09558823529411764
0 0.4693627450980392 0.7481617647058824 0.0457516339869281 0.10784313725490197
0 0.42197712418300654 0.7693014705882353 0.041666666666666664 0.09375
0 0.3631535947712418 0.757046568627451 0.05065359477124183 0.12316176470588236
0 0.31352124183006536 0.7593443627450981 0.03880718954248366 0.12837009803921567
0 0.2638888888888889 0.7700674019607843 0.04738562091503268 0.11979166666666667
0 0.21568627450980393 0.7723651960784313 0.041666666666666664 0.12377450980392157
0 0.1597222222222222 0.796109068627451 0.05310457516339869 0.09650735294117647
0 0.9442401960784313 0.5790441176470589 0.027369281045751634 0.06985294117647059
0 0.9879493464052288 0.4806985294117647 0.024101307189542485 0.06495098039215687
0 0.9622140522875817 0.4814644607843137 0.027369281045751634 0.06525735294117647
0 0.10008169934640523 0.37668504901960786 0.04084967320261438 0.08241421568627451
0 0.8770424836601307 0.29610906862745096 0.02287581699346405 0.05361519607843137
0 0.8492647058823529 0.2935049019607843 0.02287581699346405 0.06311274509803921
0 0.8184232026143791 0.29120710784313725 0.03227124183006536 0.05606617647058824
0 0.761437908496732 0.28753063725490197 0.028594771241830064 0.06832107843137254
0 0.6983251633986928 0.2850796568627451 0.03227124183006536 0.06832107843137254
0 0.6631944444444444 0.28707107843137253 0.03390522875816993 0.05698529411764706
0 0.8997140522875817 0.29840686274509803 0.02246732026143791 0.05821078431372549
0 0.6207107843137255 0.2867647058823529 0.039624183006535946 0.05943627450980392
0 0.547998366013072 0.2844669117647059 0.024101307189542485 0.06219362745098039
0 0.5179738562091504 0.2821691176470588 0.026143790849673203 0.061887254901960786
0 0.4854983660130719 0.2737438725490196 0.03553921568627451 0.08241421568627451
0 0.3429330065359477 0.25965073529411764 0.039624183006535946 0.07996323529411764
0 0.30249183006535946 0.2590379901960784 0.0363562091503268 0.08670343137254902
0 0.2636846405228758 0.25934436274509803 0.0363562091503268 0.0818014705882353
0 0.5786356209150327 0.28707107843137253 0.0298202614379085 0.04963235294117647
0 0.22446895424836602 0.25168504901960786 0.03308823529411765 0.0860906862745098
0 0.9546568627450981 0.3008578431372549 0.025326797385620915 0.05330882352941176
0 0.05473856209150327 0.3805147058823529 0.04411764705882353 0.09129901960784313
0 0.7069035947712419 0.39338235294117646 0.016748366013071895 0.07291666666666667
0 0.6791258169934641 0.3941482843137255 0.03308823529411765 0.07199754901960784
0 0.6115196078431373 0.3932291666666667 0.03104575163398693 0.0701593137254902
0 0.5800653594771242 0.39016544117647056 0.03104575163398693 0.07199754901960784
0 0.5008169934640523 0.38893995098039214 0.03349673202614379 0.07935049019607843
0 0.46548202614379086 0.38878676470588236 0.034722222222222224 0.08088235294117647
0 0.9863153594771242 0.30254289215686275 0.030637254901960783 0.04993872549019608
0 0.4325980392156863 0.38848039215686275 0.03349673202614379 0.07536764705882353
0 0.35171568627450983 0.3860294117647059 0.04084967320261438 0.08517156862745098
0 0.31352124183006536 0.3872549019607843 0.03553921568627451 0.08762254901960784
0 0.27512254901960786 0.3825061274509804 0.04370915032679738 0.078125
0 0.2326388888888889 0.3872549019607843 0.0298202614379085 0.08026960784313726
0 0.190359477124183 0.38480392156862747 0.049019607843137254 0.08517156862745098
0 0.14419934640522875 0.3818933823529412 0.041666666666666664 0.09160539215686274
0 0.39358660130718953 0.38756127450980393 0.037173202614379085 0.0857843137254902
0 0.1830065359477124 0.2529105392156863 0.03758169934640523 0.08670343137254902
0 0.018586601307189542 0.24632352941176472 0.03390522875816993 0.08455882352941177
0 0.19914215686274508 0.5006127450980392 0.04125816993464052 0.08517156862745098
0 0.5537173202614379 0.48912377450980393 0.02900326797385621 0.06954656862745098
0 0.5093954248366013 0.4944852941176471 0.04084967320261438 0.0778186274509804
0 0.43566176470588236 0.49800857843137253 0.0363562091503268 0.07506127450980392
0 0.35927287581699346 0.4977022058823529 0.039624183006535946 0.07935049019607843
0 0.6805555555555556 0.48391544117647056 0.029411764705882353 0.06770833333333333
0 0.3151552287581699 0.4912683823529412 0.03553921568627451 0.07935049019607843
0 0.2741013071895425 0.49402573529411764 0.031862745098039214 0.07935049019607843
0 0.7081290849673203 0.4852941176470588 0.025735294117647058 0.06924019607843138
0 0.15890522875816993 0.4993872549019608 0.041666666666666664 0.08272058823529412
0 0.8535539215686274 0.4811580882352941 0.024918300653594773 0.07567401960784313
0 0.8249591503267973 0.48253676470588236 0.02246732026143791 0.07598039215686274
0 0.9906045751633987 0.39568014705882354 0.0196078431372549 0.07506127450980392
0 0.9660947712418301 0.38955269607843135 0.028594771241830064 0.06403186274509803
0 0.5933415032679739 0.48606004901960786 0.030637254901960783 0.07567401960784313
0 0.9046160130718954 0.39246323529411764 0.03553921568627451 0.07352941176470588
0 0.8233251633986928 0.39200367647058826 0.02900326797385621 0.07506127450980392
0 0.7935049019607843 0.39215686274509803 0.028186274509803922 0.0704656862745098
0 0.766952614379085 0.39215686274509803 0.023284313725490197 0.07291666666666667
0 0.7381535947712419 0.39231004901960786 0.03431372549019608 0.07261029411764706
0 0.7626633986928104 0.48651960784313725 0.03431372549019608 0.07169117647058823
0 0.7990196078431373 0.4811580882352941 0.029411764705882353 0.07567401960784313
0 0.8786764705882353 0.48452818627450983 0.026143790849673203 0.07261029411764706
0 0.90625 0.48360906862745096 0.025735294117647058 0.06587009803921569
0 0.9323937908496732 0.4820772058823529 0.023284313725490197 0.06770833333333333
0 0.8541666666666666 0.3900122549019608 0.032679738562091505 0.06985294117647059
0 0.6435866013071896 0.48651960784313725 0.0363562091503268 0.07169117647058823
