0 0.6004901960784313 0.5655637254901961 0.03594771241830065 0.09375
0 0.6325571895424836 0.5862438725490197 0.023284313725490197 0.05545343137254902
0 0.6580882352941176 0.5854779411764706 0.025326797385620915 0.056372549019607844
0 0.6958741830065359 0.5686274509803921 0.0428921568627451 0.08272058823529412
0 0.747140522875817 0.5746017156862745 0.05392156862745098 0.07567401960784313
0 0.7896241830065359 0.5738357843137255 0.028594771241830064 0.07720588235294118
0 0.8316993464052288 0.5808823529411765 0.042483660130718956 0.06311274509803921
0 0.01838235294117647 0.7043504901960784 0.03676470588235294 0.016544117647058824
0 0.9893790849673203 0.5827205882352942 0.021241830065359478 0.06004901960784314
0 0.0798611111111111 0.6367953431372549 0.037173202614379085 0.011948529411764705
0 0.017973856209150325 0.6455269607843137 0.03594771241830065 0.025122549019607844
0 0.5694444444444444 0.5680147058823529 0.026143790849673203 0.08762254901960784
0 0.9526143790849673 0.5856311274509803 0.05228758169934641 0.05422794117647059
0 0.014297385620915032 0.6686580882352942 0.028594771241830064 0.020526960784313725
0 0.017565359477124183 0.6871936274509803 0.035130718954248366 0.014093137254901961
0 0.5406454248366013 0.5683210784313726 0.02900326797385621 0.08823529411764706
0 0.2326388888888889 0.5611213235294118 0.030637254901960783 0.09037990196078431
0 0.4797794117647059 0.571078431372549 0.02900326797385621 0.08026960784313726
0 0.06352124183006536 0.5654105392156863 0.03227124183006536 0.08057598039215687
0 0.09089052287581699 0.5675551470588235 0.020016339869281044 0.078125
0 0.1170343137254902 0.5744485294117647 0.025735294117647058 0.0661764705882353
0 0.13970588235294118 0.5801164215686274 0.0196078431372549 0.053002450980392156
0 0.17095588235294118 0.5756740196078431 0.03308823529411765 0.05943627450980392
0 0.20179738562091504 0.5608149509803921 0.027777777777777776 0.08915441176470588
0 0.06556372549019608 0.6665134803921569 0.04861111111111111 0.016237745098039217
0 0.032883986928104576 0.5286458333333334 0.016748366013071895 0.036458333333333336
0 0.2632761437908497 0.5618872549019608 0.028186274509803922 0.08946078431372549
0 0.2951388888888889 0.5628063725490197 0.03390522875816993 0.09129901960784313
0 0.3261846405228758 0.5625 0.028186274509803922 0.09068627450980392
0 0.3582516339869281 0.5649509803921569 0.028594771241830064 0.08149509803921569
0 0.38705065359477125 0.5715379901960784 0.028186274509803922 0.08425245098039216
0 0.4195261437908497 0.5828737745098039 0.031862745098039214 0.05422794117647059
0 0.45098039215686275 0.5718443627450981 0.02696078431372549 0.08118872549019608
0 0.5108251633986928 0.5706188725490197 0.030637254901960783 0.0818014705882353
0 0.06801470588235294 0.6836703431372549 0.053513071895424834 0.014399509803921568
0 0.9340277777777778 0.46568627450980393 0.027369281045751634 0.06862745098039216
0 0.12111928104575163 0.6603860294117647 0.061683006535947715 0.013174019607843137
0 0.5046977124183006 0.8120404411764706 0.06413398692810457 0.1056985294117647
0 0.5731209150326797 0.7970281862745098 0.06699346405228758 0.13082107843137256
0 0.653390522875817 0.8014705882352942 0.06495098039215687 0.1256127450980392
0 0.713031045751634 0.7571997549019608 0.05024509803921569 0.01011029411764706
0 0.7169117647058824 0.7683823529411765 0.051470588235294115 0.006740196078431373
0 0.7148692810457516 0.7775735294117647 0.04738562091503268 0.011642156862745098
0 0.7220179738562091 0.8028492647058824 0.0559640522875817 0.011948529411764705
0 0.7185457516339869 0.8143382352941176 0.05473856209150327 0.009191176470588236
0 0.727328431372549 0.8270526960784313 0.06331699346405228 0.014399509803921568
0 0.7969771241830066 0.766390931372549 0.06209150326797386 0.0548406862745098
0 0.8059640522875817 0.813265931372549 0.061274509803921566 0.011948529411764705
0 0.43443627450980393 0.7984068627450981 0.06495098039215687 0.13112745098039216
0 0.8080065359477124 0.8270526960784313 0.059640522875817 0.011948529411764705
0 0.8088235294117647 0.8544730392156863 0.06699346405228758 0.011642156862745098
0 0.891748366013072 0.7869178921568627 0.06781045751633986 0.011948529411764705
0 0.8801062091503268 0.7974877450980392 0.06004901960784314 0.007965686274509803
0 0.8794934640522876 0.8059129901960784 0.058823529411764705 0.008884803921568627
0 0.8729575163398693 0.835171568627451 0.061274509803921566 0.02144607843137255
0 0.9591503267973857 0.7964154411764706 0.06209150326797386 0.01011029411764706
0 0.9564950980392157 0.8065257352941176 0.056781045751633986 0.007659313725490196
0 0.9419934640522876 0.8144914215686274 0.06290849673202614 0.006433823529411764
0 0.9413807189542484 0.8249080882352942 0.06004901960784314 0.011948529411764705
0 0.9869281045751634 0.46721813725490197 0.026143790849673203 0.06985294117647059
0 0.8962418300653595 0.46706495098039214 0.03431372549019608 0.06954656862745098
0 0.8088235294117647 0.8411458333333334 0.061274509803921566 0.01011029411764706
0 0.06924019607843138 0.7014399509803921 0.05269607843137255 0.017463235294117647
0 0.349468954248366 0.7938112745098039 0.0625 0.13112745098039216
0 0.22058823529411764 0.788296568627451 0.04656862745098039 0.12009803921568628
0 0.12622549019607843 0.6749387254901961 0.056372549019607844 0.012867647058823529
0 0.12663398692810457 0.688265931372549 0.05473856209150327 0.014399509803921568
0 0.12765522875816993 0.7046568627450981 0.05024509803921569 0.014705882352941176
0 0.2048611111111111 0.6729473039215687 0.030637254901960783 0.07996323529411764
0 0.2455065359477124 0.6731004901960784 0.032679738562091505 0.08455882352941177
0 0.27532679738562094 0.671875 0.024509803921568627 0.08762254901960784
0 0.3073937908496732 0.6743259803921569 0.024918300653594773 0.08026960784313726
0 0.33455882352941174 0.6732536764705882 0.02696078431372549 0.08241421568627451
0 0.3668300653594771 0.6757046568627451 0.024509803921568627 0.08057598039215687
0 0.39338235294117646 0.6758578431372549 0.028594771241830064 0.07965686274509803
0 0.42463235294117646 0.6766237745098039 0.028186274509803922 0.07996323529411764
0 0.278390522875817 0.7928921568627451 0.061683006535947715 0.12254901960784313
0 0.46017156862745096 0.6660539215686274 0.0363562091503268 0.0778186274509804
0 0.551062091503268 0.6951593137254902 0.03758169934640523 0.04840686274509804
0 0.5988562091503268 0.6773897058823529 0.04820261437908497 0.07659313725490197
0 0.6460375816993464 0.6858149509803921 0.04125816993464052 0.0664828431372549
0 0.6877042483660131 0.6858149509803921 0.03880718954248366 0.0664828431372549
0 0.7322303921568627 0.6798406862745098 0.042075163398692814 0.07536764705882353
0 0.7914624183006536 0.6818321078431373 0.056781045751633986 0.06770833333333333
0 0.8421160130718954 0.6919424019607843 0.042075163398692814 0.047487745098039214
0 0.8858251633986928 0.6793811274509803 0.04370915032679738 0.0585171568627451
0 0.9575163398692811 0.686734068627451 0.05555555555555555 0.0548406862745098
0 0.04758986928104575 0.7890625 0.07720588235294118 0.07567401960784313
0 0.15093954248366012 0.7544424019607843 0.08129084967320262 0.0548406862745098
0 0.5073529411764706 0.6734068627450981 0.042483660130718956 0.0741421568627451
0 0.9622140522875817 0.4661458333333333 0.02246732026143791 0.07199754901960784
0 0.8915441176470589 0.5821078431372549 0.05841503267973856 0.058823529411764705
0 0.48856209150326796 0.20909926470588236 0.035130718954248366 0.06954656862745098
0 0.2267156862745098 0.46200980392156865 0.028594771241830064 0.06862745098039216
0 0.2020016339869281 0.46200980392156865 0.02165032679738562 0.06924019607843138
0 0.16605392156862744 0.46047794117647056 0.04125816993464052 0.07230392156862746
0 0.12009803921568628 0.4618566176470588 0.03839869281045752 0.07199754901960784
0 0.09375 0.4612438725490196 0.013480392156862746 0.07138480392156862
0 0.05759803921568627 0.4563419117647059 0.03839869281045752 0.0664828431372549
0 0.25306372549019607 0.46109068627450983 0.023284313725490197 0.06862745098039216
0 0.8482434640522876 0.34681372549019607 0.03553921568627451 0.06801470588235294
0 0.08762254901960784 0.21675857843137256 0.05024509803921569 0.053002450980392156
0 0.13133169934640523 0.20006127450980393 0.027369281045751634 0.08823529411764706
0 0.15870098039215685 0.20036764705882354 0.024101307189542485 0.08884803921568628
0 0.19076797385620914 0.20450367647058823 0.032679738562091505 0.07261029411764706
0 0.2289624183006536 0.20863970588235295 0.03308823529411765 0.07107843137254902
0 0.2679738562091503 0.20802696078431374 0.04084967320261438 0.07230392156862746
0 0.03819444444444445 0.21783088235294118 0.04861111111111111 0.05024509803921569
0 0.8539624183006536 0.4632352941176471 0.025735294117647058 0.07107843137254902
0 0.3090277777777778 0.4476102941176471 0.030637254901960783 0.06740196078431372
0 0.4187091503267974 0.4583333333333333 0.03349673202614379 0.0741421568627451
0 0.797998366013072 0.46139705882352944 0.01838235294117647 0.0741421568627451
0 0.8220996732026143 0.46246936274509803 0.0298202614379085 0.07077205882352941
0 0.5294117647058824 0.20649509803921567 0.04330065359477124 0.0778186274509804
0 0.7710375816993464 0.4580269607843137 0.034722222222222224 0.07230392156862746
0 0.7359068627450981 0.4643075980392157 0.03145424836601307 0.07077205882352941
0 0.6997549019607843 0.46231617647058826 0.03839869281045752 0.07720588235294118
0 0.3792892156862745 0.45909926470588236 0.039624183006535946 0.0744485294117647
0 0.6640114379084967 0.4652267156862745 0.028186274509803922 0.0701593137254902
0 0.6127450980392157 0.4577205882352941 0.02369281045751634 0.08088235294117647
0 0.5857843137254902 0.4586397058823529 0.027777777777777776 0.08272058823529412
0 0.5555555555555556 0.4606311274509804 0.028594771241830064 0.07138480392156862
0 0.525531045751634 0.45419730392156865 0.026552287581699346 0.07567401960784313
0 0.4883578431372549 0.45894607843137253 0.03880718954248366 0.0704656862745098
0 0.4507761437908497 0.45879289215686275 0.0298202614379085 0.07567401960784313
0 0.6352124183006536 0.4647671568627451 0.02287581699346405 0.0661764705882353
0 0.5886437908496732 0.3396139705882353 0.03022875816993464 0.07138480392156862
0 0.9340277777777778 0.32506127450980393 0.13112745098039216 0.11090686274509803
0 0.6660539215686274 0.33900122549019607 0.03880718954248366 0.07935049019607843
0 0.19505718954248366 0.33440563725490197 0.03553921568627451 0.07935049019607843
0 0.15196078431372548 0.3449754901960784 0.035130718954248366 0.05759803921568627
0 0.11254084967320262 0.3403799019607843 0.03880718954248366 0.0661764705882353
0 0.07434640522875817 0.3403799019607843 0.03594771241830065 0.06862745098039216
0 0.04105392156862745 0.3414522058823529 0.0298202614379085 0.06954656862745098
0 0.012459150326797386 0.34129901960784315 0.024918300653594773 0.0704656862745098
0 0.034926470588235295 0.29181985294117646 0.0363562091503268 0.019301470588235295
0 0.9548611111111112 0.19898897058823528 0.09027777777777778 0.10447303921568628
0 0.6245915032679739 0.3382352941176471 0.04084967320261438 0.07352941176470588
0 0.8202614379084967 0.2185968137254902 0.056372549019607844 0.0585171568627451
0 0.7467320261437909 0.20557598039215685 0.035130718954248366 0.0784313725490196
0 0.7003676470588235 0.20496323529411764 0.039624183006535946 0.0821078431372549
0 0.6642156862745098 0.21675857843137256 0.025326797385620915 0.057291666666666664
0 0.6372549019607843 0.21568627450980393 0.02696078431372549 0.061887254901960786
0 0.5833333333333334 0.2034313725490196 0.05392156862745098 0.08823529411764706
0 0.2281454248366013 0.33287377450980393 0.028186274509803922 0.0818014705882353
0 0.26123366013071897 0.3333333333333333 0.0363562091503268 0.08394607843137254
0 0.8725490196078431 0.21875 0.04493464052287582 0.06004901960784314
0 0.3480392156862745 0.35232843137254904 0.059640522875817 0.04840686274509804
0 0.7469362745098039 0.33762254901960786 0.03227124183006536 0.07904411764705882
0 0.7069035947712419 0.3405330882352941 0.04044117647058824 0.07567401960784313
0 0.2979983660130719 0.33578431372549017 0.03308823529411765 0.08088235294117647
0 0.7818627450980392 0.3405330882352941 0.031862745098039214 0.07138480392156862
0 0.309640522875817 0.20940563725490197 0.041666666666666664 0.07261029411764706
0 0.34558823529411764 0.20848651960784315 0.03022875816993464 0.06832107843137254
0 0.37888071895424835 0.20879289215686275 0.03308823529411765 0.06893382352941177
0 0.8145424836601307 0.34543504901960786 0.029411764705882353 0.07138480392156862
0 0.4305555555555556 0.21170343137254902 0.02042483660130719 0.06556372549019608
0 0.4564950980392157 0.20955882352941177 0.02900326797385621 0.06924019607843138
0 0.5504493464052288 0.33425245098039214 0.039624183006535946 0.08149509803921569
0 0.5128676470588235 0.3356311274509804 0.02900326797385621 0.08302696078431372
0 0.46548202614379086 0.35370710784313725 0.05024509803921569 0.046875
0 0.4084967320261438 0.3541666666666667 0.058823529411764705 0.04411764705882353
0 0.4074754901960784 0.21001838235294118 0.02165032679738562 0.06709558823529412
