0 0.5106209150326797 0.3877144607843137 0.06699346405228758 0.08731617647058823
0 0.5253267973856209 0.17585784313725492 0.051470588235294115 0.0704656862745098
0 0.4709967320261438 0.17279411764705882 0.049019607843137254 0.07659313725490197
0 0.380718954248366 0.18658088235294118 0.08905228758169935 0.04595588235294118
0 0.21650326797385622 0.09987745098039216 0.08660130718954248 0.02267156862745098
0 0.18872549019607843 0.13633578431372548 0.0915032679738562 0.04350490196078431
0 0.2855392156862745 0.13970588235294118 0.08905228758169935 0.04595588235294118
0 0.28022875816993464 0.18443627450980393 0.09558823529411764 0.04105392156862745
0 0.1854575163398693 0.18290441176470587 0.0857843137254902 0.044730392156862746
0 0.09415849673202614 0.18198529411764705 0.08619281045751634 0.03982843137254902
0 0.027369281045751634 0.18137254901960784 0.042483660130718956 0.041666666666666664
0 0.027369281045751634 0.1326593137254902 0.04330065359477124 0.04534313725490196
0 0.02696078431372549 0.08685661764705882 0.041666666666666664 0.04197303921568627
0 0.9509803921568627 0.04350490196078431 0.05473856209150327 0.0778186274509804
0 0.8966503267973857 0.042279411764705885 0.04411764705882353 0.07475490196078431
0 0.5774101307189542 0.17493872549019607 0.0494281045751634 0.07169117647058823
0 0.8443627450980392 0.04381127450980392 0.05392156862745098 0.07230392156862746
0 0.7420343137254902 0.04411764705882353 0.08129084967320262 0.07598039215686274
0 0.6801470588235294 0.04197303921568627 0.04330065359477124 0.07230392156862746
0 0.6327614379084967 0.04044117647058824 0.042483660130718956 0.07475490196078431
0 0.5861928104575164 0.0392156862745098 0.04738562091503268 0.07169117647058823
0 0.5394199346405228 0.04013480392156863 0.0428921568627451 0.06801470588235294
0 0.48651960784313725 0.03799019607843137 0.059640522875817 0.0741421568627451
0 0.43014705882352944 0.03799019607843137 0.04084967320261438 0.06985294117647059
0 0.36213235294117646 0.03860294117647059 0.07965686274509803 0.06678921568627451
0 0.30310457516339867 0.03799019607843137 0.03104575163398693 0.06372549019607843
0 0.24836601307189543 0.056372549019607844 0.07026143790849673 0.02696078431372549
0 0.24673202614379086 0.028186274509803922 0.061274509803921566 0.02267156862745098
0 0.1801470588235294 0.03002450980392157 0.06781045751633986 0.031862745098039214
0 0.1772875816993464 0.05974264705882353 0.06944444444444445 0.02144607843137255
0 0.10232843137254902 0.0352328431372549 0.06576797385620915 0.06433823529411764
0 0.8018790849673203 0.043198529411764705 0.03022875816993464 0.07291666666666667
0 0.4264705882352941 0.4140625 0.08905228758169935 0.0389093137254902
0 0.630718954248366 0.17493872549019607 0.05065359477124183 0.07230392156862746
0 0.7434640522875817 0.17708333333333334 0.059640522875817 0.07720588235294118
0 0.5819035947712419 0.40058210784313725 0.0625 0.06096813725490196
0 0.6482843137254902 0.3871017156862745 0.06535947712418301 0.09221813725490197
0 0.7030228758169934 0.40609681372549017 0.04003267973856209 0.05606617647058824
0 0.7579656862745098 0.40027573529411764 0.0559640522875817 0.0664828431372549
0 0.8202614379084967 0.3880208333333333 0.05065359477124183 0.0860906862745098
0 0.883578431372549 0.3978247549019608 0.05473856209150327 0.07996323529411764
0 0.948937908496732 0.40058210784313725 0.06699346405228758 0.07322303921568628
0 0.2295751633986928 0.5039828431372549 0.08415032679738563 0.03860294117647059
0 0.6605392156862745 0.2771139705882353 0.06944444444444445 0.09712009803921569
0 0.5976307189542484 0.2922794117647059 0.05473856209150327 0.06495098039215687
0 0.4227941176470588 0.37285539215686275 0.09558823529411764 0.042279411764705885
0 0.3053513071895425 0.3883272058823529 0.1343954248366013 0.07935049019607843
0 0.20710784313725492 0.40701593137254904 0.04330065359477124 0.04013480392156863
0 0.13337418300653595 0.4039522058823529 0.08782679738562091 0.04197303921568627
0 0.6842320261437909 0.17616421568627452 0.051470588235294115 0.07720588235294118
0 0.03758169934640523 0.3794424019607843 0.06290849673202614 0.08302696078431372
0 0.7520424836601307 0.12316176470588236 0.049836601307189546 0.02267156862745098
0 0.7508169934640523 0.09420955882352941 0.05392156862745098 0.02297794117647059
0 0.8080065359477124 0.17524509803921567 0.058823529411764705 0.07536764705882353
0 0.8713235294117647 0.17769607843137256 0.05473856209150327 0.06985294117647059
0 0.9375 0.18198529411764705 0.056372549019607844 0.0704656862745098
0 0.7263071895424836 0.24617034313725492 0.049836601307189546 0.036458333333333336
0 0.06413398692810457 0.25107230392156865 0.08333333333333333 0.043198529411764705
0 0.06372549019607843 0.2962622549019608 0.09313725490196079 0.042279411764705885
0 0.17565359477124182 0.2780330882352941 0.12745098039215685 0.07873774509803921
0 0.3090277777777778 0.28170955882352944 0.13276143790849673 0.07261029411764706
0 0.41911764705882354 0.3005514705882353 0.08415032679738563 0.044730392156862746
0 0.53125 0.2743566176470588 0.0755718954248366 0.09957107843137254
0 0.860702614379085 0.2844669117647059 0.05392156862745098 0.08547794117647059
0 0.7939133986928104 0.2768075980392157 0.06658496732026144 0.10079656862745098
0 0.9583333333333334 0.2928921568627451 0.08169934640522876 0.0784313725490196
0 0.7283496732026143 0.29503676470588236 0.056372549019607844 0.05821078431372549
0 0.5829248366013072 0.6049325980392157 0.032679738562091505 0.07199754901960784
0 0.45383986928104575 0.5042892156862745 0.08006535947712418 0.04534313725490196
0 0.3641748366013072 0.7354473039215687 0.0755718954248366 0.057904411764705885
0 0.4440359477124183 0.7329963235294118 0.07679738562091504 0.0628063725490196
0 0.5040849673202614 0.7087928921568627 0.029411764705882353 0.09037990196078431
0 0.5375816993464052 0.7100183823529411 0.03104575163398693 0.08731617647058823
0 0.5676062091503268 0.7103247549019608 0.025735294117647058 0.0934436274509804
0 0.5984477124183006 0.7124693627450981 0.035130718954248366 0.08854166666666667
0 0.6323529411764706 0.7256433823529411 0.021241830065359478 0.05361519607843137
0 0.6625816993464052 0.7265625 0.028594771241830064 0.05116421568627451
0 0.6968954248366013 0.7271752450980392 0.03594771241830065 0.05361519607843137
0 0.7365196078431373 0.7244178921568627 0.029411764705882353 0.06158088235294118
0 0.7906454248366013 0.7185968137254902 0.068218954248366 0.07935049019607843
0 0.8594771241830066 0.7196691176470589 0.051470588235294115 0.05943627450980392
0 0.9513888888888888 0.7274816176470589 0.10049019607843138 0.05422794117647059
0 0.0363562091503268 0.8348651960784313 0.06862745098039216 0.05514705882352941
0 0.28308823529411764 0.7360600490196079 0.08088235294117647 0.05667892156862745
0 0.11621732026143791 0.8321078431372549 0.0690359477124183 0.05759803921568627
0 0.2741013071895425 0.8318014705882353 0.07107843137254902 0.061274509803921566
0 0.3568218954248366 0.8268995098039216 0.07720588235294118 0.0545343137254902
0 0.43504901960784315 0.8268995098039216 0.07107843137254902 0.058823529411764705
0 0.5126633986928104 0.8238357843137255 0.07516339869281045 0.06066176470588235
0 0.5704656862745098 0.8167892156862745 0.03880718954248366 0.08762254901960784
0 0.6180555555555556 0.8186274509803921 0.0457516339869281 0.09620098039215687
0 0.7116013071895425 0.8174019607843137 0.04493464052287582 0.09313725490196079
0 0.755718954248366 0.8192401960784313 0.035130718954248366 0.09436274509803921
0 0.8000408496732027 0.8204656862745098 0.04616013071895425 0.09313725490196079
0 0.8459967320261438 0.8161764705882353 0.04493464052287582 0.08823529411764706
0 0.9019607843137255 0.8164828431372549 0.04656862745098039 0.09191176470588236
0 0.940359477124183 0.8075980392156863 0.021241830065359478 0.0741421568627451
0 0.9803921568627451 0.8296568627450981 0.04003267973856209 0.07536764705882353
0 0.338031045751634 0.4852941176470588 0.1213235294117647 0.07536764705882353
0 0.19321895424836602 0.8299632352941176 0.08088235294117647 0.05759803921568627
0 0.20220588235294118 0.7329963235294118 0.07434640522875817 0.05912990196078431
0 0.6633986928104575 0.8161764705882353 0.042483660130718956 0.09129901960784313
0 0.042483660130718956 0.735140931372549 0.08088235294117647 0.060355392156862746
0 0.5155228758169934 0.5122549019607843 0.03594771241830065 0.05821078431372549
0 0.12479575163398693 0.7360600490196079 0.07802287581699346 0.05974264705882353
0 0.5610702614379085 0.5033700980392157 0.04125816993464052 0.08333333333333333
0 0.6062091503267973 0.5015318627450981 0.042483660130718956 0.08884803921568628
0 0.6568627450980392 0.5015318627450981 0.0457516339869281 0.09191176470588236
0 0.7169117647058824 0.5052083333333334 0.06781045751633986 0.08455882352941177
0 0.8623366013071896 0.5088848039215687 0.05718954248366013 0.08333333333333333
0 0.920751633986928 0.5073529411764706 0.05555555555555555 0.08823529411764706
0 0.9730392156862745 0.5125612745098039 0.049836601307189546 0.07904411764705882
0 0.15257352941176472 0.5736825980392157 0.0886437908496732 0.05545343137254902
0 0.27532679738562094 0.5715379901960784 0.0857843137254902 0.05545343137254902
0 0.36008986928104575 0.5742953431372549 0.0755718954248366 0.05974264705882353
0 0.44076797385620914 0.5749080882352942 0.07434640522875817 0.057904411764705885
0 0.508578431372549 0.5997242647058824 0.03022875816993464 0.07383578431372549
0 0.5484068627450981 0.6095281862745098 0.03227124183006536 0.0744485294117647
0 0.7918709150326797 0.5049019607843137 0.07883986928104575 0.08946078431372549
0 0.6168300653594772 0.6110600490196079 0.03104575163398693 0.07751225490196079
0 0.4477124183006536 0.6580882352941176 0.08415032679738563 0.0625
0 0.2716503267973856 0.6522671568627451 0.07434640522875817 0.05698529411764706
0 0.20955882352941177 0.6393995098039216 0.04820261437908497 0.037377450980392156
0 0.9814133986928104 0.6135110294117647 0.03799019607843137 0.0818014705882353
0 0.9407679738562091 0.608609068627451 0.042483660130718956 0.09160539215686274
0 0.8876633986928104 0.6083026960784313 0.05065359477124183 0.08915441176470588
0 0.0974264705882353 0.6556372549019608 0.08047385620915033 0.05759803921568627
0 0.8427287581699346 0.6107536764705882 0.03431372549019608 0.08363970588235294
0 0.6491013071895425 0.6079963235294118 0.03022875816993464 0.08118872549019608
0 0.6785130718954249 0.6098345588235294 0.027777777777777776 0.08302696078431372
0 0.7193627450980392 0.6015625 0.04003267973856209 0.09099264705882353
0 0.3625408496732026 0.6556372549019608 0.08455882352941177 0.05575980392156863
0 0.7636846405228758 0.6049325980392157 0.034722222222222224 0.09037990196078431
0 0.803921568627451 0.6113664215686274 0.03839869281045752 0.07689950980392157
