0 0.9755208333333333 0.05078125 0.052083333333333336 0.0921875
0 0.9169270833333333 0.049609375 0.05364583333333333 0.09296875
0 0.8653645833333333 0.0482421875 0.0515625 0.090234375
0 0.8106770833333333 0.04921875 0.0484375 0.0890625
0 0.23229166666666667 0.665625 0.04895833333333333 0.078125
0 0.275 0.668359375 0.0375 0.08046875
0 0.31796875 0.6697265625 0.0421875 0.080078125
0 0.36276041666666664 0.6677734375 0.0390625 0.079296875
0 0.40625 0.6673828125 0.036458333333333336 0.075390625
0 0.015364583333333333 0.1802734375 0.030729166666666665 0.112890625
0 0.06015625 0.17734375 0.05260416666666667 0.11640625
0 0.13255208333333332 0.179296875 0.0703125 0.1171875
0 0.20130208333333333 0.1806640625 0.050520833333333334 0.094140625
0 0.25703125 0.184375 0.04739583333333333 0.0984375
0 0.44895833333333335 0.6693359375 0.04583333333333333 0.079296875
0 0.4979166666666667 0.6697265625 0.04583333333333333 0.076953125
0 0.7541666666666667 0.0451171875 0.04583333333333333 0.087109375
0 0.7010416666666667 0.0513671875 0.05416666666666667 0.090234375
0 0.11822916666666666 0.0333984375 0.0625 0.057421875
0 0.5765625 0.0466796875 0.059375 0.087109375
0 0.3143229166666667 0.1859375 0.0515625 0.0953125
0 0.3729166666666667 0.1859375 0.05520833333333333 0.0921875
0 0.43020833333333336 0.1849609375 0.051041666666666666 0.093359375
0 0.48463541666666665 0.1841796875 0.049479166666666664 0.094921875
0 0.5359375 0.18671875 0.04583333333333333 0.096875
0 0.5885416666666666 0.1859375 0.04479166666666667 0.0921875
0 0.6388020833333333 0.1875 0.05260416666666667 0.0890625
0 0.7 0.1888671875 0.052083333333333336 0.085546875
0 0.7505208333333333 0.1869140625 0.051041666666666666 0.091015625
0 0.8065104166666667 0.1837890625 0.0484375 0.094140625
0 0.8598958333333333 0.184765625 0.04895833333333333 0.09609375
0 0.9122395833333333 0.1849609375 0.05260416666666667 0.096484375
0 0.9703125 0.187890625 0.05 0.09609375
0 0.015364583333333333 0.3513671875 0.030729166666666665 0.108984375
0 0.07317708333333334 0.3419921875 0.0703125 0.118359375
0 0.1390625 0.3400390625 0.06145833333333333 0.114453125
0 0.19947916666666668 0.31796875 0.059375 0.0828125
0 0.54140625 0.671875 0.04010416666666667 0.06875
0 0.26067708333333334 0.320703125 0.050520833333333334 0.08515625
0 0.97109375 0.8251953125 0.0390625 0.069921875
0 0.9276041666666667 0.8251953125 0.040625 0.066796875
0 0.88359375 0.826171875 0.03697916666666667 0.065625
0 0.840625 0.832421875 0.036458333333333336 0.0625
0 0.053125 0.0326171875 0.059375 0.055859375
0 0.18854166666666666 0.0486328125 0.06354166666666666 0.091015625
0 0.25390625 0.0482421875 0.06302083333333333 0.083984375
0 0.3184895833333333 0.048046875 0.059895833333333336 0.08984375
0 0.3841145833333333 0.04609375 0.06822916666666666 0.0921875
0 0.5114583333333333 0.048046875 0.06458333333333334 0.09296875
0 0.6419270833333334 0.0470703125 0.058854166666666666 0.091015625
0 0.5846354166666666 0.66875 0.04114583333333333 0.078125
0 0.73515625 0.562109375 0.0453125 0.071875
0 0.6763020833333333 0.6744140625 0.0421875 0.076953125
0 0.40078125 0.442578125 0.0421875 0.07734375
0 0.35442708333333334 0.4439453125 0.043229166666666666 0.080078125
0 0.30859375 0.44296875 0.0453125 0.084375
0 0.26067708333333334 0.440234375 0.04635416666666667 0.0859375
0 0.21223958333333334 0.4419921875 0.043229166666666666 0.079296875
0 0.15260416666666668 0.5044921875 0.06770833333333333 0.090234375
0 0.08151041666666667 0.5033203125 0.0609375 0.091015625
0 0.0234375 0.509375 0.046875 0.08984375
0 0.9822916666666667 0.3169921875 0.035416666666666666 0.099609375
0 0.93984375 0.318359375 0.0484375 0.09921875
0 0.89296875 0.3169921875 0.04739583333333333 0.096484375
0 0.8395833333333333 0.3267578125 0.051041666666666666 0.087890625
0 0.7822916666666667 0.3201171875 0.046875 0.083984375
0 0.73203125 0.321484375 0.0484375 0.08046875
0 0.68125 0.32265625 0.04791666666666667 0.0796875
0 0.5809895833333333 0.3173828125 0.043229166666666666 0.087890625
0 0.5286458333333334 0.3224609375 0.04791666666666667 0.088671875
0 0.4434895833333333 0.32421875 0.022395833333333334 0.0828125
0 0.47734375 0.3232421875 0.0390625 0.083984375
0 0.4080729166666667 0.3220703125 0.0484375 0.086328125
0 0.36223958333333334 0.32265625 0.03802083333333333 0.0859375
0 0.446875 0.445703125 0.041666666666666664 0.07421875
0 0.3104166666666667 0.319921875 0.04375 0.08671875
0 0.4953125 0.44765625 0.04479166666666667 0.075
0 0.5953125 0.446484375 0.04583333333333333 0.07890625
0 0.6846354166666667 0.5640625 0.050520833333333334 0.07578125
0 0.6375 0.567578125 0.041666666666666664 0.06328125
0 0.5940104166666667 0.567578125 0.043229166666666666 0.06328125
0 0.5484375 0.5650390625 0.041666666666666664 0.068359375
0 0.50234375 0.5658203125 0.0421875 0.066796875
0 0.45390625 0.5640625 0.043229166666666666 0.06328125
0 0.40963541666666664 0.56171875 0.0390625 0.07109375
0 0.36354166666666665 0.559375 0.040625 0.07578125
0 0.3145833333333333 0.56015625 0.04375 0.07421875
0 0.26875 0.5615234375 0.0375 0.076953125
0 0.22083333333333333 0.5630859375 0.052083333333333336 0.070703125
0 0.15130208333333334 0.6462890625 0.07760416666666667 0.135546875
0 0.05755208333333333 0.650390625 0.09010416666666667 0.13671875
0 0.98046875 0.4501953125 0.04010416666666667 0.076953125
0 0.9377604166666667 0.446484375 0.04010416666666667 0.07890625
0 0.8885416666666667 0.4470703125 0.052083333333333336 0.080078125
0 0.8372395833333334 0.443359375 0.04635416666666667 0.07890625
0 0.7872395833333333 0.4443359375 0.04010416666666667 0.083984375
0 0.73828125 0.4419921875 0.034895833333333334 0.076171875
0 0.6893229166666667 0.4435546875 0.0390625 0.079296875
0 0.6440104166666667 0.4486328125 0.04114583333333333 0.076953125
0 0.5455729166666666 0.44765625 0.044270833333333336 0.075
0 0.6307291666666667 0.6716796875 0.04479166666666667 0.080859375
0 0.8322916666666667 0.5619140625 0.04479166666666667 0.077734375
0 0.9252604166666667 0.560546875 0.0484375 0.078125
0 0.71953125 0.6708984375 0.044270833333333336 0.079296875
0 0.7838541666666666 0.5626953125 0.04583333333333333 0.076171875
0 0.8114583333333333 0.6681640625 0.04583333333333333 0.080078125
0 0.8567708333333334 0.6728515625 0.04791666666666667 0.073828125
0 0.9075520833333334 0.6708984375 0.043229166666666666 0.082421875
0 0.9549479166666667 0.673828125 0.05260416666666667 0.08203125
0 0.9921875 0.6763671875 0.017708333333333333 0.080859375
0 0.06614583333333333 0.8025390625 0.08958333333333333 0.130078125
0 0.16067708333333333 0.8017578125 0.08802083333333334 0.124609375
0 0.22994791666666667 0.79921875 0.044270833333333336 0.11953125
0 0.2755208333333333 0.798828125 0.051041666666666666 0.115625
0 0.32473958333333336 0.794140625 0.04739583333333333 0.11328125
0 0.8770833333333333 0.5603515625 0.04583333333333333 0.083984375
0 0.7653645833333333 0.6697265625 0.0421875 0.080078125
0 0.7549479166666667 0.82890625 0.043229166666666666 0.06796875
0 0.6638020833333333 0.824609375 0.0390625 0.071875
0 0.6184895833333334 0.821875 0.04114583333333333 0.0796875
0 0.5796875 0.8078125 0.03125 0.10546875
0 0.5408854166666667 0.8060546875 0.0390625 0.111328125
0 0.49895833333333334 0.8015625 0.04375 0.11171875
0 0.43359375 0.8 0.07864583333333333 0.11484375
0 0.7080729166666667 0.8267578125 0.050520833333333334 0.073046875
0 0.37135416666666665 0.8046875 0.03854166666666667 0.11171875
0 0.9744791666666667 0.568359375 0.04583333333333333 0.075
0 0.8 0.82734375 0.03958333333333333 0.06796875
