0 0.22201797385620914 0.21262254901960784 0.1687091503267974 0.012254901960784314
0 0.39644607843137253 0.18964460784313725 0.1687091503267974 0.028186274509803922
0 0.39705882352941174 0.2112438725490196 0.1642156862745098 0.013786764705882353
0 0.7814542483660131 0.018229166666666668 0.16339869281045752 0.03155637254901961
0 0.6062091503267973 0.017310049019607844 0.1772875816993464 0.03155637254901961
0 0.41911764705882354 0.016237745098039217 0.190359477124183 0.028186274509803922
0 0.28145424836601307 0.029871323529411766 0.08006535947712418 0.03216911764705882
0 0.07087418300653595 0.042279411764705885 0.13848039215686275 0.01838235294117647
0 0.9840686274509803 0.16605392156862744 0.03431372549019608 0.10294117647058823
0 0.4227941176470588 0.5075061274509803 0.1642156862745098 0.012561274509803922
0 0.5757761437908496 0.5071997549019608 0.13848039215686275 0.01133578431372549
0 0.5676062091503268 0.15303308823529413 0.17034313725490197 0.03278186274509804
0 0.7369281045751634 0.14705882352941177 0.15931372549019607 0.03431372549019608
0 0.5661764705882353 0.18658088235294118 0.16666666666666666 0.027573529411764705
0 0.7334558823529411 0.18259803921568626 0.15400326797385622 0.03002450980392157
0 0.5645424836601307 0.21017156862745098 0.1642156862745098 0.015931372549019607
0 0.7322303921568627 0.20879289215686275 0.16462418300653595 0.018688725490196078
0 0.0704656862745098 0.016697303921568627 0.13929738562091504 0.030330882352941176
0 0.7240604575163399 0.4525122549019608 0.1482843137254902 0.031862745098039214
0 0.09681372549019608 0.5108762254901961 0.1642156862745098 0.014399509803921568
0 0.2563316993464052 0.4869791666666667 0.1482843137254902 0.021139705882352942
0 0.09660947712418301 0.4895833333333333 0.1597222222222222 0.023284313725490197
0 0.09068627450980392 0.4638480392156863 0.16258169934640523 0.024509803921568627
0 0.09170751633986927 0.43765318627450983 0.1613562091503268 0.02420343137254902
0 0.08374183006535947 0.36519607843137253 0.16339869281045752 0.0196078431372549
0 0.08415032679738563 0.3402267156862745 0.1650326797385621 0.026041666666666668
0 0.08333333333333333 0.30667892156862747 0.16258169934640523 0.03308823529411765
0 0.2512254901960784 0.36764705882352944 0.1527777777777778 0.014705882352941176
0 0.24816176470588236 0.3483455882352941 0.15400326797385622 0.02144607843137255
0 0.2465277777777778 0.32184436274509803 0.15400326797385622 0.027879901960784315
0 0.41156045751633985 0.3684129901960784 0.15236928104575165 0.013174019607843137
0 0.41013071895424835 0.34681372549019607 0.14950980392156862 0.022058823529411766
0 0.2595996732026144 0.508578431372549 0.1548202614379085 0.015931372549019607
0 0.42034313725490197 0.4569546568627451 0.16666666666666666 0.0272671568627451
0 0.9399509803921569 0.16513480392156862 0.049019607843137254 0.10049019607843138
0 0.5761846405228758 0.46078431372549017 0.13929738562091504 0.026348039215686275
0 0.4401552287581699 0.31081495098039214 0.09926470588235294 0.019301470588235295
0 0.5631127450980392 0.3668811274509804 0.14665032679738563 0.011948529411764705
0 0.5649509803921569 0.3463541666666667 0.14297385620915032 0.02665441176470588
0 0.5663807189542484 0.31847426470588236 0.14583333333333334 0.02665441176470588
0 0.5680147058823529 0.28921568627450983 0.14501633986928106 0.028799019607843136
0 0.7181372549019608 0.36473651960784315 0.15849673202614378 0.013786764705882353
0 0.7191584967320261 0.3397671568627451 0.15318627450980393 0.027573529411764705
0 0.7234477124183006 0.3095894607843137 0.1576797385620915 0.030943627450980393
0 0.9068627450980392 0.36642156862745096 0.18218954248366012 0.01715686274509804
0 0.9076797385620915 0.3397671568627451 0.17238562091503268 0.030637254901960783
0 0.9093137254901961 0.3049938725490196 0.1830065359477124 0.0352328431372549
0 0.8386437908496732 0.1645220588235294 0.041666666666666664 0.1017156862745098
0 0.8872549019607843 0.16482843137254902 0.04738562091503268 0.10110294117647059
0 0.22283496732026145 0.19071691176470587 0.15890522875816993 0.024816176470588234
0 0.21915849673202614 0.16161151960784315 0.1621732026143791 0.027879901960784315
0 0.8880718954248366 0.4811580882352941 0.17401960784313725 0.026041666666666668
0 0.068218954248366 0.18121936274509803 0.13480392156862744 0.02542892156862745
0 0.8662173202614379 0.7256433823529411 0.1597222222222222 0.021139705882352942
0 0.8680555555555556 0.7011335784313726 0.15604575163398693 0.023590686274509803
0 0.7128267973856209 0.7454044117647058 0.136437908496732 0.012254901960784314
0 0.7134395424836601 0.7264093137254902 0.13031045751633988 0.022058823529411766
0 0.5796568627450981 0.7458639705882353 0.12826797385620914 0.013174019607843137
0 0.06944444444444445 0.21017156862745098 0.13480392156862744 0.024509803921568627
0 0.7171160130718954 0.6999080882352942 0.13766339869281047 0.02420343137254902
0 0.5782271241830066 0.7077205882352942 0.12867647058823528 0.023284313725490197
0 0.8931781045751634 0.6375612745098039 0.1621732026143791 0.014705882352941176
0 0.5763888888888888 0.4877450980392157 0.136437908496732 0.02267156862745098
0 0.8899101307189542 0.6168811274509803 0.15400326797385622 0.021139705882352942
0 0.7399918300653595 0.6317401960784313 0.13929738562091504 0.01838235294117647
0 0.599468954248366 0.6315870098039216 0.13112745098039216 0.013174019607843137
0 0.7416258169934641 0.608609068627451 0.13848039215686275 0.023590686274509803
0 0.6002859477124183 0.6124387254901961 0.13276143790849673 0.020833333333333332
0 0.8962418300653595 0.5888480392156863 0.1568627450980392 0.028799019607843136
0 0.7406045751633987 0.5808823529411765 0.14052287581699346 0.029411764705882353
0 0.13419117647058823 0.6141237745098039 0.15400326797385622 0.023590686274509803
0 0.2937091503267974 0.6075367647058824 0.14215686274509803 0.02389705882352941
0 0.2922794117647059 0.6312806372549019 0.14665032679738563 0.019301470588235295
0 0.1380718954248366 0.6348039215686274 0.15849673202614378 0.015318627450980392
0 0.1542075163398693 0.7035845588235294 0.10253267973856209 0.015012254901960785
0 0.13929738562091504 0.7207414215686274 0.14215686274509803 0.016237745098039217
0 0.8633578431372549 0.7440257352941176 0.15727124183006536 0.015012254901960785
0 0.13705065359477125 0.7423406862745098 0.15236928104575165 0.02389705882352941
0 0.43504901960784315 0.7241115196078431 0.14787581699346405 0.01991421568627451
0 0.43586601307189543 0.7415747549019608 0.1568627450980392 0.013786764705882353
0 0.4511846405228758 0.5822610294117647 0.15808823529411764 0.023590686274509803
0 0.4497549019607843 0.6096813725490197 0.15931372549019607 0.023284313725490197
0 0.45159313725490197 0.6303615196078431 0.15890522875816993 0.015012254901960785
0 0.5988562091503268 0.5871629901960784 0.12990196078431374 0.02542892156862745
0 0.43137254901960786 0.7006740196078431 0.15522875816993464 0.02267156862745098
0 0.8651960784313726 0.8180147058823529 0.14297385620915032 0.05024509803921569
0 0.5798611111111112 0.7294730392156863 0.13194444444444445 0.015931372549019607
0 0.7222222222222222 0.8152573529411765 0.12990196078431374 0.028186274509803922
0 0.9763071895424836 0.7254901960784313 0.04820261437908497 0.015931372549019607
0 0.9767156862745098 0.7431066176470589 0.049019607843137254 0.013786764705882353
0 0.9340277777777778 0.020373774509803922 0.1352124183006536 0.040747549019607844
0 0.4209558823529412 0.04197303921568627 0.18668300653594772 0.017769607843137254
0 0.6070261437908496 0.043198529411764705 0.17892156862745098 0.016544117647058824
0 0.8670343137254902 0.8572303921568627 0.14665032679738563 0.02389705882352941
0 0.9785539215686274 0.7046568627450981 0.04534313725490196 0.015931372549019607
0 0.13255718954248366 0.5847120098039216 0.16544117647058823 0.026041666666666668
0 0.7232434640522876 0.48284313725490197 0.14665032679738563 0.02389705882352941
0 0.8876633986928104 0.5052083333333334 0.17320261437908496 0.015931372549019607
0 0.8931781045751634 0.4508272058823529 0.17687908496732027 0.03155637254901961
0 0.7787990196078431 0.043198529411764705 0.16053921568627452 0.016544117647058824
0 0.9321895424836601 0.04963235294117647 0.13562091503267973 0.015931372549019607
0 0.0647467320261438 0.14751838235294118 0.1294934640522876 0.03278186274509804
0 0.7214052287581699 0.5056678921568627 0.1503267973856209 0.014399509803921568
0 0.977328431372549 0.6902573529411765 0.046977124183006536 0.010416666666666666
0 0.4213643790849673 0.48590686274509803 0.16462418300653595 0.02696078431372549
0 0.9736519607843137 0.8276654411764706 0.054330065359477125 0.02542892156862745
0 0.9720179738562091 0.8564644607843137 0.05106209150326797 0.024816176470588234
0 0.4444444444444444 0.8573835784313726 0.14869281045751634 0.01991421568627451
0 0.44750816993464054 0.8359375 0.1474673202614379 0.018688725490196078
0 0.4456699346405229 0.8097426470588235 0.14705882352941177 0.028186274509803922
0 0.5870098039215687 0.8642769607843137 0.12826797385620914 0.011642156862745098
0 0.5859885620915033 0.8472732843137255 0.12622549019607843 0.017463235294117647
0 0.5896650326797386 0.8198529411764706 0.12622549019607843 0.029411764705882353
0 0.7205882352941176 0.8619791666666666 0.13480392156862744 0.014399509803921568
0 0.1542075163398693 0.8152573529411765 0.0951797385620915 0.01715686274509804
0 0.1380718954248366 0.835171568627451 0.136437908496732 0.017769607843137254
0 0.13991013071895425 0.8566176470588235 0.13194444444444445 0.0196078431372549
0 0.03615196078431373 0.8157169117647058 0.06495098039215687 0.021139705882352942
0 0.032066993464052285 0.8458946078431373 0.060866013071895424 0.037377450980392156
0 0.03308823529411765 0.6934742647058824 0.0661764705882353 0.019301470588235295
0 0.027573529411764705 0.7215073529411765 0.05514705882352941 0.028799019607843136
0 0.7236519607843137 0.842984068627451 0.13276143790849673 0.020526960784313725
