0 0.7851307189542484 0.7208946078431373 0.08823529411764706 0.06066176470588235
0 0.7066993464052288 0.7231924019607843 0.061274509803921566 0.06709558823529412
0 0.6556372549019608 0.7339154411764706 0.03758169934640523 0.057904411764705885
0 0.5855800653594772 0.7444852941176471 0.09681372549019608 0.04840686274509804
0 0.5810866013071896 0.7049632352941176 0.09763071895424837 0.018995098039215685
0 0.4812091503267974 0.733609068627451 0.10294117647058823 0.09650735294117647
0 0.40665849673202614 0.7486213235294118 0.04534313725490196 0.06587009803921569
0 0.3286356209150327 0.7522977941176471 0.04125816993464052 0.07567401960784313
0 0.90625 0.5770526960784313 0.04616013071895425 0.10447303921568628
0 0.28125 0.7542892156862745 0.05024509803921569 0.07659313725490197
0 0.2275326797385621 0.7524509803921569 0.05718954248366013 0.0900735294117647
0 0.07107843137254902 0.7504595588235294 0.12336601307189543 0.10998774509803921
0 0.9879493464052288 0.5718443627450981 0.026552287581699346 0.0940563725490196
0 0.9526143790849673 0.5758272058823529 0.04084967320261438 0.09712009803921569
0 0.36764705882352944 0.7519914215686274 0.03349673202614379 0.07199754901960784
0 0.167687908496732 0.7737438725490197 0.060866013071895424 0.06158088235294118
0 0.5402369281045751 0.8653492647058824 0.0821078431372549 0.11243872549019608
0 0.923202614379085 0.6907169117647058 0.03594771241830065 0.09221813725490197
0 0.8063725490196079 0.6078431372549019 0.03594771241830065 0.05698529411764706
0 0.9844771241830066 0.8138786764705882 0.031862745098039214 0.11366421568627451
0 0.9495506535947712 0.8250612745098039 0.04125816993464052 0.1053921568627451
0 0.900531045751634 0.8400735294117647 0.056781045751633986 0.09497549019607843
0 0.8388480392156863 0.8475796568627451 0.06658496732026144 0.09099264705882353
0 0.7305964052287581 0.8648897058823529 0.05514705882352941 0.07352941176470588
0 0.6762663398692811 0.8638174019607843 0.056781045751633986 0.09466911764705882
0 0.6162173202614379 0.8678002450980392 0.056781045751633986 0.10753676470588236
0 0.46200980392156865 0.8815870098039216 0.06781045751633986 0.08302696078431372
0 0.39869281045751637 0.8993566176470589 0.05473856209150327 0.11366421568627451
0 0.32822712418300654 0.9212622549019608 0.09109477124183006 0.0821078431372549
0 0.2375408496732026 0.9217218137254902 0.07720588235294118 0.08057598039215687
0 0.14113562091503268 0.9316789215686274 0.10253267973856209 0.11948529411764706
0 0.04595588235294118 0.9402573529411765 0.08537581699346405 0.12009803921568628
0 0.9752859477124183 0.6870404411764706 0.04534313725490196 0.08486519607843138
0 0.8713235294117647 0.7129289215686274 0.08088235294117647 0.056372549019607844
0 0.7704248366013072 0.6060049019607843 0.03676470588235294 0.06495098039215687
0 0.7728758169934641 0.17585784313725492 0.04493464052287582 0.11948529411764706
0 0.6856617647058824 0.609375 0.03799019607843137 0.06495098039215687
0 0.672998366013072 0.33838848039215685 0.01919934640522876 0.04381127450980392
0 0.7024101307189542 0.33639705882352944 0.039624183006535946 0.03799019607843137
0 0.7481617647058824 0.3275122549019608 0.027369281045751634 0.08149509803921569
0 0.7877859477124183 0.32981004901960786 0.0494281045751634 0.06770833333333333
0 0.8449754901960784 0.32858455882352944 0.04370915032679738 0.07689950980392157
0 0.8815359477124183 0.3313419117647059 0.025326797385620915 0.07199754901960784
0 0.9185049019607843 0.3314950980392157 0.042075163398692814 0.07291666666666667
0 0.6454248366013072 0.3275122549019608 0.03349673202614379 0.06495098039215687
0 0.9597630718954249 0.33011642156862747 0.039624183006535946 0.0744485294117647
0 0.11213235294117647 0.41513480392156865 0.06004901960784314 0.07475490196078431
0 0.1744281045751634 0.41590073529411764 0.061274509803921566 0.08302696078431372
0 0.23039215686274508 0.41559436274509803 0.05310457516339869 0.08731617647058823
0 0.2820669934640523 0.41268382352941174 0.0494281045751634 0.09191176470588236
0 0.33251633986928103 0.41329656862745096 0.061274509803921566 0.08700980392156862
0 0.3854166666666667 0.41421568627450983 0.044526143790849675 0.08394607843137254
0 0.43137254901960786 0.41207107843137253 0.05065359477124183 0.08455882352941177
0 0.05943627450980392 0.4134497549019608 0.0494281045751634 0.078125
0 0.4810049019607843 0.41482843137254904 0.04861111111111111 0.0778186274509804
0 0.6133578431372549 0.3400735294117647 0.02900326797385621 0.0428921568627451
0 0.5512663398692811 0.30392156862745096 0.03145424836601307 0.10049019607843138
0 0.8116830065359477 0.17738970588235295 0.03431372549019608 0.1170343137254902
0 0.8402777777777778 0.19316789215686275 0.027777777777777776 0.09221813725490197
0 0.891952614379085 0.19883578431372548 0.030637254901960783 0.09191176470588236
0 0.9258578431372549 0.1956188725490196 0.04125816993464052 0.09712009803921569
0 0.957312091503268 0.20143995098039216 0.01919934640522876 0.09957107843137254
0 0.9848856209150327 0.20572916666666666 0.032679738562091505 0.0934436274509804
0 0.025326797385620915 0.27527573529411764 0.04411764705882353 0.12898284313725492
0 0.5825163398692811 0.3411458333333333 0.024509803921568627 0.04258578431372549
0 0.07802287581699346 0.2774203431372549 0.061274509803921566 0.12285539215686274
0 0.1934232026143791 0.2850796568627451 0.04534313725490196 0.1173406862745098
0 0.24509803921568626 0.30193014705882354 0.06372549019607843 0.0897671568627451
0 0.30269607843137253 0.30514705882352944 0.06209150326797386 0.08639705882352941
0 0.36560457516339867 0.2931985294117647 0.05800653594771242 0.1170343137254902
0 0.41768790849673204 0.29641544117647056 0.04534313725490196 0.10876225490196079
0 0.4728349673202614 0.2942708333333333 0.051879084967320264 0.12653186274509803
0 0.5191993464052288 0.29901960784313725 0.03349673202614379 0.11029411764705882
0 0.13868464052287582 0.28201593137254904 0.05923202614379085 0.12775735294117646
0 0.5171568627450981 0.4241727941176471 0.03594771241830065 0.06403186274509803
0 0.5551470588235294 0.4146752450980392 0.042483660130718956 0.08057598039215687
0 0.5892565359477124 0.4653799019607843 0.034722222222222224 0.044730392156862746
0 0.8647875816993464 0.4837622549019608 0.042483660130718956 0.010416666666666666
0 0.9121732026143791 0.484375 0.042483660130718956 0.011642156862745098
0 0.914828431372549 0.44745710784313725 0.056781045751633986 0.018075980392156864
0 0.9068627450980392 0.46691176470588236 0.04411764705882353 0.014093137254901961
0 0.9534313725490197 0.46308210784313725 0.03022875816993464 0.04932598039215686
0 0.9812091503267973 0.45327818627450983 0.025326797385620915 0.06709558823529412
0 0.07393790849673203 0.5269607843137255 0.11274509803921569 0.044730392156862746
0 0.8615196078431373 0.4621629901960784 0.0392156862745098 0.023590686274509803
0 0.20077614379084968 0.5182291666666666 0.1294934640522876 0.04136029411764706
0 0.07741013071895425 0.6295955882352942 0.1294934640522876 0.09558823529411764
0 0.16809640522875818 0.6326593137254902 0.05514705882352941 0.08762254901960784
0 0.2426470588235294 0.6443014705882353 0.06209150326797386 0.051470588235294115
0 0.31086601307189543 0.6331188725490197 0.07516339869281045 0.053002450980392156
0 0.4084967320261438 0.6237745098039216 0.10620915032679738 0.06740196078431372
0 0.5191993464052288 0.6248468137254902 0.10947712418300654 0.06525735294117647
0 0.6145833333333334 0.6205575980392157 0.07883986928104575 0.06096813725490196
0 0.37602124183006536 0.5124080882352942 0.18668300653594772 0.053002450980392156
0 0.027573529411764705 0.12668504901960784 0.051879084967320264 0.09712009803921569
0 0.09579248366013073 0.12622549019607843 0.07475490196078431 0.09803921568627451
0 0.15584150326797386 0.12454044117647059 0.039624183006535946 0.11611519607843138
0 0.6319444444444444 0.4502144607843137 0.04411764705882353 0.08057598039215687
0 0.7113970588235294 0.4543504901960784 0.0298202614379085 0.07904411764705882
0 0.7453022875816994 0.44362745098039214 0.04044117647058824 0.09865196078431372
0 0.7826797385620915 0.45266544117647056 0.029411764705882353 0.07567401960784313
0 0.8075980392156863 0.46047794117647056 0.0196078431372549 0.06004901960784314
0 0.8298611111111112 0.46691176470588236 0.026552287581699346 0.0545343137254902
0 0.6799428104575164 0.17463235294117646 0.042075163398692814 0.11213235294117647
0 0.6231617647058824 0.16574754901960784 0.04861111111111111 0.10661764705882353
0 0.5821078431372549 0.16758578431372548 0.03349673202614379 0.1053921568627451
0 0.5441176470588235 0.16283700980392157 0.0392156862745098 0.08915441176470588
0 0.5016339869281046 0.1568627450980392 0.03676470588235294 0.11213235294117647
0 0.4550653594771242 0.1640625 0.05065359477124183 0.08670343137254902
0 0.40645424836601307 0.16636029411764705 0.0392156862745098 0.08149509803921569
0 0.36887254901960786 0.16743259803921567 0.03594771241830065 0.06587009803921569
0 0.3255718954248366 0.15058210784313725 0.04738562091503268 0.09712009803921569
0 0.2645016339869281 0.14231004901960784 0.04861111111111111 0.09712009803921569
0 0.20608660130718953 0.13740808823529413 0.051879084967320264 0.11856617647058823
0 0.7267156862745098 0.16819852941176472 0.04411764705882353 0.1017156862745098
0 0.7283496732026143 0.6060049019607843 0.04411764705882353 0.06311274509803921
0 0.6756535947712419 0.45496323529411764 0.03676470588235294 0.07107843137254902
