0 0.9671160130718954 0.6924019607843137 0.02165032679738562 0.09068627450980392
0 0.9910130718954249 0.6928615196078431 0.017973856209150325 0.09283088235294118
0 0.24183006535947713 0.18887867647058823 0.04411764705882353 0.0860906862745098
0 0.9321895424836601 0.694546568627451 0.029411764705882353 0.09375
0 0.8562091503267973 0.5903799019607843 0.026143790849673203 0.09681372549019608
0 0.8993055555555556 0.6982230392156863 0.024101307189542485 0.09375
0 0.8674428104575164 0.7008272058823529 0.028186274509803922 0.09650735294117647
0 0.8321078431372549 0.7037377450980392 0.025326797385620915 0.09803921568627451
0 0.3319035947712418 0.19255514705882354 0.03145424836601307 0.0860906862745098
0 0.8216911764705882 0.5949754901960784 0.03145424836601307 0.09987745098039216
0 0.9893790849673203 0.4644607843137255 0.022058823529411766 0.10232843137254902
0 0.19914215686274508 0.18627450980392157 0.0363562091503268 0.08884803921568628
0 0.15808823529411764 0.18489583333333334 0.032679738562091505 0.08425245098039216
0 0.11580882352941177 0.18397671568627452 0.04534313725490196 0.08670343137254902
0 0.9550653594771242 0.46200980392156865 0.03104575163398693 0.0974264705882353
0 0.01940359477124183 0.16023284313725492 0.03227124183006536 0.12009803921568628
0 0.9058415032679739 0.46308210784313725 0.030637254901960783 0.09712009803921569
0 0.8876633986928104 0.5917585784313726 0.024509803921568627 0.09589460784313726
0 0.9185049019607843 0.5874693627450981 0.025735294117647058 0.09528186274509803
0 0.9513888888888888 0.5873161764705882 0.02696078431372549 0.0974264705882353
0 0.8654003267973857 0.46277573529411764 0.03390522875816993 0.10079656862745098
0 0.9859068627450981 0.5830269607843137 0.024918300653594773 0.09620098039215687
0 0.8026960784313726 0.7051164215686274 0.03022875816993464 0.09221813725490197
0 0.2920751633986928 0.19240196078431374 0.03349673202614379 0.0857843137254902
0 0.061274509803921566 0.15946691176470587 0.041666666666666664 0.11979166666666667
0 0.8508986928104575 0.19653799019607843 0.05228758169934641 0.11366421568627451
0 0.7228349673202614 0.21629901960784315 0.0298202614379085 0.0778186274509804
0 0.946078431372549 0.20465686274509803 0.03676470588235294 0.11519607843137254
0 0.9040032679738562 0.20174632352941177 0.03676470588235294 0.1246936274509804
0 0.8404820261437909 0.7987132352941176 0.04861111111111111 0.04595588235294118
0 0.8394607843137255 0.8477328431372549 0.04330065359477124 0.04044117647058824
0 0.8923611111111112 0.8414522058823529 0.04044117647058824 0.040747549019607844
0 0.8886846405228758 0.7922794117647058 0.04044117647058824 0.04105392156862745
0 0.9381127450980392 0.7858455882352942 0.044526143790849675 0.03553921568627451
0 0.9323937908496732 0.835171568627451 0.0298202614379085 0.04044117647058824
0 0.977328431372549 0.836703431372549 0.04534313725490196 0.04044117647058824
0 0.9836601307189542 0.782015931372549 0.03349673202614379 0.043198529411764705
0 0.4528186274509804 0.8563112745098039 0.05024509803921569 0.10049019607843138
0 0.5014297385620915 0.8509497549019608 0.0363562091503268 0.11060049019607843
0 0.5496323529411765 0.8469669117647058 0.044526143790849675 0.10692401960784313
0 0.5951797385620915 0.8423713235294118 0.04084967320261438 0.10998774509803921
0 0.6525735294117647 0.8345588235294118 0.03799019607843137 0.0974264705882353
0 0.6979166666666666 0.8264399509803921 0.037173202614379085 0.1014093137254902
0 0.7373366013071896 0.8249080882352942 0.03839869281045752 0.09834558823529412
0 0.7888071895424836 0.8154105392156863 0.04330065359477124 0.10018382352941177
0 0.17238562091503268 0.890625 0.05065359477124183 0.1133578431372549
0 0.22569444444444445 0.8872549019607843 0.04616013071895425 0.11642156862745098
0 0.28370098039215685 0.8789828431372549 0.046977124183006536 0.10784313725490197
0 0.012867647058823529 0.9234068627450981 0.01919934640522876 0.08762254901960784
0 0.051266339869281044 0.9168198529411765 0.042075163398692814 0.09037990196078431
0 0.0974264705882353 0.9152879901960784 0.0428921568627451 0.08670343137254902
0 0.020016339869281044 0.8183210784313726 0.03676470588235294 0.09068627450980392
0 0.04718137254901961 0.7020526960784313 0.046977124183006536 0.08854166666666667
0 0.09844771241830065 0.7020526960784313 0.03839869281045752 0.0940563725490196
0 0.7951388888888888 0.21875 0.02900326797385621 0.07475490196078431
0 0.7583741830065359 0.2185968137254902 0.0363562091503268 0.07261029411764706
0 0.6919934640522876 0.21277573529411764 0.028594771241830064 0.07567401960784313
0 0.7861519607843137 0.4696691176470588 0.024101307189542485 0.0821078431372549
0 0.8247549019607843 0.4655330882352941 0.03758169934640523 0.09712009803921569
0 0.7162990196078431 0.4713541666666667 0.03308823529411765 0.08915441176470588
0 0.5441176470588235 0.7170649509803921 0.03349673202614379 0.08792892156862746
0 0.5910947712418301 0.7140012254901961 0.049836601307189546 0.09528186274509803
0 0.6388888888888888 0.7124693627450981 0.03022875816993464 0.08915441176470588
0 0.6779003267973857 0.7012867647058824 0.030637254901960783 0.08026960784313726
0 0.7283496732026143 0.7113970588235294 0.04411764705882353 0.09987745098039216
0 0.7716503267973857 0.7025122549019608 0.029411764705882353 0.09558823529411764
0 0.1488970588235294 0.6348039215686274 0.03390522875816993 0.10110294117647059
0 0.5602532679738562 0.20649509803921567 0.02900326797385621 0.07598039215686274
0 0.5919117647058824 0.20695465686274508 0.029411764705882353 0.078125
0 0.6264297385620915 0.20986519607843138 0.025735294117647058 0.08272058823529412
0 0.6564542483660131 0.2107843137254902 0.03104575163398693 0.07291666666666667
0 0.1926062091503268 0.6265318627450981 0.037173202614379085 0.09313725490196079
0 0.24530228758169934 0.6288296568627451 0.04125816993464052 0.0940563725490196
0 0.755718954248366 0.47441789215686275 0.027777777777777776 0.08425245098039216
0 0.29616013071895425 0.6211703431372549 0.03839869281045752 0.08854166666666667
0 0.34620098039215685 0.6197916666666666 0.04044117647058824 0.09620098039215687
0 0.38848039215686275 0.6204044117647058 0.03022875816993464 0.0974264705882353
0 0.42606209150326796 0.6188725490196079 0.03758169934640523 0.09191176470588236
0 0.4681372549019608 0.6150428921568627 0.03022875816993464 0.08792892156862746
0 0.5098039215686274 0.6142769607843137 0.03594771241830065 0.08272058823529412
0 0.5465686274509803 0.6113664215686274 0.031862745098039214 0.08241421568627451
0 0.5882352941176471 0.6138174019607843 0.03104575163398693 0.08670343137254902
0 0.3286356209150327 0.4759497549019608 0.13357843137254902 0.0897671568627451
0 0.18484477124183007 0.47732843137254904 0.14338235294117646 0.09558823529411764
0 0.07741013071895425 0.4661458333333333 0.039624183006535946 0.08425245098039216
0 0.027165032679738563 0.46691176470588236 0.044526143790849675 0.08946078431372549
0 0.7826797385620915 0.5986519607843137 0.03431372549019608 0.0778186274509804
0 0.741421568627451 0.6058517156862745 0.029411764705882353 0.0860906862745098
0 0.7054738562091504 0.6011029411764706 0.035130718954248366 0.08026960784313726
0 0.5251225490196079 0.20603553921568626 0.0298202614379085 0.07996323529411764
0 0.4848856209150327 0.20465686274509803 0.03349673202614379 0.07475490196078431
0 0.44873366013071897 0.203125 0.02900326797385621 0.08149509803921569
0 0.4105392156862745 0.19990808823529413 0.03676470588235294 0.08425245098039216
0 0.6754493464052288 0.4719669117647059 0.039624183006535946 0.0897671568627451
0 0.5674019607843137 0.47855392156862747 0.029411764705882353 0.0900735294117647
0 0.5294117647058824 0.47702205882352944 0.035130718954248366 0.08946078431372549
0 0.946078431372549 0.3405330882352941 0.09395424836601307 0.09037990196078431
0 0.8425245098039216 0.34298406862745096 0.08619281045751634 0.09528186274509803
0 0.7561274509803921 0.3428308823529412 0.041666666666666664 0.08762254901960784
0 0.7113970588235294 0.3425245098039216 0.037173202614379085 0.08823529411764706
0 0.6640114379084967 0.3414522058823529 0.03390522875816993 0.09712009803921569
0 0.6270424836601307 0.34482230392156865 0.02696078431372549 0.0940563725490196
0 0.5884395424836601 0.34298406862745096 0.028186274509803922 0.09466911764705882
0 0.5555555555555556 0.34267769607843135 0.032679738562091505 0.09957107843137254
0 0.5132761437908496 0.3396139705882353 0.0363562091503268 0.09160539215686274
0 0.4736519607843137 0.3408394607843137 0.03145424836601307 0.1014093137254902
0 0.43157679738562094 0.33838848039215685 0.03145424836601307 0.09650735294117647
0 0.6680964052287581 0.6064644607843137 0.03145424836601307 0.08241421568627451
0 0.630718954248366 0.6083026960784313 0.03758169934640523 0.08118872549019608
0 0.21772875816993464 0.33057598039215685 0.04003267973856209 0.10661764705882353
0 0.17544934640522875 0.33394607843137253 0.039624183006535946 0.10232843137254902
0 0.12111928104575163 0.33287377450980393 0.03308823529411765 0.10508578431372549
0 0.17320261437908496 0.7495404411764706 0.05228758169934641 0.10753676470588236
0 0.23202614379084968 0.7428002450980392 0.04820261437908497 0.10631127450980392
0 0.28145424836601307 0.7420343137254902 0.0392156862745098 0.10232843137254902
0 0.33312908496732024 0.7342218137254902 0.044526143790849675 0.09834558823529412
0 0.38480392156862747 0.7385110294117647 0.04656862745098039 0.1056985294117647
0 0.4395424836601307 0.7288602941176471 0.04738562091503268 0.1090686274509804
0 0.0559640522875817 0.33578431372549017 0.08496732026143791 0.07598039215686274
0 0.491625816993464 0.7280943627450981 0.046977124183006536 0.10753676470588236
0 0.9877450980392157 0.20741421568627452 0.025326797385620915 0.1096813725490196
0 0.36968954248366015 0.1951593137254902 0.04003267973856209 0.09129901960784313
0 0.39276960784313725 0.3394607843137255 0.03553921568627451 0.10355392156862746
