0 0.9511846405228758 0.07659313725490197 0.0625 0.031862745098039214
0 0.22998366013071894 0.19286151960784315 0.05718954248366013 0.08854166666666667
0 0.09313725490196079 0.1407781862745098 0.0784313725490196 0.033394607843137254
0 0.9554738562091504 0.043198529411764705 0.07107843137254902 0.034926470588235295
0 0.05514705882352941 0.21415441176470587 0.09558823529411764 0.0428921568627451
0 0.15196078431372548 0.21415441176470587 0.08986928104575163 0.04350490196078431
0 0.16033496732026145 0.17509191176470587 0.07965686274509803 0.02971813725490196
0 0.2861519607843137 0.20205269607843138 0.05106209150326797 0.078125
0 0.5962009803921569 0.21354166666666666 0.053513071895424834 0.07169117647058823
0 0.39889705882352944 0.2029718137254902 0.05759803921568627 0.08547794117647059
0 0.4699754901960784 0.19117647058823528 0.08129084967320262 0.11090686274509803
0 0.5375816993464052 0.20955882352941177 0.05065359477124183 0.0741421568627451
0 0.5982434640522876 0.15916053921568626 0.053513071895424834 0.0352328431372549
0 0.6631944444444444 0.19607843137254902 0.07230392156862746 0.11213235294117647
0 0.8766339869281046 0.01639093137254902 0.06781045751633986 0.03216911764705882
0 0.7324346405228758 0.2107843137254902 0.06290849673202614 0.07965686274509803
0 0.34129901960784315 0.19883578431372548 0.05759803921568627 0.08455882352941177
0 0.8760212418300654 0.04932598039215686 0.06658496732026144 0.028799019607843136
0 0.9826388888888888 0.835171568627451 0.03553921568627451 0.06801470588235294
0 0.7953431372549019 0.07536764705882353 0.06290849673202614 0.029411764705882353
0 0.8184232026143791 0.13832720588235295 0.051879084967320264 0.018075980392156864
0 0.22508169934640523 0.056372549019607844 0.051470588235294115 0.026348039215686275
0 0.22303921568627452 0.02696078431372549 0.05473856209150327 0.02696078431372549
0 0.2777777777777778 0.034926470588235295 0.04820261437908497 0.06985294117647059
0 0.33394607843137253 0.026501225490196078 0.056781045751633986 0.03707107843137255
0 0.3347630718954248 0.06020220588235294 0.05514705882352941 0.02849264705882353
0 0.3974673202614379 0.06050857843137255 0.05800653594771242 0.02665441176470588
0 0.4470996732026144 0.03875612745098039 0.039624183006535946 0.07751225490196079
0 0.48570261437908496 0.0389093137254902 0.03594771241830065 0.0778186274509804
0 0.5322712418300654 0.03553921568627451 0.04738562091503268 0.030637254901960783
0 0.5827205882352942 0.03952205882352941 0.04779411764705882 0.023284313725490197
0 0.5306372549019608 0.06556372549019608 0.04820261437908497 0.025122549019607844
0 0.5784313725490197 0.06602328431372549 0.04656862745098039 0.02971813725490196
0 0.6286764705882353 0.04181985294117647 0.049836601307189546 0.08363970588235294
0 0.6793300653594772 0.04212622549019608 0.04493464052287582 0.08425245098039216
0 0.7267156862745098 0.043198529411764705 0.04493464052287582 0.08639705882352941
0 0.8035130718954249 0.01363357843137255 0.07598039215686274 0.02665441176470588
0 0.8680555555555556 0.07720588235294118 0.0718954248366013 0.023284313725490197
0 0.8282271241830066 0.15747549019607843 0.060866013071895424 0.015931372549019607
0 0.7998366013071896 0.04350490196078431 0.07434640522875817 0.030637254901960783
0 0.9564950980392157 0.20986519607843138 0.0690359477124183 0.07598039215686274
0 0.2777777777777778 0.7382046568627451 0.02696078431372549 0.0585171568627451
0 0.25 0.7346813725490197 0.025326797385620915 0.0508578431372549
0 0.18729575163398693 0.7789522058823529 0.07965686274509803 0.03768382352941176
0 0.08108660130718955 0.7634803921568627 0.12622549019607843 0.06311274509803921
0 0.9133986928104575 0.6551776960784313 0.04084967320261438 0.05974264705882353
0 0.8018790849673203 0.6444546568627451 0.042483660130718956 0.08670343137254902
0 0.7587826797385621 0.6416973039215687 0.04370915032679738 0.0860906862745098
0 0.713031045751634 0.6364889705882353 0.042075163398692814 0.07751225490196079
0 0.6611519607843137 0.6387867647058824 0.03553921568627451 0.07536764705882353
0 0.6245915032679739 0.6427696078431373 0.03839869281045752 0.0784313725490196
0 0.5863970588235294 0.6393995098039216 0.037173202614379085 0.08823529411764706
0 0.5324754901960784 0.6420036764705882 0.03390522875816993 0.07199754901960784
0 0.4987745098039216 0.6429227941176471 0.02696078431372549 0.07261029411764706
0 0.47467320261437906 0.6354166666666666 0.022058823529411766 0.0741421568627451
0 0.4493464052287582 0.6286764705882353 0.022058823529411766 0.06862745098039216
0 0.42340686274509803 0.632046568627451 0.030637254901960783 0.07536764705882353
0 0.3886846405228758 0.6274509803921569 0.026552287581699346 0.0741421568627451
0 0.3574346405228758 0.6314338235294118 0.031862745098039214 0.0821078431372549
0 0.32230392156862747 0.6355698529411765 0.03022875816993464 0.08731617647058823
0 0.2743055555555556 0.6395526960784313 0.034722222222222224 0.08792892156862746
0 0.2412173202614379 0.6358762254901961 0.025735294117647058 0.08425245098039216
0 0.8396650326797386 0.21292892156862744 0.06576797385620915 0.08333333333333333
0 0.13112745098039216 0.7011335784313726 0.0784313725490196 0.03707107843137255
0 0.3449754901960784 0.7403492647058824 0.02900326797385621 0.057291666666666664
0 0.494281045751634 0.7268688725490197 0.05800653594771242 0.050551470588235295
0 0.9121732026143791 0.8359375 0.03431372549019608 0.07322303921568628
0 0.8733660130718954 0.8353247549019608 0.04330065359477124 0.07322303921568628
0 0.8302696078431373 0.8385416666666666 0.0363562091503268 0.0741421568627451
0 0.7910539215686274 0.8374693627450981 0.04044117647058824 0.07383578431372549
0 0.7426470588235294 0.835171568627451 0.04084967320261438 0.07352941176470588
0 0.6666666666666666 0.8212316176470589 0.04330065359477124 0.07383578431372549
0 0.5953839869281046 0.8298100490196079 0.046977124183006536 0.09283088235294118
0 0.5214460784313726 0.8189338235294118 0.0363562091503268 0.06924019607843138
0 0.4820261437908497 0.8301164215686274 0.04003267973856209 0.09160539215686274
0 0.4368872549019608 0.8293504901960784 0.039624183006535946 0.0900735294117647
0 0.38929738562091504 0.8059129901960784 0.03104575163398693 0.045649509803921566
0 0.32312091503267976 0.8376225490196079 0.06781045751633986 0.07659313725490197
0 0.2551062091503268 0.8380821078431373 0.060866013071895424 0.07322303921568628
0 0.1068218954248366 0.8584558823529411 0.08047385620915033 0.04595588235294118
0 0.9640522875816994 0.7406556372549019 0.02696078431372549 0.04197303921568627
0 0.923202614379085 0.7380514705882353 0.027777777777777776 0.04656862745098039
0 0.8727532679738562 0.7234987745098039 0.034722222222222224 0.04013480392156863
0 0.8251633986928104 0.7320772058823529 0.05473856209150327 0.05361519607843137
0 0.7565359477124183 0.7285539215686274 0.05065359477124183 0.05269607843137255
0 0.690359477124183 0.7406556372549019 0.06862745098039216 0.04442401960784314
0 0.5586192810457516 0.7334558823529411 0.060866013071895424 0.052083333333333336
0 0.41217320261437906 0.7382046568627451 0.10212418300653595 0.05177696078431373
0 0.04718137254901961 0.7011335784313726 0.08700980392156862 0.03829656862745098
0 0.3131127450980392 0.7363664215686274 0.03308823529411765 0.053002450980392156
0 0.09048202614379085 0.6061580882352942 0.08374183006535947 0.03707107843137255
0 0.3576388888888889 0.42769607843137253 0.054330065359477125 0.07169117647058823
0 0.30044934640522875 0.42202818627450983 0.056781045751633986 0.08057598039215687
0 0.24223856209150327 0.42325367647058826 0.05718954248366013 0.078125
0 0.1403186274509804 0.4108455882352941 0.08619281045751634 0.04350490196078431
0 0.051674836601307186 0.40793504901960786 0.08537581699346405 0.043198529411764705
0 0.14256535947712418 0.36550245098039214 0.09068627450980392 0.042279411764705885
0 0.04963235294117647 0.3636642156862745 0.09191176470588236 0.0428921568627451
0 0.9756944444444444 0.33011642156862747 0.046977124183006536 0.0701593137254902
0 0.8651960784313726 0.32996323529411764 0.05555555555555555 0.07352941176470588
0 0.8014705882352942 0.3167892156862745 0.0718954248366013 0.09129901960784313
0 0.7138480392156863 0.3319546568627451 0.05841503267973856 0.06954656862745098
0 0.7099673202614379 0.28400735294117646 0.07598039215686274 0.026348039215686275
0 0.6217320261437909 0.3121936274509804 0.0718954248366013 0.09252450980392157
0 0.5498366013071896 0.31816789215686275 0.05392156862745098 0.08057598039215687
0 0.47998366013071897 0.32107843137254904 0.05800653594771242 0.07475490196078431
0 0.41748366013071897 0.32567401960784315 0.058823529411764705 0.07107843137254902
0 0.42197712418300654 0.2768075980392157 0.05718954248366013 0.022365196078431373
0 0.3613153594771242 0.3193933823529412 0.05024509803921569 0.07567401960784313
0 0.28308823529411764 0.31755514705882354 0.07352941176470588 0.0744485294117647
0 0.8937908496732027 0.22043504901960784 0.03758169934640523 0.06832107843137254
0 0.17830882352941177 0.6061580882352942 0.07965686274509803 0.03829656862745098
0 0.4285130718954248 0.41881127450980393 0.07352941176470588 0.08946078431372549
0 0.6143790849673203 0.42662377450980393 0.05718954248366013 0.06341911764705882
0 0.9227941176470589 0.32705269607843135 0.05555555555555555 0.0744485294117647
0 0.9019607843137255 0.5427389705882353 0.04330065359477124 0.07077205882352941
0 0.9673202614379085 0.5370710784313726 0.06454248366013073 0.09865196078431372
0 0.6774918300653595 0.43918504901960786 0.054330065359477125 0.06219362745098039
0 0.8600898692810458 0.5309436274509803 0.03799019607843137 0.09129901960784313
0 0.7465277777777778 0.5401348039215687 0.04125816993464052 0.08946078431372549
0 0.8012663398692811 0.5373774509803921 0.060866013071895424 0.07904411764705882
0 0.6964869281045751 0.5413602941176471 0.059640522875817 0.08517156862745098
0 0.6370506535947712 0.5350796568627451 0.04861111111111111 0.078125
0 0.5138888888888888 0.5350796568627451 0.07924836601307189 0.09037990196078431
0 0.4452614379084967 0.5300245098039216 0.049836601307189546 0.06678921568627451
0 0.3895016339869281 0.5278799019607843 0.05269607843137255 0.08517156862745098
0 0.3290441176470588 0.5307904411764706 0.046977124183006536 0.0860906862745098
0 0.5841503267973857 0.5378370098039216 0.05392156862745098 0.08118872549019608
0 0.6734068627450981 0.3944546568627451 0.06004901960784314 0.023590686274509803
0 0.18341503267973855 0.46675857843137253 0.0718954248366013 0.033394607843137254
0 0.10130718954248366 0.46691176470588236 0.0915032679738562 0.03615196078431373
0 0.19178921568627452 0.5062806372549019 0.07475490196078431 0.04136029411764706
0 0.10723039215686274 0.5067401960784313 0.0886437908496732 0.04044117647058824
0 0.9779411764705882 0.43167892156862747 0.04411764705882353 0.07720588235294118
0 0.9301470588235294 0.4332107843137255 0.041666666666666664 0.07720588235294118
0 0.880718954248366 0.4352022058823529 0.05065359477124183 0.07567401960784313
0 0.25469771241830064 0.538296568627451 0.04370915032679738 0.06556372549019608
0 0.7338643790849673 0.43183210784313725 0.05514705882352941 0.07689950980392157
