0 0.39368872549019607 0.7873774509803921 0.04595588235294118 0.05024509803921569
0 0.44255514705882354 0.7853349673202614 0.04381127450980392 0.05106209150326797
0 0.43826593137254904 0.8431372549019608 0.04381127450980392 0.05473856209150327
0 0.8293504901960784 0.45465686274509803 0.018995098039215685 0.10784313725490197
0 0.4348958333333333 0.9589460784313726 0.045649509803921566 0.0559640522875817
0 0.38909313725490197 0.8459967320261438 0.04350490196078431 0.05473856209150327
0 0.5053615196078431 0.9556781045751634 0.09037990196078431 0.05106209150326797
0 0.43596813725490197 0.9009395424836601 0.04105392156862745 0.05024509803921569
0 0.3909313725490196 0.8999183006535948 0.044730392156862746 0.049019607843137254
0 0.8500306372549019 0.4542483660130719 0.019301470588235295 0.10294117647058823
0 0.8713235294117647 0.26552287581699346 0.03308823529411765 0.16094771241830066
0 0.9106924019607843 0.2667483660130719 0.04013480392156863 0.15522875816993464
0 0.9525122549019608 0.2673611111111111 0.04105392156862745 0.15400326797385622
0 0.9416360294117647 0.4624183006535948 0.03216911764705882 0.10702614379084967
0 0.9134497549019608 0.45935457516339867 0.021752450980392156 0.0959967320261438
0 0.8722426470588235 0.4548611111111111 0.017769607843137254 0.1017156862745098
0 0.5050551470588235 0.8993055555555556 0.08792892156862746 0.053513071895424834
0 0.3866421568627451 0.9628267973856209 0.04534313725490196 0.05718954248366013
0 0.5068933823529411 0.8435457516339869 0.08915441176470588 0.04820261437908497
0 0.7182904411764706 0.2479575163398693 0.03278186274509804 0.14950980392156862
0 0.8376225490196079 0.26266339869281047 0.03370098039215686 0.15522875816993464
0 0.8092830882352942 0.4624183006535948 0.016237745098039217 0.07516339869281045
0 0.037837009803921566 0.167687908496732 0.043198529411764705 0.18504901960784315
0 0.11780024509803921 0.17585784313725492 0.04136029411764706 0.18913398692810457
0 0.16758578431372548 0.1801470588235294 0.04105392156862745 0.18627450980392157
0 0.22227328431372548 0.184640522875817 0.047487745098039214 0.18627450980392157
0 0.2734375 0.1881127450980392 0.0389093137254902 0.1875
0 0.31862745098039214 0.19709967320261437 0.042279411764705885 0.19321895424836602
0 0.36734068627450983 0.20404411764705882 0.0392156862745098 0.17034313725490197
0 0.4174325980392157 0.21262254901960784 0.04136029411764706 0.17034313725490197
0 0.4618566176470588 0.21772875816993464 0.03829656862745098 0.17483660130718953
0 0.5032169117647058 0.21711601307189543 0.03829656862745098 0.176062091503268
0 0.5439644607843137 0.2281454248366013 0.03707107843137255 0.1597222222222222
0 0.5949754901960784 0.23937908496732027 0.03860294117647059 0.16339869281045752
0 0.6367953431372549 0.24223856209150327 0.04197303921568627 0.16094771241830066
0 0.678921568627451 0.24428104575163398 0.04105392156862745 0.16584967320261437
0 0.7559742647058824 0.2514297385620915 0.035845588235294115 0.1482843137254902
0 0.7981004901960784 0.2549019607843137 0.037377450980392156 0.15849673202614378
0 0.5110294117647058 0.7890114379084967 0.08700980392156862 0.0559640522875817
0 0.7870710784313726 0.4609885620915033 0.0196078431372549 0.07230392156862746
0 0.8912377450980392 0.46282679738562094 0.016544117647058824 0.08333333333333333
0 0.7428002450980392 0.46078431372549017 0.018075980392156864 0.0784313725490196
0 0.7405024509803921 0.661968954248366 0.04411764705882353 0.060866013071895424
0 0.7830882352941176 0.6607434640522876 0.03370098039215686 0.04779411764705882
0 0.7935049019607843 0.599468954248366 0.0392156862745098 0.054330065359477125
0 0.8362438725490197 0.599468954248366 0.0352328431372549 0.05106209150326797
0 0.875765931372549 0.6037581699346405 0.035845588235294115 0.059640522875817
0 0.9160539215686274 0.6055964052287581 0.03370098039215686 0.04779411764705882
0 0.8282781862745098 0.6566584967320261 0.03462009803921569 0.044526143790849675
0 0.7483149509803921 0.6019199346405228 0.04442401960784314 0.051879084967320264
0 0.8714767156862745 0.6621732026143791 0.04013480392156863 0.04493464052287582
0 0.9777879901960784 0.65625 0.04381127450980392 0.06576797385620915
0 0.03722426470588235 0.8558006535947712 0.0744485294117647 0.05555555555555555
0 0.03615196078431373 0.9752859477124183 0.07230392156862746 0.0494281045751634
0 0.03553921568627451 0.9162581699346405 0.07107843137254902 0.051470588235294115
0 0.15196078431372548 0.7918709150326797 0.10355392156862746 0.05759803921568627
0 0.15303308823529413 0.8596813725490197 0.11182598039215687 0.06004901960784314
0 0.15410539215686275 0.9160539215686274 0.10355392156862746 0.04616013071895425
0 0.9126838235294118 0.6587009803921569 0.03982843137254902 0.0428921568627451
0 0.15425857843137256 0.9673202614379085 0.10814950980392157 0.05065359477124183
0 0.7043504901960784 0.5996732026143791 0.0392156862745098 0.056372549019607844
0 0.6495098039215687 0.6580882352941176 0.03860294117647059 0.05310457516339869
0 0.23973651960784315 0.6529820261437909 0.04503676470588235 0.0559640522875817
0 0.2956495098039216 0.5868055555555556 0.0508578431372549 0.06740196078431372
0 0.3460477941176471 0.5884395424836601 0.04442401960784314 0.061683006535947715
0 0.2925857843137255 0.6550245098039216 0.04656862745098039 0.05923202614379085
0 0.34589460784313725 0.6525735294117647 0.04840686274509804 0.05514705882352941
0 0.4174325980392157 0.5886437908496732 0.048100490196078434 0.061274509803921566
0 0.4085477941176471 0.6535947712418301 0.047487745098039214 0.056372549019607844
0 0.6931678921568627 0.6582924836601307 0.03707107843137255 0.05514705882352941
0 0.46767769607843135 0.5912990196078431 0.04381127450980392 0.0559640522875817
0 0.5111825980392157 0.6531862745098039 0.045649509803921566 0.059640522875817
0 0.5137867647058824 0.5919117647058824 0.042279411764705885 0.05473856209150327
0 0.5625 0.5980392156862745 0.041666666666666664 0.05392156862745098
0 0.5597426470588235 0.6593137254901961 0.042279411764705885 0.06209150326797386
0 0.6052389705882353 0.6589052287581699 0.03952205882352941 0.05392156862745098
0 0.7636335784313726 0.45731209150326796 0.018688725490196078 0.07393790849673203
0 0.6594669117647058 0.5988562091503268 0.04136029411764706 0.05555555555555555
0 0.46262254901960786 0.6548202614379085 0.042279411764705885 0.06209150326797386
0 0.18550857843137256 0.6546160130718954 0.057291666666666664 0.056781045751633986
0 0.23238357843137256 0.7916666666666666 0.04197303921568627 0.05065359477124183
0 0.34099264705882354 0.789828431372549 0.052083333333333336 0.05106209150326797
0 0.8636642156862745 0.9342320261437909 0.07169117647058823 0.05228758169934641
0 0.7948835784313726 0.7808415032679739 0.046262254901960786 0.05759803921568627
0 0.7959558823529411 0.8368055555555556 0.03982843137254902 0.046977124183006536
0 0.7892156862745098 0.8868464052287581 0.0392156862745098 0.049019607843137254
0 0.7864583333333334 0.9393382352941176 0.04044117647058824 0.051879084967320264
0 0.7293198529411765 0.8345588235294118 0.07996323529411764 0.049019607843137254
0 0.7270220588235294 0.8890931372549019 0.08272058823529412 0.053513071895424834
0 0.8688725490196079 0.8829656862745098 0.08946078431372549 0.04779411764705882
0 0.7248774509803921 0.9452614379084967 0.08026960784313726 0.051470588235294115
0 0.6427696078431373 0.8901143790849673 0.08394607843137254 0.051470588235294115
0 0.6441482843137255 0.838031045751634 0.078125 0.04779411764705882
0 0.6522671568627451 0.7775735294117647 0.0857843137254902 0.05759803921568627
0 0.5822610294117647 0.7845179738562091 0.04381127450980392 0.05269607843137255
0 0.5761335784313726 0.8421160130718954 0.04013480392156863 0.05106209150326797
0 0.5755208333333334 0.8970588235294118 0.043198529411764705 0.051470588235294115
0 0.5738357843137255 0.9536356209150327 0.03982843137254902 0.051879084967320264
0 0.641390931372549 0.9468954248366013 0.0860906862745098 0.05392156862745098
0 0.2867647058823529 0.784109477124183 0.04595588235294118 0.06004901960784314
0 0.8711703431372549 0.8347630718954249 0.07873774509803921 0.04534313725490196
0 0.9618566176470589 0.9321895424836601 0.07689950980392157 0.0457516339869281
0 0.2349877450980392 0.8482434640522876 0.044730392156862746 0.053513071895424834
0 0.28661151960784315 0.8480392156862745 0.047487745098039214 0.059640522875817
0 0.3393075980392157 0.849468954248366 0.050551470588235295 0.05106209150326797
0 0.234375 0.9107434640522876 0.04350490196078431 0.05923202614379085
0 0.28753063725490197 0.9101307189542484 0.05177696078431373 0.051470588235294115
0 0.33792892156862747 0.9078839869281046 0.04595588235294118 0.05024509803921569
0 0.2348345588235294 0.9697712418300654 0.04442401960784314 0.051470588235294115
0 0.8832720588235294 0.7837009803921569 0.07904411764705882 0.051879084967320264
0 0.28431372549019607 0.9712009803921569 0.049019607843137254 0.05759803921568627
0 0.9590992647058824 0.05473856209150327 0.05606617647058824 0.1053921568627451
0 0.8769914215686274 0.0443218954248366 0.07935049019607843 0.08537581699346405
0 0.7921262254901961 0.03676470588235294 0.07138480392156862 0.0718954248366013
0 0.7133884803921569 0.023488562091503268 0.07873774509803921 0.046977124183006536
0 0.9727328431372549 0.7747140522875817 0.05514705882352941 0.0494281045751634
0 0.9672181372549019 0.8274101307189542 0.0661764705882353 0.04861111111111111
0 0.9623161764705882 0.8825571895424836 0.07598039215686274 0.051879084967320264
0 0.33700980392156865 0.9628267973856209 0.04840686274509804 0.051470588235294115
0 0.12882965686274508 0.6525735294117647 0.0548406862745098 0.05514705882352941
0 0.6116727941176471 0.5972222222222222 0.046262254901960786 0.05228758169934641
0 0.009191176470588236 0.4011437908496732 0.01838235294117647 0.11356209150326797
0 0.6870404411764706 0.4338235294117647 0.01991421568627451 0.06290849673202614
0 0.6669730392156863 0.43157679738562094 0.018995098039215685 0.06985294117647059
0 0.6478247549019608 0.4362745098039216 0.01133578431372549 0.06045751633986928
0 0.6305147058823529 0.43913398692810457 0.02022058823529412 0.10130718954248366
0 0.6063112745098039 0.43852124183006536 0.022058823529411766 0.10580065359477124
0 0.5850183823529411 0.43709150326797386 0.018688725490196078 0.10866013071895425
0 0.5615808823529411 0.43647875816993464 0.022058823529411766 0.10416666666666667
0 0.4820772058823529 0.4293300653594771 0.02420343137254902 0.1119281045751634
0 0.24525122549019607 0.3901143790849673 0.04381127450980392 0.05718954248366013
0 0.29473039215686275 0.3925653594771242 0.049019607843137254 0.05800653594771242
0 0.24325980392156862 0.44893790849673204 0.04840686274509804 0.058823529411764705
0 0.19010416666666666 0.4497549019607843 0.046875 0.051470588235294115
0 0.0392156862745098 0.5833333333333334 0.061274509803921566 0.06045751633986928
0 0.03707107843137255 0.6491013071895425 0.0545343137254902 0.06209150326797386
0 0.29488357843137253 0.4526143790849673 0.04932598039215686 0.05392156862745098
0 0.18566176470588236 0.588031045751634 0.05759803921568627 0.068218954248366
0 0.45511642156862747 0.4309640522875817 0.024816176470588234 0.12091503267973856
0 0.4306066176470588 0.4279003267973856 0.02420343137254902 0.1147875816993464
0 0.3872549019607843 0.460375816993464 0.041666666666666664 0.049836601307189546
0 0.12760416666666666 0.5886437908496732 0.05667892156862745 0.061274509803921566
0 0.34528186274509803 0.3819444444444444 0.03676470588235294 0.05555555555555555
0 0.34206495098039214 0.4511846405228758 0.040747549019607844 0.05106209150326797
0 0.38495710784313725 0.38419117647058826 0.0352328431372549 0.05759803921568627
0 0.040747549019607844 0.41074346405228757 0.04656862745098039 0.10253267973856209
0 0.13618259803921567 0.380718954248366 0.045649509803921566 0.05800653594771242
0 0.19209558823529413 0.38480392156862747 0.04840686274509804 0.05310457516339869
0 0.13878676470588236 0.4479166666666667 0.04656862745098039 0.051879084967320264
0 0.24111519607843138 0.5876225490196079 0.04840686274509804 0.06331699346405228
