0 0.6000816993464052 0.5376838235294118 0.03431372549019608 0.0508578431372549
0 0.8257761437908496 0.7296262254901961 0.11397058823529412 0.046262254901960786
0 0.207312091503268 0.8711703431372549 0.03145424836601307 0.060355392156862746
0 0.2048611111111111 0.6484375 0.07148692810457516 0.05545343137254902
0 0.12867647058823528 0.6465992647058824 0.07761437908496732 0.05177696078431373
0 0.04534313725490196 0.6484375 0.0784313725490196 0.06158088235294118
0 0.18423202614379086 0.49463848039215685 0.06290849673202614 0.04442401960784314
0 0.18361928104575165 0.547640931372549 0.06576797385620915 0.05545343137254902
0 0.12928921568627452 0.5318627450980392 0.03799019607843137 0.04840686274509804
0 0.059640522875817 0.5454963235294118 0.07026143790849673 0.06341911764705882
0 0.08047385620915033 0.48943014705882354 0.06699346405228758 0.030943627450980393
0 0.02165032679738562 0.49295343137254904 0.04330065359477124 0.03799019607843137
0 0.2616421568627451 0.4846813725490196 0.06658496732026144 0.015318627450980392
0 0.26633986928104575 0.5318627450980392 0.07598039215686274 0.0545343137254902
0 0.3349673202614379 0.5407475490196079 0.05392156862745098 0.03860294117647059
0 0.3347630718954248 0.49463848039215685 0.05759803921568627 0.04442401960784314
0 0.40522875816993464 0.5346200980392157 0.07679738562091504 0.05698529411764706
0 0.4618055555555556 0.48713235294117646 0.046977124183006536 0.03860294117647059
0 0.4722222222222222 0.5418198529411765 0.04738562091503268 0.05912990196078431
0 0.650531045751634 0.4108455882352941 0.04534313725490196 0.061887254901960786
0 0.6011029411764706 0.41191789215686275 0.04861111111111111 0.06219362745098039
0 0.5469771241830066 0.38587622549019607 0.049836601307189546 0.10508578431372549
0 0.4930555555555556 0.3867953431372549 0.05228758169934641 0.10386029411764706
0 0.443218954248366 0.4065563725490196 0.04656862745098039 0.0392156862745098
0 0.3474264705882353 0.40119485294117646 0.127859477124183 0.0897671568627451
0 0.17095588235294118 0.8717830882352942 0.0363562091503268 0.0585171568627451
0 0.2534722222222222 0.40471813725490197 0.05024509803921569 0.08149509803921569
0 0.08905228758169935 0.40027573529411764 0.059640522875817 0.10018382352941177
0 0.032679738562091505 0.3990502450980392 0.049019607843137254 0.10079656862745098
0 0.4021650326797386 0.19454656862745098 0.03390522875816993 0.018995098039215685
0 0.39215686274509803 0.2549019607843137 0.04656862745098039 0.09558823529411764
0 0.33986928104575165 0.2542892156862745 0.051470588235294115 0.09865196078431372
0 0.5206290849673203 0.5229779411764706 0.04616013071895425 0.08884803921568628
0 0.19566993464052287 0.40701593137254904 0.061274509803921566 0.08302696078431372
0 0.6966911764705882 0.39108455882352944 0.04370915032679738 0.09099264705882353
0 0.13112745098039216 0.8662683823529411 0.03839869281045752 0.07506127450980392
0 0.03799019607843137 0.8655024509803921 0.04330065359477124 0.07659313725490197
0 0.9442401960784313 0.7291666666666666 0.11070261437908496 0.04534313725490196
0 0.06454248366013073 0.7329963235294118 0.07598039215686274 0.022365196078431373
0 0.7107843137254902 0.7313112745098039 0.10866013071895425 0.04963235294117647
0 0.8090277777777778 0.2699142156862745 0.020016339869281044 0.05024509803921569
0 0.8308823529411765 0.27098651960784315 0.018790849673202614 0.05116421568627451
0 0.8584558823529411 0.26838235294117646 0.024918300653594773 0.05330882352941176
0 0.9105392156862745 0.2522977941176471 0.051470588235294115 0.09466911764705882
0 0.07148692810457516 0.7579656862745098 0.07761437908496732 0.02022058823529412
0 0.9732434640522876 0.20971200980392157 0.054330065359477125 0.1565563725490196
0 0.7064950980392157 0.2630208333333333 0.05106209150326797 0.07628676470588236
0 0.7638888888888888 0.2722120098039216 0.0392156862745098 0.04871323529411765
0 0.6348039215686274 0.2728247549019608 0.07516339869281045 0.05912990196078431
0 0.5204248366013072 0.24525122549019607 0.09477124183006536 0.11121323529411764
0 0.4456699346405229 0.19132965686274508 0.04738562091503268 0.024816176470588234
0 0.4452614379084967 0.2532169117647059 0.05065359477124183 0.09650735294117647
0 0.03594771241830065 0.22012867647058823 0.0718954248366013 0.16207107843137256
0 0.1068218954248366 0.2261029411764706 0.03799019607843137 0.14950980392156862
0 0.012254901960784314 0.7377450980392157 0.024509803921568627 0.05024509803921569
0 0.28921568627450983 0.6236213235294118 0.06045751633986928 0.05177696078431373
0 0.3541666666666667 0.6551776960784313 0.06372549019607843 0.05361519607843137
0 0.36519607843137253 0.6113664215686274 0.07352941176470588 0.030330882352941176
0 0.5 0.6343443627450981 0.07434640522875817 0.0548406862745098
0 0.5890522875816994 0.6377144607843137 0.0727124183006536 0.05545343137254902
0 0.08537581699346405 0.8648897058823529 0.04411764705882353 0.07536764705882353
0 0.7867647058823529 0.6501225490196079 0.056372549019607844 0.0741421568627451
0 0.9299428104575164 0.6308210784313726 0.0494281045751634 0.07230392156862746
0 0.8831699346405228 0.6305147058823529 0.03349673202614379 0.07169117647058823
0 0.9793709150326797 0.6530330882352942 0.042075163398692814 0.030943627450980393
0 0.27961601307189543 0.22395833333333334 0.061683006535947715 0.15747549019607843
0 0.21997549019607843 0.22441789215686275 0.05269607843137255 0.15962009803921567
0 0.15992647058823528 0.22303921568627452 0.06331699346405228 0.15870098039215685
0 0.8421160130718954 0.6458333333333334 0.04534313725490196 0.07169117647058823
0 0.7455065359477124 0.3860294117647059 0.04330065359477124 0.08700980392156862
0 0.8241421568627451 0.37974877450980393 0.05024509803921569 0.08670343137254902
0 0.8694852941176471 0.3972120098039216 0.034722222222222224 0.057291666666666664
0 0.4424019607843137 0.8572303921568627 0.04084967320261438 0.08149509803921569
0 0.4875408496732026 0.8590686274509803 0.04534313725490196 0.0821078431372549
0 0.5334967320261438 0.8589154411764706 0.04330065359477124 0.07873774509803921
0 0.5778186274509803 0.8610600490196079 0.0428921568627451 0.08302696078431372
0 0.6194852941176471 0.8383884803921569 0.0363562091503268 0.0744485294117647
0 0.6597222222222222 0.8304227941176471 0.0392156862745098 0.07689950980392157
0 0.860498366013072 0.8170955882352942 0.037173202614379085 0.05943627450980392
0 0.903390522875817 0.8174019607843137 0.037173202614379085 0.06004901960784314
0 0.9399509803921569 0.8082107843137255 0.028594771241830064 0.044730392156862746
0 0.6962826797385621 0.821078431372549 0.030637254901960783 0.05821078431372549
0 0.7344771241830066 0.8189338235294118 0.03758169934640523 0.06004901960784314
0 0.7694035947712419 0.8088235294117647 0.0298202614379085 0.03982843137254902
0 0.8061683006535948 0.8083639705882353 0.037173202614379085 0.036458333333333336
0 0.6423611111111112 0.5284926470588235 0.04534313725490196 0.08149509803921569
0 0.47549019607843135 0.7308517156862745 0.11519607843137254 0.04871323529411765
0 0.3400735294117647 0.8069852941176471 0.023284313725490197 0.02696078431372549
0 0.4042075163398693 0.8172487745098039 0.025735294117647058 0.047487745098039214
0 0.5955882352941176 0.7314644607843137 0.11764705882352941 0.04993872549019608
0 0.9795751633986928 0.39368872549019607 0.042483660130718956 0.08700980392156862
0 0.9262663398692811 0.4028799019607843 0.03799019607843137 0.05943627450980392
0 0.9636437908496732 0.5183823529411765 0.05555555555555555 0.09191176470588236
0 0.8962418300653595 0.4817708333333333 0.04738562091503268 0.03707107843137255
0 0.889297385620915 0.5260416666666666 0.0457516339869281 0.049019607843137254
0 0.8045343137254902 0.5127144607843137 0.04779411764705882 0.09589460784313726
0 0.5641339869281046 0.5353860294117647 0.035130718954248366 0.05238970588235294
0 0.7218137254901961 0.5131740196078431 0.10620915032679738 0.0784313725490196
0 0.2875816993464052 0.8696384803921569 0.04084967320261438 0.057291666666666664
0 0.3723447712418301 0.8141850490196079 0.03145424836601307 0.04136029411764706
0 0.2448937908496732 0.875765931372549 0.037173202614379085 0.060355392156862746
