0 0.7981770833333334 0.553125 0.058854166666666666 0.01171875
0 0.7401041666666667 0.54765625 0.05416666666666667 0.015625
0 0.6864583333333333 0.5404296875 0.0375 0.062109375
0 0.6372395833333333 0.5375 0.050520833333333334 0.07109375
0 0.5903645833333333 0.5341796875 0.03802083333333333 0.072265625
0 0.5419270833333333 0.52890625 0.05572916666666667 0.090625
0 0.2890625 0.531640625 0.0625 0.07890625
0 0.3859375 0.506640625 0.051041666666666666 0.05859375
0 0.22838541666666667 0.53046875 0.0515625 0.08203125
0 0.17265625 0.5291015625 0.0546875 0.088671875
0 0.11145833333333334 0.53046875 0.059375 0.084375
0 0.7440104166666667 0.5650390625 0.0546875 0.011328125
0 0.03802083333333333 0.502734375 0.06979166666666667 0.06796875
0 0.48515625 0.532421875 0.05364583333333333 0.08046875
0 0.8080729166666667 0.569140625 0.05260416666666667 0.009375
0 0.9416666666666667 0.472265625 0.042708333333333334 0.03125
0 0.8903645833333333 0.517578125 0.044270833333333336 0.03671875
0 0.98125 0.3896484375 0.03958333333333333 0.098828125
0 0.4140625 0.6314453125 0.05416666666666667 0.077734375
0 0.35104166666666664 0.6373046875 0.0625 0.077734375
0 0.29244791666666664 0.63671875 0.049479166666666664 0.0765625
0 0.23645833333333333 0.6349609375 0.052083333333333336 0.077734375
0 0.17786458333333333 0.6326171875 0.0453125 0.083203125
0 0.8442708333333333 0.515625 0.040625 0.03984375
0 0.033854166666666664 0.660546875 0.06770833333333333 0.07734375
0 0.9721354166666667 0.553515625 0.04114583333333333 0.03203125
0 0.9765625 0.5169921875 0.04375 0.035546875
0 0.93125 0.5541015625 0.0375 0.036328125
0 0.9309895833333334 0.5169921875 0.03697916666666667 0.035546875
0 0.8864583333333333 0.555859375 0.042708333333333334 0.03671875
0 0.8484375 0.5556640625 0.026041666666666668 0.033984375
0 0.8979166666666667 0.47109375 0.036458333333333336 0.03125
0 0.9364583333333333 0.391015625 0.03854166666666667 0.096875
0 0.65703125 0.2625 0.04739583333333333 0.10390625
0 0.7200520833333334 0.4056640625 0.07552083333333333 0.074609375
0 0.940625 0.0466796875 0.06666666666666667 0.030078125
0 0.9419270833333333 0.0134765625 0.07239583333333334 0.024609375
0 0.9375 0.1181640625 0.057291666666666664 0.099609375
0 0.8838541666666667 0.1162109375 0.0375 0.105078125
0 0.7645833333333333 0.0427734375 0.10625 0.022265625
0 0.7635416666666667 0.01953125 0.11041666666666666 0.021875
0 0.8322916666666667 0.1125 0.05520833333333333 0.1078125
0 0.771875 0.110546875 0.058333333333333334 0.10625
0 0.07890625 0.2619140625 0.06614583333333333 0.105078125
0 0.7140625 0.1091796875 0.05416666666666667 0.108203125
0 0.5986979166666667 0.1021484375 0.0515625 0.123828125
0 0.46822916666666664 0.1013671875 0.08125 0.122265625
0 0.38359375 0.1021484375 0.08385416666666666 0.118359375
0 0.29635416666666664 0.120703125 0.08958333333333333 0.08203125
0 0.20208333333333334 0.1216796875 0.09375 0.083984375
0 0.11145833333333334 0.12421875 0.08229166666666667 0.08203125
0 0.04505208333333333 0.1009765625 0.044270833333333336 0.126171875
0 0.4953125 0.86015625 0.08020833333333334 0.0921875
0 0.6557291666666667 0.1099609375 0.052083333333333336 0.105078125
0 0.14296875 0.2630859375 0.0609375 0.102734375
0 0.20833333333333334 0.261328125 0.057291666666666664 0.10859375
0 0.27317708333333335 0.25078125 0.0703125 0.12421875
0 0.64296875 0.4041015625 0.07552083333333333 0.073828125
0 0.5635416666666667 0.4033203125 0.07604166666666666 0.076953125
0 0.4830729166666667 0.4068359375 0.07552083333333333 0.074609375
0 0.3997395833333333 0.4046875 0.08489583333333334 0.07734375
0 0.31588541666666664 0.4037109375 0.0765625 0.075390625
0 0.22135416666666666 0.4046875 0.08020833333333334 0.075
0 0.14583333333333334 0.4109375 0.06354166666666666 0.0578125
0 0.084375 0.4119140625 0.05416666666666667 0.059765625
0 0.026041666666666668 0.405859375 0.052083333333333336 0.0703125
0 0.9575520833333333 0.2546875 0.04114583333333333 0.103125
0 0.8302083333333333 0.262890625 0.04479166666666667 0.1046875
0 0.7786458333333334 0.2611328125 0.04895833333333333 0.108203125
0 0.7213541666666666 0.2640625 0.04895833333333333 0.1046875
0 0.6078125 0.2625 0.040625 0.10390625
0 0.5609375 0.2625 0.04479166666666667 0.10390625
0 0.51015625 0.2646484375 0.04739583333333333 0.103515625
0 0.4583333333333333 0.2697265625 0.04895833333333333 0.086328125
0 0.4044270833333333 0.268359375 0.0484375 0.0890625
0 0.34296875 0.248828125 0.06302083333333333 0.13046875
0 0.8005208333333333 0.405078125 0.07708333333333334 0.07578125
0 0.5408854166666667 0.10078125 0.05677083333333333 0.12578125
0 0.396875 0.87578125 0.08541666666666667 0.075
0 0.95234375 0.7138671875 0.034895833333333334 0.025390625
0 0.12265625 0.859375 0.07552083333333333 0.07890625
0 0.03802083333333333 0.868359375 0.07604166666666666 0.0671875
0 0.04192708333333333 0.798046875 0.08385416666666666 0.06875
0 0.771875 0.726171875 0.05520833333333333 0.0296875
0 0.775 0.771875 0.058333333333333334 0.028125
0 0.8635416666666667 0.8525390625 0.10104166666666667 0.104296875
0 0.9653645833333333 0.851171875 0.0703125 0.10390625
0 0.20911458333333333 0.742578125 0.06614583333333333 0.07734375
0 0.2864583333333333 0.7400390625 0.07395833333333333 0.089453125
0 0.3671875 0.740625 0.084375 0.090625
0 0.5463541666666667 0.744921875 0.06770833333333333 0.084375
0 0.6372395833333333 0.7576171875 0.05364583333333333 0.031640625
0 0.63515625 0.7142578125 0.059895833333333336 0.030859375
0 0.70390625 0.7390625 0.06302083333333333 0.02890625
0 0.909375 0.716015625 0.03333333333333333 0.02421875
0 0.78359375 0.872265625 0.04010416666666667 0.06484375
0 0.7421875 0.8724609375 0.03854166666666667 0.062890625
0 0.7059895833333333 0.7708984375 0.0609375 0.029296875
0 0.4734375 0.6365234375 0.05625 0.073828125
0 0.31197916666666664 0.84453125 0.06875 0.06875
0 0.9520833333333333 0.6845703125 0.0375 0.027734375
0 0.9119791666666667 0.686328125 0.035416666666666666 0.02890625
0 0.13411458333333334 0.740625 0.08177083333333333 0.08359375
0 0.9567708333333333 0.655078125 0.03958333333333333 0.0296875
0 0.8682291666666667 0.7095703125 0.03229166666666667 0.028515625
0 0.8296875 0.7115234375 0.0375 0.030078125
0 0.91640625 0.655078125 0.033854166666666664 0.0296875
0 0.7481770833333333 0.645703125 0.03697916666666667 0.05234375
0 0.70234375 0.64375 0.04635416666666667 0.06875
0 0.21276041666666667 0.855078125 0.0828125 0.0796875
0 0.6580729166666667 0.640625 0.033854166666666664 0.06484375
0 0.6174479166666667 0.6462890625 0.04010416666666667 0.061328125
0 0.57578125 0.6412109375 0.03177083333333333 0.060546875
0 0.5299479166666666 0.63671875 0.0484375 0.07109375
0 0.7875 0.649609375 0.0375 0.05078125
0 0.58515625 0.852734375 0.08697916666666666 0.096875
