0 0.43647875816993464 0.22564338235294118 0.028186274509803922 0.08854166666666667
0 0.2734885620915033 0.2424938725490196 0.020833333333333332 0.078125
0 0.29840686274509803 0.24019607843137256 0.02165032679738562 0.08088235294117647
0 0.32536764705882354 0.23881740196078433 0.027369281045751634 0.08302696078431372
0 0.35049019607843135 0.23330269607843138 0.0196078431372549 0.08425245098039216
0 0.37520424836601307 0.23284313725490197 0.025735294117647058 0.08823529411764706
0 0.40604575163398693 0.22794117647058823 0.026143790849673203 0.0857843137254902
0 0.6462418300653595 0.20036764705882354 0.031862745098039214 0.10110294117647059
0 0.5004084967320261 0.22196691176470587 0.02287581699346405 0.09528186274509803
0 0.5306372549019608 0.21583946078431374 0.025326797385620915 0.09528186274509803
0 0.5625 0.20986519607843138 0.02696078431372549 0.09313725490196079
0 0.6011029411764706 0.20649509803921567 0.039624183006535946 0.09803921568627451
0 0.2485702614379085 0.24555759803921567 0.020016339869281044 0.07689950980392157
0 0.6917892156862745 0.1957720588235294 0.04534313725490196 0.10416666666666667
0 0.7479575163398693 0.20036764705882354 0.04411764705882353 0.10845588235294118
0 0.7969771241830066 0.19301470588235295 0.041666666666666664 0.11580882352941177
0 0.46854575163398693 0.22457107843137256 0.024509803921568627 0.09375
0 0.2246732026143791 0.24571078431372548 0.02042483660130719 0.07230392156862746
0 0.40808823529411764 0.31464460784313725 0.02042483660130719 0.08088235294117647
0 0.4963235294117647 0.3154105392156863 0.024509803921568627 0.0897671568627451
0 0.035130718954248366 0.14552696078431374 0.03758169934640523 0.10355392156862746
0 0.07107843137254902 0.1403186274509804 0.028594771241830064 0.10784313725490197
0 0.10232843137254902 0.13725490196078433 0.02246732026143791 0.1213235294117647
0 0.13174019607843138 0.1251531862745098 0.0298202614379085 0.10876225490196079
0 0.1636029411764706 0.1213235294117647 0.028186274509803922 0.12316176470588236
0 0.20098039215686275 0.11289828431372549 0.035130718954248366 0.12591911764705882
0 0.2426470588235294 0.10217524509803921 0.03349673202614379 0.13143382352941177
0 0.286968954248366 0.08869485294117647 0.04125816993464052 0.12653186274509803
0 0.40032679738562094 0.0778186274509804 0.05718954248366013 0.0974264705882353
0 0.052083333333333336 0.25965073529411764 0.016748366013071895 0.060355392156862746
0 0.08415032679738563 0.2584252450980392 0.015522875816993464 0.05912990196078431
0 0.11805555555555555 0.25536151960784315 0.018790849673202614 0.0664828431372549
0 0.15931372549019607 0.24923406862745098 0.016339869281045753 0.0664828431372549
0 0.19975490196078433 0.24586397058823528 0.0196078431372549 0.06525735294117647
0 0.23161764705882354 0.32077205882352944 0.017973856209150325 0.06433823529411764
0 0.25306372549019607 0.32138480392156865 0.015931372549019607 0.06801470588235294
0 0.2722630718954248 0.3212316176470588 0.01838235294117647 0.07506127450980392
0 0.29963235294117646 0.32138480392156865 0.027369281045751634 0.07291666666666667
0 0.3243464052287582 0.32015931372549017 0.015522875816993464 0.07291666666666667
0 0.3508986928104575 0.31924019607843135 0.0196078431372549 0.0784313725490196
0 0.3770424836601307 0.3193933823529412 0.02042483660130719 0.07873774509803921
0 0.4360702614379085 0.3157169117647059 0.024101307189542485 0.08302696078431372
0 0.4636437908496732 0.3158700980392157 0.027777777777777776 0.0857843137254902
0 0.5269607843137255 0.31142769607843135 0.027777777777777776 0.08915441176470588
0 0.04268790849673203 0.32306985294117646 0.010212418300653595 0.05667892156862745
0 0.849468954248366 0.18443627450980393 0.051879084967320264 0.11580882352941177
0 0.6407271241830066 0.4681372549019608 0.04044117647058824 0.11029411764705882
0 0.8676470588235294 0.6519607843137255 0.08169934640522876 0.06862745098039216
0 0.7714460784313726 0.6343443627450981 0.05841503267973856 0.07261029411764706
0 0.676062091503268 0.6217830882352942 0.07598039215686274 0.06709558823529412
0 0.6043709150326797 0.609375 0.0559640522875817 0.06678921568627451
0 0.5287990196078431 0.5948223039215687 0.05106209150326797 0.05177696078431373
0 0.460375816993464 0.5860906862745098 0.04411764705882353 0.056372549019607844
0 0.96875 0.7616421568627451 0.06004901960784314 0.0784313725490196
0 0.8629493464052288 0.7356004901960784 0.08537581699346405 0.08026960784313726
0 0.7661356209150327 0.7107843137254902 0.07393790849673203 0.07169117647058823
0 0.6823937908496732 0.6924019607843137 0.0625 0.061887254901960786
0 0.9669117647058824 0.6792279411764706 0.0661764705882353 0.06985294117647059
0 0.5978349673202614 0.6752450980392157 0.0559640522875817 0.05698529411764706
0 0.46875 0.6439950980392157 0.044526143790849675 0.05024509803921569
0 0.4089052287581699 0.5738357843137255 0.04493464052287582 0.05392156862745098
0 0.35580065359477125 0.5646446078431373 0.0392156862745098 0.05024509803921569
0 0.4133986928104575 0.6312806372549019 0.04411764705882353 0.05177696078431373
0 0.3613153594771242 0.6246936274509803 0.04044117647058824 0.05575980392156863
0 0.31433823529411764 0.6122855392156863 0.03390522875816993 0.048100490196078434
0 0.3125 0.5551470588235294 0.04003267973856209 0.0508578431372549
0 0.26205065359477125 0.5500919117647058 0.03390522875816993 0.04993872549019608
0 0.21956699346405228 0.5409007352941176 0.0363562091503268 0.04136029411764706
0 0.1801470588235294 0.5347732843137255 0.028594771241830064 0.04136029411764706
0 0.528390522875817 0.6623774509803921 0.05024509803921569 0.06311274509803921
0 0.14787581699346405 0.5292585784313726 0.02287581699346405 0.04258578431372549
0 0.030433006535947712 0.694546568627451 0.02165032679738562 0.032475490196078434
0 0.043913398692810454 0.6220894607843137 0.020016339869281044 0.030943627450980393
0 0.6460375816993464 0.9286151960784313 0.07066993464052287 0.0741421568627451
0 0.5716911764705882 0.8993566176470589 0.05514705882352941 0.0664828431372549
0 0.49959150326797386 0.8694852941176471 0.05392156862745098 0.06556372549019608
0 0.36070261437908496 0.7094056372549019 0.06045751633986928 0.04871323529411765
0 0.37969771241830064 0.7752757352941176 0.044526143790849675 0.03278186274509804
0 0.32516339869281047 0.7516850490196079 0.03104575163398693 0.03278186274509804
0 0.43933823529411764 0.8472732843137255 0.046977124183006536 0.06219362745098039
0 0.3790849673202614 0.8235294117647058 0.04003267973856209 0.051470588235294115
0 0.33374183006535946 0.8095894607843137 0.03431372549019608 0.050551470588235295
0 0.23223039215686275 0.6695772058823529 0.02900326797385621 0.033394607843137254
0 0.029411764705882353 0.6557904411764706 0.0196078431372549 0.030330882352941176
0 0.18790849673202614 0.6609987745098039 0.028594771241830064 0.033394607843137254
0 0.23713235294117646 0.7176776960784313 0.03227124183006536 0.03462009803921569
0 0.19219771241830066 0.7043504901960784 0.03390522875816993 0.032475490196078434
0 0.15216503267973855 0.6946997549019608 0.028186274509803922 0.03952205882352941
0 0.1198937908496732 0.6896446078431373 0.02165032679738562 0.0392156862745098
0 0.09027777777777778 0.6809129901960784 0.021241830065359478 0.029105392156862746
0 0.15727124183006536 0.7441789215686274 0.035130718954248366 0.04595588235294118
0 0.125 0.7319240196078431 0.02287581699346405 0.03860294117647059
0 0.09375 0.7205882352941176 0.024918300653594773 0.03799019607843137
0 0.060866013071895424 0.710171568627451 0.024509803921568627 0.03676470588235294
0 0.054125816993464054 0.6677389705882353 0.014297385620915032 0.022365196078431373
0 0.15379901960784315 0.6528799019607843 0.024918300653594773 0.03676470588235294
0 0.11356209150326797 0.5225183823529411 0.026143790849673203 0.0389093137254902
0 0.07924836601307189 0.5166973039215687 0.025326797385620915 0.03707107843137255
0 0.27267156862745096 0.6035539215686274 0.03880718954248366 0.0428921568627451
0 0.18933823529411764 0.43964460784313725 0.01838235294117647 0.08517156862745098
0 0.136437908496732 0.43152573529411764 0.029411764705882353 0.08118872549019608
0 0.10661764705882353 0.43167892156862747 0.01715686274509804 0.08394607843137254
0 0.088031045751634 0.43167892156862747 0.013480392156862746 0.08394607843137254
0 0.2048611111111111 0.3196997549019608 0.020016339869281044 0.07199754901960784
0 0.17994281045751634 0.32169117647058826 0.014297385620915032 0.06801470588235294
0 0.16299019607843138 0.3238357843137255 0.010620915032679739 0.06556372549019608
0 0.14848856209150327 0.3238357843137255 0.014297385620915032 0.06801470588235294
0 0.1301062091503268 0.32337622549019607 0.016748366013071895 0.06464460784313726
0 0.9070669934640523 0.1799938725490196 0.05024509803921569 0.11856617647058823
0 0.20915032679738563 0.4417892156862745 0.015522875816993464 0.0900735294117647
0 0.11029411764705882 0.3226102941176471 0.013071895424836602 0.06556372549019608
0 0.07291666666666667 0.3246017156862745 0.012663398692810458 0.06464460784313726
0 0.9673202614379085 0.24034926470588236 0.06454248366013073 0.23805147058823528
0 0.8950163398692811 0.3003982843137255 0.058823529411764705 0.11121323529411764
0 0.8361928104575164 0.30453431372549017 0.042483660130718956 0.10110294117647059
0 0.7875816993464052 0.3072916666666667 0.041666666666666664 0.1053921568627451
0 0.7371323529411765 0.30575980392156865 0.04370915032679738 0.0974264705882353
0 0.6887254901960784 0.30484068627450983 0.049019607843137254 0.10049019607843138
0 0.6407271241830066 0.3086703431372549 0.03390522875816993 0.10079656862745098
0 0.6011029411764706 0.3098958333333333 0.03308823529411765 0.09589460784313726
0 0.5629084967320261 0.3112745098039216 0.021241830065359478 0.09129901960784313
0 0.09334150326797386 0.3247549019607843 0.014297385620915032 0.0625
0 0.2295751633986928 0.44424019607843135 0.02042483660130719 0.09436274509803921
0 0.25326797385620914 0.4476102941176471 0.02287581699346405 0.09620098039215687
0 0.27512254901960786 0.4476102941176471 0.017565359477124183 0.09865196078431372
0 0.22283496732026145 0.5903799019607843 0.03308823529411765 0.04534313725490196
0 0.18484477124183007 0.5825674019607843 0.03227124183006536 0.04197303921568627
0 0.1482843137254902 0.5756740196078431 0.03022875816993464 0.0428921568627451
0 0.1133578431372549 0.5657169117647058 0.03145424836601307 0.04258578431372549
0 0.0806781045751634 0.5600490196078431 0.028186274509803922 0.04350490196078431
0 0.05290032679738562 0.5511642156862745 0.024918300653594773 0.03799019607843137
0 0.022058823529411766 0.5467218137254902 0.024509803921568627 0.03216911764705882
0 0.0457516339869281 0.5127144607843137 0.032679738562091505 0.03155637254901961
0 0.8574346405228758 0.48223039215686275 0.051470588235294115 0.12867647058823528
0 0.8047385620915033 0.47901348039215685 0.04411764705882353 0.12714460784313725
0 0.7604166666666666 0.47487745098039214 0.0363562091503268 0.1213235294117647
0 0.7140522875816994 0.47181372549019607 0.027777777777777776 0.12009803921568628
0 0.678921568627451 0.4730392156862745 0.029411764705882353 0.11519607843137254
0 0.6047794117647058 0.46798406862745096 0.027369281045751634 0.10998774509803921
0 0.576797385620915 0.4638480392156863 0.02287581699346405 0.1017156862745098
0 0.5437091503267973 0.4603247549019608 0.028594771241830064 0.10202205882352941
0 0.5120506535947712 0.45894607843137253 0.024101307189542485 0.1017156862745098
0 0.48570261437908496 0.4586397058823529 0.016339869281045753 0.10355392156862746
0 0.4591503267973856 0.45419730392156865 0.028594771241830064 0.09466911764705882
0 0.3686683006535948 0.4572610294117647 0.03227124183006536 0.10324754901960784
0 0.3400735294117647 0.4566482843137255 0.020833333333333332 0.10202205882352941
0 0.31495098039215685 0.45174632352941174 0.02287581699346405 0.09466911764705882
0 0.2930964052287582 0.4496017156862745 0.01184640522875817 0.09283088235294118
0 0.7269199346405228 0.9563419117647058 0.056781045751633986 0.07077205882352941
0 0.44076797385620914 0.7856924019607843 0.04003267973856209 0.0389093137254902
0 0.08231209150326797 0.6390931372549019 0.03799019607843137 0.04534313725490196
0 0.644812091503268 0.7935049019607843 0.068218954248366 0.05698529411764706
0 0.7379493464052288 0.8848039215686274 0.06658496732026144 0.04963235294117647
0 0.7477532679738562 0.8161764705882353 0.06658496732026144 0.056372549019607844
0 0.9426062091503268 0.9580269607843137 0.08292483660130719 0.07169117647058823
0 0.576797385620915 0.7712928921568627 0.0457516339869281 0.05422794117647059
0 0.4368872549019608 0.7238051470588235 0.051879084967320264 0.04932598039215686
0 0.5091911764705882 0.7455575980392157 0.06658496732026144 0.04871323529411765
0 0.6425653594771242 0.8556985294117647 0.06699346405228758 0.05759803921568627
0 0.5688316993464052 0.8318014705882353 0.05269607843137255 0.05330882352941176
0 0.5006127450980392 0.8053002450980392 0.04616013071895425 0.04932598039215686
0 0.8384395424836601 0.8567708333333334 0.0690359477124183 0.07138480392156862
0 0.8341503267973857 0.9295343137254902 0.07352941176470588 0.0661764705882353
