0 0.3809931506849315 0.30060096153846155 0.07534246575342465 0.03341346153846154
0 0.3122859589041096 0.29903846153846153 0.06035958904109589 0.035576923076923075
0 0.8122859589041096 0.7444711538461538 0.05779109589041096 0.04423076923076923
0 0.4541952054794521 0.29915865384615387 0.0684931506849315 0.03341346153846154
0 0.7382277397260274 0.29086538461538464 0.0586472602739726 0.046153846153846156
0 0.11815068493150685 0.30228365384615385 0.0916095890410959 0.031971153846153844
0 0.4550513698630137 0.3918269230769231 0.05650684931506849 0.04423076923076923
0 0.514554794520548 0.3870192307692308 0.053082191780821915 0.041826923076923074
0 0.5849743150684932 0.3891826923076923 0.07148972602739725 0.04375
0 0.6964897260273972 0.3919471153846154 0.08904109589041095 0.034375
0 0.7758989726027398 0.39122596153846156 0.05950342465753425 0.030528846153846153
0 0.8431078767123288 0.38497596153846153 0.06292808219178082 0.05024038461538462
0 0.9126712328767124 0.390625 0.07534246575342465 0.046634615384615385
0 0.22174657534246575 0.3034855769230769 0.1113013698630137 0.034375
0 0.9741010273972602 0.3853365384615385 0.05351027397260274 0.040865384615384616
0 0.8615154109589042 0.2941105769230769 0.06035958904109589 0.05264423076923077
0 0.799443493150685 0.29134615384615387 0.06292808219178082 0.04951923076923077
0 0.6772260273972602 0.30084134615384617 0.08561643835616438 0.03389423076923077
0 0.6003852739726028 0.2938701923076923 0.06720890410958905 0.036298076923076926
0 0.6117294520547946 0.2639423076923077 0.07705479452054795 0.02403846153846154
0 0.6842893835616438 0.2668269230769231 0.05607876712328767 0.022596153846153846
0 0.04173801369863014 0.29903846153846153 0.061215753424657536 0.0673076923076923
0 0.9897260273972602 0.27884615384615385 0.023972602739726026 0.06634615384615385
0 0.2694777397260274 0.3894230769230769 0.0663527397260274 0.041826923076923074
0 0.8773544520547946 0.7447115384615385 0.06977739726027397 0.03221153846153846
0 0.03488869863013699 0.9365384615384615 0.061215753424657536 0.025961538461538463
0 0.3426797945205479 0.6567307692307692 0.05094178082191781 0.08269230769230769
0 0.3968321917808219 0.6508413461538461 0.05393835616438356 0.06322115384615384
0 0.4554794520547945 0.6538461538461539 0.05736301369863014 0.06682692307692308
0 0.5149828767123288 0.6536057692307692 0.05393835616438356 0.06394230769230769
0 0.570847602739726 0.6508413461538461 0.061215753424657536 0.06947115384615385
0 0.6252140410958904 0.6519230769230769 0.047517123287671235 0.06778846153846153
0 0.6767979452054794 0.6540865384615384 0.0410958904109589 0.06538461538461539
0 0.722388698630137 0.6557692307692308 0.04922945205479452 0.06826923076923076
0 0.7763270547945206 0.6552884615384615 0.05607876712328767 0.07019230769230769
0 0.8313356164383562 0.6543269230769231 0.04366438356164384 0.06778846153846153
0 0.875 0.6540865384615384 0.04366438356164384 0.06778846153846153
0 0.9248715753424658 0.6533653846153846 0.05179794520547945 0.06826923076923076
0 0.9783818493150684 0.6496394230769231 0.03553082191780822 0.071875
0 0.05286815068493151 0.7450721153846154 0.10402397260273973 0.05504807692307692
0 0.12821061643835616 0.7407451923076923 0.05094178082191781 0.06129807692307692
0 0.18022260273972604 0.7390625 0.05393835616438356 0.06466346153846154
0 0.2245291095890411 0.7383413461538462 0.03296232876712329 0.06129807692307692
0 0.2615582191780822 0.7367788461538461 0.04195205479452055 0.06442307692307692
0 0.3114297945205479 0.7372596153846154 0.0586472602739726 0.06682692307692308
0 0.3634417808219178 0.7360576923076924 0.04023972602739726 0.06442307692307692
0 0.4028253424657534 0.7360576923076924 0.04023972602739726 0.06346153846153846
0 0.2883133561643836 0.6503605769230769 0.06035958904109589 0.07043269230769231
0 0.2309503424657534 0.6526442307692307 0.05094178082191781 0.06682692307692308
0 0.17465753424657535 0.6586538461538461 0.04452054794520548 0.06442307692307692
0 0.125 0.65625 0.04023972602739726 0.06442307692307692
0 0.1860017123287671 0.5626201923076923 0.04409246575342466 0.056490384615384616
0 0.2266695205479452 0.5701923076923077 0.03724315068493151 0.06346153846153846
0 0.2681934931506849 0.5709134615384616 0.04666095890410959 0.06586538461538462
0 0.04023972602739726 0.8847355769230769 0.08047945205479452 0.018028846153846152
0 0.366652397260274 0.5697115384615384 0.05950342465753425 0.06826923076923076
0 0.4227311643835616 0.5685096153846154 0.04922945205479452 0.06923076923076923
0 0.4766695205479452 0.5701923076923077 0.06035958904109589 0.06682692307692308
0 0.5299657534246576 0.5719951923076924 0.04452054794520548 0.062259615384615385
0 0.5776969178082192 0.5710336538461539 0.0526541095890411 0.06081730769230769
0 0.6258561643835616 0.5719951923076924 0.04366438356164384 0.05985576923076923
0 0.445847602739726 0.7341346153846153 0.04323630136986301 0.058173076923076925
0 0.6641695205479452 0.5661057692307693 0.03296232876712329 0.04855769230769231
0 0.7664811643835616 0.5722355769230769 0.054366438356164386 0.06850961538461539
0 0.8154965753424658 0.575 0.04280821917808219 0.06394230769230769
0 0.8610873287671232 0.5735576923076923 0.04666095890410959 0.06682692307692308
0 0.90625 0.5733173076923077 0.04452054794520548 0.06538461538461539
0 0.9524828767123288 0.5735576923076923 0.04965753424657534 0.06442307692307692
0 0.023544520547945206 0.6477163461538461 0.04452054794520548 0.03245192307692308
0 0.02632705479452055 0.6759615384615385 0.048373287671232876 0.025
0 0.07748287671232877 0.6754807692307693 0.05393835616438356 0.025
0 0.06549657534246575 0.6430288461538461 0.07876712328767123 0.040865384615384616
0 0.046232876712328765 0.7180288461538461 0.07962328767123288 0.020673076923076922
0 0.7191780821917808 0.5711538461538461 0.04280821917808219 0.06634615384615385
0 0.4871575342465753 0.7338942307692308 0.04195205479452055 0.058173076923076925
0 0.5273972602739726 0.7318509615384615 0.039383561643835614 0.05360576923076923
0 0.572345890410959 0.7329326923076923 0.03767123287671233 0.05048076923076923
0 0.9449914383561644 0.9049278846153846 0.02183219178082192 0.05793269230769231
0 0.9180222602739726 0.9162259615384616 0.03296232876712329 0.05600961538461539
0 0.884845890410959 0.9007211538461538 0.032534246575342464 0.03990384615384615
0 0.8405393835616438 0.9094951923076923 0.02696917808219178 0.05264423076923077
0 0.8169948630136986 0.9073317307692308 0.023544520547945206 0.048317307692307694
0 0.782320205479452 0.9162259615384616 0.04238013698630137 0.051201923076923075
0 0.7392979452054794 0.9183894230769231 0.0351027397260274 0.050721153846153846
0 0.6641695205479452 0.9097355769230769 0.09460616438356165 0.07764423076923077
0 0.5798373287671232 0.9102163461538462 0.06977739726027397 0.07860576923076923
0 0.515625 0.9094951923076923 0.05950342465753425 0.07956730769230769
0 0.9841609589041096 0.9150240384615385 0.03424657534246575 0.04879807692307692
0 0.4524828767123288 0.9054086538461539 0.06934931506849315 0.07860576923076923
0 0.3154965753424658 0.9088942307692308 0.06678082191780822 0.07067307692307692
0 0.24892979452054795 0.9317307692307693 0.0646404109589041 0.027884615384615386
0 0.18214897260273974 0.9151442307692308 0.062071917808219176 0.06394230769230769
0 0.8383989726027398 0.1997596153846154 0.05779109589041096 0.04567307692307692
0 0.10851883561643835 0.9393028846153846 0.08176369863013698 0.026201923076923078
0 0.917166095890411 0.1984375 0.0663527397260274 0.053125
0 0.9741010273972602 0.18653846153846154 0.05351027397260274 0.06826923076923076
0 0.5306078767123288 0.3030048076923077 0.05950342465753425 0.031009615384615385
0 0.11194349315068493 0.8975961538461539 0.05779109589041096 0.04326923076923077
0 0.04858732876712329 0.9091346153846154 0.07063356164383562 0.022115384615384617
0 0.383347602739726 0.9085336538461538 0.0663527397260274 0.07764423076923077
0 0.13784246575342465 0.5673076923076923 0.052226027397260275 0.06442307692307692
0 0.9721746575342466 0.4932692307692308 0.05821917808219178 0.075
0 0.765625 0.19639423076923077 0.06977739726027397 0.046153846153846156
0 0.6230736301369864 0.7338942307692308 0.03809931506849315 0.057692307692307696
0 0.6695205479452054 0.7364182692307693 0.04366438356164384 0.05552884615384615
0 0.7110445205479452 0.7421875 0.039383561643835614 0.07427884615384615
0 0.7596318493150684 0.7373798076923077 0.0449486301369863 0.059375
0 0.7069777397260274 0.8338942307692307 0.0663527397260274 0.03894230769230769
0 0.7814640410958904 0.8283653846153847 0.08861301369863013 0.022596153846153846
0 0.7829623287671232 0.8036057692307692 0.0779109589041096 0.025
0 0.8388270547945206 0.8228365384615385 0.023544520547945206 0.046153846153846156
0 0.8698630136986302 0.8251201923076923 0.02910958904109589 0.053125
0 0.903681506849315 0.8289663461538461 0.039383561643835614 0.05600961538461539
0 0.9090325342465754 0.49206730769230766 0.0723458904109589 0.05048076923076923
0 0.2613441780821918 0.16634615384615384 0.14597602739726026 0.047596153846153844
0 0.3075770547945205 0.1987980769230769 0.08176369863013698 0.04375
0 0.3030821917808219 0.1545673076923077 0.07705479452054795 0.03894230769230769
0 0.3872003424657534 0.18990384615384615 0.06977739726027397 0.05048076923076923
0 0.4668236301369863 0.19459134615384616 0.06292808219178082 0.03774038461538461
0 0.4546232876712329 0.15685096153846154 0.05565068493150685 0.03341346153846154
0 0.525470890410959 0.15408653846153847 0.062071917808219176 0.027884615384615386
0 0.5417380136986302 0.1936298076923077 0.05094178082191781 0.050721153846153846
0 0.6050941780821918 0.19435096153846154 0.0723458904109589 0.056971153846153845
0 0.6904965753424658 0.19411057692307693 0.0642123287671233 0.051682692307692304
0 0.768193493150685 0.14939903846153846 0.062071917808219176 0.048317307692307694
0 0.2230308219178082 0.20192307692307693 0.11386986301369863 0.047596153846153844
0 0.0545804794520548 0.5729567307692308 0.0920376712328767 0.05504807692307692
0 0.3150684931506849 0.5699519230769231 0.04366438356164384 0.06875
0 0.9535530821917808 0.8366586538461539 0.0646404109589041 0.07620192307692308
0 0.1254280821917808 0.39122596153846156 0.08047945205479452 0.03293269230769231
0 0.3289811643835616 0.3877403846153846 0.06292808219178082 0.04567307692307692
0 0.05051369863013699 0.49951923076923077 0.07876712328767123 0.028365384615384615
0 0.6339897260273972 0.8322115384615385 0.0821917808219178 0.03798076923076923
0 0.4726027397260274 0.8373798076923077 0.07448630136986302 0.03293269230769231
0 0.0449486301369863 0.4191105769230769 0.0898972602739726 0.01514423076923077
0 0.03788527397260274 0.39435096153846155 0.07320205479452055 0.01706730769230769
0 0.2048373287671233 0.4953125 0.06378424657534247 0.04975961538461538
0 0.12178938356164383 0.49002403846153847 0.06378424657534247 0.05360576923076923
0 0.2664811643835616 0.4855769230769231 0.05179794520547945 0.06682692307692308
0 0.3154965753424658 0.48701923076923076 0.0488013698630137 0.06971153846153846
0 0.3679366438356164 0.48449519230769234 0.04922945205479452 0.06995192307692308
0 0.5044948630136986 0.49014423076923075 0.0723458904109589 0.05144230769230769
0 0.5761986301369864 0.4921875 0.07191780821917808 0.053125
0 0.659888698630137 0.4905048076923077 0.06806506849315068 0.05456730769230769
0 0.7748287671232876 0.48028846153846155 0.06934931506849315 0.08365384615384615
0 0.8362585616438356 0.4778846153846154 0.05779109589041096 0.08125
0 0.12371575342465753 0.35997596153846156 0.08133561643835617 0.034375
0 0.20226883561643835 0.38966346153846154 0.06292808219178082 0.027884615384615386
0 0.4278681506849315 0.48617788461538464 0.05950342465753425 0.07572115384615384
0 0.5535102739726028 0.8413461538461539 0.08732876712328767 0.026442307692307692
0 0.3934075342465753 0.39158653846153846 0.06934931506849315 0.046153846153846156
0 0.9310787671232876 0.7484375 0.03339041095890411 0.030048076923076924
0 0.08090753424657535 0.8272836538461539 0.07448630136986302 0.03293269230769231
0 0.02183219178082192 0.8329326923076923 0.04366438356164384 0.03173076923076923
0 0.16138698630136986 0.8012019230769231 0.06934931506849315 0.03894230769230769
0 0.2326626712328767 0.8358173076923077 0.06378424657534247 0.02548076923076923
0 0.22923801369863014 0.8028846153846154 0.07320205479452055 0.040865384615384616
0 0.4726027397260274 0.8056490384615385 0.08732876712328767 0.031490384615384615
0 0.5556506849315068 0.8049278846153847 0.07876712328767123 0.031490384615384615
0 0.3075770547945205 0.834375 0.0860445205479452 0.027403846153846154
0 0.3938356164383562 0.834375 0.08304794520547945 0.022596153846153846
0 0.3884845890410959 0.8084134615384615 0.09032534246575342 0.02451923076923077
0 0.1583904109589041 0.8348557692307692 0.08133561643835617 0.027884615384615386
