0 0.8784722222222222 0.6714154411764706 0.03799019607843137 0.10753676470588236
0 0.835171568627451 0.6681985294117647 0.04370915032679738 0.10477941176470588
0 0.7787990196078431 0.6655943627450981 0.05514705882352941 0.11121323529411764
0 0.6881127450980392 0.6669730392156863 0.04370915032679738 0.09987745098039216
0 0.46875 0.6639093137254902 0.042075163398692814 0.09558823529411764
0 0.5986519607843137 0.6674325980392157 0.03799019607843137 0.09957107843137254
0 0.5565767973856209 0.6654411764705882 0.04534313725490196 0.09987745098039216
0 0.511437908496732 0.6657475490196079 0.042483660130718956 0.09926470588235294
0 0.9178921568627451 0.6724877450980392 0.04084967320261438 0.10477941176470588
0 0.6423611111111112 0.6651348039215687 0.044526143790849675 0.1017156862745098
0 0.9613970588235294 0.6763174019607843 0.0428921568627451 0.10876225490196079
0 0.7165032679738562 0.5153186274509803 0.05228758169934641 0.10110294117647059
0 0.09926470588235294 0.5934436274509803 0.04656862745098039 0.08762254901960784
0 0.23223039215686275 0.5579044117647058 0.0755718954248366 0.04534313725490196
0 0.29616013071895425 0.5366115196078431 0.05392156862745098 0.08792892156862746
0 0.34191176470588236 0.5248161764705882 0.03758169934640523 0.09558823529411764
0 0.4227941176470588 0.5349264705882353 0.04738562091503268 0.10845588235294118
0 0.4805964052287582 0.5355392156862745 0.05923202614379085 0.1133578431372549
0 0.5359477124183006 0.5337009803921569 0.05473856209150327 0.11458333333333333
0 0.5890522875816994 0.5306372549019608 0.05065359477124183 0.10845588235294118
0 0.6458333333333334 0.5344669117647058 0.042483660130718956 0.09589460784313726
0 0.7649101307189542 0.5133272058823529 0.04616013071895425 0.09834558823529412
0 0.42687908496732024 0.6628370098039216 0.041666666666666664 0.09712009803921569
0 0.05371732026143791 0.59375 0.0428921568627451 0.08762254901960784
0 0.38500816993464054 0.6636029411764706 0.0428921568627451 0.09620098039215687
0 0.7308006535947712 0.6669730392156863 0.041666666666666664 0.10355392156862746
0 0.2922794117647059 0.6703431372549019 0.04125816993464052 0.09681372549019608
0 0.8300653594771242 0.5347732843137255 0.051470588235294115 0.10202205882352941
0 0.2883986928104575 0.8296568627450981 0.13071895424836602 0.1096813725490196
0 0.5014297385620915 0.8503370098039216 0.05923202614379085 0.05422794117647059
0 0.5512663398692811 0.8112745098039216 0.039624183006535946 0.09865196078431372
0 0.5910947712418301 0.8089767156862745 0.04084967320261438 0.10263480392156862
0 0.6362336601307189 0.8097426470588235 0.04861111111111111 0.11274509803921569
0 0.678921568627451 0.8075980392156863 0.032679738562091505 0.11580882352941177
0 0.7224264705882353 0.8223039215686274 0.05024509803921569 0.10355392156862746
0 0.797998366013072 0.8377757352941176 0.03799019607843137 0.10018382352941177
0 0.8564133986928104 0.8244485294117647 0.046977124183006536 0.0974264705882353
0 0.9001225490196079 0.8265931372549019 0.04044117647058824 0.10355392156862746
0 0.9440359477124183 0.8265931372549019 0.04493464052287582 0.1017156862745098
0 0.983047385620915 0.8249080882352942 0.03145424836601307 0.10386029411764706
0 0.40032679738562094 0.7999387254901961 0.04820261437908497 0.04656862745098039
0 0.44873366013071897 0.8016237745098039 0.04370915032679738 0.04993872549019608
0 0.45179738562091504 0.7579656862745098 0.04738562091503268 0.03553921568627451
0 0.39889705882352944 0.7571997549019608 0.05024509803921569 0.03707107843137255
0 0.02042483660130719 0.8036151960784313 0.03594771241830065 0.07659313725490197
0 0.06025326797385621 0.7936580882352942 0.03799019607843137 0.06158088235294118
0 0.042279411764705885 0.6994485294117647 0.04779411764705882 0.08026960784313726
0 0.16727941176470587 0.6715686274509803 0.044526143790849675 0.09926470588235294
0 0.20772058823529413 0.6686580882352942 0.03553921568627451 0.10386029411764706
0 0.24918300653594772 0.6678921568627451 0.04493464052287582 0.1017156862745098
0 0.33700980392156865 0.6704963235294118 0.04820261437908497 0.09834558823529412
0 0.8774509803921569 0.5370710784313726 0.04330065359477124 0.10600490196078431
0 0.07250816993464053 0.2835477941176471 0.05514705882352941 0.07506127450980392
0 0.9626225490196079 0.5409007352941176 0.03880718954248366 0.10692401960784313
0 0.4150326797385621 0.27818627450980393 0.0457516339869281 0.09620098039215687
0 0.4618055555555556 0.2789522058823529 0.044526143790849675 0.09895833333333333
0 0.508578431372549 0.2769607843137255 0.04820261437908497 0.1017156862745098
0 0.5559640522875817 0.27481617647058826 0.04411764705882353 0.09558823529411764
0 0.6011029411764706 0.2740502450980392 0.0428921568627451 0.0940563725490196
0 0.6488970588235294 0.27159926470588236 0.04616013071895425 0.0977328431372549
0 0.6997549019607843 0.2722120098039216 0.04411764705882353 0.0977328431372549
0 0.7977941176470589 0.2694546568627451 0.13480392156862744 0.09895833333333333
0 0.8858251633986928 0.2789522058823529 0.03880718954248366 0.07873774509803921
0 0.9805964052287581 0.2760416666666667 0.03799019607843137 0.07598039215686274
0 0.04616013071895425 0.15824142156862744 0.0923202614379085 0.06954656862745098
0 0.14583333333333334 0.13403799019607843 0.10784313725490197 0.09957107843137254
0 0.2757352941176471 0.14139093137254902 0.10049019607843138 0.08302696078431372
0 0.39052287581699346 0.12821691176470587 0.10457516339869281 0.10447303921568628
0 0.5106209150326797 0.11856617647058823 0.12418300653594772 0.10784313725490197
0 0.6403186274509803 0.12040441176470588 0.11397058823529412 0.10784313725490197
0 0.7677696078431373 0.1213235294117647 0.11397058823529412 0.0974264705882353
0 0.8564133986928104 0.11534926470588236 0.054330065359477125 0.10753676470588236
0 0.9140114379084967 0.1130514705882353 0.05841503267973856 0.10355392156862746
0 0.9675245098039216 0.11427696078431372 0.04125816993464052 0.10110294117647059
0 0.04963235294117647 0.40471813725490197 0.039624183006535946 0.04656862745098039
0 0.08986928104575163 0.40548406862745096 0.0392156862745098 0.04503676470588235
0 0.9209558823529411 0.5392156862745098 0.04044117647058824 0.10723039215686274
0 0.37336601307189543 0.2786458333333333 0.03594771241830065 0.09650735294117647
0 0.3270016339869281 0.27818627450980393 0.05106209150326797 0.09436274509803921
0 0.9356617647058824 0.2768075980392157 0.046977124183006536 0.07996323529411764
0 0.23774509803921567 0.28017769607843135 0.04084967320261438 0.0934436274509804
0 0.03553921568627451 0.49264705882352944 0.04820261437908497 0.09129901960784313
0 0.28104575163398693 0.2789522058823529 0.042483660130718956 0.09221813725490197
0 0.14767156862745098 0.39767156862745096 0.046977124183006536 0.1053921568627451
0 0.1940359477124183 0.3978247549019608 0.04493464052287582 0.10508578431372549
0 0.24285130718954248 0.3972120098039216 0.053513071895424834 0.10447303921568628
0 0.29391339869281047 0.39690563725490197 0.046977124183006536 0.10508578431372549
0 0.3576388888888889 0.4163602941176471 0.03390522875816993 0.07169117647058823
0 0.3915441176470588 0.4174325980392157 0.030637254901960783 0.07138480392156862
0 0.4244281045751634 0.41620710784313725 0.03431372549019608 0.06770833333333333
0 0.4636437908496732 0.39629289215686275 0.04411764705882353 0.10814950980392157
0 0.5106209150326797 0.39598651960784315 0.04820261437908497 0.10876225490196079
0 0.5588235294117647 0.3946078431372549 0.04738562091503268 0.1133578431372549
0 0.08108660130718955 0.49356617647058826 0.04125816993464052 0.08946078431372549
0 0.6617647058823529 0.3929227941176471 0.05310457516339869 0.1130514705882353
0 0.6086601307189542 0.3935355392156863 0.05310457516339869 0.11243872549019608
0 0.1968954248366013 0.28017769607843135 0.03676470588235294 0.09466911764705882
0 0.9620098039215687 0.39016544117647056 0.051470588235294115 0.09895833333333333
0 0.9076797385620915 0.38924632352941174 0.05718954248366013 0.09650735294117647
0 0.14665032679738563 0.2694546568627451 0.04003267973856209 0.11366421568627451
0 0.7992238562091504 0.39200367647058826 0.0428921568627451 0.10998774509803921
0 0.7561274509803921 0.39276960784313725 0.041666666666666664 0.1090686274509804
0 0.7116013071895425 0.3939950980392157 0.04738562091503268 0.11090686274509803
0 0.8445669934640523 0.39016544117647056 0.04861111111111111 0.1056985294117647
