0 0.6578839869281046 0.5658700980392157 0.05759803921568627 0.028799019607843136
0 0.7242647058823529 0.6643688725490197 0.03104575163398693 0.027879901960784315
0 0.6887254901960784 0.6645220588235294 0.029411764705882353 0.02389705882352941
0 0.6372549019607843 0.6740196078431373 0.06454248366013073 0.03982843137254902
0 0.6854575163398693 0.6328125 0.05228758169934641 0.02665441176470588
0 0.6309232026143791 0.6260723039215687 0.05841503267973856 0.013174019607843137
0 0.9189133986928104 0.5790441176470589 0.0763888888888889 0.027573529411764705
0 0.9199346405228758 0.5510110294117647 0.0727124183006536 0.02665441176470588
0 0.855187908496732 0.5749080882352942 0.03145424836601307 0.0352328431372549
0 0.8611111111111112 0.5355392156862745 0.024509803921568627 0.04105392156862745
0 0.7996323529411765 0.577359068627451 0.07148692810457516 0.03278186274509804
0 0.803921568627451 0.5361519607843137 0.08006535947712418 0.03860294117647059
0 0.7252859477124183 0.5741421568627451 0.07230392156862746 0.04044117647058824
0 0.7183415032679739 0.5291053921568627 0.07230392156862746 0.03308823529411765
0 0.5381944444444444 0.47089460784313725 0.06658496732026144 0.037377450980392156
0 0.6519607843137255 0.5317095588235294 0.05228758169934641 0.03829656862745098
0 0.7689950980392157 0.6810661764705882 0.044526143790849675 0.03002450980392157
0 0.8192401960784313 0.678921568627451 0.039624183006535946 0.027573529411764705
0 0.8639705882352942 0.6819852941176471 0.0457516339869281 0.028186274509803922
0 0.7939133986928104 0.6470588235294118 0.05106209150326797 0.027573529411764705
0 0.7397875816993464 0.7290134803921569 0.0392156862745098 0.018688725490196078
0 0.8654003267973857 0.7728247549019608 0.053513071895424834 0.030330882352941176
0 0.8078022875816994 0.7732843137254902 0.06004901960784314 0.028799019607843136
0 0.7510212418300654 0.7722120098039216 0.05269607843137255 0.030943627450980393
0 0.6605392156862745 0.749234068627451 0.11274509803921569 0.06096813725490196
0 0.5849673202614379 0.7720588235294118 0.03758169934640523 0.034926470588235295
0 0.5245098039215687 0.7573529411764706 0.06454248366013073 0.061887254901960786
0 0.5553513071895425 0.6430759803921569 0.056781045751633986 0.03002450980392157
0 0.4368872549019608 0.7633272058823529 0.10089869281045752 0.07138480392156862
0 0.24101307189542484 0.7645526960784313 0.08660130718954248 0.06893382352941177
0 0.13786764705882354 0.7634803921568627 0.10988562091503268 0.06862745098039216
0 0.05290032679738562 0.7617953431372549 0.05759803921568627 0.05667892156862745
0 0.909109477124183 0.6706495098039216 0.04125816993464052 0.04534313725490196
0 0.9089052287581699 0.6306678921568627 0.04656862745098039 0.03278186274509804
0 0.7489787581699346 0.6341911764705882 0.034722222222222224 0.027573529411764705
0 0.8553921568627451 0.6488970588235294 0.058823529411764705 0.027573529411764705
0 0.3355800653594771 0.7653186274509803 0.09844771241830065 0.06924019607843138
0 0.5629084967320261 0.6757046568627451 0.06535947712418301 0.027879901960784315
0 0.7034313725490197 0.17493872549019607 0.05392156862745098 0.0428921568627451
0 0.7591911764705882 0.17371323529411764 0.05269607843137255 0.04779411764705882
0 0.24877450980392157 0.6499693627450981 0.07679738562091504 0.019301470588235295
0 0.13174019607843138 0.6714154411764706 0.10498366013071896 0.06770833333333333
0 0.03839869281045752 0.6830575980392157 0.0718954248366013 0.04442401960784314
0 0.10580065359477124 0.5870098039215687 0.09640522875816994 0.03676470588235294
0 0.19648692810457516 0.5834865196078431 0.04330065359477124 0.03829656862745098
0 0.1198937908496732 0.5445772058823529 0.1017156862745098 0.036458333333333336
0 0.027165032679738563 0.5899203431372549 0.051879084967320264 0.040747549019607844
0 0.23631535947712418 0.6884191176470589 0.08619281045751634 0.03799019607843137
0 0.02696078431372549 0.5470281862745098 0.05392156862745098 0.04136029411764706
0 0.9434232026143791 0.42723651960784315 0.05514705882352941 0.02971813725490196
0 0.8002450980392157 0.47012867647058826 0.06781045751633986 0.03278186274509804
0 0.8090277777777778 0.43995098039215685 0.06740196078431372 0.022058823529411766
0 0.8735702614379085 0.46246936274509803 0.054330065359477125 0.04503676470588235
0 0.8809232026143791 0.42141544117647056 0.03880718954248366 0.03707107843137255
0 0.8206699346405228 0.41390931372549017 0.06045751633986928 0.030637254901960783
0 0.7252859477124183 0.46829044117647056 0.06985294117647059 0.03768382352941176
0 0.9360702614379085 0.46246936274509803 0.060866013071895424 0.036458333333333336
0 0.7902369281045751 0.7259497549019608 0.04616013071895425 0.023590686274509803
0 0.3220996732026144 0.6841299019607843 0.08047385620915033 0.03799019607843137
0 0.40808823529411764 0.6829044117647058 0.0857843137254902 0.03860294117647059
0 0.8772467320261438 0.1488970588235294 0.17851307189542484 0.05269607843137255
0 0.8703022875816994 0.19332107843137256 0.0951797385620915 0.03125
0 0.9538398692810458 0.19393382352941177 0.06209150326797386 0.03125
0 0.8698937908496732 0.22855392156862744 0.09027777777777778 0.030637254901960783
0 0.960171568627451 0.22855392156862744 0.07965686274509803 0.030637254901960783
0 0.49387254901960786 0.6289828431372549 0.049019607843137254 0.014093137254901961
0 0.5900735294117647 0.5791973039215687 0.06004901960784314 0.036458333333333336
0 0.39481209150326796 0.6420036764705882 0.1017156862745098 0.036458333333333336
0 0.5694444444444444 0.5297181372549019 0.059640522875817 0.032475490196078434
0 0.5187908496732027 0.578125 0.06699346405228758 0.03431372549019608
0 0.44689542483660133 0.5768995098039216 0.0727124183006536 0.031862745098039214
0 0.3727532679738562 0.5828737745098039 0.06413398692810457 0.0352328431372549
0 0.30637254901960786 0.5848651960784313 0.04656862745098039 0.03799019607843137
0 0.3270016339869281 0.5372242647058824 0.06985294117647059 0.03216911764705882
0 0.23508986928104575 0.5447303921568627 0.05106209150326797 0.017769607843137254
0 0.2514297385620915 0.5814950980392157 0.054330065359477125 0.03431372549019608
0 0.48447712418300654 0.5407475490196079 0.05065359477124183 0.03553921568627451
0 0.7218137254901961 0.4362745098039216 0.06290849673202614 0.022058823529411766
0 0.8421160130718954 0.7259497549019608 0.05759803921568627 0.024816176470588234
0 0.9183006535947712 0.7689950980392157 0.0457516339869281 0.03125
0 0.6507352941176471 0.3008578431372549 0.12336601307189543 0.014705882352941176
0 0.7593954248366013 0.31525735294117646 0.0718954248366013 0.0196078431372549
0 0.6511437908496732 0.32046568627450983 0.12663398692810457 0.02144607843137255
0 0.5091911764705882 0.35049019607843135 0.11151960784313726 0.05514705882352941
0 0.3954248366013072 0.3587622549019608 0.1119281045751634 0.0428921568627451
0 0.9211601307189542 0.7299325980392157 0.05718954248366013 0.03278186274509804
0 0.06658496732026144 0.18121936274509803 0.11437908496732026 0.05361519607843137
0 0.0647467320261438 0.23606004901960784 0.11070261437908496 0.047487745098039214
0 0.16911764705882354 0.23330269607843138 0.08986928104575163 0.05116421568627451
0 0.19219771241830066 0.18275122549019607 0.1156045751633987 0.046262254901960786
0 0.27124183006535946 0.23345588235294118 0.10049019607843138 0.042279411764705885
0 0.3845996732026144 0.22886029411764705 0.12050653594771242 0.04718137254901961
0 0.28982843137254904 0.19240196078431374 0.061683006535947715 0.03431372549019608
0 0.48427287581699346 0.19194240196078433 0.0755718954248366 0.040747549019607844
0 0.4863153594771242 0.23284313725490197 0.07393790849673203 0.03799019607843137
0 0.5571895424836601 0.17754289215686275 0.06045751633986928 0.021752450980392156
0 0.5575980392156863 0.20036764705882354 0.06290849673202614 0.0196078431372549
0 0.5620915032679739 0.23299632352941177 0.07026143790849673 0.03952205882352941
0 0.19852941176470587 0.30713848039215685 0.10947712418300654 0.046262254901960786
0 0.2979983660130719 0.3046875 0.07393790849673203 0.013786764705882353
0 0.3000408496732026 0.3212316176470588 0.07393790849673203 0.016237745098039217
0 0.3946078431372549 0.32276348039215685 0.10130718954248366 0.017463235294117647
0 0.39644607843137253 0.296875 0.09844771241830065 0.027573529411764705
0 0.5055147058823529 0.31234681372549017 0.0951797385620915 0.015625
0 0.5130718954248366 0.28921568627450983 0.10620915032679738 0.024509803921568627
0 0.08292483660130719 0.3553921568627451 0.11029411764705882 0.05514705882352941
0 0.1889297385620915 0.35830269607843135 0.09681372549019608 0.04503676470588235
0 0.6319444444444444 0.3547794117647059 0.1184640522875817 0.03982843137254902
0 0.7087418300653595 0.3547794117647059 0.02287581699346405 0.0428921568627451
0 0.28594771241830064 0.35799632352941174 0.09558823529411764 0.046875
0 0.7549019607843137 0.3503370098039216 0.026143790849673203 0.048100490196078434
0 0.9665032679738562 0.6714154411764706 0.06209150326797386 0.04197303921568627
0 0.9805964052287581 0.7352941176470589 0.039624183006535946 0.029411764705882353
0 0.9730392156862745 0.7715992647058824 0.05473856209150327 0.03829656862745098
0 0.2734885620915033 0.42356004901960786 0.05269607843137255 0.030943627450980393
0 0.6343954248366013 0.1870404411764706 0.07924836601307189 0.040747549019607844
0 0.7322303921568627 0.3518688725490196 0.017565359477124183 0.04442401960784314
0 0.7066993464052288 0.22334558823529413 0.06290849673202614 0.04656862745098039
0 0.7802287581699346 0.22166053921568626 0.08088235294117647 0.04871323529411765
0 0.6507352941176471 0.4146752450980392 0.05473856209150327 0.03216911764705882
0 0.5868055555555556 0.42172181372549017 0.06495098039215687 0.050551470588235295
0 0.5267565359477124 0.42861519607843135 0.0363562091503268 0.037377450980392156
0 0.47120098039215685 0.4111519607843137 0.07475490196078431 0.012867647058823529
0 0.46343954248366015 0.4338235294117647 0.07066993464052287 0.022058823529411766
0 0.47120098039215685 0.4690563725490196 0.05923202614379085 0.04411764705882353
0 0.6362336601307189 0.23023897058823528 0.07148692810457516 0.03952205882352941
0 0.33251633986928103 0.4742647058823529 0.07352941176470588 0.04411764705882353
0 0.7804330065359477 0.34987745098039214 0.016748366013071895 0.04595588235294118
0 0.4082924836601307 0.47150735294117646 0.06658496732026144 0.04779411764705882
0 0.8174019607843137 0.35263480392156865 0.051470588235294115 0.037377450980392156
0 0.8772467320261438 0.3503370098039216 0.046977124183006536 0.036458333333333336
0 0.9524101307189542 0.31357230392156865 0.0959967320261438 0.0352328431372549
0 0.9603758169934641 0.3524816176470588 0.08006535947712418 0.0352328431372549
0 0.633578431372549 0.46875 0.10784313725490197 0.04411764705882353
0 0.05514705882352941 0.4378063725490196 0.11029411764705882 0.04718137254901961
0 0.8241421568627451 0.30300245098039214 0.0559640522875817 0.029411764705882353
0 0.2571486928104575 0.4661458333333333 0.068218954248366 0.04381127450980392
0 0.3633578431372549 0.42693014705882354 0.11233660130718955 0.03400735294117647
0 0.18566176470588236 0.42662377450980393 0.07230392156862746 0.030330882352941176
0 0.0625 0.4814644607843137 0.125 0.036458333333333336
0 0.18198529411764705 0.47120098039215685 0.0821078431372549 0.05024509803921569
