0 0.7673611111111112 0.5015318627450981 0.01511437908496732 0.03676470588235294
0 0.7845179738562091 0.5024509803921569 0.016748366013071895 0.03799019607843137
0 0.7975898692810458 0.5006127450980392 0.011029411764705883 0.04105392156862745
0 0.809640522875817 0.4993872549019608 0.011437908496732025 0.034926470588235295
0 0.8274101307189542 0.49785539215686275 0.012663398692810458 0.032475490196078434
0 0.8511029411764706 0.5013786764705882 0.014297385620915032 0.03707107843137255
0 0.8639705882352942 0.4987745098039216 0.013071895424836602 0.037377450980392156
0 0.988562091503268 0.5499387254901961 0.011437908496732025 0.04411764705882353
0 0.8911356209150327 0.49019607843137253 0.015931372549019607 0.03860294117647059
0 0.7508169934640523 0.5038296568627451 0.0196078431372549 0.0352328431372549
0 0.9756944444444444 0.5497855392156863 0.010212418300653595 0.04136029411764706
0 0.9650735294117647 0.5537683823529411 0.009395424836601307 0.04871323529411765
0 0.5900735294117647 0.3864889705882353 0.03880718954248366 0.03155637254901961
0 0.5500408496732027 0.38817401960784315 0.037173202614379085 0.03308823529411765
0 0.8776552287581699 0.4954044117647059 0.010212418300653595 0.030637254901960783
0 0.6299019607843137 0.38465073529411764 0.04084967320261438 0.0352328431372549
0 0.7032271241830066 0.34589460784313725 0.0363562091503268 0.028186274509803922
0 0.7054738562091504 0.3772977941176471 0.032679738562091505 0.03278186274509804
0 0.5927287581699346 0.24310661764705882 0.041666666666666664 0.036458333333333336
0 0.5410539215686274 0.2763480392156863 0.03799019607843137 0.0392156862745098
0 0.5849673202614379 0.2803308823529412 0.03676470588235294 0.032475490196078434
0 0.6233660130718954 0.2806372549019608 0.03594771241830065 0.029411764705882353
0 0.6658496732026143 0.2806372549019608 0.04330065359477124 0.028799019607843136
0 0.7034313725490197 0.27971813725490197 0.032679738562091505 0.030637254901960783
0 0.7491830065359477 0.3059129901960784 0.04656862745098039 0.2110906862745098
0 0.7054738562091504 0.3125 0.03676470588235294 0.034926470588235295
0 0.6683006535947712 0.31357230392156865 0.03758169934640523 0.033394607843137254
0 0.6284722222222222 0.3131127450980392 0.039624183006535946 0.03615196078431373
0 0.5859885620915033 0.31418504901960786 0.03880718954248366 0.03216911764705882
0 0.5467728758169934 0.3160232843137255 0.039624183006535946 0.035845588235294115
0 0.5439133986928104 0.3527879901960784 0.039624183006535946 0.03278186274509804
0 0.5868055555555556 0.3512561274509804 0.04044117647058824 0.03462009803921569
0 0.6284722222222222 0.34880514705882354 0.03799019607843137 0.030943627450980393
0 0.6668709150326797 0.34849877450980393 0.037173202614379085 0.03400735294117647
0 0.5475898692810458 0.42386642156862747 0.04125816993464052 0.03400735294117647
0 0.6687091503267973 0.38235294117647056 0.03676470588235294 0.030637254901960783
0 0.5898692810457516 0.41973039215686275 0.03839869281045752 0.034926470588235295
0 0.8680555555555556 0.2997855392156863 0.01715686274509804 0.043198529411764705
0 0.6678921568627451 0.4149816176470588 0.035130718954248366 0.03155637254901961
0 0.988562091503268 0.6069240196078431 0.013071895424836602 0.04595588235294118
0 0.43790849673202614 0.030943627450980393 0.12745098039215685 0.05575980392156863
0 0.5498366013071896 0.03829656862745098 0.09068627450980392 0.0704656862745098
0 0.6411356209150327 0.042279411764705885 0.09191176470588236 0.06311274509803921
0 0.9248366013071896 0.07337622549019608 0.06781045751633986 0.0701593137254902
0 0.8478349673202614 0.0701593137254902 0.08537581699346405 0.061274509803921566
0 0.7612336601307189 0.059895833333333336 0.08700980392156862 0.07996323529411764
0 0.9746732026143791 0.6095281862745098 0.012254901960784314 0.04381127450980392
0 0.713031045751634 0.5856311274509803 0.03390522875816993 0.0272671568627451
0 0.7064950980392157 0.5277267156862745 0.03880718954248366 0.030943627450980393
0 0.7069035947712419 0.4931066176470588 0.03553921568627451 0.03216911764705882
0 0.7079248366013072 0.6841299019607843 0.029411764705882353 0.029411764705882353
0 0.6738153594771242 0.686734068627451 0.030637254901960783 0.024816176470588234
0 0.6748366013071896 0.6599264705882353 0.032679738562091505 0.026348039215686275
0 0.7109885620915033 0.6496629901960784 0.03799019607843137 0.0272671568627451
0 0.7077205882352942 0.6217830882352942 0.03308823529411765 0.02542892156862745
0 0.710171568627451 0.5582107843137255 0.03799019607843137 0.027573529411764705
0 0.6274509803921569 0.42018995098039214 0.03594771241830065 0.030943627450980393
0 0.9628267973856209 0.6122855392156863 0.011437908496732025 0.047487745098039214
0 0.9297385620915033 0.6132046568627451 0.012254901960784314 0.05238970588235294
0 0.7066993464052288 0.41253063725490197 0.03104575163398693 0.03400735294117647
0 0.8513071895424836 0.3014705882352941 0.013888888888888888 0.0392156862745098
0 0.8382352941176471 0.3013174019607843 0.011437908496732025 0.04013480392156863
0 0.9491421568627451 0.5556066176470589 0.01838235294117647 0.04381127450980392
0 0.8459967320261438 0.5772058823529411 0.012254901960784314 0.04105392156862745
0 0.8314950980392157 0.5810355392156863 0.01184640522875817 0.045649509803921566
0 0.8116830065359477 0.5793504901960784 0.025326797385620915 0.04840686274509804
0 0.9495506535947712 0.6136642156862745 0.013480392156862746 0.04779411764705882
0 0.7773692810457516 0.6441482843137255 0.014705882352941176 0.057291666666666664
0 0.8159722222222222 0.640625 0.01511437908496732 0.04595588235294118
0 0.8341503267973857 0.6331188725490197 0.015522875816993464 0.05238970588235294
0 0.8486519607843137 0.6328125 0.01511437908496732 0.04932598039215686
0 0.8639705882352942 0.6288296568627451 0.013071895424836602 0.04993872549019608
0 0.8856209150326797 0.6282169117647058 0.014705882352941176 0.04932598039215686
0 0.9003267973856209 0.6234681372549019 0.00980392156862745 0.0545343137254902
0 0.9158496732026143 0.6174938725490197 0.015522875816993464 0.04932598039215686
0 0.7975898692810458 0.6374080882352942 0.01511437908496732 0.05177696078431373
0 0.8629493464052288 0.5750612745098039 0.013480392156862746 0.0392156862745098
0 0.29411764705882354 0.22901348039215685 0.04820261437908497 0.04197303921568627
0 0.6721813725490197 0.6245404411764706 0.03145424836601307 0.02297794117647059
0 0.9618055555555556 0.25995710784313725 0.009395424836601307 0.030330882352941176
0 0.9501633986928104 0.25965073529411764 0.013071895424836602 0.03278186274509804
0 0.9381127450980392 0.2601102941176471 0.01184640522875817 0.03308823529411765
0 0.9254493464052288 0.26056985294117646 0.012663398692810458 0.03462009803921569
0 0.9123774509803921 0.2619485294117647 0.014297385620915032 0.032475490196078434
0 0.9824346405228758 0.29641544117647056 0.015522875816993464 0.03952205882352941
0 0.983251633986928 0.3382352941176471 0.013071895424836602 0.037377450980392156
0 0.9850898692810458 0.38480392156862747 0.016748366013071895 0.041666666666666664
0 0.05249183006535948 0.5456495098039216 0.039624183006535946 0.02389705882352941
0 0.08598856209150327 0.6058517156862745 0.06576797385620915 0.03768382352941176
0 0.15379901960784315 0.5978860294117647 0.05923202614379085 0.045649509803921566
0 0.21446078431372548 0.5891544117647058 0.05392156862745098 0.03431372549019608
0 0.26776960784313725 0.5848651960784313 0.05024509803921569 0.04105392156862745
0 0.027573529411764705 0.6576286764705882 0.05514705882352941 0.04013480392156863
0 0.08925653594771242 0.6521139705882353 0.06004901960784314 0.04442401960784314
0 0.15441176470588236 0.6441482843137255 0.056372549019607844 0.03768382352941176
0 0.2142565359477124 0.6364889705882353 0.05759803921568627 0.04197303921568627
0 0.27593954248366015 0.6297487745098039 0.05841503267973856 0.036458333333333336
0 0.32679738562091504 0.6182598039215687 0.041666666666666664 0.044730392156862746
0 0.37663398692810457 0.6090686274509803 0.04820261437908497 0.028799019607843136
0 0.37683823529411764 0.6475183823529411 0.04534313725490196 0.03829656862745098
0 0.33088235294117646 0.6556372549019608 0.0392156862745098 0.028186274509803922
0 0.27879901960784315 0.6677389705882353 0.054330065359477125 0.03278186274509804
0 0.21895424836601307 0.6750919117647058 0.05555555555555555 0.029105392156862746
0 0.15890522875816993 0.6842830882352942 0.05718954248366013 0.03829656862745098
0 0.09538398692810457 0.694546568627451 0.061683006535947715 0.03308823529411765
0 0.029616013071895424 0.7011335784313726 0.05514705882352941 0.04136029411764706
0 0.9756944444444444 0.25888480392156865 0.014297385620915032 0.03125
0 0.8941993464052288 0.38756127450980393 0.017973856209150325 0.03860294117647059
0 0.9095179738562091 0.3861825980392157 0.01184640522875817 0.03829656862745098
0 0.9217728758169934 0.38419117647058826 0.01184640522875817 0.03615196078431373
0 0.7877859477124183 0.30162377450980393 0.01838235294117647 0.048100490196078434
0 0.8696895424836601 0.34650735294117646 0.017973856209150325 0.041666666666666664
0 0.852328431372549 0.34574142156862747 0.015931372549019607 0.04258578431372549
0 0.8382352941176471 0.34589460784313725 0.011437908496732025 0.04350490196078431
0 0.823937908496732 0.3486519607843137 0.015522875816993464 0.0428921568627451
0 0.8075980392156863 0.3486519607843137 0.015522875816993464 0.0428921568627451
0 0.7894199346405228 0.3509497549019608 0.01919934640522876 0.04442401960784314
0 0.8680555555555556 0.3903186274509804 0.013071895424836602 0.04350490196078431
0 0.8543709150326797 0.39231004901960786 0.015931372549019607 0.04136029411764706
0 0.8374183006535948 0.3938419117647059 0.01715686274509804 0.04442401960784314
0 0.8214869281045751 0.39537377450980393 0.016339869281045753 0.04381127450980392
0 0.8037173202614379 0.3935355392156863 0.01511437908496732 0.040747549019607844
0 0.7867647058823529 0.39629289215686275 0.016339869281045753 0.04197303921568627
0 0.03390522875816993 0.7428002450980392 0.06372549019607843 0.035845588235294115
0 0.9624183006535948 0.2974877450980392 0.016339869281045753 0.041666666666666664
0 0.9315767973856209 0.29963235294117646 0.012663398692810458 0.0428921568627451
0 0.9185049019607843 0.3000919117647059 0.010212418300653595 0.04197303921568627
0 0.9035947712418301 0.3013174019607843 0.015522875816993464 0.046262254901960786
0 0.8901143790849673 0.3002450980392157 0.013888888888888888 0.04779411764705882
0 0.9650735294117647 0.34175857843137253 0.01511437908496732 0.03829656862745098
0 0.9495506535947712 0.3411458333333333 0.017565359477124183 0.03952205882352941
0 0.9340277777777778 0.34175857843137253 0.01184640522875817 0.04136029411764706
0 0.9215686274509803 0.34390318627450983 0.012254901960784314 0.04013480392156863
0 0.9076797385620915 0.34574142156862747 0.011437908496732025 0.04013480392156863
0 0.8911356209150327 0.34482230392156865 0.015931372549019607 0.04136029411764706
0 0.9654820261437909 0.38388480392156865 0.01838235294117647 0.03676470588235294
0 0.9483251633986928 0.3825061274509804 0.015931372549019607 0.03952205882352941
0 0.9356617647058824 0.38097426470588236 0.00857843137254902 0.03400735294117647
0 0.9452614379084967 0.29886642156862747 0.013888888888888888 0.04136029411764706
0 0.6323529411764706 0.24463848039215685 0.03594771241830065 0.033394607843137254
0 0.09865196078431372 0.7357536764705882 0.0625 0.04197303921568627
0 0.215890522875817 0.7129289215686274 0.056781045751633986 0.0392156862745098
0 0.6286764705882353 0.5707720588235294 0.03839869281045752 0.032475490196078434
0 0.6701388888888888 0.5620404411764706 0.03553921568627451 0.026041666666666668
0 0.6725898692810458 0.5925245098039216 0.03308823529411765 0.034926470588235295
0 0.6309232026143791 0.6004901960784313 0.034722222222222224 0.025122549019607844
0 0.5929330065359477 0.6064644607843137 0.037173202614379085 0.035845588235294115
0 0.5514705882352942 0.616421568627451 0.03431372549019608 0.02696078431372549
0 0.5118464052287581 0.6190257352941176 0.04493464052287582 0.033394607843137254
0 0.46772875816993464 0.6294424019607843 0.0392156862745098 0.03155637254901961
0 0.42483660130718953 0.6349571078431373 0.0392156862745098 0.03462009803921569
0 0.42197712418300654 0.6700367647058824 0.03676470588235294 0.028186274509803922
0 0.465890522875817 0.6672794117647058 0.03880718954248366 0.032475490196078434
0 0.5098039215686274 0.6530330882352942 0.03676470588235294 0.024816176470588234
0 0.5494281045751634 0.649203431372549 0.03839869281045752 0.031862745098039214
0 0.5898692810457516 0.6410845588235294 0.03839869281045752 0.022365196078431373
0 0.6301062091503268 0.6334252450980392 0.03308823529411765 0.03278186274509804
0 0.6345996732026143 0.6660539215686274 0.039624183006535946 0.029411764705882353
0 0.5949754901960784 0.671875 0.03308823529411765 0.026348039215686275
0 0.5561683006535948 0.6806066176470589 0.037173202614379085 0.027879901960784315
0 0.516952614379085 0.6873468137254902 0.034722222222222224 0.026041666666666668
0 0.47549019607843135 0.6997549019607843 0.04003267973856209 0.029411764705882353
0 0.4287173202614379 0.7068014705882353 0.039624183006535946 0.03002450980392157
0 0.4319852941176471 0.7412683823529411 0.04044117647058824 0.02971813725490196
0 0.47324346405228757 0.7357536764705882 0.037173202614379085 0.035845588235294115
0 0.5161356209150327 0.7181372549019608 0.03308823529411765 0.026348039215686275
0 0.5549428104575164 0.7143075980392157 0.03308823529411765 0.033394607843137254
0 0.5939542483660131 0.7022058823529411 0.03022875816993464 0.025122549019607844
0 0.6315359477124183 0.6999080882352942 0.031862745098039214 0.02849264705882353
0 0.5886437908496732 0.5732230392156863 0.04003267973856209 0.02696078431372549
0 0.5488153594771242 0.5796568627450981 0.037173202614379085 0.0392156862745098
0 0.5100081699346405 0.5877757352941176 0.04125816993464052 0.02542892156862745
0 0.4660947712418301 0.5951286764705882 0.0392156862745098 0.03278186274509804
0 0.27532679738562094 0.7034313725490197 0.049019607843137254 0.030637254901960783
0 0.3290441176470588 0.6901041666666666 0.04534313725490196 0.036458333333333336
0 0.3790849673202614 0.6829044117647058 0.04493464052287582 0.026348039215686275
0 0.3837826797385621 0.7184436274509803 0.04370915032679738 0.03615196078431373
0 0.3314950980392157 0.727328431372549 0.05024509803921569 0.03860294117647059
0 0.27879901960784315 0.7405024509803921 0.04616013071895425 0.037377450980392156
0 0.2232434640522876 0.7504595588235294 0.05923202614379085 0.03278186274509804
0 0.1656454248366013 0.7617953431372549 0.04779411764705882 0.03400735294117647
0 0.10723039215686274 0.7761948529411765 0.0625 0.02971813725490196
0 0.042279411764705885 0.7859987745098039 0.05841503267973856 0.03707107843137255
0 0.04350490196078431 0.8229166666666666 0.05841503267973856 0.03431372549019608
0 0.11008986928104575 0.8108149509803921 0.056781045751633986 0.02849264705882353
0 0.16789215686274508 0.7965686274509803 0.05065359477124183 0.027573529411764705
0 0.16176470588235295 0.7253370098039216 0.05065359477124183 0.03155637254901961
0 0.22406045751633988 0.788296568627451 0.04861111111111111 0.032475490196078434
0 0.3359885620915033 0.7650122549019608 0.04779411764705882 0.03125
0 0.3831699346405229 0.7553615196078431 0.03676470588235294 0.0272671568627451
0 0.4227941176470588 0.5615808823529411 0.042483660130718956 0.03125
0 0.4701797385620915 0.5560661764705882 0.04330065359477124 0.032475490196078434
0 0.5051062091503268 0.5137867647058824 0.04370915032679738 0.030637254901960783
0 0.5500408496732027 0.5108762254901961 0.04370915032679738 0.03400735294117647
0 0.5900735294117647 0.5033700980392157 0.030637254901960783 0.03125
0 0.6264297385620915 0.5024509803921569 0.03799019607843137 0.034926470588235295
0 0.630718954248366 0.5364583333333334 0.035130718954248366 0.03308823529411765
0 0.5935457516339869 0.5405943627450981 0.03594771241830065 0.03216911764705882
0 0.5575980392156863 0.5445772058823529 0.03431372549019608 0.030943627450980393
0 0.5171568627450981 0.5508578431372549 0.03839869281045752 0.02696078431372549
0 0.42463235294117646 0.5969669117647058 0.03799019607843137 0.03155637254901961
0 0.28370098039215685 0.7765012254901961 0.0494281045751634 0.0272671568627451
0 0.6691176470588235 0.24463848039215685 0.031862745098039214 0.033394607843137254
0 0.8200571895424836 0.3008578431372549 0.01511437908496732 0.04350490196078431
0 0.6968954248366013 0.20649509803921567 0.03594771241830065 0.03676470588235294
0 0.25245098039215685 0.4024203431372549 0.06209150326797386 0.0389093137254902
0 0.7054738562091504 0.24126838235294118 0.04084967320261438 0.035845588235294115
0 0.24509803921568626 0.3587622549019608 0.049836601307189546 0.04105392156862745
0 0.24183006535947713 0.31862745098039214 0.06699346405228758 0.03860294117647059
0 0.23570261437908496 0.27328431372549017 0.05555555555555555 0.04350490196078431
0 0.23366013071895425 0.22855392156862744 0.06699346405228758 0.041666666666666664
0 0.22630718954248366 0.18321078431372548 0.05310457516339869 0.04350490196078431
0 0.2867647058823529 0.18382352941176472 0.059640522875817 0.04350490196078431
0 0.29697712418300654 0.27328431372549017 0.05555555555555555 0.04534313725490196
0 0.30575980392156865 0.3587622549019608 0.056781045751633986 0.03860294117647059
0 0.3110702614379085 0.3996629901960784 0.04616013071895425 0.040747549019607844
0 0.31270424836601307 0.4375 0.054330065359477125 0.03431372549019608
0 0.3660130718954248 0.4375 0.04330065359477124 0.03615196078431373
0 0.36233660130718953 0.39920343137254904 0.049836601307189546 0.03370098039215686
0 0.3574346405228758 0.359375 0.042483660130718956 0.03982843137254902
0 0.35314542483660133 0.3164828431372549 0.051879084967320264 0.03676470588235294
0 0.3519199346405229 0.27481617647058826 0.05106209150326797 0.037377450980392156
0 0.2540849673202614 0.44515931372549017 0.05555555555555555 0.042279411764705885
0 0.1948529411764706 0.44546568627450983 0.06372549019607843 0.04105392156862745
0 0.19076797385620914 0.4036458333333333 0.05473856209150327 0.03952205882352941
0 0.18586601307189543 0.36151960784313725 0.05800653594771242 0.04105392156862745
0 0.8045343137254902 0.29963235294117646 0.013480392156862746 0.04595588235294118
0 0.03308823529411765 0.17401960784313725 0.06209150326797386 0.04840686274509804
0 0.037173202614379085 0.22212009803921567 0.06045751633986928 0.04044117647058824
0 0.042483660130718956 0.2697610294117647 0.07679738562091504 0.04993872549019608
0 0.04861111111111111 0.3167892156862745 0.0661764705882353 0.04350490196078431
0 0.05024509803921569 0.36213235294117646 0.0718954248366013 0.04534313725490196
0 0.0559640522875817 0.40824142156862747 0.06781045751633986 0.045649509803921566
0 0.059640522875817 0.45465686274509803 0.07026143790849673 0.03799019607843137
0 0.3506944444444444 0.23146446078431374 0.060866013071895424 0.03829656862745098
0 0.1301062091503268 0.4525122549019608 0.0559640522875817 0.0428921568627451
0 0.12030228758169935 0.3636642156862745 0.060866013071895424 0.04044117647058824
0 0.11825980392156862 0.3167892156862745 0.07312091503267974 0.042279411764705885
0 0.11254084967320262 0.27236519607843135 0.05759803921568627 0.042279411764705885
0 0.11131535947712418 0.22579656862745098 0.0625 0.04411764705882353
0 0.1650326797385621 0.1801470588235294 0.06535947712418301 0.04534313725490196
0 0.17279411764705882 0.22748161764705882 0.05392156862745098 0.04503676470588235
0 0.17524509803921567 0.27297794117647056 0.061274509803921566 0.044730392156862746
0 0.18137254901960784 0.3180147058823529 0.049019607843137254 0.04595588235294118
0 0.12520424836601307 0.40701593137254904 0.06740196078431372 0.04197303921568627
0 0.34048202614379086 0.19087009803921567 0.044526143790849675 0.04350490196078431
0 0.30187908496732024 0.31832107843137253 0.04493464052287582 0.04044117647058824
0 0.40032679738562094 0.23636642156862744 0.0392156862745098 0.04442401960784314
0 0.3929738562091503 0.19056372549019607 0.04820261437908497 0.041666666666666664
0 0.4979575163398693 0.27818627450980393 0.03758169934640523 0.03676470588235294
0 0.622140522875817 0.20496323529411764 0.03349673202614379 0.03676470588235294
0 0.6580882352941176 0.20618872549019607 0.031862745098039214 0.0392156862745098
0 0.4963235294117647 0.23697916666666666 0.04330065359477124 0.03952205882352941
0 0.49387254901960786 0.19638480392156862 0.041666666666666664 0.03553921568627451
0 0.5841503267973857 0.20159313725490197 0.0392156862745098 0.042279411764705885
0 0.5016339869281046 0.3544730392156863 0.04084967320261438 0.037377450980392156
0 0.5077614379084967 0.390625 0.04493464052287582 0.032475490196078434
0 0.5026552287581699 0.42723651960784315 0.046977124183006536 0.03216911764705882
0 0.4583333333333333 0.4287683823529412 0.04003267973856209 0.03462009803921569
0 0.5 0.3167892156862745 0.04411764705882353 0.03308823529411765
0 0.4599673202614379 0.390625 0.042483660130718956 0.034926470588235295
0 0.4554738562091503 0.3170955882352941 0.0392156862745098 0.034926470588235295
0 0.45016339869281047 0.27879901960784315 0.04411764705882353 0.04105392156862745
0 0.45016339869281047 0.23636642156862744 0.041666666666666664 0.04136029411764706
0 0.4456699346405229 0.1948529411764706 0.04330065359477124 0.04105392156862745
0 0.41380718954248363 0.43213848039215685 0.04493464052287582 0.03216911764705882
0 0.41094771241830064 0.3939950980392157 0.04656862745098039 0.03553921568627451
0 0.4035947712418301 0.35692401960784315 0.049019607843137254 0.03799019607843137
0 0.40441176470588236 0.3170955882352941 0.04738562091503268 0.03799019607843137
0 0.4035947712418301 0.27818627450980393 0.04493464052287582 0.03982843137254902
0 0.4571078431372549 0.35324754901960786 0.041666666666666664 0.03370098039215686
