0 0.18504901960784315 0.08639705882352941 0.10702614379084967 0.17279411764705882
0 0.9395424836601307 0.42815563725490197 0.03431372549019608 0.05238970588235294
0 0.6366421568627451 0.7795649509803921 0.07802287581699346 0.04381127450980392
0 0.9783496732026143 0.43612132352941174 0.04330065359477124 0.06832107843137254
0 0.0900735294117647 0.5212928921568627 0.08946078431372549 0.06587009803921569
0 0.18361928104575165 0.5200674019607843 0.08782679738562091 0.06341911764705882
0 0.0974264705882353 0.5816482843137255 0.09436274509803921 0.04258578431372549
0 0.10069444444444445 0.6346507352941176 0.08782679738562091 0.06096813725490196
0 0.19158496732026145 0.5816482843137255 0.08741830065359477 0.047487745098039214
0 0.19730392156862744 0.6420036764705882 0.07598039215686274 0.04871323529411765
0 0.27593954248366015 0.5206801470588235 0.08455882352941177 0.06709558823529412
0 0.36376633986928103 0.5212928921568627 0.08129084967320262 0.04381127450980392
0 0.28574346405228757 0.5840992647058824 0.08782679738562091 0.04503676470588235
0 0.28084150326797386 0.6407781862745098 0.07148692810457516 0.046262254901960786
0 0.3735702614379085 0.5824142156862745 0.08129084967320262 0.051470588235294115
0 0.3715277777777778 0.6380208333333334 0.07883986928104575 0.045649509803921566
0 0.465890522875817 0.5842524509803921 0.07720588235294118 0.05269607843137255
0 0.46078431372549017 0.6375612745098039 0.08169934640522876 0.04963235294117647
0 0.5504493464052288 0.5822610294117647 0.07148692810457516 0.046262254901960786
0 0.6411356209150327 0.5827205882352942 0.09027777777777778 0.0428921568627451
0 0.6435866013071896 0.5269607843137255 0.08374183006535947 0.05698529411764706
0 0.5471813725490197 0.6387867647058824 0.08455882352941177 0.0545343137254902
0 0.6384803921568627 0.6383272058823529 0.0915032679738562 0.05361519607843137
0 0.8956290849673203 0.4336703431372549 0.037173202614379085 0.06096813725490196
0 0.8574346405228758 0.4306066176470588 0.0392156862745098 0.0548406862745098
0 0.8192401960784313 0.43244485294117646 0.037173202614379085 0.05606617647058824
0 0.7787990196078431 0.43183210784313725 0.04370915032679738 0.0548406862745098
0 0.4229983660130719 0.27037377450980393 0.04044117647058824 0.13388480392156862
0 0.4693627450980392 0.2728247549019608 0.05228758169934641 0.12898284313725492
0 0.5181781045751634 0.27527573529411764 0.04861111111111111 0.13143382352941177
0 0.5643382352941176 0.27527573529411764 0.04370915032679738 0.13143382352941177
0 0.6096813725490197 0.27650122549019607 0.046977124183006536 0.13388480392156862
0 0.65625 0.27650122549019607 0.04861111111111111 0.13388480392156862
0 0.7048611111111112 0.27527573529411764 0.04534313725490196 0.13388480392156862
0 0.8680555555555556 0.28079044117647056 0.06045751633986928 0.12285539215686274
0 0.928921568627451 0.2783394607843137 0.05555555555555555 0.1253063725490196
0 0.010620915032679739 0.40012254901960786 0.021241830065359478 0.08884803921568628
0 0.7277369281045751 0.6438419117647058 0.07475490196078431 0.04993872549019608
0 0.044730392156862746 0.40318627450980393 0.04044117647058824 0.08517156862745098
0 0.3425245098039216 0.40870098039215685 0.05514705882352941 0.08639705882352941
0 0.39052287581699346 0.4117647058823529 0.04084967320261438 0.09252450980392157
0 0.4319852941176471 0.4056372549019608 0.042075163398692814 0.0974264705882353
0 0.47671568627450983 0.41299019607843135 0.03431372549019608 0.11213235294117647
0 0.5253267973856209 0.4117647058823529 0.04084967320261438 0.0974264705882353
0 0.5676062091503268 0.4111519607843137 0.04370915032679738 0.09620098039215687
0 0.6154003267973857 0.4257046568627451 0.03880718954248366 0.057291666666666664
0 0.6560457516339869 0.4336703431372549 0.032679738562091505 0.06096813725490196
0 0.6975081699346405 0.43121936274509803 0.037173202614379085 0.05361519607843137
0 0.7365196078431373 0.43121936274509803 0.04084967320261438 0.05606617647058824
0 0.29064542483660133 0.4111519607843137 0.04534313725490196 0.09129901960784313
0 0.7252859477124183 0.5873161764705882 0.07312091503267974 0.04595588235294118
0 0.7383578431372549 0.5286458333333334 0.08946078431372549 0.0585171568627451
0 0.8282271241830066 0.5307904411764706 0.07475490196078431 0.05545343137254902
0 0.5520833333333334 0.7250306372549019 0.07475490196078431 0.05667892156862745
0 0.5547385620915033 0.7774203431372549 0.08006535947712418 0.03952205882352941
0 0.5477941176470589 0.8265931372549019 0.06699346405228758 0.04534313725490196
0 0.5514705882352942 0.8840379901960784 0.07352941176470588 0.053002450980392156
0 0.07945261437908496 0.0822610294117647 0.08455882352941177 0.15962009803921567
0 0.6339869281045751 0.8815870098039216 0.07924836601307189 0.04932598039215686
0 0.9638480392156863 0.8852634803921569 0.07312091503267974 0.050551470588235295
0 0.9685457516339869 0.8345588235294118 0.0661764705882353 0.041666666666666664
0 0.9718137254901961 0.7840073529411765 0.059640522875817 0.04044117647058824
0 0.9783496732026143 0.7305453431372549 0.04656862745098039 0.060355392156862746
0 0.46854575163398693 0.883578431372549 0.0727124183006536 0.04718137254901961
0 0.9013480392156863 0.7300857843137255 0.07802287581699346 0.06004901960784314
0 0.8815359477124183 0.8319546568627451 0.0784313725490196 0.04381127450980392
0 0.8774509803921569 0.882046568627451 0.0857843137254902 0.04350490196078431
0 0.7988153594771242 0.8823529411764706 0.06740196078431372 0.052083333333333336
0 0.8041258169934641 0.8279718137254902 0.07720588235294118 0.043198529411764705
0 0.8063725490196079 0.7746629901960784 0.07679738562091504 0.05606617647058824
0 0.7142565359477124 0.8848039215686274 0.07148692810457516 0.04779411764705882
0 0.7195669934640523 0.8339460784313726 0.06495098039215687 0.05024509803921569
0 0.7205882352941176 0.7827818627450981 0.0857843137254902 0.03553921568627451
0 0.7291666666666666 0.7244178921568627 0.08088235294117647 0.05545343137254902
0 0.6386846405228758 0.7262561274509803 0.07720588235294118 0.057904411764705885
0 0.8931781045751634 0.7873774509803921 0.08782679738562091 0.0428921568627451
0 0.37683823529411764 0.2679227941176471 0.051879084967320264 0.12898284313725492
0 0.46875 0.8314950980392157 0.08619281045751634 0.05024509803921569
0 0.38357843137254904 0.8806678921568627 0.0784313725490196 0.046262254901960786
0 0.9225898692810458 0.5301776960784313 0.08455882352941177 0.060355392156862746
0 0.8151552287581699 0.5900735294117647 0.08129084967320262 0.04718137254901961
0 0.9101307189542484 0.5896139705882353 0.08251633986928104 0.05606617647058824
0 0.8106617647058824 0.6436887254901961 0.07883986928104575 0.0545343137254902
0 0.897671568627451 0.6456801470588235 0.08374183006535947 0.05116421568627451
0 0.028186274509803922 0.7222732843137255 0.05392156862745098 0.06096813725490196
0 0.028594771241830064 0.7783394607843137 0.056372549019607844 0.04136029411764706
0 0.034109477124183 0.8302696078431373 0.068218954248366 0.04963235294117647
0 0.034109477124183 0.8789828431372549 0.068218954248366 0.04718137254901961
0 0.09967320261437909 0.7205882352941176 0.08251633986928104 0.05514705882352941
0 0.46486928104575165 0.7751225490196079 0.0718954248366013 0.0545343137254902
0 0.18586601307189543 0.7208946078431373 0.0857843137254902 0.05392156862745098
0 0.19914215686274508 0.7778799019607843 0.07312091503267974 0.044730392156862746
0 0.11070261437908496 0.8285845588235294 0.06862745098039216 0.04932598039215686
0 0.19750816993464052 0.8285845588235294 0.08292483660130719 0.048100490196078434
0 0.1170343137254902 0.8779105392156863 0.07475490196078431 0.048100490196078434
0 0.19955065359477125 0.8795955882352942 0.07066993464052287 0.04840686274509804
0 0.286968954248366 0.883578431372549 0.08374183006535947 0.04963235294117647
0 0.2867647058823529 0.8275122549019608 0.07352941176470588 0.04718137254901961
0 0.2867647058823529 0.7754289215686274 0.07924836601307189 0.044730392156862746
0 0.28308823529411764 0.7218137254901961 0.0727124183006536 0.05698529411764706
0 0.3762254901960784 0.8296568627450981 0.07679738562091504 0.051470588235294115
0 0.11213235294117647 0.7780330882352942 0.08129084967320262 0.03829656862745098
0 0.3263888888888889 0.26608455882352944 0.049019607843137254 0.13020833333333334
0 0.6327614379084967 0.8282781862745098 0.08251633986928104 0.04871323529411765
0 0.7234477124183006 0.09129901960784313 0.07761437908496732 0.18259803921568626
0 0.17626633986928106 0.26731004901960786 0.056781045751633986 0.13020833333333334
0 0.12745098039215685 0.2679227941176471 0.04084967320261438 0.13388480392156862
0 0.0872140522875817 0.26424632352941174 0.03390522875816993 0.13020833333333334
0 0.9007352941176471 0.09129901960784313 0.07761437908496732 0.18259803921568626
0 0.8041258169934641 0.09129901960784313 0.07802287581699346 0.18259803921568626
0 0.6397058823529411 0.08762254901960784 0.08415032679738563 0.17524509803921567
0 0.5494281045751634 0.08762254901960784 0.08415032679738563 0.17524509803921567
0 0.23059640522875818 0.26608455882352944 0.042075163398692814 0.12775735294117646
0 0.27532679738562094 0.26424632352941174 0.04738562091503268 0.13143382352941177
0 0.2826797385620915 0.08394607843137254 0.0857843137254902 0.16789215686274508
0 0.3647875816993464 0.08394607843137254 0.0857843137254902 0.16789215686274508
0 0.4616013071895425 0.08394607843137254 0.0857843137254902 0.16789215686274508
