0 0.6343954248366013 0.29151348039215685 0.04330065359477124 0.0664828431372549
0 0.4583333333333333 0.09620098039215687 0.04003267973856209 0.05698529411764706
0 0.5020424836601307 0.09237132352941177 0.04330065359477124 0.06770833333333333
0 0.2675653594771242 0.19087009803921567 0.03839869281045752 0.08455882352941177
0 0.31352124183006536 0.19056372549019607 0.03880718954248366 0.08455882352941177
0 0.36008986928104575 0.19071691176470587 0.04779411764705882 0.08425245098039216
0 0.40665849673202614 0.18918504901960784 0.0363562091503268 0.08425245098039216
0 0.45588235294117646 0.18964460784313725 0.04656862745098039 0.08517156862745098
0 0.5053104575163399 0.18964460784313725 0.0457516339869281 0.08333333333333333
0 0.5518790849673203 0.18887867647058823 0.03839869281045752 0.08670343137254902
0 0.2761437908496732 0.3131127450980392 0.04003267973856209 0.11274509803921569
0 0.32373366013071897 0.31403186274509803 0.046977124183006536 0.11090686274509803
0 0.37173202614379086 0.31004901960784315 0.051470588235294115 0.11029411764705882
0 0.3984885620915033 0.09252450980392157 0.044526143790849675 0.061887254901960786
0 0.4215686274509804 0.31096813725490197 0.04656862745098039 0.11151960784313726
0 0.4644607843137255 0.29059436274509803 0.04003267973856209 0.03768382352941176
0 0.5218545751633987 0.3091299019607843 0.046977124183006536 0.11764705882352941
0 0.5800653594771242 0.30514705882352944 0.04330065359477124 0.030637254901960783
0 0.9564950980392157 0.23085171568627452 0.05106209150326797 0.13756127450980393
0 0.9019607843137255 0.23253676470588236 0.049836601307189546 0.13848039215686275
0 0.8482434640522876 0.23207720588235295 0.05106209150326797 0.1400122549019608
0 0.7965686274509803 0.23330269607843138 0.04738562091503268 0.14613970588235295
0 0.9836601307189542 0.38112745098039214 0.029411764705882353 0.11090686274509803
0 0.9405637254901961 0.38174019607843135 0.046977124183006536 0.1133578431372549
0 0.8921568627450981 0.3825061274509804 0.042483660130718956 0.11611519607843138
0 0.8404820261437909 0.38174019607843135 0.05106209150326797 0.11642156862745098
0 0.7924836601307189 0.3828125 0.04330065359477124 0.11427696078431372
0 0.4728349673202614 0.3486519607843137 0.04044117647058824 0.03676470588235294
0 0.3539624183006536 0.09298406862745098 0.039624183006535946 0.0628063725490196
0 0.3098447712418301 0.09466911764705882 0.0428921568627451 0.0661764705882353
0 0.2636846405228758 0.09482230392156862 0.03880718954248366 0.06341911764705882
0 0.07720588235294118 0.10202205882352941 0.05392156862745098 0.09865196078431372
0 0.03002450980392157 0.22104779411764705 0.051879084967320264 0.10876225490196079
0 0.07945261437908496 0.21997549019607843 0.0428921568627451 0.11274509803921569
0 0.1309232026143791 0.2185968137254902 0.04125816993464052 0.10998774509803921
0 0.02042483660130719 0.33578431372549017 0.04084967320261438 0.08884803921568628
0 0.06433823529411764 0.33792892156862747 0.04044117647058824 0.08700980392156862
0 0.10866013071895425 0.33808210784313725 0.04084967320261438 0.0934436274509804
0 0.1548202614379085 0.3394607843137255 0.041666666666666664 0.08455882352941177
0 0.034926470588235295 0.46369485294117646 0.042075163398692814 0.0897671568627451
0 0.07822712418300654 0.46308210784313725 0.044526143790849675 0.09160539215686274
0 0.12663398692810457 0.45894607843137253 0.032679738562091505 0.08884803921568628
0 0.16237745098039216 0.46951593137254904 0.03227124183006536 0.07996323529411764
0 0.07291666666666667 0.5775122549019608 0.04534313725490196 0.10110294117647059
0 0.12418300653594772 0.5696997549019608 0.03594771241830065 0.09712009803921569
0 0.16319444444444445 0.5744485294117647 0.042075163398692814 0.10661764705882353
0 0.029616013071895424 0.6875 0.0428921568627451 0.08394607843137254
0 0.07434640522875817 0.6871936274509803 0.04084967320261438 0.08333333333333333
0 0.12050653594771242 0.688265931372549 0.04493464052287582 0.08547794117647059
0 0.1687091503267974 0.6899509803921569 0.04493464052287582 0.0857843137254902
0 0.04105392156862745 0.7916666666666666 0.03799019607843137 0.09681372549019608
0 0.08496732026143791 0.7918198529411765 0.041666666666666664 0.0940563725490196
0 0.13031045751633988 0.7948835784313726 0.04003267973856209 0.0940563725490196
0 0.17585784313725492 0.7942708333333334 0.04370915032679738 0.09589460784313726
0 0.05759803921568627 0.8880208333333334 0.04330065359477124 0.06403186274509803
0 0.10130718954248366 0.8890931372549019 0.03839869281045752 0.06924019607843138
0 0.14297385620915032 0.8958333333333334 0.041666666666666664 0.06495098039215687
0 0.18647875816993464 0.9011948529411765 0.0363562091503268 0.06341911764705882
0 0.9842728758169934 0.5110294117647058 0.03145424836601307 0.1053921568627451
0 0.026348039215686275 0.10263480392156862 0.044526143790849675 0.0974264705882353
0 0.9438316993464052 0.5099571078431373 0.04616013071895425 0.10631127450980392
0 0.8404820261437909 0.5104166666666666 0.04370915032679738 0.1053921568627451
0 0.5275735294117647 0.7434129901960784 0.042075163398692814 0.07261029411764706
0 0.4783496732026144 0.7443321078431373 0.04003267973856209 0.07261029411764706
0 0.4309640522875817 0.7447916666666666 0.04084967320261438 0.06924019607843138
0 0.3790849673202614 0.7467830882352942 0.03758169934640523 0.07383578431372549
0 0.33455882352941174 0.7466299019607843 0.04084967320261438 0.07291666666666667
0 0.6284722222222222 0.6708026960784313 0.03553921568627451 0.06832107843137254
0 0.585171568627451 0.6689644607843137 0.04125816993464052 0.07077205882352941
0 0.5310457516339869 0.6686580882352942 0.04493464052287582 0.0701593137254902
0 0.48141339869281047 0.6714154411764706 0.03799019607843137 0.06832107843137254
0 0.43300653594771243 0.6695772058823529 0.04084967320261438 0.07506127450980392
0 0.38643790849673204 0.6720281862745098 0.04411764705882353 0.07322303921568628
0 0.33986928104575165 0.6720281862745098 0.0392156862745098 0.07383578431372549
0 0.3022875816993464 0.8141850490196079 0.04820261437908497 0.057904411764705885
0 0.2971813725490196 0.6850490196078431 0.03799019607843137 0.09375
0 0.5745506535947712 0.5657169117647058 0.04370915032679738 0.09528186274509803
0 0.5230800653594772 0.5549938725490197 0.037173202614379085 0.03462009803921569
0 0.5251225490196079 0.6024816176470589 0.03799019607843137 0.035845588235294115
0 0.48018790849673204 0.5612745098039216 0.03553921568627451 0.1017156862745098
0 0.4340277777777778 0.5606617647058824 0.046977124183006536 0.10110294117647059
0 0.3837826797385621 0.561734068627451 0.0428921568627451 0.10263480392156862
0 0.33639705882352944 0.5591299019607843 0.044526143790849675 0.10110294117647059
0 0.2916666666666667 0.5749080882352942 0.03839869281045752 0.0744485294117647
0 0.5265522875816994 0.43857230392156865 0.04411764705882353 0.11060049019607843
0 0.47814542483660133 0.44362745098039214 0.04370915032679738 0.1096813725490196
0 0.43361928104575165 0.44316789215686275 0.03880718954248366 0.10753676470588236
0 0.3888888888888889 0.4413296568627451 0.04084967320261438 0.10202205882352941
0 0.6211192810457516 0.5611213235294118 0.04125816993464052 0.09528186274509803
0 0.3500816993464052 0.8152573529411765 0.0392156862745098 0.05698529411764706
0 0.3937908496732026 0.8125 0.0392156862745098 0.06066176470588235
0 0.4424019607843137 0.8144914215686274 0.04411764705882353 0.05545343137254902
0 0.7912581699346405 0.5113357843137255 0.04493464052287582 0.10355392156862746
0 0.9846813725490197 0.6363357843137255 0.03145424836601307 0.1017156862745098
0 0.9458741830065359 0.6389399509803921 0.03390522875816993 0.10998774509803921
0 0.9060457516339869 0.6786151960784313 0.03839869281045752 0.09620098039215687
0 0.8596813725490197 0.6753982843137255 0.042075163398692814 0.0934436274509804
0 0.8208741830065359 0.671875 0.028186274509803922 0.0974264705882353
0 0.7810457516339869 0.6672794117647058 0.042483660130718956 0.09558823529411764
0 0.7855392156862745 0.7642463235294118 0.03758169934640523 0.08731617647058823
0 0.9722222222222222 0.8062193627450981 0.042483660130718956 0.07506127450980392
0 0.9236111111111112 0.8043811274509803 0.041666666666666664 0.07138480392156862
0 0.8772467320261438 0.8048406862745098 0.044526143790849675 0.06924019607843138
0 0.8359885620915033 0.8043811274509803 0.034722222222222224 0.06525735294117647
0 0.8780637254901961 0.8884803921568627 0.03880718954248366 0.08639705882352941
0 0.8296568627450981 0.8857230392156863 0.0457516339869281 0.09068627450980392
0 0.7790032679738562 0.883578431372549 0.04656862745098039 0.08823529411764706
0 0.6247957516339869 0.9015012254901961 0.0363562091503268 0.07077205882352941
0 0.5800653594771242 0.8990502450980392 0.0392156862745098 0.07138480392156862
0 0.5349264705882353 0.8995098039215687 0.044526143790849675 0.06862745098039216
0 0.48937908496732024 0.8970588235294118 0.041666666666666664 0.07352941176470588
0 0.44219771241830064 0.8961397058823529 0.04370915032679738 0.07536764705882353
0 0.39624183006535946 0.8953737745098039 0.03594771241830065 0.07322303921568628
0 0.3474264705882353 0.8959865196078431 0.03799019607843137 0.07567401960784313
0 0.304125816993464 0.8953737745098039 0.039624183006535946 0.07322303921568628
0 0.6276552287581699 0.7945772058823529 0.042075163398692814 0.09528186274509803
0 0.5772058823529411 0.7990196078431373 0.04493464052287582 0.08762254901960784
0 0.5304330065359477 0.8126531862745098 0.03553921568627451 0.057904411764705885
0 0.48651960784313725 0.8147977941176471 0.03594771241830065 0.05606617647058824
0 0.8923611111111112 0.5098039215686274 0.0428921568627451 0.10661764705882353
0 0.3402777777777778 0.43949142156862747 0.04411764705882353 0.10018382352941177
0 0.29248366013071897 0.4419424019607843 0.04003267973856209 0.10018382352941177
