0 0.32890625 0.2119140625 0.04635416666666667 0.072265625
0 0.6416666666666667 0.437109375 0.04375 0.04453125
0 0.60078125 0.43671875 0.03697916666666667 0.04609375
0 0.5614583333333333 0.4353515625 0.0375 0.043359375
0 0.5247395833333334 0.4353515625 0.028645833333333332 0.040234375
0 0.4934895833333333 0.4341796875 0.030729166666666665 0.040234375
0 0.4578125 0.4349609375 0.035416666666666666 0.039453125
0 0.41640625 0.434375 0.0453125 0.03984375
0 0.68046875 0.4220703125 0.034895833333333334 0.074609375
0 0.37395833333333334 0.4203125 0.036458333333333336 0.0671875
0 0.29348958333333336 0.4189453125 0.03697916666666667 0.066796875
0 0.2565104166666667 0.4177734375 0.0390625 0.064453125
0 0.21927083333333333 0.428125 0.029166666666666667 0.0453125
0 0.18671875 0.412109375 0.024479166666666666 0.0671875
0 0.15208333333333332 0.418359375 0.034375 0.0578125
0 0.1171875 0.4181640625 0.03333333333333333 0.058203125
0 0.08098958333333334 0.4166015625 0.0328125 0.056640625
0 0.3338541666666667 0.4189453125 0.042708333333333334 0.065234375
0 0.7130208333333333 0.423828125 0.028125 0.07421875
0 0.7442708333333333 0.4240234375 0.03333333333333333 0.073828125
0 0.80390625 0.4470703125 0.06197916666666667 0.039453125
0 0.4479166666666667 0.5205078125 0.036458333333333336 0.064453125
0 0.4127604166666667 0.5193359375 0.03177083333333333 0.066015625
0 0.37838541666666664 0.5197265625 0.034895833333333334 0.062890625
0 0.34088541666666666 0.53828125 0.03177083333333333 0.02265625
0 0.3421875 0.5125 0.030208333333333334 0.02109375
0 0.30703125 0.5078125 0.0359375 0.02109375
0 0.30546875 0.5349609375 0.0328125 0.024609375
0 0.26796875 0.5197265625 0.0359375 0.052734375
0 0.22786458333333334 0.5345703125 0.034895833333333334 0.023046875
0 0.22578125 0.50859375 0.033854166666666664 0.025
0 0.18932291666666667 0.5171875 0.03697916666666667 0.0546875
0 0.15338541666666666 0.5232421875 0.0296875 0.041015625
0 0.12005208333333334 0.51015625 0.034895833333333334 0.065625
0 0.08125 0.5099609375 0.03333333333333333 0.066015625
0 0.9729166666666667 0.43828125 0.040625 0.0703125
0 0.9268229166666667 0.42578125 0.0421875 0.0921875
0 0.86953125 0.4462890625 0.06822916666666666 0.040234375
0 0.7559895833333333 0.3166015625 0.0421875 0.083203125
0 0.978125 0.3087890625 0.04479166666666667 0.085546875
0 0.8861979166666667 0.3181640625 0.04739583333333333 0.069921875
0 0.82421875 0.32734375 0.07760416666666667 0.05078125
0 0.7536458333333333 0.228125 0.04479166666666667 0.0453125
0 0.71015625 0.229296875 0.04010416666666667 0.04375
0 0.6645833333333333 0.2310546875 0.04583333333333333 0.041796875
0 0.6208333333333333 0.2296875 0.0375 0.04453125
0 0.5848958333333333 0.22109375 0.030208333333333334 0.059375
0 0.55 0.2173828125 0.036458333333333336 0.068359375
0 0.509375 0.227734375 0.041666666666666664 0.04609375
0 0.4671875 0.2275390625 0.042708333333333334 0.046484375
0 0.4322916666666667 0.21875 0.023958333333333335 0.0625
0 0.39765625 0.2126953125 0.03697916666666667 0.070703125
0 0.36432291666666666 0.2125 0.024479166666666666 0.071875
0 0.28229166666666666 0.216015625 0.03958333333333333 0.0609375
0 0.24114583333333334 0.21953125 0.040625 0.05390625
0 0.20260416666666667 0.215625 0.03125 0.059375
0 0.16484375 0.213671875 0.034895833333333334 0.06328125
0 0.12734375 0.2044921875 0.0421875 0.076171875
0 0.08072916666666667 0.212109375 0.046875 0.06015625
0 0.8244791666666667 0.206640625 0.04583333333333333 0.071875
0 0.48385416666666664 0.5212890625 0.030208333333333334 0.062890625
0 0.8705729166666667 0.1982421875 0.0453125 0.088671875
0 0.9614583333333333 0.19921875 0.05 0.0890625
0 0.7072916666666667 0.3154296875 0.03854166666666667 0.088671875
0 0.6619791666666667 0.3361328125 0.04479166666666667 0.044921875
0 0.61875 0.33671875 0.040625 0.04296875
0 0.6635416666666667 0.2951171875 0.04791666666666667 0.032421875
0 0.61953125 0.295703125 0.0390625 0.03359375
0 0.5830729166666667 0.323046875 0.030729166666666665 0.06796875
0 0.55078125 0.3232421875 0.033854166666666664 0.066796875
0 0.51171875 0.3212890625 0.0390625 0.069140625
0 0.46927083333333336 0.32890625 0.04375 0.05234375
0 0.4200520833333333 0.3279296875 0.04635416666666667 0.052734375
0 0.37526041666666665 0.3326171875 0.0421875 0.042578125
0 0.328125 0.31953125 0.03125 0.06796875
0 0.29140625 0.3173828125 0.03697916666666667 0.068359375
0 0.25703125 0.31484375 0.025520833333333333 0.071875
0 0.22135416666666666 0.3123046875 0.036458333333333336 0.070703125
0 0.17447916666666666 0.3265625 0.051041666666666666 0.03984375
0 0.1171875 0.32421875 0.051041666666666666 0.04453125
0 0.9138020833333333 0.200390625 0.03802083333333333 0.08984375
0 0.5177083333333333 0.5236328125 0.034375 0.058203125
0 0.934375 0.3181640625 0.03958333333333333 0.069921875
0 0.5953125 0.52421875 0.026041666666666668 0.06171875
0 0.60078125 0.83984375 0.044270833333333336 0.06484375
0 0.5536458333333333 0.837890625 0.046875 0.0625
0 0.5036458333333333 0.8408203125 0.04791666666666667 0.061328125
0 0.4432291666666667 0.846484375 0.06666666666666667 0.03828125
0 0.39166666666666666 0.830859375 0.03229166666666667 0.07421875
0 0.34375 0.816015625 0.051041666666666666 0.0953125
0 0.2890625 0.847265625 0.057291666666666664 0.03125
0 0.221875 0.8455078125 0.0625 0.027734375
0 0.21796875 0.8076171875 0.06614583333333333 0.046484375
0 0.15833333333333333 0.8294921875 0.046875 0.055078125
0 0.10364583333333334 0.795703125 0.06041666666666667 0.0359375
0 0.1 0.8373046875 0.06354166666666666 0.041015625
0 0.7145833333333333 0.6962890625 0.04895833333333333 0.049609375
0 0.6559895833333333 0.6884765625 0.043229166666666666 0.061328125
0 0.6190104166666667 0.6876953125 0.0265625 0.061328125
0 0.5583333333333333 0.6888671875 0.07083333333333333 0.059765625
0 0.48098958333333336 0.685546875 0.07760416666666667 0.0546875
0 0.7049479166666667 0.8482421875 0.0515625 0.047265625
0 0.41822916666666665 0.68046875 0.03125 0.0640625
0 0.7627604166666667 0.851171875 0.0515625 0.053125
0 0.8651041666666667 0.8501953125 0.034375 0.065234375
0 0.5578125 0.5146484375 0.040625 0.076171875
0 0.16458333333333333 0.1138671875 0.06666666666666667 0.017578125
0 0.253125 0.115625 0.075 0.015625
0 0.41015625 0.1126953125 0.07239583333333334 0.015234375
0 0.4817708333333333 0.09140625 0.06145833333333333 0.05859375
0 0.6268229166666667 0.0986328125 0.049479166666666664 0.051953125
0 0.9609375 0.1021484375 0.06354166666666666 0.058984375
0 0.8955729166666667 0.10234375 0.058854166666666666 0.05703125
0 0.8356770833333333 0.0912109375 0.0578125 0.082421875
0 0.9356770833333333 0.7173828125 0.08489583333333334 0.030078125
0 0.9481770833333333 0.767578125 0.0890625 0.04140625
0 0.8739583333333333 0.755859375 0.04791666666666667 0.0484375
0 0.83046875 0.7576171875 0.03697916666666667 0.051171875
0 0.7924479166666667 0.749609375 0.0328125 0.06796875
0 0.7604166666666666 0.7484375 0.028125 0.06796875
0 0.9786458333333333 0.8541015625 0.041666666666666664 0.068359375
0 0.91875 0.8603515625 0.0625 0.049609375
0 0.8213541666666667 0.8572265625 0.046875 0.051171875
0 0.3880208333333333 0.6806640625 0.028125 0.064453125
0 0.6518229166666667 0.84921875 0.0453125 0.04921875
0 0.3528645833333333 0.680859375 0.03697916666666667 0.06484375
0 0.390625 0.604296875 0.07291666666666667 0.01953125
0 0.39088541666666665 0.625 0.07760416666666667 0.01796875
0 0.30703125 0.6283203125 0.07447916666666667 0.016796875
0 0.30963541666666666 0.608203125 0.07760416666666667 0.0171875
0 0.25078125 0.6208984375 0.030729166666666665 0.023828125
0 0.2518229166666667 0.5953125 0.0359375 0.02265625
0 0.21223958333333334 0.5978515625 0.043229166666666666 0.060546875
0 0.17317708333333334 0.5982421875 0.0296875 0.061328125
0 0.134375 0.5990234375 0.042708333333333334 0.058203125
0 0.09010416666666667 0.595703125 0.03958333333333333 0.06171875
0 0.9348958333333334 0.5052734375 0.07604166666666666 0.021484375
0 0.9682291666666667 0.54765625 0.06354166666666666 0.0546875
0 0.9026041666666667 0.544140625 0.058333333333333334 0.0515625
0 0.8421875 0.5482421875 0.05625 0.048046875
0 0.7848958333333333 0.5421875 0.05 0.053125
0 0.7106770833333333 0.5154296875 0.08489583333333334 0.079296875
0 0.65546875 0.515234375 0.027604166666666666 0.07890625
0 0.4630208333333333 0.608203125 0.06041666666666667 0.02265625
0 0.46510416666666665 0.630078125 0.06458333333333334 0.0171875
0 0.6231770833333333 0.5220703125 0.027604166666666666 0.066015625
0 0.0984375 0.681640625 0.06041666666666667 0.05078125
0 0.29635416666666664 0.684765625 0.03229166666666667 0.059375
0 0.26145833333333335 0.6875 0.0375 0.0453125
0 0.22005208333333334 0.69765625 0.04114583333333333 0.0234375
0 0.21901041666666668 0.6724609375 0.0421875 0.023828125
0 0.16171875 0.6826171875 0.06510416666666667 0.047265625
0 0.5223958333333333 0.6134765625 0.041666666666666664 0.051953125
0 0.9682291666666667 0.6294921875 0.06354166666666666 0.026953125
0 0.9677083333333333 0.6638671875 0.0625 0.036328125
0 0.9002604166666667 0.655859375 0.06510416666666667 0.05
0 0.7971354166666667 0.6431640625 0.0421875 0.066796875
0 0.7638020833333333 0.64453125 0.018229166666666668 0.065625
0 0.7247395833333333 0.622265625 0.044270833333333336 0.04375
0 0.6794270833333333 0.6208984375 0.043229166666666666 0.044921875
0 0.6424479166666667 0.6087890625 0.0234375 0.069140625
0 0.615625 0.6080078125 0.023958333333333335 0.066796875
0 0.58828125 0.6107421875 0.0234375 0.065234375
0 0.5609375 0.6080078125 0.029166666666666667 0.061328125
0 0.8440104166666667 0.6396484375 0.0453125 0.079296875
