0 0.5549938725490197 0.9487336601307189 0.046875 0.054330065359477125
0 0.16023284313725492 0.28737745098039214 0.03676470588235294 0.14991830065359477
0 0.19791666666666666 0.2935049019607843 0.03676470588235294 0.1621732026143791
0 0.2349877450980392 0.2935049019607843 0.03676470588235294 0.16462418300653595
0 0.27159926470588236 0.29411764705882354 0.03462009803921569 0.1707516339869281
0 0.30621936274509803 0.29697712418300654 0.03216911764705882 0.16748366013071894
0 0.34221813725490197 0.2965686274509804 0.03553921568627451 0.16830065359477125
0 0.5134803921568627 0.5183823529411765 0.1053921568627451 0.06372549019607843
0 0.5154718137254902 0.45935457516339867 0.09834558823529412 0.053513071895424834
0 0.42356004901960786 0.4895833333333333 0.036458333333333336 0.15400326797385622
0 0.38128063725490197 0.49407679738562094 0.03278186274509804 0.15645424836601307
0 0.3489583333333333 0.48999183006535946 0.030637254901960783 0.16462418300653595
0 0.31832107843137253 0.4869281045751634 0.028799019607843136 0.15604575163398693
0 0.12622549019607843 0.2894199346405229 0.03125 0.14665032679738563
0 0.29044117647058826 0.48794934640522875 0.028186274509803922 0.1556372549019608
0 0.09420955882352941 0.2785947712418301 0.02971813725490196 0.12091503267973856
0 0.030330882352941176 0.27961601307189543 0.029411764705882353 0.13848039215686275
0 0.45955882352941174 0.8678513071895425 0.04350490196078431 0.05269607843137255
0 0.4099264705882353 0.8574346405228758 0.04411764705882353 0.056372549019607844
0 0.3633578431372549 0.849468954248366 0.044730392156862746 0.05514705882352941
0 0.3174019607843137 0.8417075163398693 0.041666666666666664 0.054330065359477125
0 0.27389705882352944 0.8284313725490197 0.037377450980392156 0.05228758169934641
0 0.8521752450980392 0.8796977124183006 0.05667892156862745 0.0690359477124183
0 0.06326593137254902 0.2749183006535948 0.03278186274509804 0.12745098039215685
0 0.7910539215686274 0.8696895424836601 0.0545343137254902 0.07107843137254902
0 0.6084558823529411 0.8366013071895425 0.05024509803921569 0.07107843137254902
0 0.5042892156862745 0.8137254901960784 0.04840686274509804 0.06209150326797386
0 0.4566482843137255 0.8088235294117647 0.047487745098039214 0.06454248366013073
0 0.40839460784313725 0.7965686274509803 0.044730392156862746 0.06209150326797386
0 0.3625919117647059 0.7904411764705882 0.043198529411764705 0.059640522875817
0 0.6150428921568627 0.4673202614379085 0.08363970588235294 0.059640522875817
0 0.7339154411764706 0.8647875816993464 0.050551470588235295 0.07107843137254902
0 0.26715686274509803 0.48570261437908496 0.014705882352941176 0.14869281045751634
0 0.19761029411764705 0.4709967320261438 0.03615196078431373 0.14133986928104575
0 0.5082720588235294 0.8768382352941176 0.04350490196078431 0.05841503267973856
0 0.47794117647058826 0.2916666666666667 0.05269607843137255 0.05718954248366013
0 0.47549019607843135 0.35110294117647056 0.04963235294117647 0.0559640522875817
0 0.5295649509803921 0.2877859477124183 0.045649509803921566 0.07393790849673203
0 0.5818014705882353 0.2928921568627451 0.0545343137254902 0.06699346405228758
0 0.6383272058823529 0.2922794117647059 0.05667892156862745 0.068218954248366
0 0.1634497549019608 0.6227532679738562 0.019301470588235295 0.09844771241830065
0 0.3169424019607843 0.7800245098039216 0.046262254901960786 0.05841503267973856
0 0.27068014705882354 0.769812091503268 0.036458333333333336 0.053513071895424834
0 0.2348345588235294 0.8223039215686274 0.04013480392156863 0.049836601307189546
0 0.23253676470588236 0.7663398692810458 0.03799019607843137 0.05392156862745098
0 0.19699754901960784 0.8613153594771242 0.034926470588235295 0.054330065359477125
0 0.19362745098039216 0.8073937908496732 0.03553921568627451 0.0494281045751634
0 0.18841911764705882 0.7524509803921569 0.03431372549019608 0.05800653594771242
0 0.9361213235294118 0.766952614379085 0.08670343137254902 0.18504901960784315
0 0.8561580882352942 0.7749183006535948 0.05912990196078431 0.0857843137254902
0 0.7933517156862745 0.7608251633986928 0.05545343137254902 0.07720588235294118
0 0.18612132352941177 0.653390522875817 0.015012254901960785 0.053513071895424834
0 0.1636029411764706 0.47058823529411764 0.030637254901960783 0.14297385620915032
0 0.9610906862745098 0.34844771241830064 0.0778186274509804 0.190359477124183
0 0.890625 0.37520424836601307 0.056372549019607844 0.07475490196078431
0 0.8239889705882353 0.37540849673202614 0.06158088235294118 0.07761437908496732
0 0.38388480392156865 0.2977941176470588 0.041666666666666664 0.16339869281045752
0 0.8730085784313726 0.5277777777777778 0.06158088235294118 0.07761437908496732
0 0.23238357843137256 0.4765114379084967 0.03155637254901961 0.15236928104575165
0 0.8068321078431373 0.5200163398692811 0.060355392156862746 0.07679738562091504
0 0.7262561274509803 0.45445261437908496 0.0701593137254902 0.02900326797385621
0 0.7464767156862745 0.5157271241830066 0.05545343137254902 0.068218954248366
0 0.6862745098039216 0.5067401960784313 0.058823529411764705 0.06495098039215687
0 0.7993259803921569 0.5957924836601307 0.05821078431372549 0.0690359477124183
0 0.8656556372549019 0.6043709150326797 0.05974264705882353 0.07883986928104575
0 0.9529718137254902 0.5641339869281046 0.09466911764705882 0.1895424836601307
0 0.7397365196078431 0.5857843137254902 0.053002450980392156 0.0661764705882353
0 0.5580575980392157 0.8901143790849673 0.04932598039215686 0.06045751633986928
0 0.5559129901960784 0.8229166666666666 0.04871323529411765 0.07066993464052287
0 0.23575367647058823 0.8764297385620915 0.03462009803921569 0.05024509803921569
0 0.27879901960784315 0.6670751633986928 0.015931372549019607 0.05392156862745098
0 0.29518995098039214 0.6693218954248366 0.015625 0.0559640522875817
0 0.31295955882352944 0.6699346405228758 0.018075980392156864 0.05718954248366013
0 0.33379289215686275 0.6738153594771242 0.020526960784313725 0.05514705882352941
0 0.3541666666666667 0.6762663398692811 0.018995098039215685 0.05514705882352941
0 0.6090686274509803 0.903390522875817 0.04963235294117647 0.05759803921568627
0 0.26087622549019607 0.6623774509803921 0.018688725490196078 0.051879084967320264
0 0.38909313725490197 0.6830065359477124 0.013480392156862746 0.056372549019607844
0 0.4655330882352941 0.6999591503267973 0.04442401960784314 0.06576797385620915
0 0.5142463235294118 0.7097630718954249 0.04993872549019608 0.07066993464052287
0 0.6812193627450981 0.5798611111111112 0.05422794117647059 0.0690359477124183
0 0.5672487745098039 0.7189542483660131 0.04932598039215686 0.0718954248366013
0 0.6190257352941176 0.7281454248366013 0.05116421568627451 0.0755718954248366
0 0.6772365196078431 0.672998366013072 0.05361519607843137 0.068218954248366
0 0.42034313725490197 0.6901552287581699 0.04656862745098039 0.060866013071895424
0 0.7365196078431373 0.6836192810457516 0.05759803921568627 0.07230392156862746
0 0.2630208333333333 0.6029411764705882 0.015625 0.04411764705882353
0 0.22962622549019607 0.6000816993464052 0.015012254901960785 0.04820261437908497
0 0.038449754901960786 0.08639705882352941 0.036458333333333336 0.16789215686274508
0 0.07291666666666667 0.08680555555555555 0.031862745098039214 0.16053921568627452
0 0.7598039215686274 0.3737745098039216 0.06004901960784314 0.07679738562091504
0 0.6936274509803921 0.37173202614379086 0.06433823529411764 0.0727124183006536
0 0.6321997549019608 0.3633578431372549 0.05177696078431373 0.068218954248366
0 0.5775122549019608 0.3639705882352941 0.051470588235294115 0.06699346405228758
0 0.24662990196078433 0.6019199346405228 0.015931372549019607 0.044526143790849675
0 0.5263480392156863 0.35947712418300654 0.05024509803921569 0.06290849673202614
0 0.7579656862745098 0.2957516339869281 0.05821078431372549 0.07516339869281045
0 0.6965379901960784 0.29473039215686275 0.05545343137254902 0.07312091503267974
0 0.2035845588235294 0.6542075163398693 0.01991421568627451 0.05269607843137255
0 0.22242647058823528 0.6589052287581699 0.015318627450980392 0.05228758169934641
0 0.23988970588235295 0.6629901960784313 0.015318627450980392 0.04738562091503268
0 0.21277573529411764 0.5986519607843137 0.014399509803921568 0.04779411764705882
0 0.8255208333333334 0.2957516339869281 0.0628063725490196 0.08006535947712418
0 0.6746323529411765 0.7432598039215687 0.052083333333333336 0.06658496732026144
0 0.3737745098039216 0.678921568627451 0.017769607843137254 0.05555555555555555
0 0.10814950980392157 0.09089052287581699 0.03553921568627451 0.17197712418300654
0 0.4117647058823529 0.9140114379084967 0.04595588235294118 0.056781045751633986
0 0.45848651960784315 0.9252450980392157 0.04381127450980392 0.059640522875817
0 0.2769607843137255 0.8837826797385621 0.03799019607843137 0.05024509803921569
0 0.07245710784313726 0.4834558823529412 0.13388480392156862 0.1417483660130719
0 0.9120710784313726 0.9497549019607843 0.06066176470588235 0.10130718954248366
0 0.7855392156862745 0.985702614379085 0.0545343137254902 0.03022875816993464
0 0.3627450980392157 0.9076797385620915 0.041666666666666664 0.056372549019607844
0 0.850796568627451 0.9454656862745098 0.05392156862745098 0.05841503267973856
0 0.727328431372549 0.9810049019607843 0.05024509803921569 0.03799019607843137
0 0.7314644607843137 0.7546977124183006 0.0548406862745098 0.06495098039215687
0 0.7303921568627451 0.9311683006535948 0.05269607843137255 0.056781045751633986
0 0.671875 0.9703839869281046 0.052083333333333336 0.060866013071895424
0 0.6116727941176471 0.9616013071895425 0.053002450980392156 0.05555555555555555
0 0.6237745098039216 0.5720996732026143 0.04595588235294118 0.068218954248366
0 0.7933517156862745 0.9393382352941176 0.05545343137254902 0.060866013071895424
0 0.5061274509803921 0.9393382352941176 0.044730392156862746 0.060866013071895424
0 0.09129901960784313 0.5992647058823529 0.11090686274509803 0.06372549019607843
0 0.0390625 0.7418300653594772 0.0744485294117647 0.14460784313725492
0 0.14690563725490197 0.08884803921568628 0.03952205882352941 0.176062091503268
0 0.19194240196078433 0.0886437908496732 0.04503676470588235 0.17483660130718953
0 0.23238357843137256 0.0857843137254902 0.02971813725490196 0.16993464052287582
0 0.27144607843137253 0.08517156862745098 0.03799019607843137 0.1687091503267974
0 0.31525735294117646 0.088031045751634 0.044730392156862746 0.16625816993464052
0 0.3596813725490196 0.0857843137254902 0.0392156862745098 0.16993464052287582
0 0.6659007352941176 0.11785130718954248 0.0585171568627451 0.09354575163398693
0 0.3190870098039216 0.8960375816993464 0.03952205882352941 0.05024509803921569
0 0.9785539215686274 0.10191993464052287 0.04411764705882353 0.17197712418300654
0 0.008884803921568627 0.2832924836601307 0.014093137254901961 0.13194444444444445
0 0.1248468137254902 0.8825571895424836 0.07261029411764706 0.10661764705882353
0 0.04258578431372549 0.9234068627450981 0.08149509803921569 0.14665032679738563
0 0.14292279411764705 0.7708333333333334 0.027879901960784315 0.09477124183006536
0 0.11213235294117647 0.7751225490196079 0.03431372549019608 0.08619281045751634
0 0.11519607843137254 0.6758578431372549 0.06801470588235294 0.0690359477124183
