0 0.7748046875 0.5638020833333334 0.020703125 0.07760416666666667
0 0.7146484375 0.40859375 0.033984375 0.1140625
0 0.6712890625 0.5611979166666666 0.026953125 0.08385416666666666
0 0.755078125 0.22708333333333333 0.03046875 0.11666666666666667
0 0.7078125 0.23098958333333333 0.04296875 0.1140625
0 0.669921875 0.23177083333333334 0.03046875 0.11458333333333333
0 0.6330078125 0.24348958333333334 0.033984375 0.10677083333333333
0 0.59609375 0.23958333333333334 0.0359375 0.11458333333333333
0 0.5576171875 0.23984375 0.038671875 0.1140625
0 0.5212890625 0.24140625 0.029296875 0.10885416666666667
0 0.4833984375 0.24375 0.041015625 0.11145833333333334
0 0.440234375 0.24296875 0.0375 0.1171875
0 0.3990234375 0.24166666666666667 0.036328125 0.109375
0 0.3603515625 0.24375 0.036328125 0.10208333333333333
0 0.3248046875 0.24661458333333333 0.035546875 0.10364583333333334
0 0.2857421875 0.24713541666666666 0.040234375 0.1015625
0 0.25 0.246875 0.03203125 0.10416666666666667
0 0.2126953125 0.24635416666666668 0.041796875 0.103125
0 0.1712890625 0.24765625 0.039453125 0.10572916666666667
0 0.53359375 0.8783854166666667 0.028125 0.08489583333333334
0 0.5623046875 0.8830729166666667 0.026953125 0.07552083333333333
0 0.5931640625 0.8786458333333333 0.026953125 0.078125
0 0.6255859375 0.8697916666666666 0.034765625 0.096875
0 0.66328125 0.8791666666666667 0.03125 0.06979166666666667
0 0.6947265625 0.8778645833333333 0.026953125 0.07864583333333333
0 0.7234375 0.87578125 0.02890625 0.07760416666666667
0 0.753515625 0.87578125 0.02421875 0.0796875
0 0.7841796875 0.85546875 0.030859375 0.12135416666666667
0 0.7896484375 0.22630208333333332 0.039453125 0.11822916666666666
0 0.816015625 0.8533854166666667 0.0234375 0.12447916666666667
0 0.8287109375 0.228125 0.035546875 0.12395833333333334
0 0.038671875 0.16666666666666666 0.06171875 0.159375
0 0.50234375 0.8713541666666667 0.03125 0.1
0 0.4701171875 0.8619791666666666 0.025390625 0.11354166666666667
0 0.408203125 0.8572916666666667 0.0265625 0.125
0 0.3640625 0.8604166666666667 0.05703125 0.121875
0 0.319921875 0.8583333333333333 0.02734375 0.12083333333333333
0 0.2896484375 0.8598958333333333 0.030859375 0.12291666666666666
0 0.258984375 0.859375 0.03125 0.12291666666666666
0 0.22890625 0.859375 0.0296875 0.11666666666666667
0 0.1958984375 0.8611979166666667 0.033984375 0.11197916666666667
0 0.1658203125 0.8635416666666667 0.026953125 0.11666666666666667
0 0.134765625 0.86484375 0.03359375 0.11510416666666666
0 0.1046875 0.86640625 0.0234375 0.11822916666666666
0 0.07578125 0.8669270833333333 0.0296875 0.1171875
0 0.046484375 0.8700520833333333 0.025 0.11822916666666666
0 0.0181640625 0.8703125 0.030859375 0.109375
0 0.1806640625 0.7049479166666667 0.025390625 0.1234375
0 0.15234375 0.70703125 0.03125 0.1203125
0 0.125390625 0.7046875 0.02265625 0.12604166666666666
0 0.095703125 0.7049479166666667 0.03671875 0.1296875
0 0.0666015625 0.7057291666666666 0.021484375 0.13020833333333334
0 0.03828125 0.70546875 0.03515625 0.12239583333333333
0 0.1294921875 0.49713541666666666 0.054296875 0.14114583333333333
0 0.066796875 0.4908854166666667 0.059375 0.1328125
0 0.06484375 0.3338541666666667 0.06640625 0.12604166666666666
0 0.1001953125 0.14166666666666666 0.058984375 0.17083333333333334
0 0.866015625 0.22994791666666667 0.0375 0.11822916666666666
0 0.70703125 0.5630208333333333 0.034375 0.07604166666666666
0 0.8935546875 0.8364583333333333 0.092578125 0.15416666666666667
0 0.2505859375 0.7080729166666667 0.025390625 0.1046875
0 0.7388671875 0.7057291666666666 0.039453125 0.09791666666666667
0 0.77421875 0.7033854166666667 0.028125 0.09739583333333333
0 0.80390625 0.7106770833333333 0.025 0.09114583333333333
0 0.83203125 0.725 0.0265625 0.06145833333333333
0 0.9259765625 0.6296875 0.124609375 0.16041666666666668
0 0.1990234375 0.57109375 0.033203125 0.0828125
0 0.2345703125 0.5627604166666667 0.032421875 0.09635416666666667
0 0.268359375 0.5658854166666667 0.03125 0.0953125
0 0.335546875 0.421875 0.03828125 0.10104166666666667
0 0.3029296875 0.4244791666666667 0.024609375 0.10104166666666667
0 0.268359375 0.42161458333333335 0.03984375 0.10885416666666667
0 0.23046875 0.41953125 0.034375 0.10364583333333334
0 0.186328125 0.4197916666666667 0.04375 0.11041666666666666
0 0.848828125 0.5611979166666666 0.02890625 0.08177083333333333
0 0.8216796875 0.5598958333333334 0.024609375 0.08541666666666667
0 0.3259765625 0.5661458333333333 0.037890625 0.090625
0 0.3630859375 0.5674479166666667 0.033203125 0.08802083333333334
0 0.4060546875 0.5658854166666667 0.034765625 0.08802083333333334
0 0.441796875 0.5661458333333333 0.03046875 0.08541666666666667
0 0.4740234375 0.56640625 0.029296875 0.07552083333333333
0 0.5109375 0.5669270833333333 0.0359375 0.07864583333333333
0 0.54921875 0.5671875 0.03203125 0.08020833333333334
0 0.5806640625 0.5677083333333334 0.029296875 0.07395833333333333
0 0.612109375 0.5627604166666667 0.02734375 0.08385416666666666
0 0.642578125 0.56015625 0.02578125 0.08802083333333334
0 0.7015625 0.7078125 0.02890625 0.09479166666666666
0 0.222265625 0.7059895833333333 0.0234375 0.10677083333333333
0 0.66640625 0.7088541666666667 0.034375 0.09166666666666666
0 0.60078125 0.7015625 0.0265625 0.10416666666666667
0 0.280078125 0.70625 0.0265625 0.103125
0 0.308984375 0.7046875 0.0265625 0.10625
0 0.338671875 0.7091145833333333 0.02890625 0.1015625
0 0.371875 0.7106770833333333 0.03125 0.09427083333333333
0 0.405078125 0.7104166666666667 0.03125 0.09270833333333334
0 0.9728515625 0.38203125 0.055078125 0.16302083333333334
0 0.8521484375 0.41041666666666665 0.035546875 0.096875
0 0.817578125 0.41015625 0.03046875 0.1046875
0 0.7826171875 0.403125 0.030859375 0.115625
0 0.7490234375 0.40729166666666666 0.030859375 0.11041666666666666
0 0.678515625 0.41015625 0.034375 0.1140625
0 0.6439453125 0.4122395833333333 0.033984375 0.1046875
0 0.6078125 0.41458333333333336 0.03359375 0.10416666666666667
0 0.572265625 0.41510416666666666 0.03515625 0.10104166666666667
0 0.5376953125 0.41328125 0.027734375 0.11822916666666666
0 0.503125 0.41458333333333336 0.0359375 0.11145833333333334
0 0.4685546875 0.41380208333333335 0.026953125 0.1109375
0 0.4380859375 0.41796875 0.030078125 0.10885416666666667
0 0.4044921875 0.4158854166666667 0.031640625 0.10677083333333333
0 0.370703125 0.4197916666666667 0.03203125 0.1
0 0.438671875 0.7184895833333333 0.02421875 0.08385416666666666
0 0.4693359375 0.71484375 0.030078125 0.0890625
0 0.5017578125 0.7111979166666667 0.030078125 0.09010416666666667
0 0.5365234375 0.70859375 0.035546875 0.0921875
0 0.5703125 0.7098958333333333 0.02734375 0.08958333333333333
0 0.633984375 0.70234375 0.02578125 0.1046875
0 0.437890625 0.8575520833333333 0.0296875 0.1234375
0 0.796484375 0.559375 0.02109375 0.08541666666666667
