0 0.20021446078431374 0.37254901960784315 0.01991421568627451 0.10212418300653595
0 0.3772977941176471 0.2587826797385621 0.0272671568627451 0.0821078431372549
0 0.4019607843137255 0.2608251633986928 0.022058823529411766 0.09027777777777778
0 0.4241727941176471 0.26062091503267976 0.022365196078431373 0.09068627450980392
0 0.44745710784313725 0.26429738562091504 0.023590686274509803 0.09722222222222222
0 0.4352022058823529 0.5294117647058824 0.035845588235294115 0.11683006535947713
0 0.39889705882352944 0.5261437908496732 0.03615196078431373 0.10947712418300654
0 0.3630514705882353 0.5228758169934641 0.03125 0.11601307189542484
0 0.32858455882352944 0.5118464052287581 0.026041666666666668 0.10130718954248366
0 0.28691789215686275 0.5040849673202614 0.05116421568627451 0.09803921568627451
0 0.24555759803921567 0.5022467320261438 0.030330882352941176 0.10825163398692811
0 0.20159313725490197 0.5006127450980392 0.052083333333333336 0.10825163398692811
0 0.13725490196078433 0.4889705882352941 0.056372549019607844 0.10620915032679738
0 0.5465686274509803 0.6907679738562091 0.03799019607843137 0.13071895424836602
0 0.5061274509803921 0.6862745098039216 0.03982843137254902 0.12009803921568628
0 0.47120098039215685 0.6793300653594772 0.029411764705882353 0.12908496732026145
0 0.43612132352941174 0.6709558823529411 0.03952205882352941 0.11397058823529412
0 0.39659926470588236 0.6625816993464052 0.036458333333333336 0.12663398692810457
0 0.36106004901960786 0.6544117647058824 0.03400735294117647 0.11029411764705882
0 0.32674632352941174 0.6468545751633987 0.03216911764705882 0.12214052287581699
0 0.35294117647058826 0.25919117647058826 0.017769607843137254 0.08129084967320262
0 0.33118872549019607 0.26000816993464054 0.02267156862745098 0.07965686274509803
0 0.30744485294117646 0.2581699346405229 0.02297794117647059 0.08169934640522876
0 0.28599877450980393 0.25857843137254904 0.021752450980392156 0.08496732026143791
0 0.8754595588235294 0.9765114379084967 0.07199754901960784 0.04779411764705882
0 0.6040134803921569 0.7083333333333334 0.05912990196078431 0.14133986928104575
0 0.6668198529411765 0.7140522875816994 0.0628063725490196 0.11601307189542484
0 0.735140931372549 0.7256944444444444 0.0664828431372549 0.1482843137254902
0 0.8141850490196079 0.7361111111111112 0.07567401960784313 0.13316993464052287
0 0.8981311274509803 0.7473447712418301 0.07138480392156862 0.1556372549019608
0 0.1246936274509804 0.610498366013072 0.04411764705882353 0.12050653594771242
0 0.8379289215686274 0.41094771241830064 0.028799019607843136 0.12581699346405228
0 0.9198835784313726 0.2667483660130719 0.030330882352941176 0.08986928104575163
0 0.30269607843137253 0.3903186274509804 0.07107843137254902 0.10825163398692811
0 0.37545955882352944 0.38909313725490197 0.07199754901960784 0.09354575163398693
0 0.44332107843137253 0.3972630718954248 0.06311274509803921 0.1156045751633987
0 0.109375 0.3678513071895425 0.01715686274509804 0.09354575163398693
0 0.27941176470588236 0.6401143790849673 0.04963235294117647 0.1111111111111111
0 0.12622549019607843 0.36887254901960786 0.01838235294117647 0.08823529411764706
0 0.16099877450980393 0.3713235294117647 0.01685049019607843 0.09558823529411764
0 0.1790747549019608 0.3741830065359477 0.018688725490196078 0.09967320261437909
0 0.22181372549019607 0.3737745098039216 0.01715686274509804 0.1053921568627451
0 0.2423406862745098 0.38031045751633985 0.02389705882352941 0.0923202614379085
0 0.09972426470588236 0.24836601307189543 0.020526960784313725 0.07434640522875817
0 0.11856617647058823 0.24775326797385622 0.01715686274509804 0.0763888888888889
0 0.13541666666666666 0.2534722222222222 0.01838235294117647 0.08782679738562091
0 0.15548406862745098 0.2563316993464052 0.01991421568627451 0.08047385620915033
0 0.17585784313725492 0.2551062091503268 0.02144607843137255 0.0821078431372549
0 0.19776348039215685 0.2540849673202614 0.019301470588235295 0.08496732026143791
0 0.22058823529411764 0.2526552287581699 0.02144607843137255 0.08292483660130719
0 0.24065563725490197 0.2549019607843137 0.018075980392156864 0.08006535947712418
0 0.2621017156862745 0.25939542483660133 0.01991421568627451 0.08415032679738563
0 0.14476102941176472 0.3709150326797386 0.014399509803921568 0.09640522875816994
0 0.22273284313725492 0.6299019607843137 0.04840686274509804 0.119281045751634
0 0.9087009803921569 0.09354575163398693 0.042279411764705885 0.15522875816993464
0 0.47150735294117646 0.5292075163398693 0.034926470588235295 0.1156045751633987
0 0.6043198529411765 0.5449346405228758 0.078125 0.12990196078431374
0 0.6784620098039216 0.5514705882352942 0.06341911764705882 0.136437908496732
0 0.749234068627451 0.5584150326797386 0.06525735294117647 0.1380718954248366
0 0.8268995098039216 0.5708741830065359 0.07107843137254902 0.1417483660130719
0 0.9083946078431373 0.5874183006535948 0.08026960784313726 0.1568627450980392
0 0.5122549019607843 0.400531045751634 0.06924019607843138 0.12295751633986927
0 0.585171568627451 0.40298202614379086 0.07291666666666667 0.11723856209150327
0 0.6634497549019608 0.4097222222222222 0.07935049019607843 0.12826797385620914
0 0.7164522058823529 0.40584150326797386 0.024816176470588234 0.1270424836601307
0 0.5559129901960784 0.2651143790849673 0.024816176470588234 0.0988562091503268
0 0.5291053921568627 0.2647058823529412 0.028186274509803922 0.09477124183006536
0 0.5827205882352942 0.2661356209150327 0.025735294117647058 0.10089869281045752
0 0.5004595588235294 0.2651143790849673 0.02849264705882353 0.09313725490196079
0 0.7473958333333334 0.40870098039215685 0.03155637254901961 0.13276143790849673
0 0.7783394607843137 0.40727124183006536 0.02665441176470588 0.12418300653594772
0 0.8077512254901961 0.4097222222222222 0.02849264705882353 0.12826797385620914
0 0.3247549019607843 0.7771650326797386 0.0784313725490196 0.08619281045751634
0 0.2424938725490196 0.755718954248366 0.07873774509803921 0.0923202614379085
0 0.17708333333333334 0.7226307189542484 0.03982843137254902 0.05065359477124183
0 0.4099264705882353 0.8747957516339869 0.08333333333333333 0.09844771241830065
0 0.32199754901960786 0.8641748366013072 0.08455882352941177 0.068218954248366
0 0.2424938725490196 0.8453839869281046 0.0744485294117647 0.07883986928104575
0 0.17876838235294118 0.8314950980392157 0.05238970588235294 0.04616013071895425
0 0.12637867647058823 0.8245506535947712 0.05116421568627451 0.061683006535947715
0 0.47411151960784315 0.26715686274509803 0.026041666666666668 0.08986928104575163
0 0.07889093137254902 0.1315359477124183 0.029105392156862746 0.119281045751634
0 0.10064338235294118 0.12622549019607843 0.015625 0.12990196078431374
0 0.12270220588235294 0.12540849673202614 0.0272671568627451 0.12826797385620914
0 0.5082720588235294 0.5359477124183006 0.032475490196078434 0.12663398692810457
0 0.5433517156862745 0.5443218954248366 0.036458333333333336 0.10988562091503268
0 0.9551164215686274 0.09170751633986927 0.04993872549019608 0.15890522875816993
0 0.8851102941176471 0.8993055555555556 0.07965686274509803 0.1017156862745098
0 0.8651960784313726 0.09415849673202614 0.03982843137254902 0.17034313725490197
0 0.8206188725490197 0.09252450980392157 0.04258578431372549 0.16952614379084968
0 0.7765012254901961 0.10191993464052287 0.03707107843137255 0.1670751633986928
0 0.7383578431372549 0.10089869281045752 0.03860294117647059 0.15931372549019607
0 0.7011335784313726 0.10641339869281045 0.0352328431372549 0.15808823529411764
0 0.6582414215686274 0.10580065359477124 0.04381127450980392 0.15522875816993464
0 0.6174938725490197 0.10988562091503268 0.0352328431372549 0.15522875816993464
0 0.5798100490196079 0.11131535947712418 0.04013480392156863 0.15318627450980393
0 0.5454963235294118 0.11580882352941177 0.02665441176470588 0.15236928104575165
0 0.5125612745098039 0.11519607843137254 0.03676470588235294 0.14869281045751634
0 0.47794117647058826 0.11764705882352941 0.031862745098039214 0.14052287581699346
0 0.4342830882352941 0.11968954248366014 0.035845588235294115 0.14133986928104575
0 0.4010416666666667 0.12295751633986927 0.029411764705882353 0.14460784313725492
0 0.3717830882352941 0.12050653594771242 0.027879901960784315 0.14950980392156862
0 0.34068627450980393 0.12009803921568628 0.03431372549019608 0.14787581699346405
0 0.30254289215686275 0.12234477124183006 0.036458333333333336 0.1343954248366013
0 0.27205882352941174 0.12622549019607843 0.025735294117647058 0.1388888888888889
0 0.2418811274509804 0.1256127450980392 0.03216911764705882 0.13194444444444445
0 0.21170343137254902 0.12928921568627452 0.026348039215686275 0.13276143790849673
0 0.18244485294117646 0.12683823529411764 0.030330882352941176 0.1343954248366013
0 0.15333946078431374 0.12622549019607843 0.02665441176470588 0.12990196078431374
0 0.16988357843137256 0.6207107843137255 0.043198529411764705 0.12540849673202614
0 0.7878370098039216 0.9728349673202614 0.07567401960784313 0.0559640522875817
0 0.5965073529411765 0.9336192810457516 0.09436274509803921 0.10580065359477124
0 0.8570772058823529 0.2722630718954248 0.030943627450980393 0.09191176470588236
0 0.6119791666666666 0.2608251633986928 0.02665441176470588 0.09354575163398693
0 0.8878676470588235 0.27185457516339867 0.03002450980392157 0.09272875816993464
0 0.8676470588235294 0.4117647058823529 0.028799019607843136 0.12908496732026145
0 0.5035232843137255 0.806781045751634 0.08486519607843138 0.09068627450980392
0 0.6392463235294118 0.26266339869281047 0.02849264705882353 0.0923202614379085
0 0.6674325980392157 0.26429738562091504 0.02542892156862745 0.09722222222222222
0 0.9030330882352942 0.414624183006536 0.0352328431372549 0.125
0 0.6936274509803921 0.9571078431372549 0.08884803921568628 0.08823529411764706
0 0.6953125 0.2647058823529412 0.02849264705882353 0.09722222222222222
0 0.7643995098039216 0.2687908496732026 0.03125 0.10457516339869281
0 0.7958026960784313 0.26633986928104575 0.02971813725490196 0.10130718954248366
0 0.8253676470588235 0.27389705882352944 0.029411764705882353 0.09109477124183006
0 0.7006740196078431 0.8541666666666666 0.10294117647058823 0.10294117647058823
0 0.5966605392156863 0.8374183006535948 0.09221813725490197 0.0784313725490196
0 0.8011642156862745 0.8874591503267973 0.08149509803921569 0.10498366013071896
0 0.49954044117647056 0.8991013071895425 0.07689950980392157 0.09477124183006536
0 0.7290134803921569 0.2681781045751634 0.035845588235294115 0.10498366013071896
