0 0.22365196078431374 0.3236825980392157 0.046977124183006536 0.16881127450980393
0 0.1664624183006536 0.32598039215686275 0.051879084967320264 0.17340686274509803
0 0.29064542483660133 0.3746936274509804 0.05759803921568627 0.08088235294117647
0 0.26429738562091504 0.2890625 0.03431372549019608 0.08118872549019608
0 0.6685049019607843 0.5957414215686274 0.014297385620915032 0.027879901960784315
0 0.6689133986928104 0.42815563725490197 0.012663398692810458 0.05912990196078431
0 0.1090686274509804 0.3167892156862745 0.05718954248366013 0.18566176470588236
0 0.6870915032679739 0.49463848039215685 0.011437908496732025 0.03278186274509804
0 0.6668709150326797 0.23177083333333334 0.024101307189542485 0.09099264705882353
0 0.6866830065359477 0.23514093137254902 0.013071895424836602 0.08792892156862746
0 0.40175653594771243 0.3157169117647059 0.028186274509803922 0.09712009803921569
0 0.039419934640522875 0.3160232843137255 0.07230392156862746 0.18658088235294118
0 0.5825163398692811 0.21369485294117646 0.017973856209150325 0.1130514705882353
0 0.6891339869281046 0.6162683823529411 0.021241830065359478 0.0272671568627451
0 0.47263071895424835 0.1951593137254902 0.026143790849673203 0.1323529411764706
0 0.4395424836601307 0.18887867647058823 0.03839869281045752 0.13082107843137256
0 0.7034313725490197 0.23575367647058823 0.0196078431372549 0.09099264705882353
0 0.39705882352941174 0.17830882352941177 0.03758169934640523 0.13602941176470587
0 0.3562091503267974 0.1712622549019608 0.03676470588235294 0.13602941176470587
0 0.315359477124183 0.17034313725490197 0.04330065359477124 0.14583333333333334
0 0.2689950980392157 0.1559436274509804 0.04370915032679738 0.15747549019607843
0 0.21752450980392157 0.14568014705882354 0.053513071895424834 0.1645220588235294
0 0.1613562091503268 0.13480392156862744 0.05718954248366013 0.17340686274509803
0 0.1002859477124183 0.12729779411764705 0.0625 0.17432598039215685
0 0.03349673202614379 0.11565563725490197 0.06699346405228758 0.19148284313725492
0 0.6580882352941176 0.42953431372549017 0.013888888888888888 0.05698529411764706
0 0.6695261437908496 0.49754901960784315 0.013888888888888888 0.03125
0 0.7256944444444444 0.5124080882352942 0.01919934640522876 0.021139705882352942
0 0.7277369281045751 0.4852941176470588 0.017565359477124183 0.030637254901960783
0 0.3801062091503268 0.4362745098039216 0.02900326797385621 0.037377450980392156
0 0.670751633986928 0.6223958333333334 0.018790849673202614 0.021139705882352942
0 0.5 0.19730392156862744 0.021241830065359478 0.12009803921568628
0 0.5257352941176471 0.20404411764705882 0.032679738562091505 0.11948529411764706
0 0.5561683006535948 0.20664828431372548 0.027369281045751634 0.1130514705882353
0 0.6074346405228758 0.21553308823529413 0.02696078431372549 0.10876225490196079
0 0.6321486928104575 0.2259497549019608 0.020016339869281044 0.10263480392156862
0 0.7197712418300654 0.24004289215686275 0.013071895424836602 0.09099264705882353
0 0.09558823529411764 0.47058823529411764 0.031862745098039214 0.022058823529411766
0 0.7502042483660131 0.24295343137254902 0.012663398692810458 0.08946078431372549
0 0.7410130718954249 0.6262254901960784 0.018790849673202614 0.026348039215686275
0 0.7240604575163399 0.6318933823529411 0.013480392156862746 0.026041666666666668
0 0.7087418300653595 0.6375612745098039 0.013888888888888888 0.03002450980392157
0 0.7064950980392157 0.6096813725490197 0.015931372549019607 0.023284313725490197
0 0.7463235294117647 0.571078431372549 0.013888888888888888 0.02389705882352941
0 0.7238562091503268 0.6063112745098039 0.015522875816993464 0.02389705882352941
0 0.7465277777777778 0.5431985294117647 0.020833333333333332 0.03125
0 0.7252859477124183 0.5775122549019608 0.02165032679738562 0.031862745098039214
0 0.1488970588235294 0.47901348039215685 0.02246732026143791 0.018075980392156864
0 0.1235702614379085 0.4802389705882353 0.028186274509803922 0.013174019607843137
0 0.15318627450980393 0.5064338235294118 0.025326797385620915 0.020833333333333332
0 0.6891339869281046 0.6475183823529411 0.017973856209150325 0.029105392156862746
0 0.6897467320261438 0.5888480392156863 0.025735294117647058 0.02389705882352941
0 0.6668709150326797 0.6541053921568627 0.017565359477124183 0.03431372549019608
0 0.43770424836601307 0.32919730392156865 0.037173202614379085 0.12591911764705882
0 0.47324346405228757 0.32705269607843135 0.030637254901960783 0.11979166666666667
0 0.5014297385620915 0.3268995098039216 0.025735294117647058 0.1213235294117647
0 0.5279820261437909 0.32659313725490197 0.023284313725490197 0.11887254901960784
0 0.5533088235294118 0.3318014705882353 0.024918300653594773 0.11274509803921569
0 0.12030228758169935 0.4560355392156863 0.02165032679738562 0.018688725490196078
0 0.1468545751633987 0.4566482843137255 0.028186274509803922 0.024816176470588234
0 0.14808006535947713 0.4290747549019608 0.030637254901960783 0.013786764705882353
0 0.06924019607843138 0.5346200980392157 0.02246732026143791 0.025735294117647058
0 0.03104575163398693 0.5370710784313726 0.04003267973856209 0.02389705882352941
0 0.10232843137254902 0.5314031862745098 0.03145424836601307 0.01685049019607843
0 0.09722222222222222 0.5143995098039216 0.031862745098039214 0.014093137254901961
0 0.735702614379085 0.24004289215686275 0.016339869281045753 0.09283088235294118
0 0.10049019607843138 0.49754901960784315 0.035130718954248366 0.01715686274509804
0 0.029616013071895424 0.5087316176470589 0.04044117647058824 0.021139705882352942
0 0.022263071895424837 0.4788602941176471 0.02900326797385621 0.024509803921568627
0 0.061683006535947715 0.47503063725490197 0.032679738562091505 0.021752450980392156
0 0.09538398692810457 0.43964460784313725 0.03145424836601307 0.028186274509803922
0 0.05984477124183007 0.4430147058823529 0.03880718954248366 0.028186274509803922
0 0.02185457516339869 0.44424019607843135 0.037173202614379085 0.028186274509803922
0 0.5802696078431373 0.3287377450980392 0.025735294117647058 0.1133578431372549
0 0.06535947712418301 0.5026041666666666 0.027777777777777776 0.02542892156862745
0 0.6703431372549019 0.561734068627451 0.018790849673202614 0.033394607843137254
0 0.13337418300653595 0.9085477941176471 0.054330065359477125 0.04932598039215686
0 0.6209150326797386 0.5373774509803921 0.013071895424836602 0.02696078431372549
0 0.6623774509803921 0.3371629901960784 0.01838235294117647 0.0977328431372549
0 0.6848447712418301 0.33547794117647056 0.02246732026143791 0.09436274509803921
0 0.5882352941176471 0.5091911764705882 0.021241830065359478 0.03002450980392157
0 0.5921160130718954 0.5404411764705882 0.024101307189542485 0.03308823529411765
0 0.6074346405228758 0.5064338235294118 0.02042483660130719 0.03308823529411765
0 0.5557598039215687 0.5214460784313726 0.014297385620915032 0.03676470588235294
0 0.5571895424836601 0.5523897058823529 0.013888888888888888 0.025735294117647058
0 0.539828431372549 0.5266544117647058 0.016748366013071895 0.03799019607843137
0 0.5396241830065359 0.5591299019607843 0.0196078431372549 0.028186274509803922
0 0.49407679738562094 0.5356924019607843 0.02246732026143791 0.03278186274509804
0 0.47487745098039214 0.5759803921568627 0.01838235294117647 0.03799019607843137
0 0.4912173202614379 0.5746017156862745 0.01511437908496732 0.036458333333333336
0 0.4571078431372549 0.5462622549019608 0.010620915032679739 0.037377450980392156
0 0.4395424836601307 0.5485600490196079 0.022058823529411766 0.0389093137254902
0 0.41911764705882354 0.5520833333333334 0.016339869281045753 0.042279411764705885
0 0.641748366013072 0.3353247549019608 0.02042483660130719 0.09834558823529412
0 0.4035947712418301 0.5549938725490197 0.01715686274509804 0.043198529411764705
0 0.6211192810457516 0.33318014705882354 0.020016339869281044 0.09650735294117647
0 0.6431781045751634 0.43581495098039214 0.01511437908496732 0.060355392156862746
0 0.21405228758169934 0.48253676470588236 0.07516339869281045 0.020833333333333332
0 0.22426470588235295 0.5081188725490197 0.07924836601307189 0.02420343137254902
0 0.4826388888888889 0.4621629901960784 0.024101307189542485 0.05912990196078431
0 0.4597630718954248 0.4644607843137255 0.01919934640522876 0.061274509803921566
0 0.44199346405228757 0.46660539215686275 0.013888888888888888 0.06985294117647059
0 0.6921977124183006 0.5557598039215687 0.02246732026143791 0.03370098039215686
0 0.4068627450980392 0.4806985294117647 0.021241830065359478 0.061887254901960786
0 0.4250408496732026 0.47120098039215685 0.01511437908496732 0.06801470588235294
0 0.5414624183006536 0.4485294117647059 0.024101307189542485 0.0741421568627451
0 0.5220588235294118 0.44837622549019607 0.015522875816993464 0.07138480392156862
0 0.5073529411764706 0.4502144607843137 0.014705882352941176 0.08425245098039216
0 0.5590277777777778 0.44745710784313725 0.014297385620915032 0.07689950980392157
0 0.5743464052287581 0.4450061274509804 0.013888888888888888 0.0860906862745098
0 0.6127450980392157 0.43995098039215685 0.025326797385620915 0.0661764705882353
0 0.7091503267973857 0.42754289215686275 0.02696078431372549 0.0628063725490196
0 0.6011029411764706 0.3333333333333333 0.017565359477124183 0.1017156862745098
0 0.3868464052287582 0.5600490196078431 0.013888888888888888 0.04595588235294118
0 0.3672385620915033 0.5638786764705882 0.022058823529411766 0.046875
0 0.43913398692810457 0.5890012254901961 0.022058823529411766 0.03829656862745098
0 0.7828839869281046 0.2495404411764706 0.01511437908496732 0.08057598039215687
0 0.7111928104575164 0.33639705882352944 0.015522875816993464 0.09129901960784313
0 0.7287581699346405 0.3368566176470588 0.015522875816993464 0.08547794117647059
0 0.747140522875817 0.33762254901960786 0.022058823529411766 0.08455882352941177
0 0.8041258169934641 0.3481924019607843 0.03553921568627451 0.04013480392156863
0 0.5147058823529411 0.5349264705882353 0.016339869281045753 0.04044117647058824
0 0.5132761437908496 0.5693933823529411 0.013480392156862746 0.02971813725490196
0 0.6446078431372549 0.5310968137254902 0.010620915032679739 0.02542892156862745
0 0.6546160130718954 0.49923406862745096 0.01184640522875817 0.030330882352941176
0 0.633578431372549 0.5333946078431373 0.010620915032679739 0.028186274509803922
0 0.6787173202614379 0.5248161764705882 0.010212418300653595 0.02267156862745098
0 0.6687091503267973 0.5246629901960784 0.00980392156862745 0.023590686274509803
0 0.7032271241830066 0.4886642156862745 0.01184640522875817 0.025122549019607844
0 0.7022058823529411 0.5150122549019608 0.00980392156862745 0.022058823529411766
0 0.6243872549019608 0.5042892156862745 0.01184640522875817 0.03125
0 0.7659313725490197 0.24662990196078433 0.015522875816993464 0.08517156862745098
0 0.2479575163398693 0.7564338235294118 0.05310457516339869 0.04779411764705882
0 0.18852124183006536 0.7810968137254902 0.07066993464052287 0.047487745098039214
0 0.12316176470588236 0.7985600490196079 0.0494281045751634 0.04993872549019608
0 0.41891339869281047 0.59375 0.015931372549019607 0.03370098039215686
0 0.38929738562091504 0.6009497549019608 0.018790849673202614 0.0272671568627451
0 0.4035947712418301 0.5975796568627451 0.013071895424836602 0.03707107843137255
0 0.04268790849673203 0.625765931372549 0.07312091503267974 0.060355392156862746
0 0.1198937908496732 0.6133578431372549 0.07066993464052287 0.05698529411764706
0 0.041870915032679736 0.6963848039215687 0.07148692810457516 0.06678921568627451
0 0.12050653594771242 0.6757046568627451 0.06944444444444445 0.05238970588235294
0 0.21568627450980393 0.4569546568627451 0.07026143790849673 0.02542892156862745
0 0.18852124183006536 0.6571691176470589 0.05841503267973856 0.06004901960784314
0 0.29983660130718953 0.6176470588235294 0.04656862745098039 0.05330882352941176
0 0.3464052287581699 0.6121323529411765 0.0457516339869281 0.04718137254901961
0 0.04656862745098039 0.7697610294117647 0.08415032679738563 0.053002450980392156
0 0.11825980392156862 0.7401960784313726 0.06004901960784314 0.05392156862745098
0 0.1854575163398693 0.7287071078431373 0.06045751633986928 0.048100490196078434
0 0.24693627450980393 0.7071078431372549 0.0559640522875817 0.04963235294117647
0 0.06229575163398693 0.8252144607843137 0.06495098039215687 0.0548406862745098
0 0.24673202614379086 0.6338848039215687 0.05800653594771242 0.05575980392156863
0 0.21752450980392157 0.42769607843137253 0.07312091503267974 0.020833333333333332
0 0.38500816993464054 0.4889705882352941 0.02246732026143791 0.052083333333333336
0 0.29840686274509803 0.7290134803921569 0.04616013071895425 0.050551470588235295
0 0.5261437908496732 0.7212009803921569 0.028594771241830064 0.03125
0 0.5549428104575164 0.633578431372549 0.024918300653594773 0.03370098039215686
0 0.5533088235294118 0.6700367647058824 0.024918300653594773 0.031862745098039214
0 0.556781045751634 0.7057291666666666 0.029411764705882353 0.027879901960784315
0 0.5819035947712419 0.625765931372549 0.020016339869281044 0.03462009803921569
0 0.5553513071895425 0.5952818627450981 0.02246732026143791 0.03676470588235294
0 0.6058006535947712 0.616421568627451 0.02369281045751634 0.034926470588235295
0 0.6035539215686274 0.649203431372549 0.02246732026143791 0.03002450980392157
0 0.6035539215686274 0.6835171568627451 0.02246732026143791 0.025735294117647058
0 0.5749591503267973 0.6587009803921569 0.01184640522875817 0.027573529411764705
0 0.12888071895424835 0.5075061274509803 0.020016339869281044 0.019301470588235295
0 0.5819035947712419 0.6933210784313726 0.017565359477124183 0.044730392156862746
0 0.6482843137254902 0.5686274509803921 0.024509803921568627 0.030637254901960783
0 0.6462418300653595 0.6015625 0.02287581699346405 0.030943627450980393
0 0.6482843137254902 0.6329656862745098 0.021241830065359478 0.025735294117647058
0 0.6282679738562091 0.6404718137254902 0.018790849673202614 0.029105392156862746
0 0.6458333333333334 0.6614583333333334 0.013071895424836602 0.028799019607843136
0 0.6280637254901961 0.671875 0.02246732026143791 0.03431372549019608
0 0.6388888888888888 0.5015318627450981 0.017973856209150325 0.034926470588235295
0 0.5241013071895425 0.6845894607843137 0.02369281045751634 0.040747549019607844
0 0.5249183006535948 0.6467524509803921 0.024509803921568627 0.03431372549019608
0 0.3939950980392157 0.39139093137254904 0.03145424836601307 0.046262254901960786
0 0.49387254901960786 0.7365196078431373 0.03758169934640523 0.03553921568627451
0 0.5230800653594772 0.6079963235294118 0.039624183006535946 0.036458333333333336
0 0.12745098039215685 0.8532475490196079 0.05800653594771242 0.04656862745098039
0 0.19138071895424835 0.8794424019607843 0.05759803921568627 0.047487745098039214
0 0.18790849673202614 0.8311887254901961 0.05718954248366013 0.042279411764705885
0 0.2520424836601307 0.8592218137254902 0.05392156862745098 0.050551470588235295
0 0.24979575163398693 0.8072916666666666 0.046977124183006536 0.049019607843137254
0 0.30106209150326796 0.828890931372549 0.0392156862745098 0.046875
0 0.35049019607843135 0.7564338235294118 0.04738562091503268 0.04044117647058824
0 0.30187908496732024 0.7818627450980392 0.04738562091503268 0.03982843137254902
0 0.3515114379084967 0.803921568627451 0.04125816993464052 0.04840686274509804
0 0.06944444444444445 0.9431678921568627 0.06372549019607843 0.0548406862745098
0 0.7475490196078431 0.5974264705882353 0.016339869281045753 0.02696078431372549
0 0.45731209150326796 0.6321997549019608 0.0363562091503268 0.04503676470588235
0 0.4542483660130719 0.6724877450980392 0.03349673202614379 0.031862745098039214
0 0.4579248366013072 0.7104779411764706 0.03104575163398693 0.03982843137254902
0 0.45812908496732024 0.7530637254901961 0.028186274509803922 0.03860294117647059
0 0.4895833333333333 0.6213235294117647 0.025735294117647058 0.042279411764705885
0 0.0625 0.8851102941176471 0.06454248366013073 0.051470588235294115
0 0.49387254901960786 0.6954656862745098 0.03104575163398693 0.04044117647058824
0 0.4910130718954248 0.6580882352941176 0.028594771241830064 0.03125
