0 0.7434895833333334 0.2236328125 0.05572916666666667 0.077734375
0 0.5765625 0.2205078125 0.03958333333333333 0.081640625
0 0.6169270833333333 0.2220703125 0.0421875 0.084765625
0 0.6598958333333333 0.2185546875 0.04375 0.090234375
0 0.7 0.203515625 0.03125 0.11796875
0 0.2546875 0.6263671875 0.027083333333333334 0.049609375
0 0.48151041666666666 0.8517578125 0.0390625 0.027734375
0 0.4401041666666667 0.8482421875 0.0375 0.028515625
0 0.44166666666666665 0.876953125 0.036458333333333336 0.02890625
0 0.40859375 0.8533203125 0.0234375 0.073046875
0 0.37916666666666665 0.84921875 0.027083333333333334 0.084375
0 0.33567708333333335 0.871484375 0.049479166666666664 0.0390625
0 0.2903645833333333 0.869140625 0.0421875 0.0375
0 0.22421875 0.6203125 0.028645833333333332 0.06171875
0 0.5364583333333334 0.219921875 0.03958333333333333 0.0828125
0 0.19296875 0.627734375 0.027604166666666666 0.05390625
0 0.13645833333333332 0.6294921875 0.020833333333333332 0.048046875
0 0.11302083333333333 0.6341796875 0.020833333333333332 0.041015625
0 0.09192708333333334 0.634375 0.019270833333333334 0.04296875
0 0.05651041666666667 0.625390625 0.034895833333333334 0.05625
0 0.01953125 0.614453125 0.0390625 0.078125
0 0.7127604166666667 0.509375 0.06614583333333333 0.07109375
0 0.6598958333333333 0.508203125 0.025 0.06875
0 0.6309895833333333 0.507421875 0.0296875 0.06796875
0 0.6020833333333333 0.5064453125 0.028125 0.069921875
0 0.5619791666666667 0.4908203125 0.040625 0.101953125
0 0.5145833333333333 0.490234375 0.05520833333333333 0.09765625
0 0.46822916666666664 0.4908203125 0.0375 0.094921875
0 0.42682291666666666 0.485546875 0.04114583333333333 0.09765625
0 0.16484375 0.6216796875 0.030729166666666665 0.064453125
0 0.25625 0.88046875 0.023958333333333335 0.025
0 0.48776041666666664 0.117578125 0.0578125 0.05859375
0 0.365625 0.1134765625 0.0625 0.064453125
0 0.7947916666666667 0.246875 0.04895833333333333 0.03828125
0 0.38697916666666665 0.6291015625 0.027083333333333334 0.053515625
0 0.3497395833333333 0.6267578125 0.04010416666666667 0.061328125
0 0.3143229166666667 0.6248046875 0.030729166666666665 0.059765625
0 0.2833333333333333 0.6291015625 0.028125 0.051953125
0 0.515625 0.85625 0.03229166666666667 0.0796875
0 0.54921875 0.8794921875 0.033854166666666664 0.030859375
0 0.5859375 0.8775390625 0.03958333333333333 0.027734375
0 0.6268229166666667 0.8794921875 0.04010416666666667 0.023828125
0 0.6669270833333333 0.8783203125 0.0359375 0.023046875
0 0.71953125 0.8748046875 0.0609375 0.026171875
0 0.7390625 0.8390625 0.059375 0.03984375
0 0.9380208333333333 0.901953125 0.05 0.08359375
0 0.4265625 0.113671875 0.059375 0.0640625
0 0.9838541666666667 0.901953125 0.03229166666666667 0.084375
0 0.9450520833333333 0.5802734375 0.0609375 0.105859375
0 0.97265625 0.395703125 0.05677083333333333 0.11484375
0 0.021354166666666667 0.1275390625 0.027083333333333334 0.061328125
0 0.0515625 0.123828125 0.03125 0.0671875
0 0.096875 0.122265625 0.026041666666666668 0.06015625
0 0.12682291666666667 0.121484375 0.0296875 0.06015625
0 0.0067708333333333336 0.2109375 0.013541666666666667 0.053125
0 0.028125 0.21171875 0.028125 0.05234375
0 0.05520833333333333 0.210546875 0.022916666666666665 0.05234375
0 0.0796875 0.2126953125 0.026041666666666668 0.048046875
0 0.19270833333333334 0.23203125 0.09895833333333333 0.04609375
0 0.36041666666666666 0.201171875 0.058333333333333334 0.0640625
0 0.48020833333333335 0.228125 0.05520833333333333 0.01484375
0 0.9505208333333334 0.74921875 0.071875 0.09296875
0 0.25 0.8529296875 0.027083333333333334 0.023046875
0 0.48046875 0.87890625 0.03697916666666667 0.025
0 0.20286458333333332 0.8615234375 0.0234375 0.056640625
0 0.7731770833333333 0.5830078125 0.06197916666666667 0.012890625
0 0.7755208333333333 0.6076171875 0.06354166666666666 0.011328125
0 0.77421875 0.65234375 0.0546875 0.0140625
0 0.7692708333333333 0.7259765625 0.035416666666666666 0.066015625
0 0.7315104166666667 0.7326171875 0.04114583333333333 0.069921875
0 0.6864583333333333 0.721875 0.035416666666666666 0.0828125
0 0.22630208333333332 0.866796875 0.0234375 0.046875
0 0.6002604166666666 0.745703125 0.049479166666666664 0.0421875
0 0.54375 0.7439453125 0.04791666666666667 0.041015625
0 0.48880208333333336 0.7298828125 0.04114583333333333 0.076171875
0 0.446875 0.7283203125 0.041666666666666664 0.072265625
0 0.4049479166666667 0.7271484375 0.044270833333333336 0.075390625
0 0.31875 0.730078125 0.036458333333333336 0.0640625
0 0.28411458333333334 0.739453125 0.0234375 0.04140625
0 0.7731770833333333 0.6302734375 0.049479166666666664 0.014453125
0 0.7763020833333333 0.5576171875 0.05572916666666667 0.020703125
0 0.7080729166666667 0.6107421875 0.03802083333333333 0.094140625
0 0.7825520833333334 0.531640625 0.06822916666666666 0.015625
0 0.7919270833333333 0.484765625 0.06197916666666667 0.021875
0 0.06692708333333333 0.344921875 0.07760416666666667 0.0921875
0 0.14322916666666666 0.3447265625 0.071875 0.091796875
0 0.22057291666666667 0.3513671875 0.07760416666666667 0.081640625
0 0.30026041666666664 0.35703125 0.07447916666666667 0.08828125
0 0.37890625 0.359375 0.0765625 0.08203125
0 0.44609375 0.3419921875 0.0453125 0.109765625
0 0.5026041666666666 0.3443359375 0.05 0.107421875
0 0.5481770833333334 0.34375 0.04114583333333333 0.1109375
0 0.5919270833333333 0.3455078125 0.0390625 0.109765625
0 0.6463541666666667 0.37265625 0.06979166666666667 0.06484375
0 0.6518229166666667 0.32265625 0.058854166666666666 0.0359375
0 0.71015625 0.353125 0.0578125 0.10390625
0 0.8010416666666667 0.3787109375 0.058333333333333334 0.059765625
0 0.7953125 0.4314453125 0.05625 0.018359375
0 0.7864583333333334 0.45703125 0.06041666666666667 0.015625
0 0.7856770833333333 0.511328125 0.06197916666666667 0.01953125
0 0.040364583333333336 0.489453125 0.043229166666666666 0.0875
0 0.6471354166666666 0.7248046875 0.03697916666666667 0.080078125
0 0.014583333333333334 0.728125 0.029166666666666667 0.0609375
0 0.02734375 0.8728515625 0.0453125 0.027734375
0 0.07395833333333333 0.8763671875 0.03854166666666667 0.025390625
0 0.0703125 0.8451171875 0.03958333333333333 0.032421875
0 0.02734375 0.8435546875 0.0453125 0.027734375
0 0.12161458333333333 0.8703125 0.059895833333333336 0.0484375
0 0.16927083333333334 0.8724609375 0.036458333333333336 0.040234375
0 0.17135416666666667 0.8330078125 0.040625 0.037890625
0 0.5377604166666666 0.6404296875 0.0421875 0.027734375
0 0.24921875 0.7251953125 0.034895833333333334 0.066796875
0 0.17421875 0.737109375 0.021354166666666667 0.0484375
0 0.10208333333333333 0.7376953125 0.06145833333333333 0.040234375
0 0.043229166666666666 0.7263671875 0.027083333333333334 0.064453125
0 0.6286458333333333 0.6400390625 0.04375 0.026953125
0 0.5833333333333334 0.6416015625 0.04375 0.028515625
0 0.46588541666666666 0.6396484375 0.0421875 0.027734375
0 0.4669270833333333 0.6125 0.04010416666666667 0.02578125
0 0.20338541666666668 0.7203125 0.03697916666666667 0.08359375
0 0.28671875 0.483984375 0.050520833333333334 0.1
0 0.3815104166666667 0.4888671875 0.04739583333333333 0.091015625
0 0.5028645833333333 0.6208984375 0.025520833333333333 0.062890625
0 0.18802083333333333 0.480859375 0.05520833333333333 0.10546875
0 0.4205729166666667 0.619921875 0.03177083333333333 0.0671875
0 0.23802083333333332 0.48515625 0.046875 0.0984375
