0 0.5387820512820513 0.4234375 0.13846153846153847 0.026682692307692307
0 0.5379807692307692 0.3992788461538462 0.1342948717948718 0.021634615384615384
0 0.39775641025641023 0.4229567307692308 0.13782051282051283 0.024278846153846154
0 0.3967948717948718 0.4486778846153846 0.14487179487179488 0.02139423076923077
0 0.39839743589743587 0.4719951923076923 0.14038461538461539 0.02139423076923077
0 0.399198717948718 0.4953125 0.1407051282051282 0.02235576923076923
0 0.5435897435897435 0.44903846153846155 0.14358974358974358 0.022115384615384617
0 0.7022435897435897 0.49771634615384613 0.12884615384615383 0.018028846153846152
0 0.5424679487179487 0.47223557692307694 0.1407051282051282 0.02235576923076923
0 0.5427884615384615 0.4957932692307692 0.14198717948717948 0.020913461538461537
0 0.6886217948717949 0.44879807692307694 0.14326923076923076 0.02403846153846154
0 0.6891025641025641 0.4729567307692308 0.15064102564102563 0.020432692307692308
0 0.5342948717948718 0.37932692307692306 0.13653846153846153 0.0125
0 0.27884615384615385 0.4266826923076923 0.019230769230769232 0.022115384615384617
0 0.3073717948717949 0.4243990384615385 0.028846153846153848 0.02235576923076923
0 0.6935897435897436 0.42247596153846156 0.14358974358974358 0.020913461538461537
0 0.3842948717948718 0.39783653846153844 0.1423076923076923 0.023557692307692307
0 0.5442307692307692 0.7887019230769231 0.1346153846153846 0.01875
0 0.6881410256410256 0.35552884615384617 0.035256410256410256 0.028846153846153848
0 0.6838141025641026 0.8448317307692308 0.14583333333333334 0.02716346153846154
0 0.6820512820512821 0.8716346153846154 0.14551282051282052 0.02403846153846154
0 0.6801282051282052 0.895673076923077 0.14487179487179488 0.020192307692307693
0 0.6772435897435898 0.9183894230769231 0.1423076923076923 0.023317307692307693
0 0.4049679487179487 0.7388221153846154 0.1362179487179487 0.025240384615384616
0 0.4064102564102564 0.7639423076923076 0.1326923076923077 0.021153846153846155
0 0.40560897435897436 0.7844951923076923 0.1330128205128205 0.017548076923076923
0 0.40737179487179487 0.8066105769230769 0.13141025641025642 0.024278846153846154
0 0.5439102564102564 0.7418269230769231 0.1371794871794872 0.026923076923076925
0 0.5415064102564102 0.7673076923076924 0.13557692307692307 0.020673076923076922
0 0.3091346153846154 0.4485576923076923 0.023397435897435898 0.023076923076923078
0 0.5427884615384615 0.8109375 0.13237179487179487 0.023317307692307693
0 0.5389423076923077 0.3574519230769231 0.14262820512820512 0.02548076923076923
0 0.5862179487179487 0.3313701923076923 0.11153846153846154 0.020432692307692308
0 0.6294871794871795 0.35552884615384617 0.028205128205128206 0.026442307692307692
0 0.6229166666666667 0.3814903846153846 0.02532051282051282 0.022596153846153846
0 0.2586538461538462 0.4503605769230769 0.027564102564102563 0.02235576923076923
0 0.6814102564102564 0.3838942307692308 0.025 0.02403846153846154
0 0.25817307692307695 0.4729567307692308 0.02532051282051282 0.020432692307692308
0 0.26666666666666666 0.6618990384615384 0.023076923076923078 0.018028846153846152
0 0.2671474358974359 0.6832932692307693 0.022756410256410255 0.02283653846153846
0 0.28910256410256413 0.6837740384615385 0.008333333333333333 0.012259615384615384
0 0.6886217948717949 0.740625 0.1503205128205128 0.02548076923076923
0 0.6879807692307692 0.7663461538461539 0.1483974358974359 0.02403846153846154
0 0.06298076923076923 0.48954326923076924 0.06955128205128205 0.06514423076923077
0 0.016506410256410257 0.604326923076923 0.033012820512820513 0.10817307692307693
0 0.08028846153846154 0.6103365384615385 0.05993589743589744 0.10865384615384616
0 0.15048076923076922 0.6109375 0.055448717948717946 0.09783653846153846
0 0.21875 0.6004807692307692 0.05673076923076923 0.1076923076923077
0 0.024839743589743588 0.7356971153846154 0.049679487179487176 0.103125
0 0.09102564102564102 0.7390625 0.05897435897435897 0.096875
0 0.16121794871794873 0.7399038461538462 0.051923076923076926 0.0985576923076923
0 0.2246794871794872 0.7378605769230769 0.05576923076923077 0.096875
0 0.6871794871794872 0.7893028846153847 0.1467948717948718 0.02139423076923077
0 0.2923076923076923 0.6621394230769231 0.023717948717948717 0.018509615384615385
0 0.31875 0.6609375 0.023397435897435898 0.020913461538461537
0 0.31810897435897434 0.6373798076923077 0.02403846153846154 0.023317307692307693
0 0.2918269230769231 0.6405048076923077 0.023397435897435898 0.02235576923076923
0 0.28717948717948716 0.4740384615384615 0.023076923076923078 0.022596153846153846
0 0.3137820512820513 0.4733173076923077 0.02435897435897436 0.022115384615384617
0 0.6533653846153846 0.38209134615384616 0.02532051282051282 0.02283653846153846
0 0.5365384615384615 0.9137019230769231 0.13141025641025642 0.025961538461538463
0 0.7108974358974359 0.38269230769230766 0.026923076923076925 0.02403846153846154
0 0.708173076923077 0.403125 0.02467948717948718 0.015384615384615385
0 0.6229166666666667 0.403125 0.025961538461538463 0.015384615384615385
0 0.28221153846153846 0.4501201923076923 0.01891025641025641 0.02283653846153846
0 0.6525641025641026 0.4030048076923077 0.026923076923076925 0.01514423076923077
0 0.26153846153846155 0.5772836538461539 0.022435897435897436 0.023317307692307693
0 0.2875 0.578125 0.023717948717948717 0.020673076923076922
0 0.3158653846153846 0.5772836538461539 0.02403846153846154 0.023317307692307693
0 0.3161858974358974 0.6027644230769231 0.021474358974358974 0.02235576923076923
0 0.2905448717948718 0.6014423076923077 0.02403846153846154 0.022115384615384617
0 0.26474358974358975 0.6019230769230769 0.022435897435897436 0.020673076923076922
0 0.2657051282051282 0.6390625 0.02435897435897436 0.024278846153846154
0 0.6822115384615385 0.4037259615384615 0.0266025641025641 0.014182692307692308
0 0.5384615384615384 0.8915865384615385 0.13525641025641025 0.016346153846153847
0 0.4011217948717949 0.6599759615384615 0.1362179487179487 0.018990384615384614
0 0.5391025641025641 0.8456730769230769 0.13397435897435897 0.03365384615384615
0 0.3282051282051282 0.8051682692307692 0.020512820512820513 0.023798076923076922
0 0.5392628205128205 0.8729567307692307 0.1310897435897436 0.017548076923076923
0 0.3003205128205128 0.7836538461538461 0.021153846153846155 0.01826923076923077
0 0.29951923076923076 0.7638221153846154 0.022756410256410255 0.018990384615384614
0 0.3248397435897436 0.7829326923076924 0.023397435897435898 0.019230769230769232
0 0.3246794871794872 0.7615384615384615 0.023076923076923078 0.01875
0 0.32259615384615387 0.7396634615384615 0.022115384615384617 0.022596153846153846
0 0.2985576923076923 0.7402644230769231 0.02403846153846154 0.023798076923076922
0 0.27548076923076925 0.8044471153846153 0.022115384615384617 0.020432692307692308
0 0.2725961538461538 0.7830528846153846 0.025961538461538463 0.019471153846153846
0 0.27291666666666664 0.7639423076923076 0.023397435897435898 0.016826923076923076
0 0.27355769230769234 0.7429086538461539 0.021474358974358974 0.021875
0 0.26826923076923076 0.7084134615384615 0.026282051282051282 0.021153846153846155
0 0.29423076923076924 0.7082932692307692 0.021794871794871794 0.020913461538461537
0 0.32035256410256413 0.7069711538461538 0.023397435897435898 0.023076923076923078
0 0.3190705128205128 0.6836538461538462 0.02403846153846154 0.021153846153846155
0 0.2923076923076923 0.684375 0.02435897435897436 0.025
0 0.14262820512820512 0.4871394230769231 0.06474358974358975 0.06514423076923077
0 0.21650641025641026 0.4852163461538462 0.052243589743589745 0.06610576923076923
0 0.21153846153846154 0.38461538461538464 0.10192307692307692 0.08942307692307692
0 0.12756410256410255 0.38629807692307694 0.06282051282051282 0.09038461538461538
0 0.046955128205128205 0.3855769230769231 0.0810897435897436 0.10048076923076923
0 0.20528846153846153 0.2715144230769231 0.08942307692307692 0.09447115384615384
0 0.27548076923076925 0.8439903846153847 0.022115384615384617 0.021153846153846155
0 0.10801282051282052 0.2670673076923077 0.08397435897435897 0.08798076923076924
0 0.2049679487179487 0.15132211538461537 0.06698717948717949 0.09735576923076923
0 0.40016025641025643 0.6350961538461538 0.1362179487179487 0.028365384615384615
0 0.11618589743589744 0.15420673076923078 0.07788461538461539 0.09831730769230769
0 0.03782051282051282 0.1530048076923077 0.06602564102564103 0.09591346153846154
0 0.6855769230769231 0.6040865384615385 0.14935897435897436 0.025
0 0.6855769230769231 0.5780048076923077 0.14935897435897436 0.024759615384615383
0 0.03349358974358974 0.27439903846153846 0.06506410256410257 0.09783653846153846
0 0.30128205128205127 0.846875 0.023076923076923078 0.022115384615384617
0 0.3036858974358974 0.8067307692307693 0.02467948717948718 0.022115384615384617
0 0.2761217948717949 0.8657451923076923 0.023397435897435898 0.019471153846153846
0 0.39871794871794874 0.5780048076923077 0.13653846153846153 0.020432692307692308
0 0.3246794871794872 0.8461538461538461 0.01987179487179487 0.022115384615384617
0 0.4099358974358974 0.5298076923076923 0.11538461538461539 0.023076923076923078
0 0.6876602564102564 0.7121394230769231 0.15352564102564104 0.026201923076923078
0 0.686698717948718 0.6859375 0.14711538461538462 0.023798076923076922
0 0.6868589743589744 0.6605769230769231 0.14871794871794872 0.02548076923076923
0 0.39791666666666664 0.6014423076923077 0.1362179487179487 0.022115384615384617
0 0.6855769230769231 0.6342548076923077 0.14935897435897436 0.024278846153846154
0 0.4012820512820513 0.7063701923076923 0.1346153846153846 0.021875
0 0.40176282051282053 0.6820913461538461 0.1362179487179487 0.02283653846153846
0 0.5424679487179487 0.6855769230769231 0.1407051282051282 0.020673076923076922
0 0.5399038461538461 0.6637019230769231 0.13814102564102565 0.021634615384615384
0 0.5387820512820513 0.6356971153846154 0.1358974358974359 0.031490384615384615
0 0.4043269230769231 0.909014423076923 0.128525641025641 0.021875
0 0.5392628205128205 0.7099759615384615 0.13685897435897437 0.023798076923076922
0 0.538301282051282 0.5311298076923077 0.14006410256410257 0.023317307692307693
0 0.3969551282051282 0.5550480769230769 0.1362179487179487 0.02403846153846154
0 0.5387820512820513 0.5804086538461538 0.14102564102564102 0.019951923076923075
0 0.30128205128205127 0.8680288461538461 0.023076923076923078 0.016826923076923076
0 0.32564102564102565 0.8682692307692308 0.01858974358974359 0.01971153846153846
0 0.3264423076923077 0.8891826923076923 0.021474358974358974 0.019230769230769232
0 0.30272435897435895 0.8866586538461538 0.022756410256410255 0.018990384615384614
0 0.277724358974359 0.8873798076923077 0.02403846153846154 0.020432692307692308
0 0.2782051282051282 0.9073317307692308 0.01987179487179487 0.017548076923076923
0 0.3020833333333333 0.9072115384615385 0.021474358974358974 0.01971153846153846
0 0.32580128205128206 0.9088942307692308 0.022115384615384617 0.01826923076923077
0 0.4033653846153846 0.8427884615384615 0.12916666666666668 0.022596153846153846
0 0.5379807692307692 0.5564903846153846 0.1375 0.02451923076923077
0 0.6855769230769231 0.8138221153846154 0.14615384615384616 0.024278846153846154
0 0.4060897435897436 0.8663461538461539 0.1282051282051282 0.020673076923076922
0 0.4048076923076923 0.8876201923076923 0.12307692307692308 0.018509615384615385
0 0.6879807692307692 0.5526442307692307 0.15416666666666667 0.021634615384615384
0 0.688301282051282 0.5266826923076923 0.1548076923076923 0.026442307692307692
0 0.5395833333333333 0.6032451923076924 0.1375 0.023317307692307693
