0 0.1375 0.294921875 0.04791666666666667 0.07109375
0 0.76953125 0.304296875 0.03802083333333333 0.05234375
0 0.728125 0.3044921875 0.041666666666666664 0.054296875
0 0.68203125 0.2998046875 0.049479166666666664 0.066796875
0 0.6294270833333333 0.2984375 0.049479166666666664 0.06875
0 0.06145833333333333 0.3099609375 0.09791666666666667 0.041796875
0 0.18880208333333334 0.29453125 0.04635416666666667 0.0703125
0 0.2591145833333333 0.3134765625 0.0921875 0.034765625
0 0.7236979166666667 0.20390625 0.03802083333333333 0.04921875
0 0.8052083333333333 0.9599609375 0.053125 0.021484375
0 0.75 0.9619140625 0.053125 0.023828125
0 0.6919270833333333 0.9626953125 0.059895833333333336 0.024609375
0 0.6236979166666666 0.9640625 0.07552083333333333 0.03125
0 0.5416666666666666 0.9677734375 0.078125 0.023046875
0 0.8114583333333333 0.3052734375 0.042708333333333334 0.051171875
0 0.44947916666666665 0.9650390625 0.08020833333333334 0.037109375
0 0.290625 0.9759765625 0.05625 0.029296875
0 0.2328125 0.976953125 0.058333333333333334 0.025
0 0.16119791666666666 0.9771484375 0.07864583333333333 0.033984375
0 0.07734375 0.9798828125 0.08177083333333333 0.028515625
0 0.9236979166666667 0.84453125 0.04635416666666667 0.06328125
0 0.8763020833333334 0.84375 0.043229166666666666 0.0640625
0 0.8229166666666666 0.866015625 0.05625 0.02578125
0 0.7611979166666667 0.8677734375 0.059895833333333336 0.026953125
0 0.6966145833333334 0.8712890625 0.06302083333333333 0.019921875
0 0.62578125 0.844140625 0.0640625 0.025
0 0.6276041666666666 0.8763671875 0.07083333333333333 0.018359375
0 0.5544270833333333 0.876953125 0.06927083333333334 0.02421875
0 0.48203125 0.877734375 0.0734375 0.0265625
0 0.36484375 0.96875 0.08177083333333333 0.03203125
0 0.40625 0.8775390625 0.07604166666666666 0.027734375
0 0.86015625 0.3013671875 0.049479166666666664 0.058203125
0 0.9731770833333333 0.3126953125 0.05364583333333333 0.033203125
0 0.78984375 0.391015625 0.07239583333333334 0.0234375
0 0.8635416666666667 0.3875 0.071875 0.02578125
0 0.78671875 0.4169921875 0.06927083333333334 0.026171875
0 0.8619791666666666 0.416796875 0.078125 0.02890625
0 0.92421875 0.3892578125 0.04739583333333333 0.037109375
0 0.97890625 0.388671875 0.043229166666666666 0.03515625
0 0.9770833333333333 0.416796875 0.04583333333333333 0.01875
0 0.9260416666666667 0.420703125 0.04791666666666667 0.01875
0 0.7098958333333333 0.4181640625 0.07708333333333334 0.028515625
0 0.6307291666666667 0.4173828125 0.07708333333333334 0.029296875
0 0.5674479166666667 0.405859375 0.0453125 0.05078125
0 0.5229166666666667 0.4056640625 0.040625 0.050390625
0 0.9546875 0.957421875 0.07708333333333334 0.03359375
0 0.9125 0.302734375 0.052083333333333336 0.0578125
0 0.8736979166666666 0.955078125 0.07864583333333333 0.0328125
0 0.1046875 0.2119140625 0.07291666666666667 0.028515625
0 0.18229166666666666 0.2099609375 0.07291666666666667 0.028515625
0 0.2596354166666667 0.2154296875 0.0734375 0.028515625
0 0.3338541666666667 0.2150390625 0.07291666666666667 0.028515625
0 0.40572916666666664 0.2154296875 0.07291666666666667 0.028515625
0 0.46822916666666664 0.2181640625 0.04791666666666667 0.029296875
0 0.5260416666666666 0.2185546875 0.06666666666666667 0.024609375
0 0.6002604166666666 0.2181640625 0.07239583333333334 0.023046875
0 0.6669270833333333 0.2185546875 0.0546875 0.024609375
0 0.7630208333333334 0.20625 0.034375 0.05703125
0 0.809375 0.2048828125 0.04895833333333333 0.051953125
0 0.8606770833333334 0.2060546875 0.049479166666666664 0.051953125
0 0.93359375 0.2193359375 0.08489583333333334 0.028515625
0 0.03229166666666667 0.2083984375 0.06458333333333334 0.028515625
0 0.32786458333333335 0.87890625 0.07447916666666667 0.03046875
0 0.9705729166666667 0.841796875 0.0453125 0.0625
0 0.19010416666666666 0.8845703125 0.058333333333333334 0.023046875
0 0.18359375 0.672265625 0.0796875 0.03203125
0 0.10208333333333333 0.673828125 0.075 0.03046875
0 0.028125 0.6736328125 0.05625 0.030078125
0 0.9838541666666667 0.5421875 0.034375 0.02265625
0 0.9341145833333333 0.53828125 0.0453125 0.02265625
0 0.8799479166666667 0.543359375 0.05364583333333333 0.02265625
0 0.8223958333333333 0.5431640625 0.05520833333333333 0.023046875
0 0.2520833333333333 0.883203125 0.05520833333333333 0.025
0 0.68984375 0.543359375 0.07135416666666666 0.025
0 0.6216145833333333 0.542578125 0.06197916666666667 0.03125
0 0.5565104166666667 0.5435546875 0.0640625 0.027734375
0 0.48880208333333336 0.5455078125 0.07239583333333334 0.027734375
0 0.41432291666666665 0.5447265625 0.0734375 0.027734375
0 0.34088541666666666 0.5453125 0.07239583333333334 0.02890625
0 0.25104166666666666 0.6455078125 0.05 0.073828125
0 0.2643229166666667 0.544921875 0.0703125 0.03125
0 0.10078125 0.546875 0.07864583333333333 0.0296875
0 0.03046875 0.5470703125 0.0609375 0.030078125
0 0.35859375 0.4095703125 0.09427083333333333 0.043359375
0 0.28671875 0.4056640625 0.0421875 0.052734375
0 0.24375 0.4046875 0.041666666666666664 0.05078125
0 0.18776041666666668 0.4181640625 0.06302083333333333 0.023828125
0 0.13541666666666666 0.40390625 0.0375 0.05390625
0 0.09427083333333333 0.403515625 0.036458333333333336 0.05078125
0 0.035416666666666666 0.4130859375 0.07083333333333333 0.034765625
0 0.57265625 0.3197265625 0.06510416666666667 0.023828125
0 0.5114583333333333 0.321484375 0.053125 0.02421875
0 0.44114583333333335 0.3158203125 0.08020833333333334 0.031640625
0 0.375 0.3029296875 0.04895833333333333 0.053515625
0 0.32864583333333336 0.30390625 0.041666666666666664 0.05546875
0 0.18489583333333334 0.544921875 0.08229166666666667 0.028125
0 0.30182291666666666 0.645703125 0.044270833333333336 0.0734375
0 0.7598958333333333 0.543359375 0.06354166666666666 0.025
0 0.4049479166666667 0.6451171875 0.0484375 0.076953125
0 0.12942708333333333 0.884375 0.05677083333333333 0.02265625
0 0.05911458333333333 0.883984375 0.07135416666666666 0.0265625
0 0.9455729166666667 0.754296875 0.06510416666666667 0.034375
0 0.878125 0.7548828125 0.065625 0.033203125
0 0.8046875 0.7609375 0.06875 0.02578125
0 0.734375 0.759765625 0.06875 0.02578125
0 0.66171875 0.7619140625 0.06614583333333333 0.026171875
0 0.58671875 0.7599609375 0.0765625 0.032421875
0 0.50546875 0.7611328125 0.06927083333333334 0.033984375
0 0.42682291666666666 0.7638671875 0.0734375 0.034765625
0 0.3515625 0.6447265625 0.052083333333333336 0.078515625
0 0.3059895833333333 0.7501953125 0.049479166666666664 0.066796875
0 0.25625 0.7498046875 0.04479166666666667 0.064453125
0 0.19296875 0.772265625 0.07239583333333334 0.028125
0 0.3541666666666667 0.748046875 0.041666666666666664 0.065625
0 0.12057291666666667 0.7748046875 0.0671875 0.026171875
0 0.85546875 0.6458984375 0.04635416666666667 0.062109375
0 0.7825520833333334 0.6603515625 0.09010416666666667 0.036328125
0 0.6877604166666667 0.6611328125 0.09322916666666667 0.035546875
0 0.9033854166666667 0.6453125 0.04739583333333333 0.06328125
0 0.9479166666666666 0.645703125 0.0375 0.059375
0 0.19609375 0.7431640625 0.0671875 0.026953125
0 0.9828125 0.6419921875 0.026041666666666668 0.054296875
0 0.5083333333333333 0.6478515625 0.046875 0.071484375
0 0.4578125 0.6451171875 0.05 0.076953125
0 0.0546875 0.773828125 0.0625 0.02890625
0 0.5614583333333333 0.64765625 0.052083333333333336 0.0703125
