0 0.6442708333333333 0.235546875 0.036458333333333336 0.0703125
0 0.5244791666666667 0.23359375 0.0375 0.06953125
0 0.5677083333333334 0.2341796875 0.03854166666666667 0.070703125
0 0.60546875 0.2345703125 0.0328125 0.071484375
0 0.6854166666666667 0.23359375 0.03333333333333333 0.06953125
0 0.7221354166666667 0.2341796875 0.033854166666666664 0.070703125
0 0.76171875 0.23359375 0.034895833333333334 0.07265625
0 0.39401041666666664 0.54921875 0.033854166666666664 0.06171875
0 0.428125 0.5470703125 0.028125 0.063671875
0 0.2786458333333333 0.5498046875 0.035416666666666666 0.062890625
0 0.24244791666666668 0.5513671875 0.0328125 0.062890625
0 0.2078125 0.5505859375 0.036458333333333336 0.063671875
0 0.16484375 0.5505859375 0.0359375 0.064453125
0 0.12708333333333333 0.5505859375 0.034375 0.064453125
0 0.08958333333333333 0.551171875 0.036458333333333336 0.0625
0 0.051041666666666666 0.5501953125 0.036458333333333336 0.066796875
0 0.015364583333333333 0.55234375 0.030729166666666665 0.06328125
0 0.030729166666666665 0.662109375 0.03333333333333333 0.05234375
0 0.06666666666666667 0.66171875 0.03125 0.0515625
0 0.10208333333333333 0.66015625 0.03333333333333333 0.05390625
0 0.14166666666666666 0.659375 0.030208333333333334 0.05234375
0 0.79921875 0.23515625 0.0328125 0.07265625
0 0.31640625 0.5494140625 0.033854166666666664 0.062109375
0 0.353125 0.55 0.03333333333333333 0.06015625
0 0.46588541666666666 0.546875 0.030729166666666665 0.06328125
0 0.5013020833333334 0.5478515625 0.03177083333333333 0.062109375
0 0.49375 0.4453125 0.03333333333333333 0.06484375
0 0.45729166666666665 0.4453125 0.03333333333333333 0.06171875
0 0.4153645833333333 0.4455078125 0.0359375 0.065234375
0 0.378125 0.4462890625 0.034375 0.060546875
0 0.34036458333333336 0.4458984375 0.03697916666666667 0.059765625
0 0.30364583333333334 0.447265625 0.036458333333333336 0.059375
0 0.26223958333333336 0.4478515625 0.0390625 0.060546875
0 0.22213541666666667 0.445703125 0.0328125 0.059375
0 0.184375 0.4478515625 0.034375 0.060546875
0 0.14244791666666667 0.4462890625 0.04010416666666667 0.060546875
0 0.10182291666666667 0.444921875 0.03697916666666667 0.0671875
0 0.8372395833333334 0.2330078125 0.034895833333333334 0.071484375
0 0.8755208333333333 0.2376953125 0.034375 0.071484375
0 0.9140625 0.2345703125 0.034375 0.071484375
0 0.9546875 0.2345703125 0.03333333333333333 0.071484375
0 0.9875 0.23671875 0.026041666666666668 0.06953125
0 0.9924479166666667 0.12421875 0.019270833333333334 0.06171875
0 0.9578125 0.12421875 0.03958333333333333 0.06171875
0 0.9127604166666666 0.12421875 0.04010416666666667 0.06484375
0 0.86953125 0.123828125 0.0390625 0.0609375
0 0.8286458333333333 0.1236328125 0.03854166666666667 0.063671875
0 0.5333333333333333 0.4455078125 0.035416666666666666 0.065234375
0 0.5692708333333333 0.4462890625 0.029166666666666667 0.063671875
0 0.6049479166666667 0.4447265625 0.03177083333333333 0.063671875
0 0.6385416666666667 0.4453125 0.029166666666666667 0.06171875
0 0.5369791666666667 0.546875 0.034375 0.06328125
0 0.5739583333333333 0.546875 0.030208333333333334 0.06328125
0 0.6078125 0.5455078125 0.03333333333333333 0.063671875
0 0.64296875 0.54765625 0.033854166666666664 0.06171875
0 0.678125 0.54609375 0.03125 0.06171875
0 0.71640625 0.5439453125 0.03802083333333333 0.063671875
0 0.7546875 0.5455078125 0.03333333333333333 0.060546875
0 0.7895833333333333 0.544921875 0.03333333333333333 0.0625
0 0.8252604166666667 0.541796875 0.03177083333333333 0.0625
0 0.8627604166666667 0.5427734375 0.033854166666666664 0.064453125
0 0.4825520833333333 0.23359375 0.0359375 0.06953125
0 0.8986979166666667 0.54140625 0.03177083333333333 0.06484375
0 0.9651041666666667 0.541796875 0.030208333333333334 0.0625
0 0.9776041666666667 0.4375 0.030208333333333334 0.06484375
0 0.9385416666666667 0.439453125 0.034375 0.065625
0 0.90234375 0.440234375 0.030729166666666665 0.0671875
0 0.8651041666666667 0.4396484375 0.034375 0.066015625
0 0.82890625 0.4412109375 0.030729166666666665 0.069140625
0 0.7924479166666667 0.441015625 0.03177083333333333 0.065625
0 0.75390625 0.441015625 0.0359375 0.06875
0 0.7140625 0.4400390625 0.03333333333333333 0.066796875
0 0.6768229166666667 0.440625 0.03697916666666667 0.06796875
0 0.9315104166666667 0.5423828125 0.03177083333333333 0.060546875
0 0.44166666666666665 0.2349609375 0.035416666666666666 0.075390625
0 0.6453125 0.6466796875 0.030208333333333334 0.055078125
0 0.3625 0.232421875 0.035416666666666666 0.0734375
0 0.9841145833333333 0.3439453125 0.03177083333333333 0.066796875
0 0.59765625 0.75390625 0.03697916666666667 0.05859375
0 0.6341145833333334 0.7541015625 0.0328125 0.055859375
0 0.6700520833333333 0.748828125 0.030729166666666665 0.06015625
0 0.703125 0.7474609375 0.03229166666666667 0.060546875
0 0.7419270833333333 0.7470703125 0.03177083333333333 0.062890625
0 0.76796875 0.7474609375 0.015104166666666667 0.060546875
0 0.7875 0.7451171875 0.017708333333333333 0.058984375
0 0.8174479166666667 0.749609375 0.0328125 0.05546875
0 0.8546875 0.7486328125 0.029166666666666667 0.056640625
0 0.8877604166666667 0.75 0.030729166666666665 0.05078125
0 0.9213541666666667 0.748046875 0.03229166666666667 0.05
0 0.9528645833333333 0.750390625 0.025520833333333333 0.0484375
0 0.9796875 0.7515625 0.022916666666666665 0.04453125
0 0.9861979166666667 0.6474609375 0.0203125 0.050390625
0 0.9471354166666667 0.34453125 0.030729166666666665 0.06484375
0 0.95859375 0.6470703125 0.0296875 0.046484375
0 0.9075520833333334 0.3453125 0.0328125 0.06640625
0 0.7953125 0.3455078125 0.03333333333333333 0.066796875
0 0.7828125 0.120703125 0.040625 0.0671875
0 0.23125 0.35 0.034375 0.0609375
0 0.27291666666666664 0.350390625 0.036458333333333336 0.06171875
0 0.32265625 0.3470703125 0.033854166666666664 0.067578125
0 0.35859375 0.3474609375 0.03177083333333333 0.070703125
0 0.3971354166666667 0.3470703125 0.0359375 0.069921875
0 0.43697916666666664 0.3484375 0.034375 0.0671875
0 0.47604166666666664 0.3466796875 0.034375 0.066796875
0 0.5166666666666667 0.3482421875 0.034375 0.069921875
0 0.5580729166666667 0.34765625 0.0359375 0.06875
0 0.5958333333333333 0.348046875 0.03333333333333333 0.06640625
0 0.6359375 0.3474609375 0.03229166666666667 0.068359375
0 0.675 0.346875 0.03333333333333333 0.06953125
0 0.7125 0.3453125 0.030208333333333334 0.06953125
0 0.7528645833333333 0.346484375 0.033854166666666664 0.06640625
0 0.8708333333333333 0.3458984375 0.03333333333333333 0.067578125
0 0.19348958333333333 0.35 0.0359375 0.0609375
0 0.15234375 0.349609375 0.0359375 0.06015625
0 0.11484375 0.3466796875 0.033854166666666664 0.066796875
0 0.43723958333333335 0.65546875 0.030729166666666665 0.05078125
0 0.40208333333333335 0.655078125 0.03333333333333333 0.05
0 0.36614583333333334 0.6560546875 0.03125 0.048828125
0 0.33177083333333335 0.657421875 0.03125 0.0515625
0 0.29348958333333336 0.6556640625 0.0328125 0.051171875
0 0.25833333333333336 0.655859375 0.03125 0.0546875
0 0.215625 0.6603515625 0.03125 0.051953125
0 0.17682291666666666 0.6591796875 0.0359375 0.051953125
0 0.05807291666666667 0.232421875 0.043229166666666666 0.0671875
0 0.09947916666666666 0.2318359375 0.035416666666666666 0.066015625
0 0.14114583333333333 0.230859375 0.0375 0.0703125
0 0.178125 0.2328125 0.030208333333333334 0.06484375
0 0.22786458333333334 0.23359375 0.0359375 0.07265625
0 0.27057291666666666 0.2328125 0.0359375 0.06796875
0 0.31484375 0.23203125 0.03802083333333333 0.07265625
0 0.47760416666666666 0.6505859375 0.029166666666666667 0.050390625
0 0.5125 0.646484375 0.030208333333333334 0.0578125
0 0.5442708333333334 0.6501953125 0.028125 0.055859375
0 0.5765625 0.648828125 0.03229166666666667 0.05625
0 0.07421875 0.3478515625 0.033854166666666664 0.066015625
0 0.03463541666666667 0.346484375 0.03697916666666667 0.06875
0 0.017447916666666667 0.230859375 0.030729166666666665 0.0671875
0 0.9239583333333333 0.646875 0.03333333333333333 0.04609375
0 0.75625 0.6224609375 0.028125 0.009765625
0 0.6442708333333333 0.612109375 0.028125 0.01015625
0 0.7 0.6177734375 0.030208333333333334 0.012109375
0 0.40286458333333336 0.2333984375 0.034895833333333334 0.069140625
0 0.8911458333333333 0.6478515625 0.029166666666666667 0.048046875
0 0.8239583333333333 0.6484375 0.029166666666666667 0.04921875
0 0.7908854166666667 0.6509765625 0.028645833333333332 0.048046875
0 0.7588541666666667 0.65078125 0.029166666666666667 0.04453125
0 0.7309895833333333 0.649609375 0.018229166666666668 0.0484375
0 0.7059895833333333 0.65 0.025520833333333333 0.04609375
0 0.6770833333333334 0.6494140625 0.029166666666666667 0.051171875
0 0.61171875 0.6466796875 0.0328125 0.055078125
0 0.8567708333333334 0.64765625 0.03333333333333333 0.05078125
0 0.7388020833333333 0.1220703125 0.0421875 0.063671875
0 0.8328125 0.34609375 0.034375 0.065625
0 0.6658854166666667 0.1083984375 0.034895833333333334 0.091796875
0 0.07552083333333333 0.767578125 0.036458333333333336 0.05234375
0 0.1125 0.764453125 0.03333333333333333 0.0578125
0 0.14583333333333334 0.7638671875 0.030208333333333334 0.059765625
0 0.18125 0.7654296875 0.036458333333333336 0.053515625
0 0.2526041666666667 0.764453125 0.036458333333333336 0.0546875
0 0.28984375 0.7630859375 0.0328125 0.058203125
0 0.33098958333333334 0.7634765625 0.033854166666666664 0.052734375
0 0.36770833333333336 0.762109375 0.030208333333333334 0.053125
0 0.40572916666666664 0.7544921875 0.040625 0.065234375
0 0.4875 0.7583984375 0.03333333333333333 0.051953125
0 0.521875 0.758203125 0.03229166666666667 0.0515625
0 0.5575520833333333 0.7578125 0.034895833333333334 0.05078125
0 0.7 0.107421875 0.030208333333333334 0.0921875
0 0.01796875 0.102734375 0.03177083333333333 0.0890625
0 0.05182291666666667 0.103125 0.034895833333333334 0.0875
0 0.08958333333333333 0.1015625 0.036458333333333336 0.08671875
0 0.13125 0.1015625 0.03854166666666667 0.08671875
0 0.23541666666666666 0.1 0.030208333333333334 0.09609375
0 0.2713541666666667 0.1001953125 0.03333333333333333 0.096484375
0 0.34453125 0.101171875 0.0328125 0.0953125
0 0.38567708333333334 0.102734375 0.0296875 0.0953125
0 0.4203125 0.103125 0.029166666666666667 0.09921875
0 0.45364583333333336 0.1025390625 0.030208333333333334 0.098046875
0 0.49375 0.10625 0.029166666666666667 0.09296875
0 0.5286458333333334 0.1056640625 0.030208333333333334 0.091796875
0 0.03671875 0.767578125 0.03697916666666667 0.0546875
0 0.041666666666666664 0.8751953125 0.034375 0.098828125
0 0.07890625 0.8837890625 0.0359375 0.085546875
0 0.11354166666666667 0.8814453125 0.03125 0.087109375
0 0.9799479166666667 0.851171875 0.027604166666666666 0.0875
0 0.9450520833333333 0.853125 0.030729166666666665 0.08515625
0 0.9109375 0.871484375 0.028125 0.0578125
0 0.8786458333333333 0.8734375 0.03229166666666667 0.05859375
0 0.8458333333333333 0.8736328125 0.028125 0.055859375
0 0.8098958333333334 0.8751953125 0.029166666666666667 0.055859375
0 0.77578125 0.875390625 0.030729166666666665 0.05625
0 0.7424479166666667 0.878125 0.0296875 0.05625
0 0.7075520833333333 0.8783203125 0.0328125 0.053515625
0 0.67578125 0.873828125 0.022395833333333334 0.06875
0 0.6408854166666667 0.873828125 0.025520833333333333 0.06875
0 0.6111979166666667 0.875 0.027604166666666666 0.06796875
0 0.5614583333333333 0.10546875 0.030208333333333334 0.09453125
0 0.5822916666666667 0.87734375 0.03125 0.06640625
0 0.5484375 0.8822265625 0.028125 0.061328125
0 0.5161458333333333 0.8826171875 0.03333333333333333 0.055859375
0 0.48020833333333335 0.8861328125 0.03125 0.056640625
0 0.43776041666666665 0.88359375 0.03177083333333333 0.0640625
0 0.40338541666666666 0.8916015625 0.03177083333333333 0.061328125
0 0.36744791666666665 0.8900390625 0.033854166666666664 0.058203125
0 0.33203125 0.8904296875 0.03177083333333333 0.058984375
0 0.29609375 0.8908203125 0.033854166666666664 0.059765625
0 0.2596354166666667 0.8912109375 0.0296875 0.060546875
0 0.22578125 0.8923828125 0.03177083333333333 0.059765625
0 0.18411458333333333 0.8921875 0.033854166666666664 0.059375
0 0.14765625 0.894140625 0.033854166666666664 0.06015625
0 0.008072916666666667 0.877734375 0.016145833333333335 0.10703125
0 0.5979166666666667 0.1078125 0.03333333333333333 0.09296875
0 0.02421875 0.4478515625 0.0359375 0.057421875
0 0.63203125 0.1080078125 0.028645833333333332 0.093359375
0 0.06328125 0.4478515625 0.03697916666666667 0.060546875
