0 0.4027777777777778 0.8786764705882353 0.06535947712418301 0.032475490196078434
0 0.33374183006535946 0.875765931372549 0.0661764705882353 0.040747549019607844
0 0.47855392156862747 0.858609068627451 0.05024509803921569 0.06525735294117647
0 0.8584558823529411 0.750765931372549 0.026552287581699346 0.07506127450980392
0 0.9152369281045751 0.7501531862745098 0.03880718954248366 0.0744485294117647
0 0.9566993464052288 0.7553615196078431 0.03349673202614379 0.08670343137254902
0 0.26409313725490197 0.8780637254901961 0.06576797385620915 0.041666666666666664
0 0.5285947712418301 0.8581495098039216 0.04330065359477124 0.07598039215686274
0 0.5729166666666666 0.8610600490196079 0.03799019607843137 0.07383578431372549
0 0.4303513071895425 0.1090686274509804 0.05024509803921569 0.0821078431372549
0 0.7107843137254902 0.8581495098039216 0.07434640522875817 0.0704656862745098
0 0.7759395424836601 0.8558517156862745 0.05024509803921569 0.07322303921568628
0 0.8486519607843137 0.8540134803921569 0.0886437908496732 0.06709558823529412
0 0.9160539215686274 0.8558517156862745 0.04044117647058824 0.06893382352941177
0 0.9728349673202614 0.8526348039215687 0.056781045751633986 0.07291666666666667
0 0.8312908496732027 0.7510723039215687 0.022058823529411766 0.07751225490196079
0 0.03594771241830065 0.27956495098039214 0.06535947712418301 0.15287990196078433
0 0.09293300653594772 0.4814644607843137 0.10416666666666667 0.18351715686274508
0 0.11805555555555555 0.6721813725490197 0.09477124183006536 0.10477941176470588
0 0.6333741830065359 0.8590686274509803 0.07066993464052287 0.0741421568627451
0 0.8045343137254902 0.758578431372549 0.028186274509803922 0.08149509803921569
0 0.7708333333333334 0.7578125 0.03349673202614379 0.08547794117647059
0 0.7218137254901961 0.7697610294117647 0.0392156862745098 0.016237745098039217
0 0.5347222222222222 0.4227941176470588 0.02696078431372549 0.051470588235294115
0 0.5647467320261438 0.4224877450980392 0.024101307189542485 0.049019607843137254
0 0.5964052287581699 0.4172794117647059 0.03104575163398693 0.06066176470588235
0 0.6376633986928104 0.41712622549019607 0.04738562091503268 0.05974264705882353
0 0.6797385620915033 0.4185049019607843 0.027777777777777776 0.05575980392156863
0 0.7226307189542484 0.4028799019607843 0.04084967320261438 0.08455882352941177
0 0.7679738562091504 0.43887867647058826 0.03431372549019608 0.015625
0 0.8255718954248366 0.4368872549019608 0.05473856209150327 0.014093137254901961
0 0.48999183006535946 0.41482843137254904 0.05759803921568627 0.06924019607843138
0 0.8770424836601307 0.4091605392156863 0.041666666666666664 0.060355392156862746
0 0.9893790849673203 0.42110906862745096 0.02369281045751634 0.036458333333333336
0 0.19383169934640523 0.5471813725490197 0.04125816993464052 0.06740196078431372
0 0.25592320261437906 0.5467218137254902 0.0298202614379085 0.06893382352941177
0 0.28880718954248363 0.5453431372549019 0.029411764705882353 0.06862745098039216
0 0.3220996732026144 0.5448835784313726 0.030637254901960783 0.06709558823529412
0 0.35498366013071897 0.5481004901960784 0.03022875816993464 0.06066176470588235
0 0.3929738562091503 0.5481004901960784 0.03676470588235294 0.05698529411764706
0 0.46262254901960786 0.5473345588235294 0.03390522875816993 0.05545343137254902
0 0.9430147058823529 0.43183210784313725 0.06004901960784314 0.020526960784313725
0 0.3147467320261438 0.41482843137254904 0.05024509803921569 0.07904411764705882
0 0.26205065359477125 0.41590073529411764 0.04534313725490196 0.0818014705882353
0 0.20036764705882354 0.43167892156862747 0.06413398692810457 0.0508578431372549
0 0.4838643790849673 0.12775735294117646 0.05024509803921569 0.08823529411764706
0 0.5428921568627451 0.1328125 0.05228758169934641 0.07628676470588236
0 0.608251633986928 0.1012561274509804 0.051470588235294115 0.13449754901960784
0 0.6662581699346405 0.10814950980392157 0.04820261437908497 0.12009803921568628
0 0.7220179738562091 0.10094975490196079 0.0494281045751634 0.14185049019607843
0 0.7849264705882353 0.11228553921568628 0.06495098039215687 0.11672794117647059
0 0.852328431372549 0.10998774509803921 0.05923202614379085 0.11948529411764706
0 0.9499591503267973 0.11504289215686274 0.05923202614379085 0.09589460784313726
0 0.1968954248366013 0.28079044117647056 0.06045751633986928 0.08425245098039216
0 0.25449346405228757 0.2928921568627451 0.04411764705882353 0.058823529411764705
0 0.34415849673202614 0.31035539215686275 0.03390522875816993 0.017769607843137254
0 0.43361928104575165 0.30744485294117646 0.03553921568627451 0.016237745098039217
0 0.47467320261437906 0.2945772058823529 0.03839869281045752 0.04136029411764706
0 0.5518790849673203 0.28125 0.06699346405228758 0.06801470588235294
0 0.7261029411764706 0.2728247549019608 0.054330065359477125 0.07138480392156862
0 0.7890114379084967 0.2778799019607843 0.06413398692810457 0.05330882352941176
0 0.8470179738562091 0.2994791666666667 0.0363562091503268 0.009497549019607842
0 0.9078839869281046 0.29641544117647056 0.068218954248366 0.011948529411764705
0 0.9750816993464052 0.26731004901960786 0.051470588235294115 0.06770833333333333
0 0.49693627450980393 0.5458026960784313 0.030637254901960783 0.0585171568627451
0 0.5308415032679739 0.5402879901960784 0.02900326797385621 0.060355392156862746
0 0.5663807189542484 0.5436580882352942 0.03390522875816993 0.0628063725490196
0 0.599468954248366 0.5415134803921569 0.027369281045751634 0.060355392156862746
0 0.7350898692810458 0.6343443627450981 0.024918300653594773 0.06770833333333333
0 0.7839052287581699 0.6452205882352942 0.056372549019607844 0.07659313725490197
0 0.8398692810457516 0.6456801470588235 0.0457516339869281 0.08057598039215687
0 0.8984885620915033 0.6441482843137255 0.06576797385620915 0.0818014705882353
0 0.9585375816993464 0.6469056372549019 0.04370915032679738 0.07567401960784313
0 0.22058823529411764 0.7719056372549019 0.031862745098039214 0.0585171568627451
0 0.27144607843137253 0.7473958333333334 0.026552287581699346 0.05667892156862745
0 0.3194444444444444 0.7643995098039216 0.056372549019607844 0.0741421568627451
0 0.3709150326797386 0.7558210784313726 0.03349673202614379 0.07720588235294118
0 0.4209558823529412 0.7838541666666666 0.051879084967320264 0.03768382352941176
0 0.46691176470588236 0.7670036764705882 0.02696078431372549 0.06954656862745098
0 0.49673202614379086 0.7689950980392157 0.03349673202614379 0.06678921568627451
0 0.5320669934640523 0.7682291666666666 0.02165032679738562 0.06709558823529412
0 0.5614787581699346 0.7694546568627451 0.030637254901960783 0.0628063725490196
0 0.5943627450980392 0.7593443627450981 0.03349673202614379 0.08486519607843138
0 0.6254084967320261 0.7571997549019608 0.02287581699346405 0.08363970588235294
0 0.65625 0.7715992647058824 0.03145424836601307 0.053002450980392156
0 0.6858660130718954 0.7613357843137255 0.021241830065359478 0.07107843137254902
0 0.7193627450980392 0.7487745098039216 0.04084967320261438 0.02144607843137255
0 0.7028186274509803 0.6550245098039216 0.0363562091503268 0.06801470588235294
0 0.37050653594771243 0.14552696078431374 0.056372549019607844 0.05269607843137255
0 0.6638071895424836 0.6312806372549019 0.024509803921568627 0.06464460784313726
0 0.5917075163398693 0.6321997549019608 0.02165032679738562 0.0628063725490196
0 0.6323529411764706 0.5396752450980392 0.027777777777777776 0.06341911764705882
0 0.6607434640522876 0.5386029411764706 0.024101307189542485 0.06678921568627451
0 0.7066993464052288 0.5562193627450981 0.05310457516339869 0.026041666666666668
0 0.7598039215686274 0.5605085784313726 0.04656862745098039 0.019301470588235295
0 0.8141339869281046 0.5266544117647058 0.041666666666666664 0.08700980392156862
0 0.8688725490196079 0.5272671568627451 0.059640522875817 0.08149509803921569
0 0.920547385620915 0.5268075980392157 0.04044117647058824 0.08425245098039216
0 0.9679330065359477 0.5255821078431373 0.046977124183006536 0.08792892156862746
0 0.20383986928104575 0.6697303921568627 0.0392156862745098 0.061887254901960786
0 0.2412173202614379 0.6646752450980392 0.03227124183006536 0.07077205882352941
0 0.27205882352941174 0.6642156862745098 0.021241830065359478 0.06740196078431372
0 0.3002450980392157 0.6611519607843137 0.027777777777777776 0.07107843137254902
0 0.3598856209150327 0.6608455882352942 0.03349673202614379 0.06311274509803921
0 0.39195261437908496 0.6596200980392157 0.024918300653594773 0.06924019607843138
0 0.4250408496732026 0.6614583333333334 0.03799019607843137 0.06924019607843138
0 0.4638480392156863 0.6582414215686274 0.03390522875816993 0.07199754901960784
0 0.497140522875817 0.6591605392156863 0.024509803921568627 0.06893382352941177
0 0.5287990196078431 0.6590073529411765 0.034722222222222224 0.0704656862745098
0 0.5641339869281046 0.6571691176470589 0.029411764705882353 0.06985294117647059
0 0.6319444444444444 0.6583946078431373 0.032679738562091505 0.06311274509803921
0 0.22630718954248366 0.5412071078431373 0.017973856209150325 0.0744485294117647
