0 0.4824486301369863 0.7715144230769231 0.05393835616438356 0.027644230769230768
0 0.5402397260273972 0.7745192307692308 0.0547945205479452 0.023076923076923078
0 0.7435787671232876 0.7814903846153847 0.07876712328767123 0.029326923076923077
0 0.7480736301369864 0.7367788461538461 0.07148972602739725 0.05432692307692308
0 0.8647260273972602 0.7466346153846154 0.12243150684931507 0.047115384615384615
0 0.13998287671232876 0.8246394230769231 0.24486301369863014 0.04495192307692308
0 0.6408390410958904 0.7525240384615385 0.12414383561643835 0.08581730769230769
0 0.9013270547945206 0.7883413461538461 0.19991438356164384 0.031490384615384615
0 0.8189212328767124 0.8902644230769231 0.09246575342465753 0.030048076923076924
0 0.3865582191780822 0.8717548076923077 0.2405821917808219 0.024278846153846154
0 0.3940496575342466 0.8350961538461539 0.23758561643835616 0.04038461538461539
0 0.5918236301369864 0.8643028846153846 0.1091609589041096 0.06706730769230769
0 0.7035530821917808 0.8662259615384615 0.0997431506849315 0.05985576923076923
0 0.8184931506849316 0.8514423076923077 0.10017123287671233 0.03894230769230769
0 0.9210188356164384 0.854326923076923 0.08518835616438356 0.03173076923076923
0 0.9122431506849316 0.8902644230769231 0.08561643835616438 0.029086538461538462
0 0.4235873287671233 0.7691105769230769 0.054366438356164386 0.024278846153846154
0 0.1421232876712329 0.8682692307692308 0.24486301369863014 0.035576923076923075
0 0.3645119863013699 0.7676682692307693 0.055222602739726026 0.02716346153846154
0 0.3362585616438356 0.29146634615384615 0.0783390410958904 0.036778846153846155
0 0.4865154109589041 0.740625 0.04409246575342466 0.035096153846153846
0 0.1386986301369863 0.04891826923076923 0.1053082191780822 0.09014423076923077
0 0.861943493150685 0.3268028846153846 0.06892123287671233 0.03293269230769231
0 0.8660102739726028 0.35925480769230766 0.059075342465753425 0.02860576923076923
0 0.7945205479452054 0.3574519230769231 0.06592465753424658 0.019230769230769232
0 0.7144691780821918 0.34411057692307695 0.0821917808219178 0.045432692307692306
0 0.6053082191780822 0.33990384615384617 0.10102739726027397 0.03221153846153846
0 0.518193493150685 0.33774038461538464 0.0723458904109589 0.0375
0 0.4293664383561644 0.3313701923076923 0.08818493150684932 0.02716346153846154
0 0.3411815068493151 0.3310096153846154 0.0839041095890411 0.03173076923076923
0 0.6014554794520548 0.2983173076923077 0.0976027397260274 0.03365384615384615
0 0.5139126712328768 0.2954326923076923 0.07662671232876712 0.03942307692307692
0 0.954195205479452 0.3174278846153846 0.0898972602739726 0.036778846153846155
0 0.2495719178082192 0.054927884615384615 0.10273972602739725 0.09975961538461539
0 0.9514126712328768 0.36201923076923076 0.09803082191780822 0.03413461538461538
0 0.2523544520547945 0.39110576923076923 0.0860445205479452 0.03125
0 0.3478167808219178 0.39302884615384615 0.08347602739726027 0.03701923076923077
0 0.24464897260273974 0.28701923076923075 0.0740582191780822 0.041346153846153845
0 0.5269691780821918 0.3992788461538462 0.07191780821917808 0.03461538461538462
0 0.6147260273972602 0.4030048076923077 0.08904109589041095 0.024759615384615383
0 0.15539383561643835 0.42247596153846156 0.09503424657534247 0.029086538461538462
0 0.253638698630137 0.42572115384615383 0.08861301369863013 0.023557692307692307
0 0.3396832191780822 0.4299278846153846 0.07662671232876712 0.029086538461538462
0 0.4362157534246575 0.4330528846153846 0.09332191780821918 0.026201923076923078
0 0.5252568493150684 0.43930288461538464 0.07277397260273973 0.03293269230769231
0 0.6190068493150684 0.43737980769230766 0.07534246575342465 0.030048076923076924
0 0.7039811643835616 0.434375 0.05607876712328767 0.01826923076923077
0 0.15496575342465754 0.38293269230769234 0.09417808219178082 0.041346153846153845
0 0.3645119863013699 0.05841346153846154 0.10402397260273973 0.08846153846153847
0 0.4749571917808219 0.06622596153846154 0.10488013698630137 0.10024038461538462
0 0.5931078767123288 0.07067307692307692 0.1074486301369863 0.08846153846153847
0 0.4231592465753425 0.29423076923076924 0.08433219178082192 0.03221153846153846
0 0.2399400684931507 0.3234375 0.08347602739726027 0.023317307692307693
0 0.15368150684931506 0.3157451923076923 0.08732876712328767 0.030528846153846153
0 0.1487585616438356 0.2810096153846154 0.0860445205479452 0.035576923076923075
0 0.039597602739726026 0.3116586538461538 0.07491438356164383 0.04158653846153846
0 0.0410958904109589 0.2706730769230769 0.08047945205479452 0.03461538461538462
0 0.938570205479452 0.2548076923076923 0.0723458904109589 0.035096153846153846
0 0.944777397260274 0.22127403846153845 0.07534246575342465 0.02716346153846154
0 0.8589469178082192 0.20612980769230768 0.0783390410958904 0.04014423076923077
0 0.8527397260273972 0.24375 0.09417808219178082 0.029326923076923077
0 0.7549229452054794 0.23966346153846155 0.08347602739726027 0.03413461538461538
0 0.7722602739726028 0.20072115384615385 0.08304794520547945 0.035576923076923075
0 0.671875 0.19603365384615384 0.08261986301369863 0.03822115384615385
0 0.6705907534246576 0.2360576923076923 0.0860445205479452 0.03461538461538462
0 0.5785530821917808 0.23365384615384616 0.0783390410958904 0.03942307692307692
0 0.5815496575342466 0.18834134615384615 0.0800513698630137 0.03822115384615385
0 0.4443493150684932 0.22295673076923078 0.0958904109589041 0.031009615384615385
0 0.3407534246575342 0.21959134615384615 0.08732876712328767 0.04110576923076923
0 0.4499143835616438 0.18269230769230768 0.0898972602739726 0.04423076923076923
0 0.3478167808219178 0.17752403846153847 0.10573630136986302 0.04350961538461538
0 0.2384417808219178 0.1719951923076923 0.09503424657534247 0.04158653846153846
0 0.2358732876712329 0.21165865384615384 0.09332191780821918 0.031490384615384615
0 0.1329195205479452 0.20985576923076923 0.08946917808219178 0.03413461538461538
0 0.13570205479452055 0.16610576923076922 0.09075342465753425 0.04567307692307692
0 0.913527397260274 0.09002403846153846 0.10102739726027397 0.10072115384615385
0 0.8092893835616438 0.08341346153846153 0.10402397260273973 0.08798076923076924
0 0.6956335616438356 0.07560096153846153 0.09674657534246575 0.096875
0 0.7061215753424658 0.4584134615384615 0.0740582191780822 0.016826923076923076
0 0.5357448630136986 0.7426682692307692 0.05008561643835616 0.027644230769230768
0 0.8381849315068494 0.4463942307692308 0.1309931506849315 0.03413461538461538
0 0.9499143835616438 0.4168269230769231 0.09503424657534247 0.027884615384615386
0 0.383347602739726 0.5852163461538461 0.05351027397260274 0.025721153846153845
0 0.4565496575342466 0.5881009615384616 0.0586472602739726 0.024278846153846154
0 0.4340753424657534 0.6200721153846154 0.0625 0.02860576923076923
0 0.4970034246575342 0.6200721153846154 0.052226027397260275 0.030528846153846153
0 0.4441352739726027 0.6508413461538461 0.047517123287671235 0.023798076923076922
0 0.506207191780822 0.6498798076923077 0.048373287671232876 0.025240384615384616
0 0.5877568493150684 0.6131009615384615 0.1190068493150685 0.042067307692307696
0 0.6048801369863014 0.6540865384615384 0.1267123287671233 0.032692307692307694
0 0.719820205479452 0.6509615384615385 0.07919520547945205 0.035576923076923075
0 0.716181506849315 0.6118990384615385 0.09931506849315068 0.042067307692307696
0 0.822345890410959 0.6116586538461538 0.09931506849315068 0.03918269230769231
0 0.9285102739726028 0.6155048076923076 0.0958904109589041 0.02956730769230769
0 0.3747859589041096 0.6195913461538461 0.04323630136986301 0.029086538461538462
0 0.8202054794520548 0.6575721153846154 0.09931506849315068 0.042067307692307696
0 0.10830479452054795 0.7442307692307693 0.11558219178082192 0.03461538461538462
0 0.12157534246575342 0.7052884615384616 0.0916095890410959 0.03798076923076923
0 0.22945205479452055 0.7144230769230769 0.11558219178082192 0.03461538461538462
0 0.22795376712328766 0.7574519230769231 0.11258561643835617 0.03413461538461538
0 0.3075770547945205 0.7621394230769231 0.04323630136986301 0.020913461538461537
0 0.3187071917808219 0.7347355769230769 0.05179794520547945 0.028125
0 0.3306934931506849 0.7008413461538462 0.05179794520547945 0.031971153846153844
0 0.3874143835616438 0.7032451923076923 0.0488013698630137 0.02716346153846154
0 0.4486301369863014 0.7056490384615385 0.05650684931506849 0.027644230769230768
0 0.5049229452054794 0.7074519230769231 0.05008561643835616 0.03317307692307692
0 0.3756421232876712 0.7337740384615384 0.04666095890410959 0.031009615384615385
0 0.4349315068493151 0.7366586538461538 0.05565068493150685 0.02956730769230769
0 0.9214469178082192 0.6591346153846154 0.0860445205479452 0.03894230769230769
0 0.3904109589041096 0.6474759615384615 0.0547945205479452 0.020432692307692308
0 0.3240582191780822 0.6439903846153846 0.05393835616438356 0.027403846153846154
0 0.3199914383561644 0.6123798076923077 0.054366438356164386 0.028125
0 0.9586900684931506 0.45492788461538464 0.0860445205479452 0.039663461538461536
0 0.08326198630136987 0.47716346153846156 0.0783390410958904 0.03461538461538462
0 0.1757277397260274 0.4813701923076923 0.10059931506849315 0.026201923076923078
0 0.261986301369863 0.48509615384615384 0.0702054794520548 0.035576923076923075
0 0.16459760273972604 0.5188701923076923 0.08261986301369863 0.029086538461538462
0 0.2532106164383562 0.5193509615384615 0.08347602739726027 0.026682692307692307
0 0.3221318493150685 0.49759615384615385 0.05008561643835616 0.036057692307692304
0 0.3236301369863014 0.5302884615384615 0.053082191780821915 0.022115384615384617
0 0.3916952054794521 0.534014423076923 0.06164383561643835 0.019951923076923075
0 0.3848458904109589 0.5008413461538461 0.052226027397260275 0.03245192307692308
0 0.4507705479452055 0.5016826923076924 0.052226027397260275 0.035096153846153846
0 0.5032106164383562 0.5040865384615385 0.05094178082191781 0.03413461538461538
0 0.449486301369863 0.5337740384615385 0.04965753424657534 0.021875
0 0.5027825342465754 0.5328125 0.05008561643835616 0.02235576923076923
0 0.5877568493150684 0.5371394230769231 0.09674657534246575 0.02860576923076923
0 0.6889982876712328 0.5075721153846153 0.07491438356164383 0.025721153846153845
0 0.6767979452054794 0.5444711538461539 0.06763698630136987 0.03317307692307692
0 0.7651969178082192 0.5445913461538462 0.0860445205479452 0.030528846153846153
0 0.7707619863013698 0.5129807692307692 0.0783390410958904 0.02980769230769231
0 0.8722174657534246 0.5164663461538461 0.07577054794520548 0.029086538461538462
0 0.8705051369863014 0.5510817307692307 0.07662671232876712 0.031490384615384615
0 0.9571917808219178 0.5475961538461539 0.06934931506849315 0.03942307692307692
0 0.13334760273972604 0.5899038461538462 0.07748287671232877 0.0375
0 0.1346318493150685 0.6299278846153846 0.0740582191780822 0.023798076923076922
0 0.2348030821917808 0.5923076923076923 0.10830479452054795 0.0375
0 0.2341609589041096 0.6365384615384615 0.10273972602739725 0.03221153846153846
0 0.3257705479452055 0.5816105769230769 0.053082191780821915 0.026201923076923078
0 0.8469606164383562 0.4143028846153846 0.11087328767123288 0.021875
0 0.4385702054794521 0.3967548076923077 0.10231164383561644 0.02956730769230769
