0 0.7013888888888888 0.4397977941176471 0.08823529411764706 0.02665441176470588
0 0.8613153594771242 0.19209558823529413 0.06004901960784314 0.03799019607843137
0 0.12050653594771242 0.516390931372549 0.06209150326797386 0.03462009803921569
0 0.04616013071895425 0.5133272058823529 0.07598039215686274 0.03400735294117647
0 0.14072712418300654 0.47840073529411764 0.06413398692810457 0.03829656862745098
0 0.06576797385620915 0.4765625 0.07434640522875817 0.03707107843137255
0 0.7050653594771242 0.40778186274509803 0.06699346405228758 0.02389705882352941
0 0.6174428104575164 0.4368872549019608 0.07066993464052287 0.025122549019607844
0 0.18933823529411764 0.16973039215686275 0.06004901960784314 0.03553921568627451
0 0.5704656862745098 0.3756127450980392 0.07312091503267974 0.0196078431372549
0 0.96875 0.3083639705882353 0.05759803921568627 0.0389093137254902
0 0.5543300653594772 0.2931985294117647 0.04738562091503268 0.034926470588235295
0 0.5631127450980392 0.3321078431372549 0.04861111111111111 0.03615196078431373
0 0.6311274509803921 0.33409926470588236 0.07598039215686274 0.03216911764705882
0 0.7861519607843137 0.34099264705882354 0.056781045751633986 0.027573529411764705
0 0.8490604575163399 0.3414522058823529 0.060866013071895424 0.02849264705882353
0 0.7933006535947712 0.19163602941176472 0.06454248366013073 0.04013480392156863
0 0.9160539215686274 0.34329044117647056 0.06413398692810457 0.027879901960784315
0 0.04268790849673203 0.38143382352941174 0.07230392156862746 0.022058823529411766
0 0.12683823529411764 0.3772977941176471 0.068218954248366 0.02971813725490196
0 0.20465686274509803 0.38357843137254904 0.06045751633986928 0.03125
0 0.04003267973856209 0.4105392156862745 0.07352941176470588 0.0392156862745098
0 0.11417483660130719 0.41482843137254904 0.06495098039215687 0.03615196078431373
0 0.18321078431372548 0.41712622549019607 0.06576797385620915 0.03400735294117647
0 0.9754901960784313 0.34650735294117646 0.051470588235294115 0.03125
0 0.553921568627451 0.4024203431372549 0.058823529411764705 0.030330882352941176
0 0.6305147058823529 0.5372242647058824 0.07148692810457516 0.035845588235294115
0 0.7183415032679739 0.18949142156862744 0.07475490196078431 0.035845588235294115
0 0.4287173202614379 0.17570465686274508 0.04861111111111111 0.03707107843137255
0 0.37397875816993464 0.17401960784313725 0.05106209150326797 0.03553921568627451
0 0.43075980392156865 0.13556985294117646 0.0494281045751634 0.040747549019607844
0 0.48733660130718953 0.13771446078431374 0.05065359477124183 0.04381127450980392
0 0.5580065359477124 0.14261642156862744 0.07026143790849673 0.040747549019607844
0 0.6354166666666666 0.14552696078431374 0.07148692810457516 0.037377450980392156
0 0.37254901960784315 0.13388480392156862 0.04820261437908497 0.04411764705882353
0 0.7175245098039216 0.1479779411764706 0.0763888888888889 0.041666666666666664
0 0.8617238562091504 0.15119485294117646 0.06413398692810457 0.040747549019607844
0 0.9287173202614379 0.15287990196078433 0.05759803921568627 0.041666666666666664
0 0.04595588235294118 0.16161151960784315 0.07312091503267974 0.0352328431372549
0 0.12050653594771242 0.16605392156862744 0.06862745098039216 0.03553921568627451
0 0.3180147058823529 0.17631740196078433 0.05759803921568627 0.035845588235294115
0 0.2542892156862745 0.16896446078431374 0.06413398692810457 0.036458333333333336
0 0.7943218954248366 0.14920343137254902 0.06331699346405228 0.037377450980392156
0 0.32046568627450983 0.13357843137254902 0.04616013071895425 0.041666666666666664
0 0.2589869281045752 0.13036151960784315 0.06045751633986928 0.04136029411764706
0 0.19464869281045752 0.12699142156862744 0.06331699346405228 0.045649509803921566
0 0.03839869281045752 0.5814950980392157 0.06372549019607843 0.03615196078431373
0 0.10294117647058823 0.5810355392156863 0.06535947712418301 0.03216911764705882
0 0.03553921568627451 0.6197916666666666 0.06454248366013073 0.03125
0 0.10702614379084967 0.6184129901960784 0.06372549019607843 0.03400735294117647
0 0.6239787581699346 0.6392463235294118 0.07475490196078431 0.0389093137254902
0 0.7005718954248366 0.7080269607843137 0.07107843137254902 0.041666666666666664
0 0.7024101307189542 0.7490808823529411 0.07475490196078431 0.03553921568627451
0 0.6362336601307189 0.7858455882352942 0.060866013071895424 0.027573529411764705
0 0.7009803921568627 0.7872242647058824 0.05555555555555555 0.03278186274509804
0 0.9074754901960784 0.3085171568627451 0.0625 0.037377450980392156
0 0.6382761437908496 0.18581495098039216 0.07720588235294118 0.040747549019607844
0 0.5537173202614379 0.18183210784313725 0.07802287581699346 0.03462009803921569
0 0.48304738562091504 0.18075980392156862 0.051879084967320264 0.03553921568627451
0 0.0494281045751634 0.11902573529411764 0.08006535947712418 0.04258578431372549
0 0.12622549019607843 0.1251531862745098 0.06699346405228758 0.04197303921568627
0 0.6995506535947712 0.538296568627451 0.0625 0.03370098039215686
0 0.8392565359477124 0.31004901960784315 0.054330065359477125 0.032475490196078434
0 0.7107843137254902 0.3350183823529412 0.07516339869281045 0.03462009803921569
0 0.7077205882352942 0.3020833333333333 0.0755718954248366 0.028799019607843136
0 0.7804330065359477 0.31035539215686275 0.05514705882352941 0.025735294117647058
0 0.7142565359477124 0.9109987745098039 0.07312091503267974 0.057291666666666664
0 0.6887254901960784 0.8578431372549019 0.06290849673202614 0.03982843137254902
0 0.6268382352941176 0.9091605392156863 0.08374183006535947 0.057904411764705885
0 0.2238562091503268 0.9025735294117647 0.07026143790849673 0.03308823529411765
0 0.22773692810457516 0.8553921568627451 0.07148692810457516 0.0392156862745098
0 0.9283088235294118 0.19730392156862744 0.06576797385620915 0.03982843137254902
0 0.11315359477124183 0.20143995098039216 0.0661764705882353 0.035845588235294115
0 0.18423202614379086 0.20526960784313725 0.061274509803921566 0.03431372549019608
0 0.2506127450980392 0.20741421568627452 0.06331699346405228 0.03370098039215686
0 0.31556372549019607 0.21170343137254902 0.0494281045751634 0.032475490196078434
0 0.3709150326797386 0.21507352941176472 0.05473856209150327 0.037377450980392156
0 0.4264705882352941 0.21691176470588236 0.05065359477124183 0.03553921568627451
0 0.4840686274509804 0.21752450980392157 0.05392156862745098 0.034926470588235295
0 0.04064542483660131 0.19761029411764705 0.07475490196078431 0.03308823529411765
0 0.6350081699346405 0.22349877450980393 0.08047385620915033 0.03278186274509804
0 0.6282679738562091 0.30162377450980393 0.07679738562091504 0.030330882352941176
0 0.5547385620915033 0.2184436274509804 0.07352941176470588 0.03860294117647059
0 0.7236519607843137 0.27481617647058826 0.07883986928104575 0.020833333333333332
0 0.6350081699346405 0.27144607843137253 0.08374183006535947 0.027573529411764705
0 0.1766748366013072 0.31173406862745096 0.06576797385620915 0.035845588235294115
0 0.037377450980392156 0.30621936274509803 0.068218954248366 0.03462009803921569
0 0.176062091503268 0.2722120098039216 0.06454248366013073 0.03829656862745098
0 0.10845588235294118 0.31050857843137253 0.06331699346405228 0.035845588235294115
0 0.10743464052287582 0.2693014705882353 0.06454248366013073 0.04411764705882353
0 0.03615196078431373 0.2659313725490196 0.0690359477124183 0.0428921568627451
0 0.9291258169934641 0.2340686274509804 0.061683006535947715 0.03308823529411765
0 0.8641748366013072 0.23023897058823528 0.0625 0.033394607843137254
0 0.7961601307189542 0.22977941176470587 0.06699346405228758 0.03125
0 0.7197712418300654 0.22518382352941177 0.08088235294117647 0.03308823529411765
