0 0.25163398692810457 0.12990196078431374 0.029411764705882353 0.09129901960784313
0 0.4150326797385621 0.12791053921568626 0.058823529411764705 0.09528186274509803
0 0.3451797385620915 0.7719056372549019 0.05228758169934641 0.013786764705882353
0 0.4199346405228758 0.7501531862745098 0.05392156862745098 0.03155637254901961
0 0.3359885620915033 0.7455575980392157 0.05923202614379085 0.027879901960784315
0 0.278390522875817 0.7780330882352942 0.06004901960784314 0.014399509803921568
0 0.2771650326797386 0.7973345588235294 0.05514705882352941 0.011948529411764705
0 0.27450980392156865 0.836703431372549 0.05555555555555555 0.014093137254901961
0 0.7165032679738562 0.12622549019607843 0.09967320261437909 0.11764705882352941
0 0.21037581699346405 0.8330269607843137 0.05800653594771242 0.018995098039215685
0 0.17708333333333334 0.12622549019607843 0.030637254901960783 0.09252450980392157
0 0.3611111111111111 0.13158700980392157 0.03839869281045752 0.0897671568627451
0 0.5559640522875817 0.14430147058823528 0.06781045751633986 0.06862745098039216
0 0.31719771241830064 0.14476102941176472 0.0298202614379085 0.06341911764705882
0 0.2853349673202614 0.14322916666666666 0.025735294117647058 0.0585171568627451
0 0.6264297385620915 0.140625 0.061683006535947715 0.08700980392156862
0 0.21609477124183007 0.12576593137254902 0.026143790849673203 0.08670343137254902
0 0.22569444444444445 0.7717524509803921 0.0428921568627451 0.00980392156862745
0 0.47814542483660133 0.15088848039215685 0.056781045751633986 0.05361519607843137
0 0.22875816993464052 0.5427389705882353 0.031862745098039214 0.08915441176470588
0 0.7930964052287581 0.1724877450980392 0.04616013071895425 0.03370098039215686
0 0.1454248366013072 0.7942708333333334 0.05555555555555555 0.013786764705882353
0 0.8047385620915033 0.45297181372549017 0.04330065359477124 0.0389093137254902
0 0.7493872549019608 0.42356004901960786 0.060866013071895424 0.09957107843137254
0 0.6987336601307189 0.4404105392156863 0.03553921568627451 0.06832107843137254
0 0.6625816993464052 0.43535539215686275 0.02287581699346405 0.0741421568627451
0 0.6292892156862745 0.4371936274509804 0.03553921568627451 0.0704656862745098
0 0.5915032679738562 0.43504901960784315 0.028594771241830064 0.07659313725490197
0 0.5590277777777778 0.4345894607843137 0.03145424836601307 0.07322303921568628
0 0.5159313725490197 0.42953431372549017 0.03349673202614379 0.07475490196078431
0 0.8529411764705882 0.45266544117647056 0.04330065359477124 0.03278186274509804
0 0.031862745098039214 0.4085477941176471 0.024509803921568627 0.06403186274509803
0 0.10886437908496732 0.4186580882352941 0.03308823529411765 0.07996323529411764
0 0.1868872549019608 0.4195772058823529 0.024918300653594773 0.07996323529411764
0 0.21262254901960784 0.41942401960784315 0.014297385620915032 0.0784313725490196
0 0.2354983660130719 0.4215686274509804 0.03145424836601307 0.0784313725490196
0 0.27185457516339867 0.4186580882352941 0.024918300653594773 0.08425245098039216
0 0.3053513071895425 0.4185049019607843 0.026552287581699346 0.09068627450980392
0 0.33312908496732024 0.4263174019607843 0.01919934640522876 0.07261029411764706
0 0.3613153594771242 0.4261642156862745 0.024918300653594773 0.07720588235294118
0 0.397875816993464 0.4215686274509804 0.035130718954248366 0.08639705882352941
0 0.07209967320261437 0.4149816176470588 0.030637254901960783 0.08731617647058823
0 0.9360702614379085 0.4206495098039216 0.0959967320261438 0.10110294117647059
0 0.9734477124183006 0.30193014705882354 0.05473856209150327 0.08547794117647059
0 0.9101307189542484 0.3011642156862745 0.049836601307189546 0.07659313725490197
0 0.22181372549019607 0.7893688725490197 0.04330065359477124 0.013174019607843137
0 0.08292483660130719 0.7864583333333334 0.04656862745098039 0.007965686274509803
0 0.09436274509803921 0.7709865196078431 0.032679738562091505 0.008884803921568627
0 0.09293300653594772 0.7565870098039216 0.03227124183006536 0.008272058823529412
0 0.1627859477124183 0.7498468137254902 0.0559640522875817 0.015012254901960785
0 0.8459967320261438 0.17340686274509803 0.05473856209150327 0.03615196078431373
0 0.9258578431372549 0.13449754901960784 0.09272875816993464 0.11397058823529412
0 0.03022875816993464 0.2847732843137255 0.03758169934640523 0.07322303921568628
0 0.0886437908496732 0.29151348039215685 0.061274509803921566 0.057291666666666664
0 0.159109477124183 0.27910539215686275 0.051879084967320264 0.09068627450980392
0 0.20588235294117646 0.2786458333333333 0.031862745098039214 0.0940563725490196
0 0.2440767973856209 0.28753063725490197 0.03145424836601307 0.07628676470588236
0 0.2792075163398693 0.28431372549019607 0.030637254901960783 0.08455882352941177
0 0.31862745098039214 0.2861519607843137 0.03594771241830065 0.08700980392156862
0 0.3613153594771242 0.28753063725490197 0.03308823529411765 0.08670343137254902
0 0.3972630718954248 0.2899816176470588 0.03145424836601307 0.08363970588235294
0 0.4340277777777778 0.2890625 0.03390522875816993 0.07935049019607843
0 0.47875816993464054 0.29473039215686275 0.035130718954248366 0.07659313725490197
0 0.5136846405228758 0.29518995098039214 0.02900326797385621 0.07138480392156862
0 0.7463235294117647 0.28232230392156865 0.09722222222222222 0.10324754901960784
0 0.8357843137254902 0.29825367647058826 0.05718954248366013 0.08241421568627451
0 0.34211601307189543 0.7893688725490197 0.05759803921568627 0.015012254901960785
0 0.4089052287581699 0.7856924019607843 0.051470588235294115 0.01133578431372549
0 0.6856617647058824 0.8030024509803921 0.05514705882352941 0.011029411764705883
0 0.4025735294117647 0.8053002450980392 0.04779411764705882 0.008272058823529412
0 0.1343954248366013 0.12591911764705882 0.03594771241830065 0.09068627450980392
0 0.3457924836601307 0.8034620098039216 0.05923202614379085 0.008272058823529412
0 0.05984477124183007 0.12944240196078433 0.017565359477124183 0.07322303921568628
0 0.03349673202614379 0.12990196078431374 0.018790849673202614 0.07230392156862746
0 0.010620915032679739 0.12852328431372548 0.018790849673202614 0.07689950980392157
0 0.5392156862745098 0.6907169117647058 0.051470588235294115 0.04197303921568627
0 0.4756944444444444 0.6700367647058824 0.06331699346405228 0.07291666666666667
0 0.40788398692810457 0.6737132352941176 0.0494281045751634 0.07169117647058823
0 0.35641339869281047 0.6731004901960784 0.04370915032679738 0.07107843137254902
0 0.3059640522875817 0.671109068627451 0.041666666666666664 0.07689950980392157
0 0.2589869281045752 0.6608455882352942 0.04411764705882353 0.08700980392156862
0 0.2099673202614379 0.6617647058823529 0.04003267973856209 0.08517156862745098
0 0.16727941176470587 0.6672794117647058 0.03390522875816993 0.07169117647058823
0 0.1227532679738562 0.6583946078431373 0.04125816993464052 0.08517156862745098
0 0.08660130718954248 0.6596200980392157 0.025326797385620915 0.08272058823529412
0 0.9842728758169934 0.6767769607843137 0.030637254901960783 0.0784313725490196
0 0.9771241830065359 0.5713848039215687 0.042483660130718956 0.06801470588235294
0 0.26286764705882354 0.5433517156862745 0.026552287581699346 0.08792892156862746
0 0.29901960784313725 0.5412071078431373 0.027777777777777776 0.09221813725490197
0 0.33088235294117646 0.5631127450980392 0.026143790849673203 0.0545343137254902
0 0.3737745098039216 0.5485600490196079 0.04656862745098039 0.09037990196078431
0 0.42810457516339867 0.5533088235294118 0.04738562091503268 0.08088235294117647
0 0.48876633986928103 0.5559129901960784 0.05514705882352941 0.07567401960784313
0 0.5392156862745098 0.6409313725490197 0.03758169934640523 0.037377450980392156
0 0.5367647058823529 0.5530024509803921 0.02696078431372549 0.08333333333333333
0 0.6437908496732027 0.5621936274509803 0.05392156862745098 0.06311274509803921
0 0.6964869281045751 0.5602022058823529 0.042483660130718956 0.06464460784313726
0 0.7510212418300654 0.5655637254901961 0.046977124183006536 0.06433823529411764
0 0.8086192810457516 0.5655637254901961 0.0428921568627451 0.07107843137254902
0 0.866421568627451 0.571078431372549 0.04738562091503268 0.061887254901960786
0 0.9303513071895425 0.5854779411764706 0.024918300653594773 0.03553921568627451
0 0.5833333333333334 0.5560661764705882 0.051470588235294115 0.08333333333333333
0 0.5953839869281046 0.6839767156862745 0.04779411764705882 0.05361519607843137
0 0.09068627450980392 0.12913602941176472 0.03349673202614379 0.07996323529411764
0 0.710171568627451 0.6778492647058824 0.044526143790849675 0.07383578431372549
0 0.6838235294117647 0.7781862745098039 0.059640522875817 0.007352941176470588
0 0.6519607843137255 0.6778492647058824 0.049836601307189546 0.07199754901960784
0 0.7465277777777778 0.8262867647058824 0.04616013071895425 0.013480392156862746
0 0.7432598039215687 0.8408394607843137 0.05106209150326797 0.01011029411764706
0 0.6795343137254902 0.8340992647058824 0.056781045751633986 0.010723039215686275
0 0.1954656862745098 0.5427389705882353 0.024918300653594773 0.08486519607843138
0 0.6862745098039216 0.789828431372549 0.058823529411764705 0.011642156862745098
0 0.6879084967320261 0.7643995098039216 0.059640522875817 0.013480392156862746
0 0.6119281045751634 0.7864583333333334 0.06045751633986928 0.11458333333333333
0 0.542687908496732 0.7809436274509803 0.05024509803921569 0.10416666666666667
0 0.47855392156862747 0.7801776960784313 0.0494281045751634 0.10753676470588236
0 0.4103349673202614 0.8256740196078431 0.06004901960784314 0.010416666666666666
0 0.4082924836601307 0.8426776960784313 0.0559640522875817 0.014399509803921568
0 0.3423202614379085 0.8394607843137255 0.05800653594771242 0.00857843137254902
0 0.33986928104575165 0.8267463235294118 0.058823529411764705 0.01011029411764706
0 0.9695669934640523 0.797640931372549 0.060866013071895424 0.09650735294117647
0 0.8817401960784313 0.797640931372549 0.05024509803921569 0.08547794117647059
0 0.7459150326797386 0.7717524509803921 0.04493464052287582 0.014093137254901961
0 0.07761437908496732 0.8282781862745098 0.05065359477124183 0.013786764705882353
0 0.832312091503268 0.6821384803921569 0.053513071895424834 0.07628676470588236
0 0.8813316993464052 0.6747855392156863 0.034722222222222224 0.06525735294117647
0 0.9348447712418301 0.6773897058823529 0.04861111111111111 0.07475490196078431
0 0.8159722222222222 0.8291973039215687 0.05759803921568627 0.04136029411764706
0 0.14215686274509803 0.8334865196078431 0.06045751633986928 0.009497549019607842
0 0.14195261437908496 0.8215379901960784 0.056781045751633986 0.01011029411764706
0 0.16401143790849673 0.5442708333333334 0.027369281045751634 0.08363970588235294
0 0.09375 0.5542279411764706 0.03390522875816993 0.0661764705882353
0 0.4758986928104575 0.4264705882352941 0.035130718954248366 0.08088235294117647
0 0.43770424836601307 0.42830882352941174 0.03553921568627451 0.07536764705882353
0 0.13133169934640523 0.5444240196078431 0.0298202614379085 0.08762254901960784
0 0.764297385620915 0.6752450980392157 0.041666666666666664 0.07720588235294118
