0 0.6433823529411765 0.8170955882352942 0.03676470588235294 0.09252450980392157
0 0.5379901960784313 0.4921875 0.05310457516339869 0.08057598039215687
0 0.8417075163398693 0.2428002450980392 0.04616013071895425 0.07322303921568628
0 0.7794117647058824 0.25183823529411764 0.07516339869281045 0.08639705882352941
0 0.7097630718954249 0.2512254901960784 0.044526143790849675 0.08762254901960784
0 0.6537990196078431 0.24525122549019607 0.06413398692810457 0.09221813725490197
0 0.5716911764705882 0.2428002450980392 0.05269607843137255 0.08731617647058823
0 0.5075571895424836 0.24387254901960784 0.06576797385620915 0.08272058823529412
0 0.43729575163398693 0.2421875 0.0494281045751634 0.10079656862745098
0 0.3604983660130719 0.2506127450980392 0.08129084967320262 0.07659313725490197
0 0.4285130718954248 0.11458333333333333 0.08660130718954248 0.08762254901960784
0 0.49468954248366015 0.1211703431372549 0.03349673202614379 0.09834558823529412
0 0.9234068627450981 0.24693627450980393 0.09436274509803921 0.09129901960784313
0 0.542687908496732 0.13066789215686275 0.05269607843137255 0.0744485294117647
0 0.6754493464052288 0.12944240196078433 0.039624183006535946 0.07199754901960784
0 0.7124183006535948 0.12821691176470587 0.03676470588235294 0.06954656862745098
0 0.10784313725490197 0.6119791666666666 0.04003267973856209 0.09712009803921569
0 0.15196078431372548 0.6096813725490197 0.041666666666666664 0.09252450980392157
0 0.20383986928104575 0.6078431372549019 0.03022875816993464 0.08884803921568628
0 0.24693627450980393 0.6132046568627451 0.0428921568627451 0.09957107843137254
0 0.2957516339869281 0.6096813725490197 0.05473856209150327 0.10661764705882353
0 0.3613153594771242 0.6223958333333334 0.060866013071895424 0.07199754901960784
0 0.44199346405228757 0.624234068627451 0.08496732026143791 0.06832107843137254
0 0.5234885620915033 0.6259191176470589 0.06576797385620915 0.0741421568627451
0 0.6060049019607843 0.13679534313725492 0.08619281045751634 0.06954656862745098
0 0.03431372549019608 0.36213235294117646 0.06535947712418301 0.08394607843137254
0 0.1031454248366013 0.35784313725490197 0.06576797385620915 0.0900735294117647
0 0.16462418300653595 0.3674938725490196 0.06045751633986928 0.09221813725490197
0 0.880718954248366 0.3662683823529412 0.10866013071895425 0.09466911764705882
0 0.9685457516339869 0.3746936274509804 0.06372549019607843 0.07291666666666667
0 0.032883986928104576 0.4909620098039216 0.06495098039215687 0.09712009803921569
0 0.17258986928104575 0.4831495098039216 0.0959967320261438 0.11519607843137254
0 0.25674019607843135 0.49050245098039214 0.05923202614379085 0.07904411764705882
0 0.32536764705882354 0.4872855392156863 0.0690359477124183 0.09957107843137254
0 0.3923611111111111 0.49050245098039214 0.05923202614379085 0.08639705882352941
0 0.4693627450980392 0.4872855392156863 0.07516339869281045 0.09466911764705882
0 0.3196486928104575 0.11565563725490197 0.08946078431372549 0.07567401960784313
0 0.599468954248366 0.4928002450980392 0.06740196078431372 0.10079656862745098
0 0.6905637254901961 0.4885110294117647 0.05759803921568627 0.10202205882352941
0 0.7651143790849673 0.49111519607843135 0.0784313725490196 0.1090686274509804
0 0.8337418300653595 0.4886642156862745 0.058823529411764705 0.0900735294117647
0 0.8944035947712419 0.4928002450980392 0.05923202614379085 0.09834558823529412
0 0.9569035947712419 0.4885110294117647 0.0625 0.09466911764705882
0 0.0625 0.6090686274509803 0.03839869281045752 0.09129901960784313
0 0.21977124183006536 0.11994485294117647 0.06862745098039216 0.06954656862745098
0 0.10559640522875817 0.11274509803921569 0.1409313725490196 0.08149509803921569
0 0.5330882352941176 0.3638174019607843 0.0718954248366013 0.09957107843137254
0 0.4540441176470588 0.36443014705882354 0.08619281045751634 0.09834558823529412
0 0.37336601307189543 0.36504289215686275 0.04330065359477124 0.10447303921568628
0 0.3014705882352941 0.3584558823529412 0.07516339869281045 0.11519607843137254
0 0.23345588235294118 0.3740808823529412 0.054330065359477125 0.10784313725490197
0 0.599468954248366 0.6204044117647058 0.07965686274509803 0.08517156862745098
0 0.7984068627450981 0.3802083333333333 0.0559640522875817 0.08639705882352941
0 0.672998366013072 0.6168811274509803 0.05759803921568627 0.08057598039215687
0 0.7986111111111112 0.6132046568627451 0.049836601307189546 0.09466911764705882
0 0.31413398692810457 0.8321078431372549 0.03676470588235294 0.08884803921568628
0 0.35171568627450983 0.8321078431372549 0.03839869281045752 0.09129901960784313
0 0.3925653594771242 0.8285845588235294 0.04003267973856209 0.07689950980392157
0 0.44362745098039214 0.8333333333333334 0.04656862745098039 0.08149509803921569
0 0.4852941176470588 0.8314950980392157 0.03676470588235294 0.08517156862745098
0 0.5267565359477124 0.8284313725490197 0.03390522875816993 0.08149509803921569
0 0.5931372549019608 0.8256740196078431 0.04820261437908497 0.08272058823529412
0 0.6891339869281046 0.8218443627450981 0.03839869281045752 0.10202205882352941
0 0.7640931372549019 0.12775735294117646 0.060866013071895424 0.0900735294117647
0 0.8282271241830066 0.1174938725490196 0.05759803921568627 0.08854166666666667
0 0.2741013071895425 0.8284313725490197 0.02696078431372549 0.08639705882352941
0 0.8874591503267973 0.1168811274509804 0.054330065359477125 0.09957107843137254
0 0.026552287581699346 0.23560049019607843 0.05228758169934641 0.08272058823529412
0 0.09436274509803921 0.22549019607843138 0.08006535947712418 0.1053921568627451
0 0.7410130718954249 0.8158700980392157 0.03349673202614379 0.10661764705882353
0 0.7802287581699346 0.8141850490196079 0.04493464052287582 0.09834558823529412
0 0.8290441176470589 0.8147977941176471 0.05269607843137255 0.09957107843137254
0 0.8809232026143791 0.8152573529411765 0.04779411764705882 0.1053921568627451
0 0.928921568627451 0.8177083333333334 0.04820261437908497 0.08884803921568628
0 0.977328431372549 0.8224571078431373 0.04616013071895425 0.0934436274509804
0 0.1750408496732026 0.2506127450980392 0.06576797385620915 0.0625
0 0.2485702614379085 0.24632352941176472 0.07802287581699346 0.08517156862745098
0 0.9577205882352942 0.11044730392156862 0.08292483660130719 0.09834558823529412
0 0.22630718954248366 0.8296568627450981 0.04656862745098039 0.08394607843137254
0 0.1854575163398693 0.8213848039215687 0.041666666666666664 0.10294117647058823
0 0.13909313725490197 0.8129595588235294 0.03553921568627451 0.1056985294117647
0 0.8584558823529411 0.6162683823529411 0.060866013071895424 0.0744485294117647
0 0.9415849673202614 0.6139705882352942 0.07026143790849673 0.07659313725490197
0 0.032066993464052285 0.7212009803921569 0.04779411764705882 0.056372549019607844
0 0.08558006535947713 0.7181372549019608 0.05923202614379085 0.06004901960784314
0 0.13991013071895425 0.7170649509803921 0.027369281045751634 0.05974264705882353
0 0.17279411764705882 0.71875 0.031862745098039214 0.051470588235294115
0 0.21180555555555555 0.7248774509803921 0.039624183006535946 0.051470588235294115
0 0.2589869281045752 0.7152267156862745 0.04820261437908497 0.06832107843137254
0 0.30453431372549017 0.7152267156862745 0.027369281045751634 0.07077205882352941
0 0.37888071895424835 0.7248774509803921 0.10580065359477124 0.05392156862745098
0 0.46119281045751637 0.7199754901960784 0.058823529411764705 0.058823529411764705
0 0.5267565359477124 0.7308517156862745 0.05923202614379085 0.03707107843137255
0 0.5923202614379085 0.7253370098039216 0.04656862745098039 0.035845588235294115
0 0.5300245098039216 0.6911764705882353 0.0428921568627451 0.025122549019607844
0 0.6658496732026143 0.7349877450980392 0.06535947712418301 0.03860294117647059
0 0.7289624183006536 0.7339154411764706 0.04779411764705882 0.03829656862745098
0 0.7808415032679739 0.6948529411764706 0.05923202614379085 0.032475490196078434
0 0.7890114379084967 0.7302389705882353 0.0494281045751634 0.02420343137254902
0 0.840890522875817 0.7147671568627451 0.044526143790849675 0.028799019607843136
0 0.8970588235294118 0.7156862745098039 0.03839869281045752 0.028799019607843136
0 0.9758986928104575 0.7146139705882353 0.049019607843137254 0.06709558823529412
0 0.021037581699346407 0.8232230392156863 0.04125816993464052 0.10661764705882353
0 0.08782679738562091 0.8249080882352942 0.041666666666666664 0.09589460784313726
0 0.7536764705882353 0.6139705882352942 0.03022875816993464 0.07904411764705882
0 0.6595179738562091 0.3638174019607843 0.10089869281045752 0.10202205882352941
