0 0.4048202614379085 0.11611519607843138 0.03594771241830065 0.12071078431372549
0 0.36213235294117646 0.11228553921568628 0.04534313725490196 0.11427696078431372
0 0.3180147058823529 0.10692401960784313 0.03880718954248366 0.12377450980392157
0 0.42606209150326796 0.4497549019607843 0.04656862745098039 0.11948529411764706
0 0.474468954248366 0.45159313725490197 0.04861111111111111 0.12377450980392157
0 0.6341911764705882 0.4600183823529412 0.0363562091503268 0.11672794117647059
0 0.6781045751633987 0.4615502450980392 0.04493464052287582 0.11243872549019608
0 0.7209967320261438 0.46292892156862747 0.0392156862745098 0.11519607843137254
0 0.7681781045751634 0.46308210784313725 0.05106209150326797 0.109375
0 0.24530228758169934 0.10232843137254902 0.026552287581699346 0.11948529411764706
0 0.21711601307189543 0.10094975490196079 0.0298202614379085 0.1130514705882353
0 0.18831699346405228 0.0978860294117647 0.026143790849673203 0.1173406862745098
0 0.11621732026143791 0.08884803921568628 0.03308823529411765 0.12071078431372549
0 0.08149509803921569 0.08777573529411764 0.0363562091503268 0.11856617647058823
0 0.8049428104575164 0.4638480392156863 0.024101307189542485 0.11274509803921569
0 0.5692401960784313 0.45481004901960786 0.07720588235294118 0.12040441176470588
0 0.06147875816993464 0.7493872549019608 0.034722222222222224 0.13602941176470587
0 0.9338235294117647 0.7556678921568627 0.04493464052287582 0.11795343137254902
0 0.8837826797385621 0.7558210784313726 0.051879084967320264 0.11397058823529412
0 0.9656862745098039 0.6161151960784313 0.061274509803921566 0.11151960784313726
0 0.16033496732026145 0.7331495098039216 0.04861111111111111 0.11580882352941177
0 0.8082107843137255 0.6151960784313726 0.030637254901960783 0.11458333333333333
0 0.7704248366013072 0.6133578431372549 0.04330065359477124 0.1096813725490196
0 0.7252859477124183 0.6116727941176471 0.044526143790849675 0.11182598039215687
0 0.06678921568627451 0.5969669117647058 0.02900326797385621 0.12775735294117646
0 0.6415441176470589 0.6099877450980392 0.04125816993464052 0.1133578431372549
0 0.5575980392156863 0.6069240196078431 0.11683006535947713 0.10845588235294118
0 0.21098856209150327 0.7509191176470589 0.05269607843137255 0.13786764705882354
0 0.26143790849673204 0.7503063725490197 0.049019607843137254 0.13786764705882354
0 0.3116830065359477 0.7536764705882353 0.051470588235294115 0.1323529411764706
0 0.8980800653594772 0.6135110294117647 0.04861111111111111 0.11121323529411764
0 0.41237745098039214 0.7545955882352942 0.053513071895424834 0.12806372549019607
0 0.10886437908496732 0.7463235294117647 0.053513071895424834 0.14215686274509803
0 0.8484477124183006 0.6155024509803921 0.05065359477124183 0.11519607843137254
0 0.9756944444444444 0.9057904411764706 0.0494281045751634 0.1056985294117647
0 0.9164624183006536 0.9093137254901961 0.06004901960784314 0.09620098039215687
0 0.8588643790849673 0.8990502450980392 0.0494281045751634 0.11795343137254902
0 0.8110702614379085 0.9004289215686274 0.04534313725490196 0.11887254901960784
0 0.46017156862745096 0.7544424019607843 0.042075163398692814 0.12714460784313725
0 0.5087826797385621 0.7521446078431373 0.053513071895424834 0.13051470588235295
0 0.5571895424836601 0.7515318627450981 0.04330065359477124 0.12867647058823528
0 0.6058006535947712 0.7503063725490197 0.05555555555555555 0.1323529411764706
0 0.6552287581699346 0.7503063725490197 0.04003267973856209 0.13357843137254902
0 0.7015931372549019 0.7538296568627451 0.054330065359477125 0.1253063725490196
0 0.7444852941176471 0.7513786764705882 0.02900326797385621 0.12591911764705882
0 0.7900326797385621 0.7519914215686274 0.05065359477124183 0.12162990196078431
0 0.8376225490196079 0.7516850490196079 0.042075163398692814 0.12162990196078431
0 0.8092320261437909 0.14950980392156862 0.032679738562091505 0.11151960784313726
0 0.3613153594771242 0.7530637254901961 0.04616013071895425 0.13174019607843138
0 0.2790032679738562 0.10324754901960784 0.04003267973856209 0.11580882352941177
0 0.4803921568627451 0.6049325980392157 0.03839869281045752 0.11243872549019608
0 0.8984885620915033 0.31786151960784315 0.042075163398692814 0.10324754901960784
0 0.8772467320261438 0.46369485294117646 0.06740196078431372 0.11979166666666667
0 0.26062091503267976 0.9082414215686274 0.04411764705882353 0.13143382352941177
0 0.2113970588235294 0.9087009803921569 0.0559640522875817 0.1329656862745098
0 0.16094771241830066 0.9051776960784313 0.04738562091503268 0.1400122549019608
0 0.10477941176470588 0.90625 0.06413398692810457 0.14276960784313725
0 0.0545343137254902 0.9114583333333334 0.03308823529411765 0.12867647058823528
0 0.9781454248366013 0.7536764705882353 0.044526143790849675 0.11580882352941177
0 0.8645833333333334 0.31403186274509803 0.023284313725490197 0.10661764705882353
0 0.8020833333333334 0.31204044117647056 0.020833333333333332 0.10753676470588236
0 0.7757352941176471 0.3095894607843137 0.031862745098039214 0.10386029411764706
0 0.7473447712418301 0.3091299019607843 0.025735294117647058 0.1090686274509804
0 0.7169117647058824 0.30744485294117646 0.03431372549019608 0.1056985294117647
0 0.6860702614379085 0.3049938725490196 0.026552287581699346 0.10998774509803921
0 0.6607434640522876 0.3049938725490196 0.023284313725490197 0.10814950980392157
0 0.6350081699346405 0.3017769607843137 0.028186274509803922 0.11519607843137254
0 0.6045751633986928 0.29963235294117646 0.03349673202614379 0.11151960784313726
0 0.0821078431372549 0.4407169117647059 0.04084967320261438 0.11856617647058823
0 0.12520424836601307 0.43918504901960786 0.04534313725490196 0.12162990196078431
0 0.1736111111111111 0.4416360294117647 0.049836601307189546 0.12714460784313725
0 0.23345588235294118 0.48912377450980393 0.0690359477124183 0.030943627450980393
0 0.7630718954248366 0.8993566176470589 0.05065359477124183 0.12346813725490197
0 0.7152777777777778 0.8987438725490197 0.04656862745098039 0.12224264705882353
0 0.6703431372549019 0.9005821078431373 0.0392156862745098 0.1210171568627451
0 0.6231617647058824 0.9028799019607843 0.05514705882352941 0.12316176470588236
0 0.5712826797385621 0.9022671568627451 0.0428921568627451 0.11948529411764706
0 0.5224673202614379 0.9048713235294118 0.05310457516339869 0.12408088235294118
0 0.4736519607843137 0.9060968137254902 0.04370915032679738 0.12285539215686274
0 0.4193218954248366 0.9067095588235294 0.06740196078431372 0.12285539215686274
0 0.5714869281045751 0.29702818627450983 0.03104575163398693 0.1130514705882353
0 0.3686683006535948 0.9027267156862745 0.03553921568627451 0.13020833333333334
0 0.10866013071895425 0.5984987745098039 0.049836601307189546 0.12040441176470588
0 0.3813316993464052 0.4489889705882353 0.04534313725490196 0.1210171568627451
0 0.33782679738562094 0.4476102941176471 0.04084967320261438 0.11642156862745098
0 0.15257352941176472 0.6009497549019608 0.039624183006535946 0.12591911764705882
0 0.2136437908496732 0.6430759803921569 0.06699346405228758 0.03860294117647059
0 0.29616013071895425 0.44454656862745096 0.042483660130718956 0.1213235294117647
0 0.24468954248366012 0.4260110294117647 0.056372549019607844 0.03216911764705882
0 0.2346813725490196 0.4575674019607843 0.06495098039215687 0.03278186274509804
0 0.3174019607843137 0.9045649509803921 0.0661764705882353 0.13388480392156862
0 0.5359477124183006 0.2945772058823529 0.03839869281045752 0.10753676470588236
0 0.8339460784313726 0.3125 0.04044117647058824 0.10477941176470588
0 0.47263071895424835 0.2927389705882353 0.031862745098039214 0.10386029411764706
0 0.9111519607843137 0.15349264705882354 0.027369281045751634 0.11274509803921569
0 0.8801062091503268 0.15150122549019607 0.034722222222222224 0.10692401960784313
0 0.8441584967320261 0.15150122549019607 0.026552287581699346 0.11121323529411764
0 0.4035947712418301 0.6084558823529411 0.03022875816993464 0.11274509803921569
0 0.36703431372549017 0.6076899509803921 0.042075163398692814 0.10692401960784313
0 0.32802287581699346 0.6064644607843137 0.03676470588235294 0.11550245098039216
0 0.2790032679738562 0.6043198529411765 0.058823529411764705 0.11121323529411764
0 0.44750816993464054 0.11979166666666667 0.042075163398692814 0.1133578431372549
0 0.5044934640522876 0.29442401960784315 0.026143790849673203 0.10784313725490197
0 0.48304738562091504 0.12208946078431372 0.030637254901960783 0.11611519607843138
0 0.5185866013071896 0.12408088235294118 0.03880718954248366 0.11213235294117647
0 0.5533088235294118 0.12607230392156862 0.03227124183006536 0.1173406862745098
0 0.5882352941176471 0.1325061274509804 0.026143790849673203 0.11795343137254902
0 0.7753267973856209 0.14629289215686275 0.024509803921568627 0.11243872549019608
0 0.7463235294117647 0.14537377450980393 0.032679738562091505 0.10998774509803921
0 0.7181372549019608 0.13985906862745098 0.02369281045751634 0.1210171568627451
0 0.6868872549019608 0.13771446078431374 0.037173202614379085 0.11550245098039216
0 0.9540441176470589 0.1559436274509804 0.03799019607843137 0.12009803921568628
0 0.650531045751634 0.13602941176470587 0.030637254901960783 0.12009803921568628
0 0.07332516339869281 0.2665441176470588 0.03308823529411765 0.11580882352941177
0 0.17054738562091504 0.28324142156862747 0.02165032679738562 0.09283088235294118
0 0.4456699346405229 0.2899816176470588 0.022058823529411766 0.11060049019607843
0 0.4166666666666667 0.2893688725490196 0.03431372549019608 0.10876225490196079
0 0.38092320261437906 0.2856924019607843 0.03553921568627451 0.11611519607843138
0 0.34620098039215685 0.2824754901960784 0.02900326797385621 0.1096813725490196
0 0.31495098039215685 0.2806372549019608 0.032679738562091505 0.10723039215686274
0 0.2820669934640523 0.28109681372549017 0.027369281045751634 0.11182598039215687
0 0.24754901960784315 0.28768382352941174 0.04003267973856209 0.09068627450980392
0 0.11254084967320262 0.2668504901960784 0.03880718954248366 0.1133578431372549
0 0.6184640522875817 0.1332720588235294 0.03349673202614379 0.11519607843137254
0 0.21711601307189543 0.2849264705882353 0.020016339869281044 0.09620098039215687
0 0.44199346405228757 0.6063112745098039 0.04003267973856209 0.11458333333333333
0 0.1948529411764706 0.28293504901960786 0.026143790849673203 0.09283088235294118
