0 0.8406862745098039 0.11473651960784313 0.02696078431372549 0.06403186274509803
0 0.8743872549019608 0.1133578431372549 0.028186274509803922 0.0661764705882353
0 0.13725490196078433 0.3671875 0.06372549019607843 0.03462009803921569
0 0.9652777777777778 0.09298406862745098 0.04493464052287582 0.10447303921568628
0 0.789828431372549 0.10386029411764706 0.07312091503267974 0.08149509803921569
0 0.922998366013072 0.09083946078431372 0.039624183006535946 0.10508578431372549
0 0.7116013071895425 0.12714460784313725 0.06209150326797386 0.0392156862745098
0 0.4048202614379085 0.11213235294117647 0.04820261437908497 0.0661764705882353
0 0.610702614379085 0.11917892156862746 0.035130718954248366 0.05024509803921569
0 0.5649509803921569 0.11825980392156862 0.0392156862745098 0.05330882352941176
0 0.5187908496732027 0.11443014705882353 0.049019607843137254 0.06587009803921569
0 0.460375816993464 0.11075367647058823 0.05392156862745098 0.07077205882352941
0 0.9683415032679739 0.24525122549019607 0.05106209150326797 0.07506127450980392
0 0.3366013071895425 0.1017156862745098 0.08333333333333333 0.09191176470588236
0 0.6578839869281046 0.12025122549019608 0.04370915032679738 0.047487745098039214
0 0.9234068627450981 0.23973651960784315 0.024101307189542485 0.0860906862745098
0 0.6872957516339869 0.2610294117647059 0.07230392156862746 0.03982843137254902
0 0.764501633986928 0.22319240196078433 0.0690359477124183 0.043198529411764705
0 0.764501633986928 0.26455269607843135 0.0755718954248366 0.03216911764705882
0 0.6725898692810458 0.19684436274509803 0.06985294117647059 0.08241421568627451
0 0.24673202614379086 0.09926470588235294 0.08496732026143791 0.09252450980392157
0 0.6156045751633987 0.24831495098039216 0.041666666666666664 0.06158088235294118
0 0.5592320261437909 0.23881740196078433 0.06699346405228758 0.07689950980392157
0 0.4918300653594771 0.23866421568627452 0.06372549019607843 0.08149509803921569
0 0.42769607843137253 0.23544730392156862 0.061274509803921566 0.08792892156862746
0 0.3700980392156863 0.24739583333333334 0.051470588235294115 0.06219362745098039
0 0.31842320261437906 0.24831495098039216 0.05024509803921569 0.05912990196078431
0 0.24979575163398693 0.2340686274509804 0.07802287581699346 0.08762254901960784
0 0.17258986928104575 0.22012867647058823 0.042075163398692814 0.07199754901960784
0 0.12091503267973856 0.21752450980392157 0.05718954248366013 0.0741421568627451
0 0.0676062091503268 0.21966911764705882 0.04616013071895425 0.07107843137254902
0 0.8443627450980392 0.23529411764705882 0.08333333333333333 0.09987745098039216
0 0.14072712418300654 0.10799632352941177 0.06740196078431372 0.07996323529411764
0 0.6781045751633987 0.7310049019607843 0.03758169934640523 0.04779411764705882
0 0.026348039215686275 0.1095281862745098 0.04616013071895425 0.06832107843137254
0 0.9875408496732027 0.8800551470588235 0.024101307189542485 0.08915441176470588
0 0.9180964052287581 0.8635110294117647 0.1090686274509804 0.12040441176470588
0 0.8186274509803921 0.8846507352941176 0.031862745098039214 0.07322303921568628
0 0.7630718954248366 0.8817401960784313 0.07598039215686274 0.08455882352941177
0 0.6868872549019608 0.8841911764705882 0.068218954248366 0.07230392156862746
0 0.605187908496732 0.875 0.08619281045751634 0.08394607843137254
0 0.5243055555555556 0.8768382352941176 0.07312091503267974 0.08517156862745098
0 0.4381127450980392 0.8780637254901961 0.0886437908496732 0.06985294117647059
0 0.3525326797385621 0.8708639705882353 0.07516339869281045 0.08057598039215687
0 0.2716503267973856 0.8385416666666666 0.0784313725490196 0.13664215686274508
0 0.1830065359477124 0.8543198529411765 0.06944444444444445 0.10202205882352941
0 0.12009803921568628 0.8420649509803921 0.049019607843137254 0.13388480392156862
0 0.061274509803921566 0.8488051470588235 0.06290849673202614 0.11795343137254902
0 0.01511437908496732 0.8511029411764706 0.026143790849673203 0.1096813725490196
0 0.07945261437908496 0.11075367647058823 0.053513071895424834 0.06832107843137254
0 0.01511437908496732 0.6927083333333334 0.029411764705882353 0.06801470588235294
0 0.11254084967320262 0.6974571078431373 0.04370915032679738 0.06464460784313726
0 0.1527777777777778 0.6974571078431373 0.031862745098039214 0.06464460784313726
0 0.1909722222222222 0.6963848039215687 0.042075163398692814 0.06495098039215687
0 0.2630718954248366 0.7181372549019608 0.051470588235294115 0.061887254901960786
0 0.2979983660130719 0.7254901960784313 0.015931372549019607 0.04656862745098039
0 0.34191176470588236 0.6899509803921569 0.06781045751633986 0.07965686274509803
0 0.4236111111111111 0.7192095588235294 0.049836601307189546 0.05912990196078431
0 0.4805964052287582 0.7233455882352942 0.054330065359477125 0.06004901960784314
0 0.534109477124183 0.7234987745098039 0.0428921568627451 0.060355392156862746
0 0.6043709150326797 0.7083333333333334 0.08782679738562091 0.10416666666666667
0 0.7183415032679739 0.7329963235294118 0.03553921568627451 0.04442401960784314
0 0.02369281045751634 0.21951593137254902 0.04084967320261438 0.07322303921568628
0 0.7935049019607843 0.7032781862745098 0.08047385620915033 0.10386029411764706
0 0.13500816993464052 0.32705269607843135 0.0625 0.043198529411764705
0 0.06066176470588235 0.6896446078431373 0.051879084967320264 0.0741421568627451
0 0.015931372549019607 0.34191176470588236 0.028594771241830064 0.0857843137254902
0 0.5200163398692811 0.47058823529411764 0.027777777777777776 0.07352941176470588
0 0.4750816993464052 0.48422181372549017 0.04330065359477124 0.046262254901960786
0 0.9311683006535948 0.5908394607843137 0.04616013071895425 0.07689950980392157
0 0.8903186274509803 0.5917585784313726 0.027369281045751634 0.07322303921568628
0 0.5071486928104575 0.5909926470588235 0.04534313725490196 0.06678921568627451
0 0.7857434640522876 0.6064644607843137 0.03880718954248366 0.04381127450980392
0 0.7461192810457516 0.6056985294117647 0.03553921568627451 0.042279411764705885
0 0.8982843137254902 0.47472426470588236 0.026143790849673203 0.0818014705882353
0 0.9424019607843137 0.4727328431372549 0.049019607843137254 0.08272058823529412
0 0.9848856209150327 0.4797794117647059 0.025326797385620915 0.06740196078431372
0 0.2563316993464052 0.5746017156862745 0.05759803921568627 0.09160539215686274
0 0.31209150326797386 0.5870098039215687 0.04411764705882353 0.0661764705882353
0 0.36070261437908496 0.5873161764705882 0.049019607843137254 0.06678921568627451
0 0.4117647058823529 0.5900735294117647 0.0457516339869281 0.06740196078431372
0 0.45955882352941174 0.5948223039215687 0.042483660130718956 0.06219362745098039
0 0.9803921568627451 0.5845588235294118 0.0392156862745098 0.08394607843137254
0 0.6484885620915033 0.3460477941176471 0.04779411764705882 0.07873774509803921
0 0.5367647058823529 0.3544730392156863 0.05473856209150327 0.058823529411764705
0 0.7032271241830066 0.5932904411764706 0.04534313725490196 0.0664828431372549
0 0.6531862745098039 0.5932904411764706 0.04411764705882353 0.0664828431372549
0 0.605187908496732 0.6081495098039216 0.04370915032679738 0.03982843137254902
0 0.6015114379084967 0.5649509803921569 0.039624183006535946 0.042279411764705885
0 0.5559640522875817 0.5917585784313726 0.04411764705882353 0.06587009803921569
0 0.4875408496732026 0.3596813725490196 0.042075163398692814 0.04963235294117647
0 0.44199346405228757 0.3561580882352941 0.04330065359477124 0.057291666666666664
0 0.3895016339869281 0.3556985294117647 0.053513071895424834 0.058823529411764705
0 0.33394607843137253 0.36795343137254904 0.051879084967320264 0.03370098039215686
0 0.28308823529411764 0.35860906862745096 0.0457516339869281 0.0548406862745098
0 0.2361111111111111 0.359375 0.03676470588235294 0.051470588235294115
0 0.18443627450980393 0.3492647058823529 0.02900326797385621 0.06311274509803921
0 0.5935457516339869 0.35860906862745096 0.049836601307189546 0.057291666666666664
0 0.9930555555555556 0.7288602941176471 0.014705882352941176 0.06862745098039216
0 0.8308823529411765 0.6069240196078431 0.04330065359477124 0.04718137254901961
0 0.8843954248366013 0.7268688725490197 0.022058823529411766 0.06954656862745098
0 0.6895424836601307 0.35232843137254904 0.027777777777777776 0.06924019607843138
0 0.7222222222222222 0.35294117647058826 0.03022875816993464 0.07291666666666667
0 0.7616421568627451 0.35049019607843135 0.039624183006535946 0.0778186274509804
0 0.8035130718954249 0.35263480392156865 0.041666666666666664 0.07230392156862746
0 0.8427287581699346 0.35018382352941174 0.03431372549019608 0.07720588235294118
0 0.9191176470588235 0.35018382352941174 0.025326797385620915 0.0821078431372549
0 0.9546568627450981 0.7127757352941176 0.04656862745098039 0.09283088235294118
0 0.06290849673202614 0.47074142156862747 0.059640522875817 0.06403186274509803
0 0.1809640522875817 0.4699754901960784 0.032679738562091505 0.06740196078431372
0 0.26286764705882354 0.46109068627450983 0.07720588235294118 0.08639705882352941
0 0.3449754901960784 0.4644607843137255 0.07720588235294118 0.08333333333333333
0 0.016544117647058824 0.4647671568627451 0.0298202614379085 0.07659313725490197
0 0.914828431372549 0.7233455882352942 0.026552287581699346 0.06985294117647059
0 0.41830065359477125 0.4675245098039216 0.058823529411764705 0.07720588235294118
0 0.8353758169934641 0.47058823529411764 0.049019607843137254 0.08333333333333333
0 0.7781862745098039 0.47671568627450983 0.049836601307189546 0.0661764705882353
0 0.7248774509803921 0.47702205882352944 0.04861111111111111 0.06433823529411764
0 0.6535947712418301 0.47012867647058826 0.031862745098039214 0.08241421568627451
0 0.585171568627451 0.46338848039215685 0.0298202614379085 0.09589460784313726
0 0.6194852941176471 0.47120098039215685 0.02900326797385621 0.07720588235294118
0 0.0690359477124183 0.3431372549019608 0.06535947712418301 0.0778186274509804
0 0.5531045751633987 0.4653799019607843 0.031862745098039214 0.08517156862745098
