0 0.12111928104575163 0.22993259803921567 0.06740196078431372 0.05238970588235294
0 0.20976307189542484 0.2725183823529412 0.03880718954248366 0.06403186274509803
0 0.24918300653594772 0.26761642156862747 0.03839869281045752 0.07322303921568628
0 0.28574346405228757 0.2650122549019608 0.03799019607843137 0.06740196078431372
0 0.3196486928104575 0.26485906862745096 0.027369281045751634 0.06770833333333333
0 0.35947712418300654 0.2617953431372549 0.0457516339869281 0.06893382352941177
0 0.39644607843137253 0.2581188725490196 0.028186274509803922 0.07567401960784313
0 0.46425653594771243 0.2417279411764706 0.08292483660130719 0.10661764705882353
0 0.5347222222222222 0.2512254901960784 0.042483660130718956 0.07598039215686274
0 0.5855800653594772 0.2417279411764706 0.05514705882352941 0.0974264705882353
0 0.6407271241830066 0.24724264705882354 0.051879084967320264 0.06495098039215687
0 0.6893382352941176 0.2418811274509804 0.04616013071895425 0.07628676470588236
0 0.10641339869281045 0.48590686274509803 0.03390522875816993 0.04779411764705882
0 0.13848039215686275 0.4869791666666667 0.026143790849673203 0.047487745098039214
0 0.1636029411764706 0.4846813725490196 0.023284313725490197 0.052083333333333336
0 0.17524509803921567 0.27297794117647056 0.031862745098039214 0.05759803921568627
0 0.046977124183006536 0.23789828431372548 0.07026143790849673 0.05422794117647059
0 0.8529411764705882 0.3711703431372549 0.08251633986928104 0.09037990196078431
0 0.7849264705882353 0.3727022058823529 0.054330065359477125 0.0860906862745098
0 0.14419934640522875 0.3975183823529412 0.03349673202614379 0.05116421568627451
0 0.041666666666666664 0.31449142156862747 0.058823529411764705 0.04871323529411765
0 0.1895424836601307 0.38495710784313725 0.05392156862745098 0.08302696078431372
0 0.23876633986928106 0.38036151960784315 0.04370915032679738 0.09037990196078431
0 0.2863562091503268 0.3939950980392157 0.03676470588235294 0.06004901960784314
0 0.32393790849673204 0.3903186274509804 0.03758169934640523 0.06740196078431372
0 0.21098856209150327 0.5032169117647058 0.0363562091503268 0.06464460784313726
0 0.3868464052287582 0.38587622549019607 0.05065359477124183 0.07751225490196079
0 0.4895833333333333 0.3825061274509804 0.034722222222222224 0.06464460784313726
0 0.5279820261437909 0.3818933823529412 0.04044117647058824 0.06219362745098039
0 0.5680147058823529 0.38204656862745096 0.03308823529411765 0.07475490196078431
0 0.6168300653594772 0.3821997549019608 0.0457516339869281 0.07506127450980392
0 0.6738153594771242 0.38005514705882354 0.05514705882352941 0.07383578431372549
0 0.7287581699346405 0.3710171568627451 0.05310457516339869 0.09497549019607843
0 0.4375 0.3863357843137255 0.03839869281045752 0.06433823529411764
0 0.24877450980392157 0.5053615196078431 0.03349673202614379 0.060355392156862746
0 0.27205882352941174 0.5153186274509803 0.017973856209150325 0.03553921568627451
0 0.29248366013071897 0.5140931372549019 0.022058823529411766 0.037377450980392156
0 0.551062091503268 0.07766544117647059 0.04820261437908497 0.10324754901960784
0 0.49611928104575165 0.06495098039215687 0.06331699346405228 0.12867647058823528
0 0.440359477124183 0.07322303921568628 0.04820261437908497 0.13725490196078433
0 0.37397875816993464 0.08118872549019608 0.0763888888888889 0.11948529411764706
0 0.30943627450980393 0.0900735294117647 0.05759803921568627 0.13970588235294118
0 0.2485702614379085 0.10049019607843138 0.06495098039215687 0.12867647058823528
0 0.6094771241830066 0.07674632352941177 0.06699346405228758 0.0977328431372549
0 0.8541666666666666 0.7591911764705882 0.04493464052287582 0.051470588235294115
0 0.18443627450980393 0.1014093137254902 0.060866013071895424 0.13174019607843138
0 0.12316176470588236 0.14721200980392157 0.053513071895424834 0.045649509803921566
0 0.05004084967320262 0.1481311274509804 0.09272875816993464 0.04503676470588235
0 0.8833741830065359 0.2342218137254902 0.037173202614379085 0.11550245098039216
0 0.8415032679738562 0.23192401960784315 0.042483660130718956 0.11642156862745098
0 0.7704248366013072 0.2340686274509804 0.08986928104575163 0.08884803921568628
0 0.7565359477124183 0.7564338235294118 0.041666666666666664 0.07230392156862746
0 0.6719771241830066 0.07107843137254902 0.058823529411764705 0.1090686274509804
0 0.71875 0.06433823529411764 0.034722222222222224 0.09436274509803921
0 0.7544934640522876 0.05943627450980392 0.032679738562091505 0.10477941176470588
0 0.3133169934640523 0.5154718137254902 0.024509803921568627 0.03768382352941176
0 0.3372140522875817 0.5139399509803921 0.024101307189542485 0.03707107843137255
0 0.36070261437908496 0.5177696078431373 0.021241830065359478 0.044730392156862746
0 0.3839869281045752 0.5179227941176471 0.025326797385620915 0.043198529411764705
0 0.4056372549019608 0.5176164215686274 0.0196078431372549 0.040747549019607844
0 0.4287173202614379 0.5160845588235294 0.024101307189542485 0.04136029411764706
0 0.45588235294117646 0.5180759803921569 0.029411764705882353 0.04411764705882353
0 0.48018790849673204 0.5208333333333334 0.01919934640522876 0.0392156862745098
0 0.5243055555555556 0.4993872549019608 0.05106209150326797 0.08149509803921569
0 0.5855800653594772 0.5030637254901961 0.05759803921568627 0.08455882352941177
0 0.6345996732026143 0.5199142156862745 0.02900326797385621 0.04718137254901961
0 0.6613562091503268 0.5205269607843137 0.026143790849673203 0.049019607843137254
0 0.6891339869281046 0.5212928921568627 0.027777777777777776 0.047487745098039214
0 0.8666258169934641 0.056372549019607844 0.07393790849673203 0.09620098039215687
0 0.7998366013071896 0.05652573529411765 0.058823529411764705 0.09528186274509803
0 0.10559640522875817 0.39889705882352944 0.03227124183006536 0.04840686274509804
0 0.056781045751633986 0.3978247549019608 0.05718954248366013 0.05422794117647059
0 0.11825980392156862 0.31035539215686275 0.06985294117647059 0.05698529411764706
0 0.8031045751633987 0.5055147058823529 0.06209150326797386 0.07169117647058823
0 0.13194444444444445 0.5681678921568627 0.02042483660130719 0.04871323529411765
0 0.11233660130718955 0.5706188725490197 0.015522875816993464 0.04381127450980392
0 0.029411764705882353 0.8290441176470589 0.03594771241830065 0.04350490196078431
0 0.06433823529411764 0.8374693627450981 0.02900326797385621 0.03278186274509804
0 0.10355392156862746 0.8311887254901961 0.0363562091503268 0.04411764705882353
0 0.1454248366013072 0.8399203431372549 0.04411764705882353 0.04993872549019608
0 0.15461601307189543 0.5693933823529411 0.025735294117647058 0.04871323529411765
0 0.19505718954248366 0.844515931372549 0.051879084967320264 0.03952205882352941
0 0.2806372549019608 0.8363970588235294 0.01715686274509804 0.08026960784313726
0 0.33231209150326796 0.8406862745098039 0.03390522875816993 0.09129901960784313
0 0.3619281045751634 0.8388480392156863 0.025326797385620915 0.0900735294117647
0 0.3937908496732026 0.8431372549019608 0.03349673202614379 0.10049019607843138
0 0.8629493464052288 0.5018382352941176 0.05269607843137255 0.07475490196078431
0 0.46405228758169936 0.8635110294117647 0.03594771241830065 0.06893382352941177
0 0.25326797385620914 0.835171568627451 0.03676470588235294 0.08088235294117647
0 0.17851307189542484 0.5644914215686274 0.022058823529411766 0.057904411764705885
0 0.23427287581699346 0.6021752450980392 0.0559640522875817 0.07261029411764706
0 0.28880718954248363 0.6075367647058824 0.051470588235294115 0.06311274509803921
0 0.07291666666666667 0.48422181372549017 0.03390522875816993 0.048100490196078434
0 0.03125 0.4840686274509804 0.04779411764705882 0.04656862745098039
0 0.8625408496732027 0.6312806372549019 0.044526143790849675 0.07077205882352941
0 0.8110702614379085 0.6288296568627451 0.05841503267973856 0.07628676470588236
0 0.7630718954248366 0.6240808823529411 0.03758169934640523 0.06801470588235294
0 0.7181372549019608 0.6200980392156863 0.0457516339869281 0.08149509803921569
0 0.6656454248366013 0.6383272058823529 0.03390522875816993 0.03952205882352941
0 0.6247957516339869 0.6404718137254902 0.0428921568627451 0.0389093137254902
0 0.6693218954248366 0.5922181372549019 0.03880718954248366 0.034926470588235295
0 0.6305147058823529 0.5909926470588235 0.04044117647058824 0.03860294117647059
0 0.5686274509803921 0.6266850490196079 0.06045751633986928 0.05912990196078431
0 0.5077614379084967 0.6289828431372549 0.058823529411764705 0.0545343137254902
0 0.4456699346405229 0.6159620098039216 0.0661764705882353 0.06341911764705882
0 0.38643790849673204 0.6119791666666666 0.04820261437908497 0.05545343137254902
0 0.33619281045751637 0.609375 0.04820261437908497 0.06311274509803921
0 0.49979575163398693 0.8665747549019608 0.03390522875816993 0.06464460784313726
0 0.5925245098039216 0.8832720588235294 0.04044117647058824 0.0784313725490196
0 0.42483660130718953 0.8449754901960784 0.028594771241830064 0.0974264705882353
0 0.6774918300653595 0.8674938725490197 0.03390522875816993 0.09834558823529412
0 0.4750816993464052 0.7348345588235294 0.05473856209150327 0.06832107843137254
0 0.5236928104575164 0.7385110294117647 0.03594771241830065 0.05545343137254902
0 0.636437908496732 0.8875612745098039 0.041666666666666664 0.0784313725490196
0 0.6092728758169934 0.7443321078431373 0.042075163398692814 0.06709558823529412
0 0.701797385620915 0.7553615196078431 0.03676470588235294 0.0744485294117647
0 0.09068627450980392 0.5692401960784313 0.02696078431372549 0.04105392156862745
0 0.4338235294117647 0.7354473039215687 0.02369281045751634 0.02297794117647059
0 0.06270424836601307 0.5703125 0.02900326797385621 0.03952205882352941
0 0.18668300653594772 0.6377144607843137 0.027777777777777776 0.05974264705882353
0 0.1556372549019608 0.6380208333333334 0.03594771241830065 0.060355392156862746
0 0.11437908496732026 0.6355698529411765 0.04330065359477124 0.05545343137254902
0 0.07475490196078431 0.6354166666666666 0.03349673202614379 0.056372549019607844
0 0.03431372549019608 0.6349571078431373 0.03758169934640523 0.05667892156862745
0 0.7381535947712419 0.5032169117647058 0.059640522875817 0.08486519607843138
0 0.03104575163398693 0.569546568627451 0.032679738562091505 0.037377450980392156
0 0.3831699346405229 0.7234987745098039 0.03022875816993464 0.0628063725490196
0 0.5669934640522876 0.7417279411764706 0.041666666666666664 0.061274509803921566
0 0.7757352941176471 0.8857230392156863 0.031862745098039214 0.10294117647058823
0 0.7087418300653595 0.8678002450980392 0.026143790849673203 0.10079656862745098
0 0.7428513071895425 0.8843443627450981 0.030637254901960783 0.10814950980392157
0 0.34477124183006536 0.7250306372549019 0.04656862745098039 0.05912990196078431
0 0.8114787581699346 0.8869485294117647 0.0298202614379085 0.1053921568627451
0 0.8472222222222222 0.882046568627451 0.03676470588235294 0.1053921568627451
0 0.020016339869281044 0.7138480392156863 0.03349673202614379 0.06985294117647059
0 0.07128267973856209 0.7196691176470589 0.03145424836601307 0.06740196078431372
0 0.04554738562091503 0.7215073529411765 0.01919934640522876 0.06433823529411764
0 0.13623366013071894 0.7378982843137255 0.024918300653594773 0.0352328431372549
0 0.1707516339869281 0.7394301470588235 0.03431372549019608 0.04932598039215686
0 0.19873366013071894 0.7378982843137255 0.02246732026143791 0.05177696078431373
0 0.23835784313725492 0.7218137254901961 0.03553921568627451 0.07659313725490197
0 0.26919934640522875 0.7244178921568627 0.02696078431372549 0.060355392156862746
0 0.3055555555555556 0.7167585784313726 0.03676470588235294 0.06832107843137254
0 0.10702614379084967 0.7348345588235294 0.032679738562091505 0.04197303921568627
