0 0.5416666666666666 0.48912377450980393 0.04411764705882353 0.06709558823529412
0 0.4922385620915033 0.49142156862745096 0.04738562091503268 0.06924019607843138
0 0.4397467320261438 0.4915747549019608 0.054330065359477125 0.06954656862745098
0 0.3903186274509804 0.49356617647058826 0.03880718954248366 0.07107843137254902
0 0.0479983660130719 0.6642156862745098 0.06740196078431372 0.08149509803921569
0 0.25796568627450983 0.6640625 0.10988562091503268 0.07628676470588236
0 0.04146241830065359 0.5451899509803921 0.08047385620915033 0.10447303921568628
0 0.1358251633986928 0.5441176470588235 0.10661764705882353 0.10784313725490197
0 0.8950163398692811 0.47931985294117646 0.03431372549019608 0.07138480392156862
0 0.28737745098039214 0.5431985294117647 0.06004901960784314 0.1053921568627451
0 0.34354575163398693 0.4837622549019608 0.04411764705882353 0.06801470588235294
0 0.5898692810457516 0.48743872549019607 0.04493464052287582 0.0661764705882353
0 0.45016339869281047 0.5946691176470589 0.0784313725490196 0.10294117647058823
0 0.6823937908496732 0.48422181372549017 0.03799019607843137 0.07628676470588236
0 0.7254901960784313 0.48636642156862747 0.04084967320261438 0.07567401960784313
0 0.7661356209150327 0.4872855392156863 0.03880718954248366 0.07751225490196079
0 0.9712009803921569 0.48514093137254904 0.04616013071895425 0.078125
0 0.36213235294117646 0.5983455882352942 0.08455882352941177 0.10049019607843138
0 0.5234885620915033 0.5911458333333334 0.0625 0.0934436274509804
0 0.8602941176470589 0.48422181372549017 0.035130718954248366 0.07628676470588236
0 0.5898692810457516 0.5833333333333334 0.06699346405228758 0.08762254901960784
0 0.6801470588235294 0.5952818627450981 0.08169934640522876 0.10416666666666667
0 0.7626633986928104 0.5958946078431373 0.07679738562091504 0.10294117647058823
0 0.22099673202614378 0.5436580882352942 0.06781045751633986 0.10386029411764706
0 0.6376633986928104 0.48943014705882354 0.04411764705882353 0.06525735294117647
0 0.9685457516339869 0.37775735294117646 0.05065359477124183 0.07904411764705882
0 0.9791666666666666 0.26516544117647056 0.04330065359477124 0.09160539215686274
0 0.8125 0.38097426470588236 0.032679738562091505 0.08118872549019608
0 0.8439542483660131 0.5935968137254902 0.07352941176470588 0.09834558823529412
0 0.4252450980392157 0.2746629901960784 0.035130718954248366 0.09099264705882353
0 0.46262254901960786 0.27389705882352944 0.039624183006535946 0.08946078431372549
0 0.5575980392156863 0.2689950980392157 0.05065359477124183 0.09436274509803921
0 0.6170343137254902 0.2688419117647059 0.05514705882352941 0.08792892156862746
0 0.6717728758169934 0.2679227941176471 0.04861111111111111 0.09221813725490197
0 0.7289624183006536 0.2685355392156863 0.054330065359477125 0.0934436274509804
0 0.7771650326797386 0.2740502450980392 0.042075163398692814 0.08057598039215687
0 0.8255718954248366 0.2668504901960784 0.049019607843137254 0.09252450980392157
0 0.891952614379085 0.26516544117647056 0.054330065359477125 0.09160539215686274
0 0.036968954248366014 0.2846200980392157 0.07312091503267974 0.10416666666666667
0 0.27512254901960786 0.4189644607843137 0.060866013071895424 0.11366421568627451
0 0.18709150326797386 0.4152879901960784 0.059640522875817 0.1130514705882353
0 0.1301062091503268 0.42233455882352944 0.05269607843137255 0.1014093137254902
0 0.07945261437908496 0.4172794117647059 0.04861111111111111 0.1133578431372549
0 0.031862745098039214 0.41452205882352944 0.041666666666666664 0.11458333333333333
0 0.3349673202614379 0.38128063725490197 0.05310457516339869 0.0818014705882353
0 0.38929738562091504 0.38204656862745096 0.05310457516339869 0.08517156862745098
0 0.4424019607843137 0.3818933823529412 0.05065359477124183 0.08486519607843138
0 0.4944852941176471 0.38265931372549017 0.04861111111111111 0.07965686274509803
0 0.5422794117647058 0.38296568627450983 0.042075163398692814 0.08026960784313726
0 0.6027369281045751 0.38357843137254904 0.05759803921568627 0.08823529411764706
0 0.6625816993464052 0.38128063725490197 0.049019607843137254 0.0818014705882353
0 0.7134395424836601 0.3785232843137255 0.05514705882352941 0.08302696078431372
0 0.7687908496732027 0.37775735294117646 0.05065359477124183 0.08394607843137254
0 0.9142156862745098 0.38097426470588236 0.05392156862745098 0.07628676470588236
0 0.9201388888888888 0.5905330882352942 0.05923202614379085 0.09957107843137254
0 0.8078022875816994 0.48391544117647056 0.039624183006535946 0.078125
0 0.7348856209150327 0.15104166666666666 0.059640522875817 0.09129901960784313
0 0.9820261437908496 0.5958946078431373 0.0392156862745098 0.1053921568627451
0 0.24019607843137256 0.7397365196078431 0.029411764705882353 0.033394607843137254
0 0.36519607843137253 0.7261029411764706 0.07516339869281045 0.11397058823529412
0 0.65625 0.7146139705882353 0.06576797385620915 0.10324754901960784
0 0.733047385620915 0.7176776960784313 0.07802287581699346 0.10447303921568628
0 0.8057598039215687 0.7205882352941176 0.06740196078431372 0.1053921568627451
0 0.8770424836601307 0.7175245098039216 0.06862745098039216 0.1090686274509804
0 0.38112745098039214 0.2737438725490196 0.049019607843137254 0.08915441176470588
0 0.32883986928104575 0.2708333333333333 0.05310457516339869 0.09313725490196079
0 0.2730800653594771 0.28048406862745096 0.051879084967320264 0.1246936274509804
0 0.19526143790849673 0.28722426470588236 0.10294117647058823 0.11182598039215687
0 0.10845588235294118 0.27956495098039214 0.06985294117647059 0.1253063725490196
0 0.9752859477124183 0.1400122549019608 0.0494281045751634 0.1133578431372549
0 0.9142156862745098 0.1410845588235294 0.06944444444444445 0.109375
0 0.6672794117647058 0.17110906862745098 0.027369281045751634 0.05422794117647059
0 0.04779411764705882 0.8832720588235294 0.04084967320261438 0.037377450980392156
0 0.641748366013072 0.17401960784313725 0.02369281045751634 0.05575980392156863
0 0.049223856209150325 0.8472732843137255 0.04125816993464052 0.0352328431372549
0 0.09170751633986927 0.8446691176470589 0.039624183006535946 0.03676470588235294
0 0.5843545751633987 0.7193627450980392 0.07230392156862746 0.1053921568627451
0 0.5202205882352942 0.7158394607843137 0.05269607843137255 0.10324754901960784
0 0.4499591503267974 0.7267156862745098 0.08455882352941177 0.10784313725490197
0 0.4334150326797386 0.8458946078431373 0.07352941176470588 0.10416666666666667
0 0.5067401960784313 0.8483455882352942 0.06740196078431372 0.09497549019607843
0 0.5659722222222222 0.8327205882352942 0.04779411764705882 0.08026960784313726
0 0.630718954248366 0.8477328431372549 0.049836601307189546 0.10784313725490197
0 0.6968954248366013 0.8500306372549019 0.07679738562091504 0.10079656862745098
0 0.7673611111111112 0.8495710784313726 0.060866013071895424 0.10416666666666667
0 0.8304738562091504 0.842984068627451 0.06209150326797386 0.1056985294117647
0 0.9007352941176471 0.8465073529411765 0.07516339869281045 0.10784313725490197
0 0.9709967320261438 0.8471200980392157 0.058823529411764705 0.10416666666666667
0 0.13174019607843138 0.8483455882352942 0.0428921568627451 0.037377450980392156
0 0.16625816993464052 0.8857230392156863 0.041666666666666664 0.03553921568627451
0 0.12683823529411764 0.8855698529411765 0.0363562091503268 0.0352328431372549
0 0.08905228758169935 0.8834252450980392 0.04084967320261438 0.03768382352941176
0 0.610702614379085 0.17049632352941177 0.031862745098039214 0.057904411764705885
0 0.8476307189542484 0.14231004901960784 0.06454248366013073 0.11182598039215687
0 0.5163398692810458 0.15088848039215685 0.041666666666666664 0.0977328431372549
0 0.36642156862745096 0.15732230392156862 0.03104575163398693 0.08915441176470588
0 0.4144199346405229 0.17264093137254902 0.03227124183006536 0.053002450980392156
0 0.46405228758169936 0.17478553921568626 0.061274509803921566 0.018688725490196078
0 0.02022058823529412 0.13878676470588236 0.039624183006535946 0.1170343137254902
0 0.22201797385620914 0.14675245098039216 0.056781045751633986 0.10661764705882353
0 0.06985294117647059 0.14322916666666666 0.056372549019607844 0.10876225490196079
0 0.5663807189542484 0.1481311274509804 0.04861111111111111 0.10692401960784313
0 0.3582516339869281 0.8471200980392157 0.07026143790849673 0.1017156862745098
0 0.286968954248366 0.8632046568627451 0.0690359477124183 0.07199754901960784
0 0.21895424836601307 0.8650428921568627 0.06372549019607843 0.07322303921568628
0 0.28860294117647056 0.7709865196078431 0.06576797385620915 0.08363970588235294
0 0.15992647058823528 0.7734375 0.06413398692810457 0.07689950980392157
0 0.09436274509803921 0.7715992647058824 0.06699346405228758 0.078125
0 0.9497549019607843 0.7189031862745098 0.08006535947712418 0.10202205882352941
0 0.12459150326797386 0.14460784313725492 0.04493464052287582 0.11151960784313726
0 0.16952614379084968 0.15870098039215685 0.04084967320261438 0.0778186274509804
0 0.46568627450980393 0.19286151960784315 0.061274509803921566 0.016237745098039217
0 0.3272058823529412 0.15180759803921567 0.04656862745098039 0.09712009803921569
0 0.27532679738562094 0.15870098039215685 0.0392156862745098 0.0778186274509804
