0 0.44342320261437906 0.5811887254901961 0.046977124183006536 0.10294117647058823
0 0.09456699346405228 0.4918811274509804 0.044526143790849675 0.02420343137254902
0 0.013480392156862746 0.45327818627450983 0.02696078431372549 0.10018382352941177
0 0.051470588235294115 0.4710477941176471 0.02369281045751634 0.06770833333333333
0 0.09354575163398693 0.4417892156862745 0.05065359477124183 0.02389705882352941
0 0.09395424836601307 0.4664522058823529 0.049019607843137254 0.022365196078431373
0 0.1977124183006536 0.4430147058823529 0.05800653594771242 0.11580882352941177
0 0.39419934640522875 0.5819546568627451 0.04330065359477124 0.10876225490196079
0 0.19955065359477125 0.5767463235294118 0.05024509803921569 0.026041666666666668
0 0.1423611111111111 0.45955882352941174 0.04044117647058824 0.08517156862745098
0 0.3029003267973856 0.6003370098039216 0.0298202614379085 0.06893382352941177
0 0.255718954248366 0.6151960784313726 0.04656862745098039 0.03860294117647059
0 0.25388071895424835 0.5739889705882353 0.04534313725490196 0.03952205882352941
0 0.20363562091503268 0.6274509803921569 0.044526143790849675 0.018995098039215685
0 0.20220588235294118 0.6043198529411765 0.04411764705882353 0.019301470588235295
0 0.021037581699346407 0.5975796568627451 0.0363562091503268 0.08241421568627451
0 0.49244281045751637 0.5790441176470589 0.04861111111111111 0.10477941176470588
0 0.3459967320261438 0.5819546568627451 0.04493464052287582 0.10447303921568628
0 0.5447303921568627 0.5799632352941176 0.04861111111111111 0.1090686274509804
0 0.48590686274509803 0.7368259803921569 0.0494281045751634 0.056372549019607844
0 0.6464460784313726 0.5787377450980392 0.044526143790849675 0.09987745098039216
0 0.429125816993464 0.7155330882352942 0.046977124183006536 0.10324754901960784
0 0.37969771241830064 0.7155330882352942 0.046977124183006536 0.10324754901960784
0 0.32822712418300654 0.7147671568627451 0.04616013071895425 0.10416666666666667
0 0.28022875816993464 0.7182904411764706 0.04411764705882353 0.09834558823529412
0 0.23590686274509803 0.727328431372549 0.03799019607843137 0.08639705882352941
0 0.18974673202614378 0.7515318627450981 0.05024509803921569 0.0392156862745098
0 0.3333333333333333 0.47794117647058826 0.051470588235294115 0.04105392156862745
0 0.5406454248366013 0.7141544117647058 0.04616013071895425 0.10477941176470588
0 0.5859885620915033 0.7182904411764706 0.034722222222222224 0.08547794117647059
0 0.6200980392156863 0.7383578431372549 0.028594771241830064 0.05759803921568627
0 0.6529820261437909 0.7313112745098039 0.03227124183006536 0.07107843137254902
0 0.5964052287581699 0.5799632352941176 0.04656862745098039 0.1090686274509804
0 0.7005718954248366 0.7143075980392157 0.04820261437908497 0.10079656862745098
0 0.8171977124183006 0.6946997549019608 0.06004901960784314 0.040747549019607844
0 0.1860702614379085 0.7058823529411765 0.051879084967320264 0.041666666666666664
0 0.12806372549019607 0.7467830882352942 0.051879084967320264 0.053002450980392156
0 0.07209967320261437 0.7189031862745098 0.053513071895424834 0.11243872549019608
0 0.9644607843137255 0.5942095588235294 0.03349673202614379 0.07138480392156862
0 0.9199346405228758 0.5954350490196079 0.04411764705882353 0.06954656862745098
0 0.8705065359477124 0.6138174019607843 0.04738562091503268 0.035845588235294115
0 0.8703022875816994 0.5793504901960784 0.046977124183006536 0.03125
0 0.8161764705882353 0.6147365196078431 0.049019607843137254 0.035845588235294115
0 0.8127042483660131 0.5762867647058824 0.053513071895424834 0.03553921568627451
0 0.7077205882352942 0.5779718137254902 0.05106209150326797 0.10692401960784313
0 0.7508169934640523 0.7095588235294118 0.049019607843137254 0.10416666666666667
0 0.3868464052287582 0.4419424019607843 0.05065359477124183 0.11182598039215687
0 0.027369281045751634 0.9854473039215687 0.05228758169934641 0.030330882352941176
0 0.5616830065359477 0.43903186274509803 0.05065359477124183 0.11213235294117647
0 0.9742647058823529 0.9540441176470589 0.05310457516339869 0.09313725490196079
0 0.9185049019607843 0.9557291666666666 0.0494281045751634 0.09037990196078431
0 0.8731617647058824 0.9615502450980392 0.04125816993464052 0.078125
0 0.8241421568627451 0.9615502450980392 0.05106209150326797 0.078125
0 0.7575571895424836 0.9595588235294118 0.04861111111111111 0.08088235294117647
0 0.7079248366013072 0.9613970588235294 0.0457516339869281 0.0778186274509804
0 0.6595179738562091 0.9549632352941176 0.04534313725490196 0.058823529411764705
0 0.6111111111111112 0.9607843137254902 0.042483660130718956 0.07904411764705882
0 0.5629084967320261 0.9604779411764706 0.0392156862745098 0.08026960784313726
0 0.5153186274509803 0.9647671568627451 0.051879084967320264 0.06801470588235294
0 0.46017156862745096 0.9656862745098039 0.0494281045751634 0.0704656862745098
0 0.40870098039215685 0.9643075980392157 0.04616013071895425 0.04136029411764706
0 0.3506944444444444 0.9715073529411765 0.06004901960784314 0.05821078431372549
0 0.29330065359477125 0.9662990196078431 0.04738562091503268 0.06862745098039216
0 0.24244281045751634 0.9655330882352942 0.039624183006535946 0.06954656862745098
0 0.1983251633986928 0.9863664215686274 0.0363562091503268 0.027879901960784315
0 0.1977124183006536 0.9440870098039216 0.03758169934640523 0.05422794117647059
0 0.5690359477124183 0.33578431372549017 0.05473856209150327 0.037377450980392156
0 0.4440359477124183 0.44255514705882354 0.051470588235294115 0.11488970588235294
0 0.4652777777777778 0.3161764705882353 0.04003267973856209 0.07720588235294118
0 0.34477124183006536 0.30453431372549017 0.06535947712418301 0.10049019607843138
0 0.9577205882352942 0.696078431372549 0.06331699346405228 0.03676470588235294
0 0.8884803921568627 0.7377450980392157 0.06045751633986928 0.041666666666666664
0 0.8876633986928104 0.6931678921568627 0.06209150326797386 0.04136029411764706
0 0.07822712418300654 0.13924632352941177 0.054330065359477125 0.09528186274509803
0 0.14133986928104575 0.13664215686274508 0.05555555555555555 0.10723039215686274
0 0.8145424836601307 0.13373161764705882 0.05718954248366013 0.1014093137254902
0 0.8735702614379085 0.15088848039215685 0.039624183006535946 0.06770833333333333
0 0.920547385620915 0.12990196078431374 0.04534313725490196 0.11948529411764706
0 0.9669117647058824 0.13357843137254902 0.041666666666666664 0.1053921568627451
0 0.4765114379084967 0.16084558823529413 0.07965686274509803 0.01715686274509804
0 0.4805964052287582 0.17830882352941177 0.08455882352941177 0.014093137254901961
0 0.5665849673202614 0.15962009803921567 0.08088235294117647 0.018995098039215685
0 0.5706699346405228 0.18075980392156862 0.08333333333333333 0.016544117647058824
0 0.06576797385620915 0.30974264705882354 0.0661764705882353 0.09620098039215687
0 0.13725490196078433 0.3095894607843137 0.06209150326797386 0.09589460784313726
0 0.1983251633986928 0.31464460784313725 0.053513071895424834 0.09068627450980392
0 0.27185457516339867 0.30484068627450983 0.06413398692810457 0.10049019607843138
0 0.41544117647058826 0.3157169117647059 0.0457516339869281 0.07628676470588236
0 0.10253267973856209 0.9731924019607843 0.04656862745098039 0.0548406862745098
0 0.15298202614379086 0.9730392156862745 0.042075163398692814 0.0545343137254902
0 0.8184232026143791 0.7394301470588235 0.06495098039215687 0.04258578431372549
0 0.6209150326797386 0.3489583333333333 0.03594771241830065 0.010416666666666666
0 0.6633986928104575 0.3466605392156863 0.03349673202614379 0.012561274509803922
0 0.7128267973856209 0.31050857843137253 0.04411764705882353 0.07873774509803921
0 0.7661356209150327 0.28079044117647056 0.054330065359477125 0.04258578431372549
0 0.7659313725490197 0.3268995098039216 0.04820261437908497 0.04105392156862745
0 0.829248366013072 0.31357230392156865 0.061274509803921566 0.06770833333333333
0 0.8774509803921569 0.31862745098039214 0.02696078431372549 0.056372549019607844
0 0.6973039215686274 0.8538602941176471 0.03839869281045752 0.0778186274509804
0 0.9074754901960784 0.3166360294117647 0.027369281045751634 0.0585171568627451
0 0.9783496732026143 0.2997855392156863 0.03022875816993464 0.0934436274509804
0 0.8860294117647058 0.45909926470588236 0.05555555555555555 0.06096813725490196
0 0.8801062091503268 0.3961397058823529 0.03799019607843137 0.05392156862745098
0 0.8151552287581699 0.44546568627450983 0.05024509803921569 0.09497549019607843
0 0.7581699346405228 0.44806985294117646 0.049836601307189546 0.09589460784313726
0 0.6875 0.44745710784313725 0.04738562091503268 0.09037990196078431
0 0.6166258169934641 0.4485294117647059 0.042075163398692814 0.09068627450980392
0 0.9434232026143791 0.3085171568627451 0.034722222222222224 0.07475490196078431
0 0.9581290849673203 0.7382046568627451 0.05841503267973856 0.03829656862745098
0 0.5157271241830066 0.31234681372549017 0.04125816993464052 0.08241421568627451
0 0.2252859477124183 0.8831188725490197 0.039624183006535946 0.027879901960784315
0 0.3764297385620915 0.8484987745098039 0.04616013071895425 0.10324754901960784
0 0.31842320261437906 0.8468137254901961 0.05514705882352941 0.10232843137254902
0 0.2681781045751634 0.8558517156862745 0.039624183006535946 0.0818014705882353
0 0.5187908496732027 0.8488051470588235 0.0392156862745098 0.08670343137254902
0 0.22589869281045752 0.8514093137254902 0.03758169934640523 0.032475490196078434
0 0.17647058823529413 0.8520220588235294 0.04656862745098039 0.09313725490196079
0 0.429125816993464 0.8538602941176471 0.03799019607843137 0.08026960784313726
0 0.09967320261437909 0.8501838235294118 0.049019607843137254 0.09191176470588236
0 0.9781454248366013 0.8377757352941176 0.044526143790849675 0.09466911764705882
0 0.9180964052287581 0.8368566176470589 0.04861111111111111 0.09528186274509803
0 0.5657679738562091 0.8691789215686274 0.04820261437908497 0.04656862745098039
0 0.6182598039215687 0.8446691176470589 0.039624183006535946 0.08700980392156862
0 0.6587009803921569 0.8534007352941176 0.0298202614379085 0.07506127450980392
0 0.8508986928104575 0.8322610294117647 0.05392156862745098 0.10263480392156862
0 0.039624183006535946 0.8488051470588235 0.042483660130718956 0.09528186274509803
0 0.47344771241830064 0.8443627450980392 0.041666666666666664 0.0974264705882353
