0 0.6447916666666667 0.1951171875 0.0875 0.074609375
0 0.3971354166666667 0.426953125 0.07447916666666667 0.0671875
0 0.5869791666666667 0.6146484375 0.029166666666666667 0.055859375
0 0.55390625 0.6138671875 0.033854166666666664 0.057421875
0 0.521875 0.6140625 0.030208333333333334 0.059375
0 0.49114583333333334 0.6146484375 0.03229166666666667 0.058984375
0 0.45989583333333334 0.6150390625 0.028125 0.059765625
0 0.43046875 0.6154296875 0.0296875 0.060546875
0 0.4 0.620703125 0.029166666666666667 0.05625
0 0.36953125 0.62109375 0.0328125 0.05546875
0 0.33541666666666664 0.6177734375 0.028125 0.062109375
0 0.3026041666666667 0.6177734375 0.03333333333333333 0.060546875
0 0.2682291666666667 0.6208984375 0.03125 0.055859375
0 0.23671875 0.61796875 0.03177083333333333 0.0609375
0 0.19765625 0.630859375 0.04010416666666667 0.05
0 0.15234375 0.630859375 0.0484375 0.0484375
0 0.97265625 0.5166015625 0.05572916666666667 0.060546875
0 0.9197916666666667 0.5169921875 0.04895833333333333 0.058203125
0 0.871875 0.5189453125 0.04895833333333333 0.060546875
0 0.8223958333333333 0.518359375 0.04895833333333333 0.0609375
0 0.7557291666666667 0.532421875 0.07395833333333333 0.0359375
0 0.7583333333333333 0.4974609375 0.071875 0.035546875
0 0.6981770833333333 0.516796875 0.04114583333333333 0.065625
0 0.66015625 0.52109375 0.034895833333333334 0.0609375
0 0.6268229166666667 0.523828125 0.03177083333333333 0.05703125
0 0.5947916666666667 0.5251953125 0.03229166666666667 0.059765625
0 0.5549479166666667 0.5259765625 0.0453125 0.058984375
0 0.61640625 0.61328125 0.030729166666666665 0.05390625
0 0.6479166666666667 0.613671875 0.03125 0.0546875
0 0.6940104166666666 0.5943359375 0.05677083333333333 0.026953125
0 0.6921875 0.6244140625 0.06041666666666667 0.030859375
0 0.978125 0.6828125 0.04375 0.0703125
0 0.85859375 0.6884765625 0.08697916666666666 0.079296875
0 0.7799479166666666 0.6990234375 0.04114583333333333 0.081640625
0 0.7388020833333333 0.7009765625 0.0421875 0.080078125
0 0.696875 0.703515625 0.041666666666666664 0.07578125
0 0.6578125 0.7041015625 0.036458333333333336 0.076171875
0 0.62421875 0.70546875 0.030729166666666665 0.07265625
0 0.5875 0.7275390625 0.03333333333333333 0.035546875
0 0.5890625 0.6876953125 0.03333333333333333 0.044140625
0 0.5205729166666667 0.73125 0.0296875 0.02578125
0 0.5197916666666667 0.7064453125 0.029166666666666667 0.024609375
0 0.4856770833333333 0.6951171875 0.0390625 0.033984375
0 0.5174479166666667 0.5275390625 0.030729166666666665 0.059765625
0 0.4859375 0.728515625 0.03854166666666667 0.034375
0 0.40078125 0.716796875 0.05677083333333333 0.05859375
0 0.35104166666666664 0.7240234375 0.040625 0.058203125
0 0.31536458333333334 0.726953125 0.0328125 0.05859375
0 0.2859375 0.7271484375 0.025 0.056640625
0 0.2559895833333333 0.7267578125 0.0328125 0.058203125
0 0.22161458333333334 0.7361328125 0.03697916666666667 0.045703125
0 0.18671875 0.7326171875 0.034895833333333334 0.052734375
0 0.15364583333333334 0.7314453125 0.03125 0.057421875
0 0.97109375 0.599609375 0.0296875 0.0625
0 0.9315104166666667 0.6080078125 0.04635416666666667 0.055078125
0 0.8833333333333333 0.60859375 0.05 0.0515625
0 0.75546875 0.61875 0.0671875 0.03828125
0 0.4473958333333333 0.71171875 0.0375 0.06875
0 0.484375 0.5279296875 0.035416666666666666 0.060546875
0 0.4518229166666667 0.527734375 0.030729166666666665 0.06171875
0 0.41770833333333335 0.5279296875 0.036458333333333336 0.062890625
0 0.26640625 0.3244140625 0.04010416666666667 0.063671875
0 0.23098958333333333 0.3259765625 0.030729166666666665 0.067578125
0 0.19375 0.3267578125 0.04583333333333333 0.066015625
0 0.15234375 0.3294921875 0.0359375 0.062890625
0 0.1109375 0.33125 0.04583333333333333 0.0578125
0 0.95703125 0.190234375 0.059895833333333336 0.06875
0 0.9028645833333333 0.19140625 0.050520833333333334 0.0703125
0 0.8315104166666667 0.1916015625 0.09010416666666667 0.069140625
0 0.546875 0.198828125 0.05416666666666667 0.06171875
0 0.4484375 0.1978515625 0.05 0.066796875
0 0.3963541666666667 0.1986328125 0.051041666666666666 0.067578125
0 0.3463541666666667 0.2 0.052083333333333336 0.06484375
0 0.30416666666666664 0.3232421875 0.03229166666666667 0.066015625
0 0.30104166666666665 0.203515625 0.03958333333333333 0.0609375
0 0.728125 0.3080078125 0.06875 0.076171875
0 0.8005208333333333 0.3072265625 0.07604166666666666 0.078515625
0 0.24479166666666666 0.2078125 0.07395833333333333 0.05078125
0 0.17421875 0.21015625 0.0671875 0.0546875
0 0.11484375 0.1984375 0.050520833333333334 0.078125
0 0.88828125 0.3251953125 0.08177083333333333 0.036328125
0 0.9645833333333333 0.30546875 0.071875 0.075
0 0.9044270833333333 0.0837890625 0.05677083333333333 0.078515625
0 0.96640625 0.1064453125 0.06822916666666666 0.033984375
0 0.15416666666666667 0.4271484375 0.1 0.065234375
0 0.24973958333333332 0.4255859375 0.09010416666666667 0.067578125
0 0.32786458333333335 0.4259765625 0.0609375 0.067578125
0 0.6690104166666667 0.282421875 0.05260416666666667 0.0296875
0 0.45026041666666666 0.43125 0.033854166666666664 0.0515625
0 0.3372395833333333 0.322265625 0.034895833333333334 0.0640625
0 0.415625 0.3150390625 0.051041666666666666 0.025390625
0 0.36953125 0.5419921875 0.059895833333333336 0.038671875
0 0.36875 0.5052734375 0.0625 0.034765625
0 0.30104166666666665 0.5423828125 0.06979166666666667 0.037109375
0 0.29765625 0.5080078125 0.07760416666666667 0.032421875
0 0.24166666666666667 0.534765625 0.029166666666666667 0.0625
0 0.20755208333333333 0.53515625 0.03697916666666667 0.06328125
0 0.17291666666666666 0.5345703125 0.03229166666666667 0.061328125
0 0.13515625 0.533984375 0.04010416666666667 0.0609375
0 0.9440104166666666 0.4095703125 0.05572916666666667 0.066015625
0 0.8841145833333334 0.41015625 0.0640625 0.06484375
0 0.8216145833333334 0.410546875 0.0609375 0.06640625
0 0.7653645833333333 0.412890625 0.05364583333333333 0.06328125
0 0.371875 0.321875 0.034375 0.06640625
0 0.6596354166666667 0.41640625 0.033854166666666664 0.065625
0 0.58828125 0.4205078125 0.034895833333333334 0.066796875
0 0.5518229166666667 0.424609375 0.0359375 0.059375
0 0.5171875 0.4220703125 0.03333333333333333 0.064453125
0 0.4830729166666667 0.423828125 0.0328125 0.065625
0 0.6682291666666667 0.3103515625 0.051041666666666666 0.026953125
0 0.66640625 0.33828125 0.05364583333333333 0.028125
0 0.6231770833333333 0.3162109375 0.034895833333333334 0.071484375
0 0.58828125 0.31796875 0.0359375 0.06875
0 0.55234375 0.3181640625 0.03697916666666667 0.068359375
0 0.5096354166666667 0.3154296875 0.0484375 0.026171875
0 0.46432291666666664 0.325390625 0.043229166666666666 0.0609375
0 0.4166666666666667 0.3412109375 0.04895833333333333 0.027734375
0 0.6239583333333333 0.418359375 0.036458333333333336 0.06953125
0 0.51015625 0.3421875 0.0484375 0.028125
