0 0.8238357843137255 0.4497549019607843 0.06066176470588235 0.06781045751633986
0 0.694546568627451 0.7775735294117647 0.03125 0.09681372549019608
0 0.26056985294117646 0.6501225490196079 0.04381127450980392 0.0821078431372549
0 0.3043811274509804 0.6488970588235294 0.04013480392156863 0.08047385620915033
0 0.3489583333333333 0.6472630718954249 0.04411764705882353 0.08129084967320262
0 0.5217524509803921 0.6482843137254902 0.04350490196078431 0.0857843137254902
0 0.5651041666666666 0.6497140522875817 0.03400735294117647 0.0763888888888889
0 0.6078431372549019 0.6486928104575164 0.04350490196078431 0.08006535947712418
0 0.6504289215686274 0.6480800653594772 0.0392156862745098 0.07393790849673203
0 0.6966911764705882 0.6495098039215687 0.04044117647058824 0.06944444444444445
0 0.7408088235294118 0.6446078431372549 0.0392156862745098 0.06862745098039216
0 0.7821691176470589 0.6695261437908496 0.03676470588235294 0.08496732026143791
0 0.8279718137254902 0.6727941176470589 0.045649509803921566 0.06699346405228758
0 0.8892463235294118 0.6617647058823529 0.046875 0.09395424836601307
0 0.9365808823529411 0.6629901960784313 0.04718137254901961 0.09313725490196079
0 0.9806985294117647 0.6652369281045751 0.034926470588235295 0.07965686274509803
0 0.035845588235294115 0.7710375816993464 0.07169117647058823 0.07393790849673203
0 0.10355392156862746 0.766952614379085 0.041666666666666664 0.07148692810457516
0 0.15900735294117646 0.764297385620915 0.056372549019607844 0.08496732026143791
0 0.20848651960784315 0.6462418300653595 0.036458333333333336 0.1119281045751634
0 0.21675857843137256 0.7679738562091504 0.048100490196078434 0.08006535947712418
0 0.16605392156862744 0.6431781045751634 0.04105392156862745 0.10825163398692811
0 0.0703125 0.6401143790849673 0.05606617647058824 0.11437908496732026
0 0.6187193627450981 0.5437091503267973 0.06096813725490196 0.059640522875817
0 0.6887254901960784 0.40318627450980393 0.058823529411764705 0.10947712418300654
0 0.7550551470588235 0.39869281045751637 0.06770833333333333 0.10620915032679738
0 0.6873468137254902 0.5236928104575164 0.0628063725490196 0.09967320261437909
0 0.7526041666666666 0.519812091503268 0.057904411764705885 0.10988562091503268
0 0.821078431372549 0.5328839869281046 0.05943627450980392 0.08129084967320262
0 0.8276654411764706 0.3660130718954248 0.06158088235294118 0.07761437908496732
0 0.9004289215686274 0.36887254901960786 0.06678921568627451 0.07679738562091504
0 0.8935355392156863 0.45036764705882354 0.06219362745098039 0.0690359477124183
0 0.8887867647058824 0.5383986928104575 0.05943627450980392 0.07107843137254902
0 0.9669117647058824 0.514297385620915 0.06678921568627451 0.1053921568627451
0 0.9705882352941176 0.3903186274509804 0.05821078431372549 0.11968954248366014
0 0.011182598039215686 0.505718954248366 0.022365196078431373 0.11274509803921569
0 0.054074754901960786 0.4918300653594771 0.04871323529411765 0.13562091503267973
0 0.11075367647058823 0.5065359477124183 0.05177696078431373 0.11437908496732026
0 0.1712622549019608 0.49816176470588236 0.05821078431372549 0.12622549019607843
0 0.01838235294117647 0.6480800653594772 0.03676470588235294 0.10008169934640523
0 0.1208639705882353 0.6495098039215687 0.0352328431372549 0.10049019607843138
0 0.6150428921568627 0.46282679738562094 0.0628063725490196 0.06290849673202614
0 0.2647058823529412 0.7659313725490197 0.03615196078431373 0.10457516339869281
0 0.3356311274509804 0.7675653594771242 0.035845588235294115 0.10375816993464053
0 0.2532169117647059 0.9095179738562091 0.03155637254901961 0.12622549019607843
0 0.28829656862745096 0.9099264705882353 0.03308823529411765 0.12295751633986927
0 0.35784313725490197 0.9084967320261438 0.027573529411764705 0.11683006535947713
0 0.3941482843137255 0.9060457516339869 0.03400735294117647 0.11437908496732026
0 0.42892156862745096 0.9058415032679739 0.031862745098039214 0.11151960784313726
0 0.46400122549019607 0.9082924836601307 0.029105392156862746 0.11315359477124183
0 0.49846813725490197 0.9107434640522876 0.03125 0.10580065359477124
0 0.5314031862745098 0.9031862745098039 0.026041666666666668 0.12663398692810457
0 0.5647977941176471 0.9052287581699346 0.02849264705882353 0.12254901960784313
0 0.6001838235294118 0.9050245098039216 0.03308823529411765 0.12295751633986927
0 0.6959252450980392 0.8674428104575164 0.06587009803921569 0.05923202614379085
0 0.6969975490196079 0.9379084967320261 0.06372549019607843 0.059640522875817
0 0.7601102941176471 0.9321895424836601 0.03370098039215686 0.0784313725490196
0 0.8059129901960784 0.9221813725490197 0.04993872549019608 0.10089869281045752
0 0.8535539215686274 0.9203431372549019 0.041666666666666664 0.09477124183006536
0 0.905484068627451 0.928921568627451 0.04258578431372549 0.10212418300653595
0 0.9808517156862745 0.9274918300653595 0.03768382352941176 0.10580065359477124
0 0.21599264705882354 0.9052287581699346 0.03982843137254902 0.12826797385620914
0 0.29932598039215685 0.7689950980392157 0.025122549019607844 0.10089869281045752
0 0.16865808823529413 0.8999183006535948 0.048100490196078434 0.12336601307189543
0 0.06678921568627451 0.8944035947712419 0.05759803921568627 0.12214052287581699
0 0.38327205882352944 0.7716503267973857 0.028186274509803922 0.09967320261437909
0 0.41651348039215685 0.7732843137254902 0.030330882352941176 0.10212418300653595
0 0.44776348039215685 0.7708333333333334 0.02849264705882353 0.10702614379084967
0 0.4808517156862745 0.7718545751633987 0.030330882352941176 0.1017156862745098
0 0.5110294117647058 0.7724673202614379 0.026348039215686275 0.0988562091503268
0 0.5465686274509803 0.7702205882352942 0.03799019607843137 0.0959967320261438
0 0.5894607843137255 0.7710375816993464 0.04595588235294118 0.09844771241830065
0 0.6262254901960784 0.7806372549019608 0.025122549019607844 0.07761437908496732
0 0.6557904411764706 0.7837009803921569 0.03155637254901961 0.08129084967320262
0 0.7287071078431373 0.7738970588235294 0.0352328431372549 0.09436274509803921
0 0.7754289215686274 0.7908496732026143 0.04411764705882353 0.10457516339869281
0 0.819546568627451 0.7945261437908496 0.03799019607843137 0.08986928104575163
0 0.8596813725490197 0.7969771241830066 0.03799019607843137 0.09558823529411764
0 0.9013480392156863 0.7953431372549019 0.03676470588235294 0.09395424836601307
0 0.9439338235294118 0.7933006535947712 0.041666666666666664 0.08823529411764706
0 0.9837622549019608 0.7935049019607843 0.031862745098039214 0.09191176470588236
0 0.017003676470588234 0.8935866013071896 0.03400735294117647 0.12377450980392157
0 0.12009803921568628 0.8980800653594772 0.04534313725490196 0.12377450980392157
0 0.5459558823529411 0.5357434640522876 0.061887254901960786 0.068218954248366
0 0.3244485294117647 0.9121732026143791 0.03431372549019608 0.12336601307189543
0 0.7873774509803921 0.2295751633986928 0.06311274509803921 0.08006535947712418
0 0.9387254901960784 0.22406045751633988 0.07475490196078431 0.07230392156862746
0 0.7207414215686274 0.136437908496732 0.0628063725490196 0.08333333333333333
0 0.7912071078431373 0.13031045751633988 0.0664828431372549 0.07679738562091504
0 0.8584558823529411 0.12418300653594772 0.056372549019607844 0.07434640522875817
0 0.9434742647058824 0.1156045751633987 0.07751225490196079 0.09640522875816994
0 0.5450367647058824 0.45016339869281047 0.06004901960784314 0.07434640522875817
0 0.5562193627450981 0.349468954248366 0.06403186274509803 0.09027777777777778
0 0.48330269607843135 0.352124183006536 0.05606617647058824 0.07761437908496732
0 0.860140931372549 0.22589869281045752 0.05974264705882353 0.07598039215686274
0 0.48299632352941174 0.4338235294117647 0.04381127450980392 0.0727124183006536
0 0.3385416666666667 0.5208333333333334 0.06678921568627451 0.11764705882352941
0 0.018535539215686275 0.346609477124183 0.03707107843137255 0.10580065359477124
0 0.0548406862745098 0.3449754901960784 0.017769607843137254 0.09272875816993464
0 0.1135110294117647 0.33986928104575165 0.08486519607843138 0.11437908496732026
0 0.19745710784313725 0.34620098039215685 0.04197303921568627 0.11151960784313726
0 0.2565870098039216 0.3852124183006536 0.05912990196078431 0.12826797385620914
0 0.33318014705882354 0.380718954248366 0.07261029411764706 0.14052287581699346
0 0.4106924019607843 0.4464869281045752 0.06464460784313726 0.08251633986928104
0 0.4765625 0.5308415032679739 0.06341911764705882 0.08292483660130719
0 0.41360294117647056 0.5349264705882353 0.056372549019607844 0.06985294117647059
0 0.26348039215686275 0.5208333333333334 0.0704656862745098 0.11519607843137254
0 0.6423100490196079 0.2312091503267974 0.0664828431372549 0.08333333333333333
0 0.6449142156862745 0.13500816993464052 0.06066176470588235 0.08619281045751634
0 0.031862745098039214 0.18035130718954248 0.04534313725490196 0.10089869281045752
0 0.08379289215686274 0.18423202614379086 0.04136029411764706 0.08986928104575163
0 0.1400122549019608 0.15951797385620914 0.06004901960784314 0.13929738562091504
0 0.20235906862745098 0.16850490196078433 0.03768382352941176 0.11233660130718955
0 0.07153799019607843 0.10661764705882353 0.05361519607843137 0.03594771241830065
0 0.7173713235294118 0.22875816993464052 0.06341911764705882 0.08415032679738563
0 0.33026960784313725 0.1409313725490196 0.06862745098039216 0.0923202614379085
0 0.2601102941176471 0.14052287581699346 0.05698529411764706 0.08251633986928104
0 0.48452818627450983 0.13848039215686275 0.06096813725490196 0.08741830065359477
0 0.5672487745098039 0.13766339869281047 0.0701593137254902 0.0857843137254902
0 0.2614889705882353 0.23447712418300654 0.06403186274509803 0.07761437908496732
0 0.3356311274509804 0.23733660130718953 0.0701593137254902 0.08006535947712418
0 0.40701593137254904 0.23958333333333334 0.0664828431372549 0.08129084967320262
0 0.4817708333333333 0.23488562091503268 0.0664828431372549 0.07516339869281045
0 0.5664828431372549 0.23223039215686275 0.06862745098039216 0.07883986928104575
0 0.40548406862745096 0.1403186274509804 0.06770833333333333 0.09109477124183006
