0 0.688034188034188 0.6110576923076924 0.08034188034188035 0.03990384615384615
0 0.8423076923076923 0.6079326923076923 0.0735042735042735 0.04326923076923077
0 0.7668803418803419 0.609375 0.07564102564102564 0.041346153846153845
0 0.6948717948717948 0.6604567307692307 0.0811965811965812 0.020913461538461537
0 0.6957264957264957 0.6408653846153847 0.07863247863247863 0.017788461538461538
0 0.6134615384615385 0.6653846153846154 0.07735042735042735 0.019230769230769232
0 0.6126068376068377 0.6445913461538462 0.0782051282051282 0.02283653846153846
0 0.6121794871794872 0.6117788461538461 0.06880341880341881 0.03173076923076923
0 0.3811965811965812 0.6616586538461539 0.06923076923076923 0.042548076923076925
0 0.5371794871794872 0.6587740384615385 0.07264957264957266 0.02956730769230769
0 0.5316239316239316 0.6201923076923077 0.07008547008547009 0.04278846153846154
0 0.4596153846153846 0.621875 0.07051282051282051 0.032692307692307694
0 0.6572649572649573 0.7697115384615385 0.07008547008547009 0.021634615384615384
0 0.5743589743589743 0.7788461538461539 0.0829059829059829 0.025
0 0.4905982905982906 0.7795673076923076 0.08205128205128205 0.02451923076923077
0 0.7141025641025641 0.7122596153846154 0.05982905982905983 0.055288461538461536
0 0.46474358974358976 0.6551682692307692 0.07222222222222222 0.03485576923076923
0 0.6373931623931623 0.7141826923076923 0.09358974358974359 0.051923076923076926
0 0.7341880341880341 0.770673076923077 0.07863247863247863 0.01971153846153846
0 0.7346153846153847 0.7515625 0.07863247863247863 0.019471153846153846
0 0.2014957264957265 0.7424278846153847 0.1517094017094017 0.048317307692307694
0 0.22756410256410256 0.7848557692307693 0.0858974358974359 0.0375
0 0.14188034188034188 0.7860576923076923 0.08717948717948718 0.03701923076923077
0 0.305982905982906 0.7650240384615384 0.05384615384615385 0.06706730769230769
0 0.6523504273504274 0.7493990384615384 0.08504273504273505 0.01658653846153846
0 0.8147435897435897 0.7635817307692307 0.07735042735042735 0.03293269230769231
0 0.8944444444444445 0.7616586538461538 0.07948717948717948 0.03774038461538461
0 0.1452991452991453 0.6230769230769231 0.0735042735042735 0.035096153846153846
0 0.144017094017094 0.6506009615384616 0.07435897435897436 0.015625
0 0.13504273504273503 0.676923076923077 0.07863247863247863 0.03028846153846154
0 0.21752136752136753 0.68125 0.08974358974358974 0.021153846153846155
0 0.21923076923076923 0.6634615384615384 0.08632478632478632 0.013461538461538462
0 0.21923076923076923 0.6397836538461539 0.07606837606837606 0.031971153846153844
0 0.2205128205128205 0.6146634615384615 0.07521367521367521 0.017788461538461538
0 0.3014957264957265 0.6240384615384615 0.08247863247863248 0.03942307692307692
0 0.30491452991452994 0.6631009615384615 0.0764957264957265 0.03822115384615385
0 0.3811965811965812 0.6237980769230769 0.07179487179487179 0.03173076923076923
0 0.3623931623931624 0.7793269230769231 0.05982905982905983 0.038461538461538464
0 0.40512820512820513 0.7479567307692307 0.02564102564102564 0.024278846153846154
0 0.3623931623931624 0.7455528846153846 0.05555555555555555 0.025721153846153845
0 0.42115384615384616 0.778125 0.049145299145299144 0.03365384615384615
0 0.4888888888888889 0.7368990384615385 0.07435897435897436 0.054086538461538464
0 0.561965811965812 0.7349759615384616 0.07094017094017094 0.057451923076923074
0 0.8538461538461538 0.6474759615384615 0.07435897435897436 0.03822115384615385
0 0.7762820512820513 0.6493990384615385 0.07991452991452991 0.034375
0 0.5021367521367521 0.5556490384615385 0.08803418803418804 0.042067307692307696
0 0.9839743589743589 0.6450721153846154 0.03632478632478633 0.031009615384615385
0 0.6709401709401709 0.43737980769230766 0.04358974358974359 0.06899038461538462
0 0.7128205128205128 0.4342548076923077 0.041025641025641026 0.0641826923076923
0 0.7568376068376068 0.43737980769230766 0.04700854700854701 0.059375
0 0.8333333333333334 0.44963942307692306 0.05128205128205128 0.02860576923076923
0 0.8341880341880342 0.41971153846153847 0.04957264957264957 0.028846153846153848
0 0.8760683760683761 0.44314903846153847 0.02564102564102564 0.04399038461538462
0 0.9012820512820513 0.4417067307692308 0.026495726495726495 0.04639423076923077
0 0.9856837606837607 0.4467548076923077 0.031196581196581197 0.065625
0 0.941025641025641 0.4481971153846154 0.05726495726495726 0.0641826923076923
0 0.879059829059829 0.5354567307692307 0.044444444444444446 0.05889423076923077
0 0.8324786324786325 0.5405048076923077 0.041025641025641026 0.056971153846153845
0 0.6258547008547009 0.4359375 0.04401709401709402 0.07043269230769231
0 0.7769230769230769 0.5409855769230769 0.040170940170940174 0.053125
0 0.6794871794871795 0.5491586538461538 0.08632478632478632 0.045432692307692306
0 0.6675213675213675 0.5098557692307693 0.08632478632478632 0.03413461538461538
0 0.5908119658119658 0.5568509615384616 0.0858974358974359 0.031971153846153844
0 0.5846153846153846 0.5278846153846154 0.06324786324786325 0.02451923076923077
0 0.5769230769230769 0.5040865384615385 0.062393162393162394 0.017788461538461538
0 0.4982905982905983 0.5161057692307692 0.09487179487179487 0.0375
0 0.24764957264957266 0.1373798076923077 0.047435897435897434 0.0733173076923077
0 0.39316239316239315 0.5561298076923077 0.1 0.04014423076923077
0 0.2267094017094017 0.5626201923076923 0.09102564102564102 0.03870192307692308
0 0.20341880341880342 0.13689903846153847 0.044444444444444446 0.07379807692307692
0 0.15555555555555556 0.13762019230769232 0.05128205128205128 0.06899038461538462
0 0.7350427350427351 0.5366586538461539 0.037606837606837605 0.05889423076923077
0 0.55 0.4419471153846154 0.038461538461538464 0.05889423076923077
0 0.5098290598290598 0.4421875 0.04188034188034188 0.06033653846153846
0 0.4467948717948718 0.4283653846153846 0.08247863247863248 0.03413461538461538
0 0.8495726495726496 0.1313701923076923 0.04957264957264957 0.07283653846153847
0 0.7955128205128205 0.13377403846153846 0.055982905982905985 0.06850961538461539
0 0.6057692307692307 0.15252403846153847 0.06025641025641026 0.04110576923076923
0 0.5495726495726496 0.1373798076923077 0.037606837606837605 0.06802884615384615
0 0.5034188034188034 0.1388221153846154 0.05213675213675214 0.0641826923076923
0 0.44465811965811963 0.24627403846153847 0.03632478632478633 0.08533653846153846
0 0.4017094017094017 0.2465144230769231 0.04871794871794872 0.08533653846153846
0 0.3123931623931624 0.2549278846153846 0.04957264957264957 0.07043269230769231
0 0.46452991452991454 0.1421875 0.021367521367521368 0.06081730769230769
0 0.43183760683760686 0.1388221153846154 0.04487179487179487 0.06658653846153846
0 0.38846153846153847 0.13545673076923076 0.039316239316239315 0.06947115384615385
0 0.34102564102564104 0.13473557692307692 0.05555555555555555 0.07043269230769231
0 0.2935897435897436 0.13689903846153847 0.04188034188034188 0.07379807692307692
0 0.2587606837606838 0.25685096153846154 0.05683760683760684 0.06514423076923077
0 0.20897435897435898 0.2563701923076923 0.042735042735042736 0.06274038461538461
0 0.16282051282051282 0.2549278846153846 0.04871794871794872 0.06370192307692307
0 0.5916666666666667 0.34891826923076924 0.11324786324786325 0.03341346153846154
0 0.480982905982906 0.3484375 0.09615384615384616 0.03485576923076923
0 0.10021367521367522 0.46165865384615384 0.1064102564102564 0.03581730769230769
0 0.09978632478632479 0.4221153846153846 0.10726495726495726 0.04326923076923077
0 0.19914529914529913 0.41586538461538464 0.09572649572649573 0.05336538461538461
0 0.20726495726495728 0.45877403846153847 0.11452991452991453 0.034375
0 0.3606837606837607 0.45877403846153847 0.09316239316239316 0.039663461538461536
0 0.3572649572649573 0.4233173076923077 0.09658119658119659 0.028846153846153848
0 0.44764957264957267 0.4621394230769231 0.07222222222222222 0.02956730769230769
0 0.9495726495726495 0.24867788461538462 0.05299145299145299 0.06802884615384615
0 0.9017094017094017 0.13209134615384616 0.05128205128205128 0.07235576923076924
0 0.9694444444444444 0.6074519230769231 0.04145299145299145 0.020673076923076922
0 0.8388888888888889 0.2645432692307692 0.05726495726495726 0.030048076923076924
0 0.7822649572649573 0.23485576923076923 0.050854700854700854 0.028365384615384615
0 0.8935897435897436 0.26021634615384615 0.04786324786324787 0.026201923076923078
0 0.7367521367521368 0.2530048076923077 0.03675213675213675 0.05985576923076923
0 0.4841880341880342 0.2455528846153846 0.04358974358974359 0.08341346153846153
0 0.5277777777777778 0.2436298076923077 0.041025641025641026 0.08341346153846153
0 0.6211538461538462 0.25564903846153847 0.04401709401709402 0.06274038461538461
0 0.6628205128205128 0.25396634615384617 0.038461538461538464 0.06274038461538461
0 0.7 0.2530048076923077 0.035897435897435895 0.05985576923076923
0 0.8367521367521368 0.23317307692307693 0.05811965811965812 0.02980769230769231
0 0.7826923076923077 0.2645432692307692 0.05 0.030048076923076924
0 0.12884615384615383 0.5667067307692307 0.10042735042735043 0.039663461538461536
0 0.12628205128205128 0.5274038461538462 0.10299145299145299 0.03798076923076923
0 0.9557692307692308 0.5467548076923077 0.05683760683760684 0.031009615384615385
