0 0.36213235294117646 0.4618566176470588 0.14501633986928106 0.02420343137254902
0 0.8370098039215687 0.48238357843137253 0.15931372549019607 0.024816176470588234
0 0.6678921568627451 0.47824754901960786 0.1707516339869281 0.028799019607843136
0 0.1940359477124183 0.6890318627450981 0.0196078431372549 0.1170343137254902
0 0.5079656862745098 0.45618872549019607 0.14419934640522875 0.024509803921568627
0 0.5083741830065359 0.48360906862745096 0.1474673202614379 0.0272671568627451
0 0.3627450980392157 0.4872855392156863 0.13970588235294118 0.02297794117647059
0 0.5098039215686274 0.5033700980392157 0.1503267973856209 0.010416666666666666
0 0.9814133986928104 0.46568627450980393 0.0363562091503268 0.11213235294117647
0 0.25020424836601307 0.6887254901960784 0.015931372549019607 0.11151960784313726
0 0.23080065359477125 0.6879595588235294 0.02042483660130719 0.10998774509803921
0 0.8347630718954249 0.4563419117647059 0.15808823529411764 0.024816176470588234
0 0.17422385620915032 0.6891850490196079 0.017565359477124183 0.11243872549019608
0 0.6717728758169934 0.5006127450980392 0.17197712418300654 0.014093137254901961
0 0.9295343137254902 0.6340379901960784 0.11151960784313726 0.01685049019607843
0 0.7399918300653595 0.7604166666666666 0.17933006535947713 0.028799019607843136
0 0.9270833333333334 0.5940563725490197 0.11315359477124183 0.01715686274509804
0 0.5390114379084967 0.6482843137254902 0.17769607843137256 0.016544117647058824
0 0.5363562091503268 0.6227022058823529 0.17892156862745098 0.029105392156862746
0 0.37479575163398693 0.6325061274509803 0.1417483660130719 0.02297794117647059
0 0.3627450980392157 0.6053921568627451 0.14297385620915032 0.023284313725490197
0 0.9129901960784313 0.7853860294117647 0.16013071895424835 0.01011029411764706
0 0.9123774509803921 0.7659313725490197 0.15890522875816993 0.026348039215686275
0 0.9315767973856209 0.6145833333333334 0.1156045751633987 0.017769607843137254
0 0.9213643790849673 0.7395833333333334 0.15808823529411764 0.022058823529411766
0 0.741421568627451 0.7827818627450981 0.17973856209150327 0.014093137254901961
0 0.13929738562091504 0.6899509803921569 0.01715686274509804 0.11397058823529412
0 0.6979166666666666 0.6263786764705882 0.13929738562091504 0.024816176470588234
0 0.6985294117647058 0.6467524509803921 0.1380718954248366 0.011029411764705883
0 0.8196486928104575 0.6200980392156863 0.09681372549019608 0.0545343137254902
0 0.9248366013071896 0.5741421568627451 0.1119281045751634 0.01715686274509804
0 0.6907679738562091 0.5689338235294118 0.1315359477124183 0.025735294117647058
0 0.11764705882352941 0.6913296568627451 0.021241830065359478 0.11488970588235294
0 0.7679738562091504 0.30361519607843135 0.13480392156862744 0.018995098039215685
0 0.049836601307189546 0.7204350490196079 0.02696078431372549 0.10692401960784313
0 0.49264705882352944 0.025888480392156864 0.1380718954248366 0.030330882352941176
0 0.349468954248366 0.05912990196078431 0.14501633986928106 0.028799019607843136
0 0.3472222222222222 0.028952205882352942 0.14624183006535948 0.02849264705882353
0 0.7794117647058824 0.059283088235294115 0.16094771241830066 0.02665441176470588
0 0.7832924836601307 0.032935049019607844 0.1621732026143791 0.02542892156862745
0 0.9305555555555556 0.058363970588235295 0.1388888888888889 0.026041666666666668
0 0.9328022875816994 0.203125 0.1352124183006536 0.027573529411764705
0 0.9325980392156863 0.17447916666666666 0.13398692810457516 0.027879901960784315
0 0.7826797385620915 0.2034313725490196 0.1642156862745098 0.02696078431372549
0 0.7828839869281046 0.17493872549019607 0.1613562091503268 0.026348039215686275
0 0.49203431372549017 0.05652573529411765 0.13684640522875818 0.027879901960784315
0 0.7824754901960784 0.14690563725490197 0.16053921568627452 0.0272671568627451
0 0.6311274509803921 0.17401960784313725 0.1380718954248366 0.02696078431372549
0 0.494281045751634 0.20557598039215685 0.1323529411764706 0.026348039215686275
0 0.35375816993464054 0.20618872549019607 0.1437908496732026 0.03002450980392157
0 0.35171568627450983 0.17647058823529413 0.14624183006535948 0.029411764705882353
0 0.07250816993464053 0.15303308823529413 0.01919934640522876 0.11243872549019608
0 0.125 0.15471813725490197 0.02042483660130719 0.11825980392156862
0 0.14583333333333334 0.15410539215686275 0.01715686274509804 0.11825980392156862
0 0.19873366013071894 0.15242034313725492 0.020016339869281044 0.11856617647058823
0 0.22140522875816993 0.15395220588235295 0.021241830065359478 0.11427696078431372
0 0.9336192810457516 0.34191176470588236 0.13276143790849673 0.027573529411764705
0 0.6305147058823529 0.2032781862745098 0.13684640522875818 0.02665441176470588
0 0.6325571895424836 0.02971813725490196 0.13766339869281047 0.026348039215686275
0 0.6303104575163399 0.05775122549019608 0.13316993464052287 0.027879901960784315
0 0.9336192810457516 0.31403186274509803 0.13276143790849673 0.025735294117647058
0 0.2512254901960784 0.5151654411764706 0.02042483660130719 0.10692401960784313
0 0.2289624183006536 0.5154718137254902 0.016748366013071895 0.10692401960784313
0 0.16748366013071894 0.5199142156862745 0.02287581699346405 0.1096813725490196
0 0.14501633986928106 0.5211397058823529 0.022058823529411766 0.10477941176470588
0 0.08966503267973856 0.5295649509803921 0.02165032679738562 0.09099264705882353
0 0.05065359477124183 0.5343137254901961 0.02287581699346405 0.10049019607843138
0 0.05616830065359477 0.32996323529411764 0.024101307189542485 0.11213235294117647
0 0.08169934640522876 0.3307291666666667 0.024509803921568627 0.11121323529411764
0 0.1431781045751634 0.3287377450980392 0.02165032679738562 0.11213235294117647
0 0.167687908496732 0.33057598039215685 0.020833333333333332 0.11090686274509803
0 0.22406045751633988 0.3293504901960784 0.020016339869281044 0.11580882352941177
0 0.24897875816993464 0.328125 0.025735294117647058 0.1133578431372549
0 0.35641339869281047 0.3053002450980392 0.13684640522875818 0.018075980392156864
0 0.3588643790849673 0.3278186274509804 0.13848039215686275 0.025122549019607844
0 0.35866013071895425 0.3549325980392157 0.14133986928104575 0.02297794117647059
0 0.35866013071895425 0.37362132352941174 0.14133986928104575 0.013174019607843137
0 0.4963235294117647 0.32306985294117646 0.13316993464052287 0.02297794117647059
0 0.497140522875817 0.3506433823529412 0.13316993464052287 0.022365196078431373
0 0.6325571895424836 0.3212316176470588 0.13194444444444445 0.023590686274509803
0 0.6309232026143791 0.34941789215686275 0.13194444444444445 0.026041666666666668
0 0.7720588235294118 0.32245710784313725 0.14297385620915032 0.014399509803921568
0 0.78125 0.34329044117647056 0.1613562091503268 0.02542892156862745
0 0.9334150326797386 0.28890931372549017 0.1323529411764706 0.02267156862745098
0 0.07455065359477124 0.6870404411764706 0.016748366013071895 0.11060049019607843
0 0.049019607843137254 0.15318627450980393 0.02287581699346405 0.11519607843137254
0 0.6973039215686274 0.5975796568627451 0.1380718954248366 0.02420343137254902
0 0.5614787581699346 0.7855392156862745 0.17524509803921567 0.0196078431372549
0 0.7428513071895425 0.7310049019607843 0.18259803921568626 0.02389705882352941
0 0.5608660130718954 0.7598039215686274 0.1772875816993464 0.029411764705882353
0 0.5616830065359477 0.7293198529411765 0.17565359477124182 0.030330882352941176
0 0.36642156862745096 0.7935049019607843 0.1380718954248366 0.014705882352941176
0 0.3654003267973856 0.7703737745098039 0.1417483660130719 0.022365196078431373
0 0.3654003267973856 0.7438725490196079 0.1417483660130719 0.02144607843137255
0 0.45445261437908496 0.7487745098039216 0.03390522875816993 0.08762254901960784
0 0.5606617647058824 0.8932291666666666 0.17687908496732027 0.03216911764705882
0 0.5625 0.9209558823529411 0.1772875816993464 0.02144607843137255
0 0.5545343137254902 0.8573835784313726 0.16789215686274508 0.019301470588235295
0 0.7426470588235294 0.921109068627451 0.17892156862745098 0.01685049019607843
0 0.3839869281045752 0.8985906862745098 0.16993464052287582 0.03125
0 0.7410130718954249 0.8967524509803921 0.18137254901960784 0.029411764705882353
0 0.7408088235294118 0.8633578431372549 0.17851307189542484 0.028799019607843136
0 0.9115604575163399 0.8739276960784313 0.14501633986928106 0.029105392156862746
0 0.38255718954248363 0.8673406862745098 0.17034313725490197 0.03002450980392157
0 0.36560457516339867 0.7181372549019608 0.14215686274509803 0.024509803921568627
0 0.09987745098039216 0.8291973039215687 0.19975490196078433 0.07567401960784313
0 0.09926470588235294 0.9021139705882353 0.19852941176470587 0.05912990196078431
0 0.3827614379084967 0.9290747549019608 0.1707516339869281 0.021139705882352942
0 0.9054330065359477 0.9025735294117647 0.14256535947712418 0.02696078431372549
