0 0.03343023255813953 0.14680232558139536 0.06443798449612403 0.0332687338501292
0 0.04312015503875969 0.31330749354005166 0.08624031007751938 0.03682170542635659
0 0.04324127906976744 0.28068475452196384 0.08599806201550388 0.028423772609819122
0 0.03766957364341085 0.24612403100775193 0.0753391472868217 0.03875968992248062
0 0.1282703488372093 0.24289405684754523 0.10537790697674419 0.031007751937984496
0 0.13347868217054262 0.27535529715762275 0.09544573643410853 0.03391472868217054
0 0.1383236434108527 0.3070090439276486 0.10416666666666667 0.03133074935400517
0 0.1980377906976744 0.3065245478036176 0.015746124031007752 0.03359173126614987
0 0.21584302325581395 0.30474806201550386 0.01937984496124031 0.03133074935400517
0 0.19295058139534885 0.2719638242894057 0.018168604651162792 0.034237726098191215
0 0.21329941860465115 0.27260981912144705 0.021560077519379845 0.0355297157622739
0 0.19137596899224807 0.23708010335917312 0.01937984496124031 0.0355297157622739
0 0.21196705426356588 0.2351421188630491 0.0188953488372093 0.034237726098191215
0 0.26623062015503873 0.2569444444444444 0.07751937984496124 0.10239018087855298
0 0.3439922480620155 0.25565245478036175 0.07315891472868218 0.0998062015503876
0 0.4414970930232558 0.2567829457364341 0.0869670542635659 0.09043927648578812
0 0.5031492248062015 0.25516795865633074 0.0377906976744186 0.08591731266149871
0 0.5434835271317829 0.2603359173126615 0.04190891472868217 0.08204134366925064
0 0.591327519379845 0.2585594315245478 0.04699612403100775 0.08365633074935401
0 0.6375968992248062 0.2580749354005168 0.045542635658914726 0.08333333333333333
0 0.7258963178294574 0.250968992248062 0.04966085271317829 0.08785529715762273
0 0.8174660852713178 0.3023255813953488 0.12233527131782945 0.1298449612403101
0 0.4331395348837209 0.12806847545219638 0.07703488372093023 0.104328165374677
0 0.49806201550387597 0.13598191214470284 0.041666666666666664 0.07751937984496124
0 0.8349079457364341 0.14534883720930233 0.13250968992248063 0.13824289405684753
0 0.7237160852713178 0.12354651162790697 0.04675387596899225 0.0939922480620155
0 0.6767199612403101 0.1267764857881137 0.047238372093023256 0.08753229974160207
0 0.6311773255813954 0.1282299741602067 0.043362403100775194 0.0917312661498708
0 0.03330910852713178 0.18104005167958656 0.06468023255813954 0.035852713178294575
0 0.15176841085271317 0.44089147286821706 0.09375 0.0355297157622739
0 0.15249515503875968 0.4085917312661499 0.09326550387596899 0.029069767441860465
0 0.1514050387596899 0.375968992248062 0.09108527131782945 0.037467700258397935
0 0.21111918604651161 0.43685400516795864 0.018653100775193797 0.03391472868217054
0 0.22940891472868216 0.43685400516795864 0.017926356589147287 0.03456072351421188
0 0.44004360465116277 0.3785529715762274 0.07679263565891473 0.10335917312661498
0 0.36070736434108525 0.38000645994832044 0.07994186046511628 0.09916020671834626
0 0.2094234496124031 0.4055232558139535 0.019137596899224806 0.028746770025839793
0 0.11882267441860465 0.17603359173126615 0.09907945736434108 0.03875968992248062
0 0.11688468992248062 0.1429263565891473 0.10198643410852713 0.026808785529715762
0 0.030402131782945735 0.11321059431524548 0.05886627906976744 0.03456072351421188
0 0.11458333333333333 0.10901162790697674 0.09593023255813954 0.04037467700258398
0 0.20215600775193798 0.1726421188630491 0.020591085271317828 0.03714470284237726
0 0.22989341085271317 0.40536175710594313 0.020833333333333332 0.030361757105943153
0 0.20954457364341086 0.37435400516795864 0.015503875968992248 0.031007751937984496
0 0.22759205426356588 0.37419250645994834 0.019622093023255814 0.032622739018087855
0 0.2819767441860465 0.38339793281653745 0.07897286821705427 0.10529715762273902
0 0.938468992248062 0.2986111111111111 0.11918604651162791 0.12112403100775193
0 0.1776889534883721 0.13549741602067183 0.017684108527131783 0.03391472868217054
0 0.19694767441860464 0.13468992248062014 0.020833333333333332 0.034237726098191215
0 0.26368701550387597 0.13323643410852712 0.08309108527131782 0.10109819121447028
0 0.3493217054263566 0.13226744186046513 0.0872093023255814 0.09851421188630491
0 0.5853924418604651 0.1312984496124031 0.049176356589147284 0.0849483204134367
0 0.18108042635658914 0.17215762273901808 0.02252906976744186 0.037467700258397935
0 0.5399709302325582 0.13824289405684753 0.04215116279069767 0.07428940568475452
0 0.06492248062015504 0.4048772609819121 0.07315891472868218 0.03391472868217054
0 0.5558381782945736 0.3853359173126615 0.04530038759689922 0.08139534883720931
0 0.7129360465116279 0.7579134366925064 0.03972868217054264 0.058462532299741604
0 0.672843992248062 0.7604974160206718 0.0375484496124031 0.05910852713178295
0 0.6334786821705426 0.7604974160206718 0.03875968992248062 0.05975452196382429
0 0.5950823643410853 0.7619509043927648 0.038517441860465115 0.056847545219638244
0 0.5575339147286822 0.7609819121447028 0.03803294573643411 0.05878552971576227
0 0.5191375968992248 0.7613049095607235 0.03924418604651163 0.05813953488372093
0 0.46002906976744184 0.7375645994832042 0.07606589147286821 0.10755813953488372
0 0.38287306201550386 0.7365956072351422 0.07776162790697674 0.10368217054263566
0 0.3068071705426357 0.7399870801033591 0.07340116279069768 0.1078811369509044
0 0.25084786821705424 0.724967700258398 0.018168604651162792 0.025516795865633074
0 0.8023255813953488 0.713016795865633 0.1187015503875969 0.10949612403100775
0 0.2323158914728682 0.7252906976744186 0.018410852713178296 0.025516795865633074
0 0.234375 0.751937984496124 0.017199612403100775 0.027131782945736434
0 0.25181686046511625 0.7811692506459949 0.018653100775193797 0.029392764857881136
0 0.2341327519379845 0.7802002583979328 0.016715116279069766 0.027454780361757105
0 0.17575096899224807 0.7272286821705426 0.08842054263565892 0.03133074935400517
0 0.17841569767441862 0.7564599483204134 0.09471899224806202 0.02260981912144703
0 0.18011143410852712 0.7845607235142119 0.08987403100775193 0.03294573643410853
0 0.08708817829457365 0.729328165374677 0.08357558139534883 0.029715762273901807
0 0.08854166666666667 0.7587209302325582 0.08599806201550388 0.027777777777777776
0 0.08793604651162791 0.7858527131782945 0.0872093023255814 0.027777777777777776
0 0.02252906976744186 0.7572674418604651 0.04312015503875969 0.08301033591731266
0 0.25290697674418605 0.7530684754521964 0.0188953488372093 0.030038759689922482
0 0.7109980620155039 0.6266149870801033 0.041182170542635656 0.07364341085271318
0 0.9182412790697675 0.7102713178294574 0.11070736434108527 0.10529715762273902
0 0.904312015503876 0.8404392764857881 0.1065891472868217 0.09302325581395349
0 0.06359011627906977 0.438468992248062 0.07921511627906977 0.030684754521963824
0 0.9509447674418605 0.14114987080103358 0.09811046511627906 0.13372093023255813
0 0.2596899224806202 0.8921188630490956 0.016472868217054265 0.023255813953488372
0 0.25835755813953487 0.8659560723514211 0.014777131782945737 0.023255813953488372
0 0.25641957364341084 0.8383397932816538 0.018653100775193797 0.030038759689922482
0 0.2051841085271318 0.8393087855297158 0.08333333333333333 0.03197674418604651
0 0.20772771317829458 0.8661175710594315 0.0874515503875969 0.021640826873385012
0 0.20784883720930233 0.8913113695090439 0.08672480620155039 0.02810077519379845
0 0.11712693798449612 0.8394702842377261 0.08502906976744186 0.03165374677002584
0 0.1187015503875969 0.8661175710594315 0.0876937984496124 0.021640826873385012
0 0.7957848837209303 0.8412467700258398 0.10416666666666667 0.09722222222222222
0 0.11967054263565892 0.8919573643410853 0.08672480620155039 0.026808785529715762
0 0.46959786821705424 0.851421188630491 0.07388565891472869 0.07945736434108527
0 0.39256298449612403 0.8554586563307494 0.0811531007751938 0.08559431524547803
0 0.3132267441860465 0.8546511627906976 0.07751937984496124 0.08462532299741603
0 0.5242248062015504 0.8619186046511628 0.035852713178294575 0.06750645994832041
0 0.5638323643410853 0.8619186046511628 0.03803294573643411 0.06492248062015504
0 0.5987160852713178 0.8604651162790697 0.03221899224806202 0.06330749354005168
0 0.6354166666666666 0.8577196382428941 0.040697674418604654 0.0687984496124031
0 0.6735707364341085 0.8577196382428941 0.03561046511627907 0.06686046511627906
0 0.7122093023255814 0.8562661498708011 0.03827519379844961 0.06976744186046512
0 0.9830426356589147 0.8349483204134367 0.03439922480620155 0.0962532299741602
0 0.03657945736434109 0.8619186046511628 0.06976744186046512 0.08688630490956073
0 0.5053294573643411 0.3863049095607235 0.0436046511627907 0.06912144702842377
0 0.6710271317829457 0.6306524547803618 0.03924418604651163 0.06492248062015504
0 0.5895106589147286 0.6314599483204134 0.03803294573643411 0.059431524547803614
0 0.5093265503875969 0.5138888888888888 0.03948643410852713 0.07622739018087855
0 0.4473110465116279 0.49983850129198965 0.07873062015503876 0.09657622739018087
0 0.36688468992248063 0.501937984496124 0.08309108527131782 0.10012919896640828
0 0.28488372093023256 0.5072674418604651 0.07025193798449612 0.10174418604651163
0 0.2346172480620155 0.49660852713178294 0.017684108527131783 0.03133074935400517
0 0.21681201550387597 0.4969315245478036 0.015988372093023256 0.03197674418604651
0 0.23619186046511628 0.5281007751937985 0.015503875968992248 0.030361757105943153
0 0.21984011627906977 0.5269702842377261 0.014777131782945737 0.028746770025839793
0 0.23703972868217055 0.5578165374677002 0.015746124031007752 0.030361757105943153
0 0.22020348837209303 0.5581395348837209 0.01744186046511628 0.030361757105943153
0 0.5491763565891473 0.5134043927648578 0.040697674418604654 0.07655038759689922
0 0.16351744186046513 0.49870801033591733 0.09060077519379844 0.03811369509043928
0 0.1663032945736434 0.5586240310077519 0.09278100775193798 0.03456072351421188
0 0.06807170542635659 0.49967700258397935 0.0935077519379845 0.03359173126614987
0 0.0685562015503876 0.5311692506459949 0.09593023255813954 0.027454780361757105
0 0.07073643410852713 0.562015503875969 0.09156976744186046 0.03229974160206718
0 0.9349563953488372 0.4428294573643411 0.1300872093023256 0.10594315245478036
0 0.8103197674418605 0.44670542635658916 0.12063953488372094 0.11369509043927649
0 0.720203488372093 0.37952196382428943 0.04699612403100775 0.08010335917312661
0 0.6773255813953488 0.38113695090439276 0.03924418604651163 0.07751937984496124
0 0.6346899224806202 0.3846899224806202 0.04505813953488372 0.08139534883720931
0 0.5944767441860465 0.3819444444444444 0.03197674418604651 0.08171834625322998
0 0.16533430232558138 0.5290697674418605 0.09423449612403101 0.02454780361757106
0 0.6299660852713178 0.6301679586563308 0.04239341085271318 0.06201550387596899
0 0.5829699612403101 0.5163113695090439 0.02688953488372093 0.07138242894056848
0 0.6780523255813954 0.5074289405684754 0.04263565891472868 0.07751937984496124
0 0.5513565891472868 0.6317829457364341 0.03827519379844961 0.06136950904392765
0 0.5105377906976745 0.6338824289405685 0.03997093023255814 0.05717054263565891
0 0.4474321705426357 0.6174095607235142 0.07025193798449612 0.09722222222222222
0 0.37185077519379844 0.6193475452196382 0.07897286821705427 0.0894702842377261
0 0.29469476744186046 0.623062015503876 0.07388565891472869 0.09754521963824289
0 0.24527616279069767 0.6203165374677002 0.019622093023255814 0.03197674418604651
0 0.22650193798449614 0.6216085271317829 0.01744186046511628 0.030038759689922482
0 0.24624515503875968 0.6501937984496124 0.019622093023255814 0.02648578811369509
0 0.22747093023255813 0.6498708010335917 0.017926356589147287 0.027131782945736434
0 0.24358042635658914 0.6794250645994832 0.019622093023255814 0.03197674418604651
0 0.6315406976744186 0.5046834625322998 0.040213178294573645 0.0687984496124031
0 0.22589631782945738 0.6800710594315246 0.01623062015503876 0.030684754521963824
0 0.171875 0.6802325581395349 0.08938953488372094 0.028423772609819122
0 0.17126937984496124 0.650032299741602 0.08914728682170543 0.030038759689922482
0 0.16872577519379844 0.6224160206718347 0.09568798449612403 0.027131782945736434
0 0.07679263565891473 0.624515503875969 0.08624031007751938 0.030684754521963824
0 0.07957848837209303 0.6527777777777778 0.09132751937984496 0.02648578811369509
0 0.07933624031007752 0.6810400516795866 0.09278100775193798 0.028746770025839793
0 0.016472868217054265 0.6493863049095607 0.03294573643410853 0.09270025839793282
0 0.9278100775193798 0.5742894056847545 0.11385658914728682 0.10335917312661498
0 0.8089874031007752 0.5791343669250646 0.12330426356589147 0.11175710594315245
0 0.7205668604651163 0.5064599483204134 0.04239341085271318 0.07687338501291989
0 0.1655765503875969 0.599967700258398 0.08938953488372094 0.01776485788113695
