0 0.08984375 0.32447916666666665 0.04453125 0.09791666666666667
0 0.941015625 0.35442708333333334 0.0171875 0.0609375
0 0.5263671875 0.8018229166666667 0.065234375 0.11822916666666666
0 0.4587890625 0.7861979166666667 0.065234375 0.1421875
0 0.3939453125 0.7958333333333333 0.059765625 0.12916666666666668
0 0.3333984375 0.7598958333333333 0.057421875 0.13229166666666667
0 0.2640625 0.7885416666666667 0.07890625 0.13333333333333333
0 0.1689453125 0.7841145833333333 0.057421875 0.15364583333333334
0 0.0419921875 0.8075520833333333 0.083984375 0.1046875
0 0.9818359375 0.62265625 0.031640625 0.0578125
0 0.9646484375 0.5473958333333333 0.030078125 0.04479166666666667
0 0.9076171875 0.63671875 0.051171875 0.019270833333333334
0 0.02578125 0.16875 0.05 0.11458333333333333
0 0.0779296875 0.15911458333333334 0.035546875 0.1234375
0 0.119140625 0.15494791666666666 0.03828125 0.12239583333333333
0 0.1560546875 0.15520833333333334 0.033203125 0.128125
0 0.19609375 0.15859375 0.04296875 0.1328125
0 0.234375 0.15338541666666666 0.0296875 0.13697916666666668
0 0.269921875 0.16380208333333332 0.03984375 0.13385416666666666
0 0.3173828125 0.15729166666666666 0.044921875 0.12708333333333333
0 0.3669921875 0.16354166666666667 0.047265625 0.13333333333333333
0 0.4138671875 0.16796875 0.043359375 0.1171875
0 0.4705078125 0.16458333333333333 0.050390625 0.11145833333333334
0 0.633984375 0.796875 0.03203125 0.1375
0 0.13046875 0.3182291666666667 0.034375 0.10729166666666666
0 0.1623046875 0.3177083333333333 0.027734375 0.10833333333333334
0 0.2091796875 0.3229166666666667 0.048046875 0.10729166666666666
0 0.2564453125 0.3229166666666667 0.041796875 0.10625
0 0.9203125 0.35833333333333334 0.02578125 0.06770833333333333
0 0.8953125 0.36171875 0.01875 0.0734375
0 0.8689453125 0.3578125 0.027734375 0.07291666666666667
0 0.8447265625 0.35572916666666665 0.018359375 0.07604166666666666
0 0.6654296875 0.7984375 0.028515625 0.13645833333333332
0 0.694921875 0.7989583333333333 0.028125 0.13541666666666666
0 0.7544921875 0.8026041666666667 0.028515625 0.128125
0 0.786328125 0.8020833333333334 0.03515625 0.12916666666666668
0 0.8181640625 0.8096354166666667 0.024609375 0.13697916666666668
0 0.876171875 0.7692708333333333 0.0890625 0.178125
0 0.9396484375 0.8033854166666666 0.030078125 0.12239583333333333
0 0.9736328125 0.8033854166666666 0.035546875 0.12239583333333333
0 0.51875 0.46927083333333336 0.04453125 0.03958333333333333
0 0.567578125 0.46822916666666664 0.046875 0.04479166666666667
0 0.61328125 0.46901041666666665 0.04453125 0.04635416666666667
0 0.66171875 0.4700520833333333 0.04609375 0.04114583333333333
0 0.7103515625 0.47161458333333334 0.051953125 0.044270833333333336
0 0.301953125 0.3268229166666667 0.04296875 0.1015625
0 0.7630859375 0.47109375 0.051171875 0.043229166666666666
0 0.8611328125 0.47239583333333335 0.048046875 0.03125
0 0.91328125 0.46953125 0.0421875 0.04739583333333333
0 0.9517578125 0.47161458333333334 0.030078125 0.022395833333333334
0 0.5203125 0.35390625 0.04453125 0.07447916666666667
0 0.555859375 0.3528645833333333 0.028125 0.08697916666666666
0 0.589453125 0.3614583333333333 0.028125 0.06354166666666666
0 0.623828125 0.35390625 0.0375 0.0703125
0 0.659765625 0.35442708333333334 0.02421875 0.0703125
0 0.6923828125 0.35494791666666664 0.039453125 0.07239583333333334
0 0.72734375 0.3536458333333333 0.03125 0.08020833333333334
0 0.76328125 0.34817708333333336 0.03359375 0.07135416666666666
0 0.7974609375 0.35651041666666666 0.023046875 0.07239583333333334
0 0.8216796875 0.35651041666666666 0.024609375 0.0734375
0 0.8109375 0.47265625 0.04609375 0.04635416666666667
0 0.343359375 0.3255208333333333 0.0390625 0.1
0 0.5884765625 0.7984375 0.059765625 0.1125
0 0.4330078125 0.31640625 0.042578125 0.11510416666666666
0 0.139453125 0.5994791666666667 0.06328125 0.13854166666666667
0 0.0892578125 0.6114583333333333 0.036328125 0.11979166666666667
0 0.04921875 0.61640625 0.04453125 0.10572916666666667
0 0.4291015625 0.4549479166666667 0.041796875 0.1015625
0 0.3865234375 0.45364583333333336 0.039453125 0.10729166666666666
0 0.345703125 0.45677083333333335 0.04296875 0.10104166666666667
0 0.3052734375 0.44505208333333335 0.034765625 0.09322916666666667
0 0.256640625 0.44557291666666665 0.0421875 0.10260416666666666
0 0.2193359375 0.44947916666666665 0.033984375 0.11041666666666666
0 0.892578125 0.06901041666666667 0.04765625 0.07760416666666667
0 0.8353515625 0.065625 0.064453125 0.08229166666666667
0 0.7791015625 0.06171875 0.036328125 0.06614583333333333
0 0.741015625 0.07838541666666667 0.034375 0.0640625
0 0.703125 0.07057291666666667 0.0390625 0.07864583333333333
0 0.6650390625 0.0703125 0.037109375 0.07708333333333334
0 0.2046875 0.6002604166666666 0.06640625 0.1484375
0 0.6259765625 0.06953125 0.037890625 0.07864583333333333
0 0.2732421875 0.60078125 0.068359375 0.1484375
0 0.4052734375 0.5841145833333333 0.056640625 0.11510416666666666
0 0.846875 0.6354166666666666 0.0640625 0.016666666666666666
0 0.8453125 0.6166666666666667 0.06328125 0.01875
0 0.785546875 0.62578125 0.04609375 0.033854166666666664
0 0.754296875 0.6122395833333333 0.0140625 0.0640625
0 0.741015625 0.6111979166666667 0.0109375 0.06302083333333333
0 0.7294921875 0.6130208333333333 0.008984375 0.06041666666666667
0 0.7162109375 0.6125 0.015234375 0.06041666666666667
0 0.69140625 0.60234375 0.02109375 0.08697916666666666
0 0.6654296875 0.5950520833333334 0.028515625 0.09739583333333333
0 0.633984375 0.603125 0.025 0.084375
0 0.6015625 0.5973958333333333 0.034375 0.090625
0 0.5623046875 0.6015625 0.022265625 0.0875
0 0.539453125 0.6002604166666666 0.025 0.08489583333333334
0 0.511328125 0.603125 0.028125 0.07916666666666666
0 0.4642578125 0.6005208333333333 0.058203125 0.146875
0 0.337109375 0.6005208333333333 0.059375 0.15104166666666666
0 0.386328125 0.31927083333333334 0.04609375 0.1125
0 0.58984375 0.07109375 0.03203125 0.0828125
0 0.5158203125 0.07213541666666666 0.027734375 0.06927083333333334
0 0.802734375 0.20494791666666667 0.0265625 0.06927083333333334
0 0.8294921875 0.20546875 0.026171875 0.06822916666666666
0 0.5513671875 0.07395833333333333 0.041796875 0.07604166666666666
0 0.6986328125 0.20234375 0.033984375 0.0703125
0 0.6609375 0.20052083333333334 0.03984375 0.06041666666666667
0 0.6232421875 0.20052083333333334 0.032421875 0.071875
0 0.5908203125 0.20677083333333332 0.032421875 0.058333333333333334
0 0.554296875 0.20078125 0.03515625 0.0734375
0 0.5150390625 0.20520833333333333 0.039453125 0.06041666666666667
0 0.7671875 0.2015625 0.034375 0.06666666666666667
0 0.9662109375 0.35442708333333334 0.033203125 0.06302083333333333
0 0.1470703125 0.46041666666666664 0.019140625 0.08645833333333333
0 0.10859375 0.4640625 0.0484375 0.08645833333333333
0 0.0546875 0.4625 0.05703125 0.07604166666666666
0 0.475390625 0.31588541666666664 0.0421875 0.1140625
0 0.8564453125 0.2046875 0.023828125 0.06354166666666666
0 0.8806640625 0.20416666666666666 0.020703125 0.059375
0 0.9064453125 0.20390625 0.026953125 0.059895833333333336
0 0.937109375 0.19088541666666667 0.02734375 0.09635416666666667
0 0.969140625 0.18802083333333333 0.03515625 0.103125
0 0.1796875 0.4546875 0.0390625 0.09895833333333333
0 0.7333984375 0.203125 0.031640625 0.065625
