0 0.8088541666666667 0.2708984375 0.05 0.080859375
0 0.9346354166666667 0.561328125 0.0359375 0.06171875
0 0.9802083333333333 0.5576171875 0.03958333333333333 0.066015625
0 0.5661458333333333 0.5833984375 0.07604166666666666 0.020703125
0 0.46848958333333335 0.58984375 0.0953125 0.025
0 0.35598958333333336 0.601171875 0.10052083333333334 0.028125
0 0.24088541666666666 0.606640625 0.07447916666666667 0.02890625
0 0.159375 0.6189453125 0.06145833333333333 0.021484375
0 0.12786458333333334 0.6974609375 0.07135416666666666 0.023046875
0 0.12395833333333334 0.6677734375 0.09375 0.027734375
0 0.19973958333333333 0.68515625 0.0421875 0.0328125
0 0.26067708333333334 0.6615234375 0.0453125 0.023046875
0 0.896875 0.560546875 0.026041666666666668 0.071875
0 0.8643229166666667 0.56484375 0.033854166666666664 0.078125
0 0.7708333333333334 0.59921875 0.046875 0.0234375
0 0.26328125 0.685546875 0.05364583333333333 0.01796875
0 0.7046875 0.603125 0.06041666666666667 0.02421875
0 0.659375 0.607421875 0.023958333333333335 0.0328125
0 0.6255208333333333 0.6095703125 0.03333333333333333 0.034765625
0 0.5705729166666667 0.5193359375 0.06510416666666667 0.019140625
0 0.48723958333333334 0.5265625 0.07135416666666666 0.01640625
0 0.3846354166666667 0.5298828125 0.09322916666666667 0.029296875
0 0.26197916666666665 0.5400390625 0.10520833333333333 0.020703125
0 0.15182291666666667 0.55078125 0.06927083333333334 0.02265625
0 0.02109375 0.2859375 0.03802083333333333 0.0796875
0 0.031510416666666666 0.4060546875 0.0515625 0.063671875
0 0.12057291666666667 0.4556640625 0.049479166666666664 0.068359375
0 0.1828125 0.4509765625 0.058333333333333334 0.063671875
0 0.82578125 0.595703125 0.0453125 0.02734375
0 0.3184895833333333 0.6748046875 0.0453125 0.019140625
0 0.4328125 0.649609375 0.035416666666666666 0.040625
0 0.2375 0.4568359375 0.04479166666666667 0.048828125
0 0.6020833333333333 0.2576171875 0.05520833333333333 0.061328125
0 0.6606770833333333 0.2626953125 0.033854166666666664 0.080078125
0 0.7247395833333333 0.2783203125 0.03177083333333333 0.054296875
0 0.55078125 0.2505859375 0.0484375 0.051953125
0 0.5768229166666666 0.7205078125 0.0390625 0.077734375
0 0.53671875 0.7279296875 0.021354166666666667 0.069140625
0 0.5127604166666667 0.7328125 0.019270833333333334 0.0703125
0 0.48723958333333334 0.738671875 0.025520833333333333 0.0703125
0 0.44583333333333336 0.75625 0.03854166666666667 0.04375
0 0.40338541666666666 0.7625 0.030729166666666665 0.03984375
0 0.3268229166666667 0.782421875 0.027604166666666666 0.040625
0 0.28802083333333334 0.787109375 0.027083333333333334 0.03671875
0 0.25859375 0.7875 0.025520833333333333 0.04453125
0 0.3841145833333333 0.6564453125 0.04635416666666667 0.044140625
0 0.21979166666666666 0.79453125 0.04375 0.0390625
0 0.0453125 0.7966796875 0.08958333333333333 0.100390625
0 0.96953125 0.662890625 0.018229166666666668 0.0546875
0 0.9911458333333333 0.6634765625 0.019791666666666666 0.053515625
0 0.9390625 0.6697265625 0.0375 0.057421875
0 0.9005208333333333 0.6787109375 0.0375 0.069140625
0 0.8403645833333333 0.687890625 0.04739583333333333 0.07109375
0 0.7716145833333333 0.6931640625 0.05260416666666667 0.077734375
0 0.7161458333333334 0.703515625 0.0375 0.065625
0 0.6828125 0.7037109375 0.028125 0.070703125
0 0.6395833333333333 0.7111328125 0.05 0.073046875
0 0.5799479166666667 0.63515625 0.033854166666666664 0.040625
0 0.5263020833333333 0.6462890625 0.04635416666666667 0.038671875
0 0.4713541666666667 0.6478515625 0.04791666666666667 0.044140625
0 0.16744791666666667 0.8060546875 0.043229166666666666 0.039453125
0 0.31223958333333335 0.4671875 0.08697916666666666 0.01953125
0 0.3984375 0.456640625 0.078125 0.04375
0 0.4934895833333333 0.46328125 0.0796875 0.015625
0 0.2046875 0.0943359375 0.04479166666666667 0.053515625
0 0.26223958333333336 0.0919921875 0.04010416666666667 0.061328125
0 0.31328125 0.103125 0.04635416666666667 0.053125
0 0.37005208333333334 0.105859375 0.044270833333333336 0.0421875
0 0.4203125 0.110546875 0.0375 0.0609375
0 0.4661458333333333 0.1150390625 0.05625 0.058203125
0 0.5171875 0.1138671875 0.035416666666666666 0.057421875
0 0.5591145833333333 0.1173828125 0.0421875 0.065234375
0 0.6036458333333333 0.122265625 0.035416666666666666 0.0609375
0 0.6497395833333334 0.11640625 0.027604166666666666 0.078125
0 0.6838541666666667 0.1126953125 0.027083333333333334 0.091796875
0 0.74140625 0.1279296875 0.022395833333333334 0.062890625
0 0.7747395833333334 0.1296875 0.03177083333333333 0.06640625
0 0.8153645833333333 0.1341796875 0.0359375 0.060546875
0 0.8583333333333333 0.13828125 0.0375 0.0546875
0 0.8973958333333333 0.1412109375 0.026041666666666668 0.062890625
0 0.9328125 0.13984375 0.029166666666666667 0.06015625
0 0.96484375 0.1544921875 0.0234375 0.045703125
0 0.9919270833333333 0.1560546875 0.0203125 0.042578125
0 0.8 0.0251953125 0.028125 0.038671875
0 0.8317708333333333 0.0259765625 0.027083333333333334 0.040234375
0 0.8625 0.033984375 0.022916666666666665 0.0359375
0 0.890625 0.03359375 0.017708333333333333 0.05078125
0 0.9153645833333334 0.0376953125 0.024479166666666666 0.045703125
0 0.9471354166666667 0.03203125 0.0265625 0.05703125
0 0.9802083333333333 0.0357421875 0.035416666666666666 0.062109375
0 0.9520833333333333 0.2775390625 0.040625 0.076171875
0 0.9067708333333333 0.273828125 0.04583333333333333 0.075
0 0.8611979166666667 0.271484375 0.043229166666666666 0.0796875
0 0.14479166666666668 0.0896484375 0.04791666666666667 0.054296875
0 0.08072916666666667 0.0859375 0.05 0.05078125
0 0.4453125 0.25390625 0.053125 0.05390625
0 0.32421875 0.2587890625 0.0453125 0.044140625
0 0.55859375 0.4412109375 0.033854166666666664 0.051171875
0 0.6026041666666667 0.4400390625 0.029166666666666667 0.044921875
0 0.6354166666666666 0.498828125 0.0375 0.0484375
0 0.7091145833333333 0.4919921875 0.016145833333333335 0.056640625
0 0.7333333333333333 0.4763671875 0.029166666666666667 0.079296875
0 0.7729166666666667 0.4775390625 0.035416666666666666 0.068359375
0 0.8111979166666666 0.473828125 0.043229166666666666 0.078125
0 0.853125 0.4697265625 0.034375 0.069140625
0 0.890625 0.4677734375 0.03333333333333333 0.064453125
0 0.92265625 0.466015625 0.027604166666666666 0.06796875
0 0.9625 0.4669921875 0.04375 0.069140625
0 0.9848958333333333 0.3677734375 0.03333333333333333 0.076953125
0 0.94296875 0.3716796875 0.033854166666666664 0.072265625
0 0.90234375 0.373046875 0.0328125 0.07265625
0 0.7627604166666667 0.2708984375 0.03802083333333333 0.077734375
0 0.853125 0.3720703125 0.05 0.080078125
0 0.7591145833333334 0.3794921875 0.0390625 0.079296875
0 0.7161458333333334 0.3798828125 0.026041666666666668 0.076171875
0 0.5471354166666667 0.361328125 0.0609375 0.03828125
0 0.48463541666666665 0.3458984375 0.050520833333333334 0.057421875
0 0.42916666666666664 0.35625 0.04791666666666667 0.05390625
0 0.36692708333333335 0.3658203125 0.05364583333333333 0.032421875
0 0.3065104166666667 0.3521484375 0.0484375 0.062109375
0 0.24348958333333334 0.3484375 0.05677083333333333 0.0640625
0 0.17682291666666666 0.3486328125 0.05364583333333333 0.069140625
0 0.11640625 0.347265625 0.05260416666666667 0.071875
0 0.09947916666666666 0.2412109375 0.057291666666666664 0.050390625
0 0.17369791666666667 0.250390625 0.0703125 0.03828125
0 0.24791666666666667 0.255078125 0.07708333333333334 0.04296875
0 0.37161458333333336 0.308984375 0.0359375 0.0796875
0 0.8002604166666667 0.3755859375 0.03697916666666667 0.081640625
0 0.36302083333333335 0.7671875 0.027083333333333334 0.05078125
0 0.4979166666666667 0.2529296875 0.046875 0.064453125
