0 0.46282679738562094 0.27450980392156865 0.022058823529411766 0.02022058823529412
0 0.24611928104575165 0.3333333333333333 0.027369281045751634 0.04411764705882353
0 0.7222222222222222 0.28170955882352944 0.04656862745098039 0.0701593137254902
0 0.7714460784313726 0.29488357843137253 0.04616013071895425 0.057291666666666664
0 0.5900735294117647 0.25612745098039214 0.024101307189542485 0.016544117647058824
0 0.5077614379084967 0.2722120098039216 0.022058823529411766 0.018688725490196078
0 0.4861111111111111 0.2722120098039216 0.022058823529411766 0.018688725490196078
0 0.04493464052287582 0.34420955882352944 0.025326797385620915 0.033394607843137254
0 0.6133578431372549 0.49203431372549017 0.01838235294117647 0.016544117647058824
0 0.39950980392156865 0.2806372549019608 0.024509803921568627 0.0196078431372549
0 0.42034313725490197 0.2772671568627451 0.018790849673202614 0.01715686274509804
0 0.36499183006535946 0.3134191176470588 0.015931372549019607 0.014093137254901961
0 0.44485294117647056 0.29610906862745096 0.016339869281045753 0.015012254901960785
0 0.6411356209150327 0.5082720588235294 0.017565359477124183 0.016544117647058824
0 0.6374591503267973 0.49264705882352944 0.014297385620915032 0.014093137254901961
0 0.19750816993464052 0.34574142156862747 0.0298202614379085 0.05912990196078431
0 0.5917075163398693 0.4877450980392157 0.013480392156862746 0.05269607843137255
0 0.4411764705882353 0.2766544117647059 0.022058823529411766 0.017769607843137254
0 0.14910130718954248 0.3460477941176471 0.03594771241830065 0.0628063725490196
0 0.5655637254901961 0.6723345588235294 0.046977124183006536 0.03829656862745098
0 0.07598039215686274 0.3550857843137255 0.03594771241830065 0.07291666666666667
0 0.5631127450980392 0.48651960784313725 0.03390522875816993 0.05698529411764706
0 0.8280228758169934 0.5958946078431373 0.051470588235294115 0.017769607843137254
0 0.8243464052287581 0.5787377450980392 0.05310457516339869 0.015318627450980392
0 0.8200571895424836 0.5589767156862745 0.05759803921568627 0.018075980392156864
0 0.42626633986928103 0.6495098039215687 0.03553921568627451 0.0508578431372549
0 0.46691176470588236 0.6498161764705882 0.0392156862745098 0.05759803921568627
0 0.5083741830065359 0.6511948529411765 0.044526143790849675 0.060355392156862746
0 0.6584967320261438 0.6936274509803921 0.02696078431372549 0.051470588235294115
0 0.7169117647058824 0.7022058823529411 0.05310457516339869 0.02389705882352941
0 0.8370098039215687 0.7333026960784313 0.04411764705882353 0.030943627450980393
0 0.7769607843137255 0.7189031862745098 0.04411764705882353 0.024816176470588234
0 0.7710375816993464 0.6868872549019608 0.04534313725490196 0.034926470588235295
0 0.8366013071895425 0.6957720588235294 0.04738562091503268 0.03982843137254902
0 0.9372957516339869 0.6660539215686274 0.06413398692810457 0.08394607843137254
0 0.8202614379084967 0.49846813725490197 0.04084967320261438 0.061274509803921566
0 0.7736928104575164 0.48943014705882354 0.04656862745098039 0.0818014705882353
0 0.7234477124183006 0.4934129901960784 0.031862745098039214 0.07383578431372549
0 0.6738153594771242 0.4882046568627451 0.044526143790849675 0.07628676470588236
0 0.6158088235294118 0.5094975490196079 0.014297385620915032 0.015931372549019607
0 0.10886437908496732 0.3481924019607843 0.03308823529411765 0.05116421568627451
0 0.5267565359477124 0.47671568627450983 0.03390522875816993 0.06004901960784314
0 0.5441176470588235 0.15471813725490197 0.04084967320261438 0.11397058823529412
0 0.35498366013071897 0.29411764705882354 0.01715686274509804 0.01715686274509804
0 0.44342320261437906 0.5534620098039216 0.025735294117647058 0.07138480392156862
0 0.6644199346405228 0.27925857843137253 0.04534313725490196 0.07077205882352941
0 0.30392156862745096 0.3085171568627451 0.061274509803921566 0.0428921568627451
0 0.6975081699346405 0.2270220588235294 0.07475490196078431 0.013480392156862746
0 0.5631127450980392 0.29733455882352944 0.07230392156862746 0.017463235294117647
0 0.6305147058823529 0.14231004901960784 0.05269607843137255 0.12959558823529413
0 0.5859885620915033 0.15150122549019607 0.03227124183006536 0.11611519607843138
0 0.8241421568627451 0.6147365196078431 0.05269607843137255 0.01991421568627451
0 0.5308415032679739 0.5644914215686274 0.0298202614379085 0.08057598039215687
0 0.5024509803921569 0.17064950980392157 0.041666666666666664 0.10232843137254902
0 0.4133986928104575 0.1557904411764706 0.04411764705882353 0.13817401960784315
0 0.3743872549019608 0.1645220588235294 0.0298202614379085 0.14522058823529413
0 0.3321078431372549 0.16253063725490197 0.049019607843137254 0.15104166666666666
0 0.2696078431372549 0.16115196078431374 0.05718954248366013 0.1642156862745098
0 0.6284722222222222 0.39736519607843135 0.02246732026143791 0.04963235294117647
0 0.37397875816993464 0.4739583333333333 0.0298202614379085 0.031862745098039214
0 0.40298202614379086 0.4733455882352941 0.027369281045751634 0.04656862745098039
0 0.4332107843137255 0.46982230392156865 0.03227124183006536 0.05606617647058824
0 0.45731209150326796 0.16835171568627452 0.04125816993464052 0.10447303921568628
0 0.7146650326797386 0.5962009803921569 0.11723856209150327 0.0857843137254902
0 0.5957924836601307 0.5814950980392157 0.08619281045751634 0.07598039215686274
0 0.47937091503267976 0.5641850490196079 0.03799019607843137 0.07383578431372549
0 0.2818627450980392 0.46338848039215685 0.04738562091503268 0.06525735294117647
0 0.8167892156862745 0.27420343137254904 0.02900326797385621 0.04534313725490196
0 0.8151552287581699 0.23039215686274508 0.030637254901960783 0.028799019607843136
0 0.7816584967320261 0.11933210784313726 0.08374183006535947 0.14185049019607843
0 0.7001633986928104 0.1403186274509804 0.06290849673202614 0.1323529411764706
0 0.23651960784313725 0.46200980392156865 0.03431372549019608 0.0625
0 0.20036764705882354 0.4615502450980392 0.030637254901960783 0.045649509803921566
0 0.15155228758169934 0.4600183823529412 0.05392156862745098 0.06525735294117647
0 0.0988562091503268 0.45450367647058826 0.051470588235294115 0.06709558823529412
0 0.05494281045751634 0.45159313725490197 0.037173202614379085 0.06433823529411764
0 0.01613562091503268 0.4492953431372549 0.03227124183006536 0.05974264705882353
0 0.04084967320261438 0.5139399509803921 0.03839869281045752 0.05667892156862745
0 0.08782679738562091 0.5257352941176471 0.04656862745098039 0.061274509803921566
0 0.176062091503268 0.5366115196078431 0.05555555555555555 0.057291666666666664
0 0.23835784313725492 0.5338541666666666 0.03390522875816993 0.057904411764705885
0 0.2908496732026144 0.5548406862745098 0.07026143790849673 0.06433823529411764
0 0.37316176470588236 0.5373774509803921 0.07230392156862746 0.016544117647058824
0 0.3792892156862745 0.5557598039215687 0.07475490196078431 0.017769607843137254
0 0.38174019607843135 0.5758272058823529 0.0625 0.016237745098039217
0 0.34967320261437906 0.31265318627450983 0.015522875816993464 0.015625
0 0.869281045751634 0.6732536764705882 0.022058823529411766 0.02420343137254902
0 0.4401552287581699 0.39169730392156865 0.020016339869281044 0.03829656862745098
0 0.37540849673202614 0.6314338235294118 0.02369281045751634 0.04350490196078431
0 0.1468545751633987 0.17325367647058823 0.04861111111111111 0.07873774509803921
0 0.08823529411764706 0.18244485294117646 0.03431372549019608 0.08118872549019608
0 0.04084967320261438 0.19010416666666666 0.03022875816993464 0.07383578431372549
0 0.7832924836601307 0.8647365196078431 0.01838235294117647 0.01011029411764706
0 0.7888071895424836 0.8552389705882353 0.016339869281045753 0.0070465686274509805
0 0.889297385620915 0.8524816176470589 0.0196078431372549 0.01133578431372549
0 0.8584558823529411 0.9180453431372549 0.01838235294117647 0.018075980392156864
0 0.8376225490196079 0.9113051470588235 0.01511437908496732 0.016237745098039217
0 0.21180555555555555 0.16023284313725492 0.0428921568627451 0.08762254901960784
0 0.8135212418300654 0.9034926470588235 0.01838235294117647 0.016544117647058824
0 0.7671568627450981 0.890625 0.02042483660130719 0.016544117647058824
0 0.8435457516339869 0.7945772058823529 0.04493464052287582 0.06341911764705882
0 0.8047385620915033 0.7855392156862745 0.02696078431372549 0.051470588235294115
0 0.7702205882352942 0.7837009803921569 0.04370915032679738 0.06066176470588235
0 0.7267156862745098 0.7746629901960784 0.029411764705882353 0.04932598039215686
0 0.6975081699346405 0.7621017156862745 0.023284313725490197 0.046875
0 0.6640114379084967 0.7611825980392157 0.03308823529411765 0.048100490196078434
0 0.6239787581699346 0.7550551470588235 0.034722222222222224 0.0585171568627451
0 0.7910539215686274 0.8962928921568627 0.020833333333333332 0.018688725490196078
0 0.5906862745098039 0.7477022058823529 0.028594771241830064 0.04993872549019608
0 0.2681781045751634 0.6727941176470589 0.19240196078431374 0.02696078431372549
0 0.4609885620915033 0.7959558823529411 0.03145424836601307 0.014705882352941176
0 0.4963235294117647 0.4814644607843137 0.02042483660130719 0.04013480392156863
0 0.7724673202614379 0.875 0.013888888888888888 0.011029411764705883
0 0.8674428104575164 0.9024203431372549 0.014297385620915032 0.01133578431372549
0 0.8745915032679739 0.8903186274509803 0.02042483660130719 0.012867647058823529
0 0.8764297385620915 0.8772977941176471 0.01511437908496732 0.012561274509803922
0 0.8880718954248366 0.8684129901960784 0.025326797385620915 0.010723039215686275
0 0.6288807189542484 0.8382352941176471 0.020016339869281044 0.02267156862745098
0 0.6613562091503268 0.8451286764705882 0.03676470588235294 0.009497549019607842
0 0.2777777777777778 0.7470894607843137 0.21650326797385622 0.07996323529411764
0 0.6311274509803921 0.8537071078431373 0.02369281045751634 0.007659313725490196
0 0.6452205882352942 0.8206188725490197 0.02165032679738562 0.011948529411764705
0 0.5878267973856209 0.8255208333333334 0.018790849673202614 0.012561274509803922
0 0.5708741830065359 0.8200061274509803 0.013480392156862746 0.012561274509803922
0 0.5535130718954249 0.8140318627450981 0.014705882352941176 0.011642156862745098
0 0.5104166666666666 0.8063725490196079 0.044526143790849675 0.03553921568627451
0 0.4624183006535948 0.7694546568627451 0.041666666666666664 0.029105392156862746
0 0.4193218954248366 0.7746629901960784 0.0298202614379085 0.06893382352941177
0 0.5294117647058824 0.7755821078431373 0.035130718954248366 0.012561274509803922
0 0.6544117647058824 0.859375 0.013888888888888888 0.009191176470588236
0 0.5639297385620915 0.7378982843137255 0.02246732026143791 0.04993872549019608
0 0.5381944444444444 0.7357536764705882 0.026552287581699346 0.04871323529411765
0 0.021037581699346407 0.27941176470588236 0.03308823529411765 0.049019607843137254
0 0.9632352941176471 0.28431372549019607 0.042483660130718956 0.023284313725490197
0 0.9180964052287581 0.3112745098039216 0.046977124183006536 0.025735294117647058
0 0.9180964052287581 0.28691789215686275 0.046977124183006536 0.022365196078431373
0 0.5087826797385621 0.7270220588235294 0.03227124183006536 0.0508578431372549
0 0.4756944444444444 0.7213541666666666 0.030637254901960783 0.050551470588235295
0 0.4229983660130719 0.7112438725490197 0.07148692810457516 0.0389093137254902
0 0.1597222222222222 0.6983762254901961 0.017973856209150325 0.013174019607843137
0 0.1309232026143791 0.7015931372549019 0.012663398692810458 0.02267156862745098
0 0.9662990196078431 0.30713848039215685 0.044526143790849675 0.020526960784313725
0 0.10988562091503268 0.6966911764705882 0.022058823529411766 0.02267156862745098
0 0.10334967320261437 0.6410845588235294 0.022058823529411766 0.01133578431372549
0 0.14562908496732027 0.6515012254901961 0.015931372549019607 0.015625
0 0.11662581699346405 0.6496629901960784 0.014297385620915032 0.011948529411764705
0 0.11274509803921569 0.5931372549019608 0.05310457516339869 0.04779411764705882
0 0.17136437908496732 0.5958946078431373 0.024101307189542485 0.04963235294117647
0 0.2028186274509804 0.6162683823529411 0.03553921568627451 0.035845588235294115
0 0.28880718954248363 0.6162683823529411 0.04820261437908497 0.0548406862745098
0 0.3321078431372549 0.6383272058823529 0.03594771241830065 0.03462009803921569
0 0.13766339869281047 0.6367953431372549 0.026143790849673203 0.008884803921568627
0 0.9667075163398693 0.41268382352941174 0.03227124183006536 0.0704656862745098
0 0.9244281045751634 0.4071691176470588 0.029411764705882353 0.0625
0 0.8100490196078431 0.3602941176470588 0.06290849673202614 0.0428921568627451
0 0.06331699346405228 0.2734375 0.022058823529411766 0.04442401960784314
0 0.09109477124183006 0.27037377450980393 0.024509803921568627 0.04932598039215686
0 0.11131535947712418 0.2617953431372549 0.024918300653594773 0.030330882352941176
0 0.14440359477124182 0.2700674019607843 0.030637254901960783 0.046875
0 0.17790032679738563 0.2705269607843137 0.02900326797385621 0.04779411764705882
0 0.2136437908496732 0.2679227941176471 0.03594771241830065 0.05177696078431373
0 0.2963643790849673 0.3840379901960784 0.016748366013071895 0.04871323529411765
0 0.3319035947712418 0.3938419117647059 0.027369281045751634 0.04871323529411765
0 0.36764705882352944 0.39200367647058826 0.042483660130718956 0.0548406862745098
0 0.4099264705882353 0.3987438725490196 0.037173202614379085 0.036458333333333336
0 0.4632352941176471 0.3929227941176471 0.018790849673202614 0.050551470588235295
0 0.4993872549019608 0.39246323529411764 0.05269607843137255 0.0625
0 0.5486111111111112 0.39675245098039214 0.0392156862745098 0.03860294117647059
0 0.5935457516339869 0.38388480392156865 0.041666666666666664 0.06311274509803921
0 0.6699346405228758 0.4039522058823529 0.04493464052287582 0.03707107843137255
0 0.6666666666666666 0.36519607843137253 0.04738562091503268 0.03676470588235294
0 0.7160947712418301 0.3943014705882353 0.04330065359477124 0.0625
0 0.7591911764705882 0.39767156862745096 0.03880718954248366 0.06004901960784314
0 0.8102532679738562 0.40456495098039214 0.05514705882352941 0.03829656862745098
0 0.400531045751634 0.6412377450980392 0.01838235294117647 0.04350490196078431
0 0.4652777777777778 0.4806985294117647 0.031862745098039214 0.051470588235294115
