0 0.7145299145299145 0.4701923076923077 0.04700854700854701 0.03894230769230769
0 0.7638888888888888 0.4699519230769231 0.04316239316239316 0.041826923076923074
0 0.822008547008547 0.1996394230769231 0.029487179487179487 0.05504807692307692
0 0.8677350427350428 0.2109375 0.051709401709401706 0.03918269230769231
0 0.03012820512820513 0.29483173076923075 0.06025641025641026 0.061778846153846156
0 0.9709401709401709 0.196875 0.04786324786324787 0.0625
0 0.6649572649572649 0.47103365384615387 0.0452991452991453 0.042067307692307696
0 0.1893162393162393 0.28954326923076923 0.04871794871794872 0.054086538461538464
0 0.2388888888888889 0.2921875 0.04188034188034188 0.05552884615384615
0 0.28568376068376067 0.29338942307692306 0.04145299145299145 0.053125
0 0.9151709401709401 0.21177884615384615 0.0405982905982906 0.0375
0 0.6192307692307693 0.4712740384615385 0.04358974358974359 0.04158653846153846
0 0.4754273504273504 0.4854567307692308 0.05 0.013221153846153846
0 0.5177350427350428 0.48125 0.02863247863247863 0.021634615384615384
0 0.35341880341880344 0.26742788461538464 0.06666666666666667 0.034375
0 0.475 0.47079326923076925 0.04487179487179487 0.012740384615384615
0 0.47649572649572647 0.45853365384615385 0.04786324786324787 0.007451923076923077
0 0.4732905982905983 0.4433894230769231 0.06196581196581197 0.02139423076923077
0 0.4047008547008547 0.47439903846153847 0.026495726495726495 0.03533653846153846
0 0.3685897435897436 0.4689903846153846 0.03547008547008547 0.04807692307692308
0 0.3230769230769231 0.46971153846153846 0.042735042735042736 0.046634615384615385
0 0.32051282051282054 0.4358173076923077 0.037606837606837605 0.01826923076923077
0 0.27841880341880343 0.46634615384615385 0.03888888888888889 0.05576923076923077
0 0.2329059829059829 0.46646634615384613 0.037606837606837605 0.053125
0 0.18653846153846154 0.4655048076923077 0.04316239316239316 0.05504807692307692
0 0.14337606837606837 0.4639423076923077 0.03803418803418803 0.05625
0 0.5677350427350427 0.46923076923076923 0.050854700854700854 0.040865384615384616
0 0.34636752136752136 0.30480769230769234 0.07307692307692308 0.032692307692307694
0 0.607051282051282 0.2861778846153846 0.027777777777777776 0.07235576923076924
0 0.49145299145299143 0.29783653846153846 0.03675213675213675 0.04903846153846154
0 0.9303418803418804 0.5879807692307693 0.017948717948717947 0.021153846153846155
0 0.9576923076923077 0.5626201923076923 0.02735042735042735 0.026201923076923078
0 0.926923076923077 0.5628605769230769 0.018803418803418803 0.018990384615384614
0 0.9732905982905983 0.5367788461538462 0.02606837606837607 0.022596153846153846
0 0.9414529914529914 0.5382211538461539 0.023931623931623933 0.022115384615384617
0 0.9677350427350427 0.5097355769230769 0.023504273504273504 0.019471153846153846
0 0.9405982905982906 0.5088942307692308 0.022222222222222223 0.01875
0 0.9632478632478633 0.4830528846153846 0.026495726495726495 0.024759615384615383
0 0.9352564102564103 0.4856971153846154 0.023504273504273504 0.021875
0 0.9651709401709402 0.45829326923076924 0.02606837606837607 0.02139423076923077
0 0.9397435897435897 0.45877403846153847 0.020512820512820513 0.02283653846153846
0 0.9617521367521368 0.41790865384615383 0.027777777777777776 0.04495192307692308
0 0.930982905982906 0.42139423076923077 0.026923076923076925 0.04471153846153846
0 0.9677350427350427 0.38233173076923077 0.06367521367521367 0.029086538461538462
0 0.9617521367521368 0.33497596153846154 0.051709401709401706 0.05024038461538462
0 0.9835470085470085 0.28197115384615384 0.03461538461538462 0.052884615384615384
0 0.8839743589743589 0.2844951923076923 0.047435897435897434 0.07572115384615384
0 0.8376068376068376 0.2882211538461538 0.040170940170940174 0.07259615384615385
0 0.798931623931624 0.2949519230769231 0.02435897435897436 0.05480769230769231
0 0.7692307692307693 0.2956730769230769 0.02564102564102564 0.057692307692307696
0 0.7384615384615385 0.2953125 0.02564102564102564 0.05841346153846154
0 0.7064102564102565 0.28894230769230766 0.026495726495726495 0.06682692307692308
0 0.6711538461538461 0.2893028846153846 0.03461538461538462 0.06658653846153846
0 0.6376068376068376 0.2871394230769231 0.02735042735042735 0.07235576923076924
0 0.09401709401709402 0.46045673076923077 0.0452991452991453 0.06081730769230769
0 0.5758547008547008 0.25961538461538464 0.02264957264957265 0.010576923076923078
0 0.5324786324786325 0.29723557692307695 0.037606837606837605 0.05216346153846154
0 0.4286324786324786 0.30456730769230766 0.07435897435897436 0.028365384615384615
0 0.029487179487179487 0.47115384615384615 0.05897435897435897 0.013942307692307693
0 0.08952991452991453 0.5417067307692308 0.03632478632478633 0.051682692307692304
0 0.008333333333333333 0.5430288461538462 0.016666666666666666 0.05384615384615385
0 0.09764957264957265 0.6459134615384615 0.06452991452991454 0.036057692307692304
0 0.1111111111111111 0.6173076923076923 0.04700854700854701 0.010576923076923078
0 0.03034188034188034 0.6420673076923077 0.06068376068376068 0.03461538461538462
0 0.03653846153846154 0.6092548076923077 0.06880341880341881 0.024759615384615383
0 0.011538461538461539 0.7120192307692308 0.023076923076923078 0.009615384615384616
0 0.00876068376068376 0.6973557692307693 0.01752136752136752 0.011057692307692308
0 0.03482905982905983 0.6987980769230769 0.02094017094017094 0.008173076923076924
0 0.043376068376068375 0.7120192307692308 0.025213675213675214 0.011538461538461539
0 0.045085470085470085 0.684375 0.03290598290598291 0.009615384615384616
0 0.013034188034188035 0.6825721153846154 0.02606837606837607 0.010817307692307692
0 0.10555555555555556 0.7356971153846154 0.035897435897435895 0.06995192307692308
0 0.16923076923076924 0.7323317307692307 0.06923076923076923 0.06514423076923077
0 0.1658119658119658 0.6423076923076924 0.05811965811965812 0.040865384615384616
0 0.22158119658119657 0.7400240384615384 0.019230769230769232 0.04735576923076923
0 0.27158119658119656 0.7399038461538462 0.02094017094017094 0.047596153846153844
0 0.2950854700854701 0.7379807692307693 0.019230769230769232 0.047115384615384615
0 0.7448717948717949 0.18942307692307692 0.046153846153846156 0.07548076923076923
0 0.6961538461538461 0.1891826923076923 0.05042735042735043 0.07355769230769231
0 0.5811965811965812 0.2075721153846154 0.0735042735042735 0.027644230769230768
0 0.5816239316239317 0.1717548076923077 0.07008547008547009 0.03485576923076923
0 0.49572649572649574 0.15733173076923077 0.03333333333333333 0.02235576923076923
0 0.5038461538461538 0.1986778846153846 0.0452991452991453 0.04975961538461538
0 0.4566239316239316 0.19555288461538461 0.0405982905982906 0.054086538461538464
0 0.41388888888888886 0.1971153846153846 0.03632478632478633 0.052884615384615384
0 0.3713675213675214 0.19411057692307693 0.041025641025641026 0.05216346153846154
0 0.7908119658119658 0.1997596153846154 0.027777777777777776 0.05480769230769231
0 0.24508547008547008 0.7409855769230769 0.02094017094017094 0.04783653846153846
0 0.22884615384615384 0.6364182692307693 0.054273504273504275 0.057451923076923074
0 0.29273504273504275 0.6356971153846154 0.05982905982905983 0.056490384615384616
0 0.3561965811965812 0.6365384615384615 0.06367521367521367 0.052403846153846155
0 0.039957264957264954 0.5429086538461538 0.04316239316239316 0.054086538461538464
0 0.1641025641025641 0.8475961538461538 0.038461538461538464 0.04567307692307692
0 0.12393162393162394 0.5409855769230769 0.02735042735042735 0.053125
0 0.1544871794871795 0.5426682692307693 0.019230769230769232 0.04783653846153846
0 0.1814102564102564 0.5454326923076923 0.02435897435897436 0.04423076923076923
0 0.2128205128205128 0.5435096153846154 0.02564102564102564 0.046153846153846156
0 0.24743589743589745 0.54375 0.029914529914529916 0.047596153846153844
0 0.39850427350427353 0.5444711538461539 0.03888888888888889 0.046153846153846156
0 0.4444444444444444 0.5447115384615384 0.041025641025641026 0.04375
0 0.5021367521367521 0.5463942307692308 0.062393162393162394 0.03798076923076923
0 0.49786324786324787 0.5193509615384615 0.05811965811965812 0.009375
0 0.6081196581196581 0.5431490384615385 0.05811965811965812 0.04879807692307692
0 0.6645299145299145 0.5396634615384616 0.04871794871794872 0.04471153846153846
0 0.7207264957264957 0.5419471153846154 0.050854700854700854 0.042067307692307696
0 0.7792735042735043 0.5413461538461538 0.054273504273504275 0.04326923076923077
0 0.8420940170940171 0.5420673076923077 0.057692307692307696 0.041826923076923074
0 0.8867521367521367 0.54375 0.023931623931623933 0.040865384615384616
0 0.9880341880341881 0.5704326923076923 0.023076923076923078 0.03365384615384615
0 0.861965811965812 0.6269230769230769 0.04786324786324787 0.06057692307692308
0 0.8074786324786325 0.6306490384615384 0.057692307692307696 0.05504807692307692
0 0.7438034188034188 0.6253605769230769 0.05683760683760684 0.03581730769230769
0 0.6764957264957265 0.6265625 0.06837606837606838 0.065625
0 0.6083333333333333 0.637860576923077 0.05854700854700855 0.043028846153846154
0 0.5504273504273505 0.6397836538461539 0.05299145299145299 0.03918269230769231
0 0.5707264957264957 0.6084134615384615 0.06880341880341881 0.01730769230769231
0 0.4822649572649573 0.6354567307692308 0.07136752136752136 0.05456730769230769
0 0.41581196581196583 0.6362980769230769 0.05726495726495726 0.057692307692307696
0 0.03162393162393162 0.45552884615384615 0.06324786324786325 0.013461538461538462
0 0.2143162393162393 0.8414663461538462 0.04145299145299145 0.05793269230769231
0 0.5722222222222222 0.29639423076923077 0.03504273504273504 0.05625
0 0.3141025641025641 0.8358173076923077 0.0452991452991453 0.06682692307692308
0 0.7557692307692307 0.38629807692307694 0.026923076923076925 0.04375
0 0.760042735042735 0.35504807692307694 0.019230769230769232 0.007692307692307693
0 0.7305555555555555 0.35625 0.03034188034188034 0.010096153846153847
0 0.7581196581196581 0.3449519230769231 0.019658119658119658 0.007211538461538462
0 0.7170940170940171 0.3856971153846154 0.02735042735042735 0.04735576923076923
0 0.6641025641025641 0.39471153846153845 0.05641025641025641 0.022596153846153846
0 0.661965811965812 0.3618990384615385 0.0641025641025641 0.02139423076923077
0 0.6175213675213675 0.3897836538461538 0.011965811965811967 0.018509615384615385
0 0.8053418803418804 0.3783653846153846 0.06538461538461539 0.057692307692307696
0 0.5972222222222222 0.38990384615384616 0.02435897435897436 0.025
0 0.5143162393162393 0.38076923076923075 0.029487179487179487 0.052884615384615384
0 0.4617521367521368 0.34951923076923075 0.050854700854700854 0.014423076923076924
0 0.4634615384615385 0.384375 0.06623931623931624 0.04567307692307692
0 0.41004273504273503 0.38209134615384616 0.02863247863247863 0.05024038461538462
0 0.3735042735042735 0.3828125 0.037606837606837605 0.053125
0 0.3329059829059829 0.3813701923076923 0.03418803418803419 0.051682692307692304
0 0.29594017094017094 0.38100961538461536 0.03717948717948718 0.047596153846153844
0 0.3455128205128205 0.34603365384615387 0.04230769230769231 0.014182692307692308
0 0.5525641025641026 0.3699519230769231 0.02905982905982906 0.021634615384615384
0 0.8519230769230769 0.38245192307692305 0.020085470085470087 0.04951923076923077
0 0.8839743589743589 0.3819711538461538 0.026923076923076925 0.052403846153846155
0 0.8606837606837607 0.47139423076923076 0.041025641025641026 0.041346153846153845
0 0.32905982905982906 0.7418269230769231 0.038461538461538464 0.041346153846153845
0 0.37115384615384617 0.7382211538461538 0.03717948717948718 0.05096153846153846
0 0.4132478632478632 0.7431490384615385 0.03162393162393162 0.036778846153846155
0 0.42094017094017094 0.7055288461538461 0.026495726495726495 0.03413461538461538
0 0.4621794871794872 0.6935096153846154 0.03974358974358974 0.01875
0 0.2655982905982906 0.8382211538461538 0.05 0.055288461538461536
0 0.024572649572649572 0.16959134615384616 0.0405982905982906 0.078125
0 0.0702991452991453 0.18653846153846154 0.03888888888888889 0.0673076923076923
0 0.11132478632478632 0.14182692307692307 0.03547008547008547 0.05336538461538461
0 0.15683760683760684 0.1438701923076923 0.040170940170940174 0.04927884615384615
0 0.1955128205128205 0.14555288461538463 0.03205128205128205 0.04447115384615385
0 0.11047008547008547 0.19507211538461539 0.03376068376068376 0.04783653846153846
0 0.15341880341880343 0.19471153846153846 0.04188034188034188 0.05096153846153846
0 0.19594017094017094 0.1969951923076923 0.03717948717948718 0.04879807692307692
0 0.25769230769230766 0.14194711538461538 0.0829059829059829 0.020913461538461537
0 0.25790598290598293 0.1704326923076923 0.07991452991452991 0.03076923076923077
0 0.26153846153846155 0.20516826923076922 0.07863247863247863 0.03245192307692308
0 0.32542735042735044 0.19278846153846155 0.04316239316239316 0.05480769230769231
0 0.8134615384615385 0.47115384615384615 0.04487179487179487 0.04375
0 0.30299145299145297 0.3467548076923077 0.039316239316239315 0.01514423076923077
0 0.2536324786324786 0.3769230769230769 0.03461538461538462 0.05336538461538461
0 0.7316239316239316 0.34362980769230766 0.023931623931623933 0.00985576923076923
0 0.03867521367521368 0.3838942307692308 0.06111111111111111 0.041826923076923074
0 0.9882478632478633 0.7274038461538461 0.023504273504273504 0.05
0 0.9826923076923076 0.6585336538461538 0.03632478632478633 0.024759615384615383
0 0.9910256410256411 0.8262019230769231 0.017094017094017096 0.05384615384615385
0 0.9576923076923077 0.8248798076923077 0.03162393162393162 0.05456730769230769
0 0.9032051282051282 0.8241586538461538 0.07307692307692308 0.06706730769230769
0 0.21324786324786324 0.3794471153846154 0.039316239316239315 0.053125
0 0.6724358974358975 0.8283653846153847 0.08504273504273505 0.06346153846153846
0 0.7555555555555555 0.825 0.07179487179487179 0.06778846153846153
0 0.6055555555555555 0.8383413461538461 0.041025641025641026 0.03870192307692308
0 0.5647435897435897 0.8224759615384616 0.03290598290598291 0.08197115384615385
0 0.5134615384615384 0.8381009615384616 0.052564102564102565 0.05985576923076923
0 0.5194444444444445 0.7975961538461539 0.052564102564102565 0.021634615384615384
0 0.46431623931623933 0.833173076923077 0.03974358974358974 0.06778846153846153
0 0.04786324786324787 0.7679086538461538 0.022222222222222223 0.046875
0 0.023717948717948717 0.7689903846153846 0.02264957264957265 0.04903846153846154
0 0.03717948717948718 0.8449519230769231 0.07435897435897436 0.05096153846153846
0 0.12414529914529915 0.8490384615384615 0.0405982905982906 0.04278846153846154
0 0.414957264957265 0.8302884615384616 0.042735042735042736 0.07355769230769231
0 0.3658119658119658 0.8350961538461539 0.04700854700854701 0.06826923076923076
0 0.9594017094017094 0.7266826923076923 0.026495726495726495 0.05336538461538461
0 0.8735042735042735 0.7298076923076923 0.10512820512820513 0.04807692307692308
0 0.8294871794871795 0.8240384615384615 0.06495726495726496 0.06538461538461539
0 0.6987179487179487 0.6953125 0.04786324786324787 0.010817307692307692
0 0.9431623931623931 0.6163461538461539 0.023076923076923078 0.022115384615384617
0 0.9188034188034188 0.6414663461538461 0.023076923076923078 0.017548076923076923
0 0.9444444444444444 0.6393028846153846 0.017094017094017096 0.019471153846153846
0 0.7797008547008547 0.7346153846153847 0.06709401709401709 0.03990384615384615
0 0.4658119658119658 0.7481971153846154 0.05128205128205128 0.026682692307692307
0 0.4636752136752137 0.7194711538461539 0.04700854700854701 0.01971153846153846
0 0.5147435897435897 0.7193509615384616 0.04658119658119658 0.019951923076923075
0 0.5123931623931623 0.6943509615384615 0.04188034188034188 0.019471153846153846
0 0.5196581196581197 0.746875 0.04871794871794872 0.026923076923076925
0 0.5641025641025641 0.7462740384615385 0.03162393162393162 0.02139423076923077
0 0.5611111111111111 0.7278846153846154 0.02905982905982906 0.014423076923076924
0 0.9594017094017094 0.5895432692307693 0.023076923076923078 0.020432692307692308
0 0.6408119658119659 0.6882211538461539 0.045726495726495724 0.020192307692307693
0 0.6059829059829059 0.7382211538461538 0.04188034188034188 0.03942307692307692
0 0.9134615384615384 0.6138221153846154 0.02435897435897436 0.017548076923076923
0 0.6512820512820513 0.7373798076923077 0.042735042735042736 0.03918269230769231
0 0.7066239316239317 0.7366586538461538 0.051709401709401706 0.03341346153846154
0 0.7014957264957264 0.7102163461538461 0.057692307692307696 0.010817307692307692
