0 0.17838541666666666 0.3732421875 0.044270833333333336 0.064453125
0 0.10989583333333333 0.3775390625 0.03333333333333333 0.064453125
0 0.06692708333333333 0.37734375 0.0421875 0.06640625
0 0.053125 0.2599609375 0.05 0.075390625
0 0.1109375 0.2607421875 0.04583333333333333 0.076171875
0 0.2643229166666667 0.26484375 0.044270833333333336 0.06796875
0 0.21536458333333333 0.2623046875 0.043229166666666666 0.066796875
0 0.30963541666666666 0.2634765625 0.0421875 0.066796875
0 0.3541666666666667 0.2630859375 0.04479166666666667 0.069140625
0 0.41041666666666665 0.2638671875 0.040625 0.069921875
0 0.2265625 0.3759765625 0.040625 0.065234375
0 0.16432291666666668 0.262109375 0.04739583333333333 0.0671875
0 0.328125 0.376953125 0.04583333333333333 0.065625
0 0.27786458333333336 0.375390625 0.043229166666666666 0.0640625
0 0.4234375 0.376171875 0.041666666666666664 0.0625
0 0.4708333333333333 0.3759765625 0.04479166666666667 0.062890625
0 0.52109375 0.38984375 0.044270833333333336 0.08984375
0 0.5653645833333333 0.390234375 0.0359375 0.0890625
0 0.6036458333333333 0.3892578125 0.034375 0.086328125
0 0.6408854166666667 0.3884765625 0.0359375 0.087890625
0 0.6755208333333333 0.387890625 0.03333333333333333 0.0890625
0 0.45546875 0.2615234375 0.0390625 0.072265625
0 0.08671875 0.4830078125 0.033854166666666664 0.058203125
0 0.140625 0.484375 0.036458333333333336 0.05703125
0 0.17421875 0.4859375 0.025520833333333333 0.05234375
0 0.22734375 0.4818359375 0.0390625 0.054296875
0 0.27239583333333334 0.4845703125 0.040625 0.055078125
0 0.37604166666666666 0.376953125 0.041666666666666664 0.0609375
0 0.5096354166666667 0.2798828125 0.044270833333333336 0.086328125
0 0.8419270833333333 0.1609375 0.03177083333333333 0.06875
0 0.60703125 0.2736328125 0.049479166666666664 0.098828125
0 0.03854166666666667 0.128125 0.04375 0.08671875
0 0.09296875 0.1310546875 0.05260416666666667 0.084765625
0 0.15338541666666666 0.1322265625 0.050520833333333334 0.082421875
0 0.209375 0.1302734375 0.03958333333333333 0.082421875
0 0.26510416666666664 0.1349609375 0.051041666666666666 0.079296875
0 0.31276041666666665 0.1318359375 0.03802083333333333 0.083203125
0 0.3580729166666667 0.132421875 0.044270833333333336 0.084375
0 0.4122395833333333 0.1330078125 0.049479166666666664 0.084765625
0 0.46927083333333336 0.1333984375 0.04375 0.080078125
0 0.5315104166666667 0.1466796875 0.0515625 0.093359375
0 0.58515625 0.146875 0.050520833333333334 0.096875
0 0.6299479166666667 0.1474609375 0.03697916666666667 0.094140625
0 0.6765625 0.1349609375 0.04895833333333333 0.123046875
0 0.7263020833333333 0.13359375 0.0453125 0.1234375
0 0.7684895833333333 0.1427734375 0.03802083333333333 0.103515625
0 0.80703125 0.14375 0.033854166666666664 0.1015625
0 0.3294270833333333 0.4841796875 0.034895833333333334 0.057421875
0 0.87578125 0.1607421875 0.034895833333333334 0.071484375
0 0.9135416666666667 0.1630859375 0.03854166666666667 0.066796875
0 0.9565104166666667 0.1498046875 0.03802083333333333 0.091015625
0 0.9645833333333333 0.28125 0.04791666666666667 0.08984375
0 0.90234375 0.2912109375 0.0515625 0.076171875
0 0.8104166666666667 0.2974609375 0.040625 0.055078125
0 0.7651041666666667 0.289453125 0.04791666666666667 0.06875
0 0.7244791666666667 0.2751953125 0.028125 0.095703125
0 0.6916666666666667 0.2744140625 0.034375 0.098828125
0 0.6544270833333333 0.2751953125 0.0359375 0.101953125
0 0.5580729166666667 0.27265625 0.04635416666666667 0.10234375
0 0.38229166666666664 0.482421875 0.04895833333333333 0.059375
0 0.45546875 0.5845703125 0.0390625 0.053515625
0 0.4947916666666667 0.497265625 0.03958333333333333 0.08203125
0 0.3125 0.58203125 0.04583333333333333 0.0609375
0 0.26901041666666664 0.5828125 0.0359375 0.06328125
0 0.2265625 0.5826171875 0.035416666666666666 0.057421875
0 0.18932291666666667 0.5841796875 0.0328125 0.058203125
0 0.15130208333333334 0.581640625 0.03802083333333333 0.059375
0 0.10703125 0.584765625 0.04114583333333333 0.059375
0 0.1296875 0.69765625 0.08958333333333333 0.07578125
0 0.2328125 0.698046875 0.103125 0.0875
0 0.33541666666666664 0.6953125 0.1 0.08046875
0 0.4375 0.694921875 0.103125 0.08125
0 0.6393229166666666 0.690234375 0.09114583333333333 0.0765625
0 0.3541666666666667 0.583984375 0.03958333333333333 0.05703125
0 0.7322916666666667 0.6873046875 0.090625 0.074609375
0 0.93125 0.6783203125 0.0375 0.075390625
0 0.9145833333333333 0.7794921875 0.08229166666666667 0.091796875
0 0.825 0.784375 0.09270833333333334 0.0890625
0 0.7294270833333333 0.78984375 0.09635416666666667 0.08359375
0 0.63203125 0.7931640625 0.08489583333333334 0.083984375
0 0.54609375 0.796484375 0.0921875 0.078125
0 0.44765625 0.798046875 0.0984375 0.0859375
0 0.3421875 0.796484375 0.10520833333333333 0.09140625
0 0.2375 0.79765625 0.09895833333333333 0.09765625
0 0.13255208333333332 0.79921875 0.10677083333333333 0.10078125
0 0.4421875 0.4822265625 0.04583333333333333 0.059765625
0 0.8317708333333333 0.6833984375 0.1 0.077734375
0 0.3971354166666667 0.582421875 0.0421875 0.05546875
0 0.54296875 0.6916015625 0.09947916666666666 0.080859375
0 0.8364583333333333 0.5013671875 0.03125 0.062890625
0 0.5046875 0.6052734375 0.042708333333333334 0.051953125
0 0.5809895833333333 0.4943359375 0.0359375 0.073046875
0 0.6197916666666666 0.506640625 0.03333333333333333 0.05859375
0 0.6552083333333333 0.50546875 0.034375 0.0609375
0 0.6901041666666666 0.5068359375 0.034375 0.058203125
0 0.72734375 0.5044921875 0.0359375 0.058984375
0 0.7651041666666667 0.498046875 0.034375 0.06953125
0 0.8015625 0.496875 0.034375 0.071875
0 0.865625 0.4986328125 0.022916666666666665 0.064453125
0 0.903125 0.4919921875 0.03958333333333333 0.075390625
0 0.95078125 0.490234375 0.03697916666666667 0.07890625
0 0.5408854166666667 0.494921875 0.04010416666666667 0.08046875
0 0.9625 0.5857421875 0.035416666666666666 0.080078125
0 0.9875 0.491015625 0.023958333333333335 0.07734375
0 0.909375 0.5828125 0.027083333333333334 0.0734375
0 0.93359375 0.585546875 0.0140625 0.06015625
0 0.8614583333333333 0.5931640625 0.0625 0.061328125
0 0.81796875 0.5958984375 0.019270833333333334 0.068359375
0 0.79296875 0.5884765625 0.028645833333333332 0.076953125
0 0.7606770833333333 0.5884765625 0.027604166666666666 0.076953125
0 0.7307291666666667 0.5892578125 0.029166666666666667 0.077734375
0 0.6971354166666667 0.591015625 0.0265625 0.07578125
0 0.6643229166666667 0.5998046875 0.0328125 0.058203125
0 0.6270833333333333 0.6025390625 0.036458333333333336 0.057421875
