0 0.7026270456503014 0.21329941860465115 0.09000861326442722 0.04433139534883721
0 0.8130921619293713 0.2038517441860465 0.04995693367786391 0.06613372093023256
0 0.8664944013781223 0.2033672480620155 0.037037037037037035 0.06710271317829457
0 0.9147286821705426 0.21414728682170542 0.03531438415159346 0.03972868217054264
0 0.9674849267872524 0.2162063953488372 0.04263565891472868 0.0438468992248062
0 0.17571059431524547 0.3392684108527132 0.041343669250646 0.052567829457364344
0 0.12489233419465978 0.3369670542635659 0.03273040482342808 0.05910852713178295
0 0.2194229112833764 0.3334544573643411 0.020241171403962102 0.06468023255813954
0 0.597114556416882 0.21814437984496124 0.09603789836347976 0.0438468992248062
0 0.268733850129199 0.35198643410852715 0.06459948320413436 0.027131782945736434
0 0.34926787252368646 0.3507751937984496 0.05167958656330749 0.029554263565891473
0 0.060723514211886306 0.3012354651162791 0.06718346253229975 0.052083333333333336
0 0.4920327304048234 0.2245639534883721 0.03832902670111973 0.02810077519379845
0 0.4748062015503876 0.6749031007751938 0.0305770887166236 0.011143410852713179
0 0.4343238587424634 0.1895591085271318 0.03660637381567614 0.02446705426356589
0 0.4338931955211025 0.22323158914728683 0.03574504737295435 0.027374031007751938
0 0.39254952627045653 0.21354166666666666 0.023686477174849268 0.062257751937984496
0 0.34345391903531436 0.21015019379844962 0.040051679586563305 0.0627422480620155
0 0.29328165374677 0.21233042635658914 0.037037037037037035 0.06468023255813954
0 0.24483204134366926 0.21402616279069767 0.043496985357450474 0.06128875968992248
0 0.20305770887166236 0.21039244186046513 0.03660637381567614 0.062257751937984496
0 0.15676141257536608 0.20784883720930233 0.041343669250646 0.06686046511627906
0 0.10960378983634797 0.2222625968992248 0.040051679586563305 0.04481589147286822
0 0.06782945736434108 0.22250484496124032 0.027131782945736434 0.04433139534883721
0 0.023040482342807925 0.20990794573643412 0.0409130060292851 0.06661821705426356
0 0.4037467700258398 0.33175872093023256 0.04608096468561585 0.06128875968992248
0 0.5180878552971576 0.6606104651162791 0.03617571059431524 0.012112403100775194
0 0.4933247200689061 0.19016472868217055 0.04608096468561585 0.03246124031007752
0 0.4450904392764858 0.3341812015503876 0.031438415159345395 0.06613372093023256
0 0.9306632213608957 0.622577519379845 0.04565030146425495 0.027131782945736434
0 0.5258397932816538 0.33660368217054265 0.03531438415159346 0.06468023255813954
0 0.40633074935400515 0.6878633720930233 0.02454780361757106 0.06080426356589147
0 0.37704565030146425 0.6861676356589147 0.020241171403962102 0.06177325581395349
0 0.34862187769164515 0.686046511627907 0.022825150732127476 0.06298449612403101
0 0.3145994832041344 0.6929505813953488 0.031438415159345395 0.05159883720930233
0 0.28165374677002586 0.6900436046511628 0.019810508182601206 0.04675387596899225
0 0.4827734711455642 0.33563468992248063 0.041343669250646 0.06564922480620156
0 0.25279931093884583 0.690406976744186 0.02756244616709733 0.056686046511627904
0 0.18281653746770027 0.6952519379844961 0.06675279931093885 0.03439922480620155
0 0.11477174849267872 0.6759932170542635 0.01765719207579673 0.03948643410852713
0 0.09237726098191215 0.6765988372093024 0.021963824289405683 0.03827519379844961
0 0.060077519379844964 0.6752664728682171 0.03316106804478897 0.0438468992248062
0 0.02347114556416882 0.6875 0.03574504737295435 0.022771317829457363
0 0.929801894918174 0.5662548449612403 0.03875968992248062 0.017199612403100775
0 0.8761843238587425 0.6224563953488372 0.040051679586563305 0.023982558139534885
0 0.8232127476313523 0.6178536821705426 0.04263565891472868 0.021075581395348836
0 0.7739018087855297 0.6187015503875969 0.04220499569336779 0.022771317829457363
0 0.9272179155900087 0.594718992248062 0.04392764857881137 0.02180232558139535
0 0.40159345391903534 0.5962936046511628 0.04780361757105943 0.07049418604651163
0 0.45434969853574503 0.596172480620155 0.04392764857881137 0.06782945736434108
0 0.5002153316106804 0.5988372093023255 0.03832902670111973 0.0692829457364341
0 0.5437123169681309 0.5983527131782945 0.03832902670111973 0.07218992248062016
0 0.592807924203273 0.6047722868217055 0.03316106804478897 0.056443798449612406
0 0.638458225667528 0.6208817829457365 0.04263565891472868 0.030523255813953487
0 0.4384151593453919 0.6901647286821705 0.023255813953488372 0.060077519379844964
0 0.6332902670111973 0.5807897286821705 0.021963824289405683 0.027858527131782947
0 0.6916451335055986 0.6025920542635659 0.018949181739879414 0.05547480620155039
0 0.7260981912144703 0.6063468992248062 0.03359173126614987 0.050387596899224806
0 0.7732558139534884 0.5919331395348837 0.0409130060292851 0.023982558139534885
0 0.8776916451335056 0.6957364341085271 0.03186907838070629 0.05184108527131783
0 0.8247200689061154 0.5910852713178295 0.04565030146425495 0.02567829457364341
0 0.8761843238587425 0.5935077519379846 0.040051679586563305 0.02422480620155039
0 0.6720499569336779 0.5992005813953488 0.01765719207579673 0.05547480620155039
0 0.47825150732127475 0.6590358527131783 0.027131782945736434 0.015261627906976744
0 0.9621016365202412 0.8020833333333334 0.06459948320413436 0.029069767441860465
0 0.966838931955211 0.7731346899224806 0.06890611541774333 0.025436046511627907
0 0.4702842377260982 0.7129360465116279 0.03273040482342808 0.011627906976744186
0 0.5167958656330749 0.7142684108527132 0.03359173126614987 0.018168604651162792
0 0.5605081826012058 0.7157218992248062 0.034022394487510765 0.01187015503875969
0 0.560077519379845 0.6971899224806202 0.027131782945736434 0.012112403100775194
0 0.5605081826012058 0.6784156976744186 0.034022394487510765 0.013323643410852713
0 0.6044358311800172 0.6789001937984496 0.03488372093023256 0.012354651162790697
0 0.51442721791559 0.6960998062015504 0.02885443583118002 0.014292635658914728
0 0.6037898363479759 0.6984011627906976 0.02756244616709733 0.01308139534883721
0 0.6427648578811369 0.6979166666666666 0.029715762273901807 0.041666666666666664
0 0.6449181739879414 0.6682412790697675 0.034022394487510765 0.012354651162790697
0 0.6884151593453919 0.6896802325581395 0.034022394487510765 0.05813953488372093
0 0.7342807924203273 0.6907703488372093 0.04392764857881137 0.0559593023255814
0 0.7818690783807063 0.6908914728682171 0.04177433247200689 0.05765503875968992
0 0.8313953488372093 0.6873788759689923 0.037467700258397935 0.0627422480620155
0 0.5977605512489234 0.7169331395348837 0.026701119724375538 0.012839147286821706
0 0.35723514211886304 0.5955668604651163 0.040051679586563305 0.06564922480620156
0 0.4763135228251507 0.6936773255813954 0.03962101636520241 0.013323643410852713
0 0.076442721791559 0.7765261627906976 0.03316106804478897 0.049176356589147284
0 0.8143841515934539 0.7883963178294574 0.03617571059431524 0.07243217054263566
0 0.7719638242894057 0.7839147286821705 0.03229974160206718 0.06540697674418605
0 0.6996124031007752 0.8098352713178295 0.0512489233419466 0.016472868217054265
0 0.6347975882859603 0.8069282945736435 0.05167958656330749 0.01308139534883721
0 0.7071490094745909 0.7897286821705426 0.0714900947459087 0.01065891472868217
0 0.6326442721791559 0.7910610465116279 0.05857019810508183 0.014292635658914728
0 0.9285099052540913 0.7135416666666666 0.03617571059431524 0.019622093023255814
0 0.7075796726959518 0.7747093023255814 0.0611541774332472 0.016472868217054265
0 0.7067183462532299 0.7556928294573644 0.06546080964685616 0.011385658914728682
0 0.6343669250645995 0.7578730620155039 0.06718346253229975 0.013323643410852713
0 0.5594315245478036 0.7583575581395349 0.05857019810508183 0.042877906976744186
0 0.4892334194659776 0.7865794573643411 0.04909560723514212 0.06298449612403101
0 0.36068044788975023 0.7833091085271318 0.11757105943152454 0.05111434108527132
0 0.12015503875968993 0.7778585271317829 0.04478897502153316 0.05426356589147287
0 0.6315676141257537 0.7742248062015504 0.056416881998277345 0.011143410852713179
0 0.3128768303186908 0.5936288759689923 0.044358311800172266 0.06807170542635659
0 0.9280792420327304 0.6864098837209303 0.04565030146425495 0.027858527131782947
0 0.2297588285960379 0.5945978682170543 0.04608096468561585 0.06710271317829457
0 0.774547803617571 0.41908914728682173 0.021102497846683894 0.045542635658914726
0 0.8012489233419466 0.421390503875969 0.020241171403962102 0.047722868217054265
0 0.8389319552110249 0.41799903100775193 0.03617571059431524 0.05062984496124031
0 0.8807062876830318 0.4183624031007752 0.03789836347975883 0.05377906976744186
0 0.5165805340223945 0.6782945736434108 0.027131782945736434 0.010174418604651164
0 0.8736003445305771 0.38420542635658916 0.040051679586563305 0.011627906976744186
0 0.9394918173987942 0.3875968992248062 0.04177433247200689 0.01986434108527132
0 0.936046511627907 0.4100048449612403 0.040051679586563305 0.021075581395348836
0 0.7370801033591732 0.4132751937984496 0.04952627045650301 0.06346899224806202
0 0.9295865633074936 0.4328972868217054 0.03832902670111973 0.017926356589147287
0 0.020025839793281652 0.49333817829457366 0.03488372093023256 0.053052325581395346
0 0.06718346253229975 0.4906734496124031 0.04220499569336779 0.04869186046511628
0 0.1694659776055125 0.4775920542635659 0.08914728682170543 0.03561046511627907
0 0.2711024978466839 0.6040455426356589 0.031438415159345395 0.04578488372093023
0 0.25861326442721794 0.5116279069767442 0.0710594315245478 0.04408914728682171
0 0.3481912144702842 0.5110222868217055 0.06589147286821706 0.039001937984496124
0 0.419250645994832 0.5093265503875969 0.06675279931093885 0.033187984496124034
0 0.5051679586563308 0.5162306201550387 0.06459948320413436 0.0377906976744186
0 0.9819121447028424 0.4119428294573643 0.03962101636520241 0.05692829457364341
0 0.6040051679586563 0.516593992248062 0.0822566752799311 0.034156976744186045
0 0.6838931955211025 0.41375968992248063 0.041343669250646 0.05910852713178295
0 0.6160637381567614 0.41400193798449614 0.03574504737295435 0.06201550387596899
0 0.5622308354866494 0.33066860465116277 0.037467700258397935 0.0755813953488372
0 0.5977605512489234 0.3288517441860465 0.03186907838070629 0.07340116279069768
0 0.6307062876830318 0.34132751937984496 0.021963824289405683 0.05426356589147287
0 0.6602067183462532 0.3379360465116279 0.026701119724375538 0.055232558139534885
0 0.6909991386735572 0.33430232558139533 0.034022394487510765 0.0625
0 0.7444013781223083 0.33454457364341084 0.04263565891472868 0.06346899224806202
0 0.7917743324720069 0.3293362403100775 0.03919035314384152 0.06613372093023256
0 0.8430232558139535 0.33078972868217055 0.03316106804478897 0.07146317829457365
0 0.6494401378122309 0.4160610465116279 0.015503875968992248 0.05547480620155039
0 0.8871662360034454 0.3246124031007752 0.04565030146425495 0.08187984496124032
0 0.02239448751076658 0.39147286821705424 0.028423772609819122 0.07025193798449612
0 0.06912144702842377 0.3941375968992248 0.040051679586563305 0.06637596899224807
0 0.1694659776055125 0.4165455426356589 0.09431524547803617 0.04481589147286822
0 0.24720068906115417 0.42005813953488375 0.06459948320413436 0.035852713178294575
0 0.3227820844099914 0.4265988372093023 0.06933677863910422 0.03682170542635659
0 0.4420757967269595 0.42478197674418605 0.09603789836347976 0.04626937984496124
0 0.5290697674418605 0.42151162790697677 0.06847545219638243 0.041666666666666664
0 0.5874246339362619 0.41448643410852715 0.017226528854435832 0.05765503875968992
0 0.9412144702842378 0.3240067829457364 0.0615848406546081 0.08212209302325581
0 0.5925925925925926 0.4797722868217054 0.06546080964685616 0.028343023255813952
0 0.16343669250645995 0.5176841085271318 0.07708871662360034 0.0377906976744186
0 0.867786391042205 0.5168362403100775 0.082687338501292 0.033672480620155036
0 0.18518518518518517 0.5924176356589147 0.03875968992248062 0.0627422480620155
0 0.13608957795004306 0.6040455426356589 0.03875968992248062 0.04578488372093023
0 0.08807062876830318 0.5859980620155039 0.0512489233419466 0.05135658914728682
0 0.043496985357450474 0.5859980620155039 0.02756244616709733 0.05571705426356589
0 0.014642549526270457 0.5841812015503876 0.024117140396210164 0.05159883720930233
0 0.97114556416882 0.518047480620155 0.0611541774332472 0.037063953488372096
0 0.9567183462532299 0.4778343023255814 0.08139534883720931 0.03221899224806202
0 0.8643410852713178 0.48498062015503873 0.07062876830318691 0.027131782945736434
0 0.7797157622739018 0.5169573643410853 0.07019810508182601 0.03924418604651163
0 0.6901378122308355 0.5155038759689923 0.07019810508182601 0.03924418604651163
0 0.6871231696813093 0.4795300387596899 0.08570198105081826 0.02882751937984496
