0 0.45986519607843135 0.7091503267973857 0.020833333333333332 0.05392156862745098
0 0.44454656862745096 0.704248366013072 0.011029411764705883 0.059640522875817
0 0.9339767156862745 0.29473039215686275 0.030330882352941176 0.08782679738562091
0 0.8386948529411765 0.29983660130718953 0.022365196078431373 0.09395424836601307
0 0.8174019607843137 0.3016748366013072 0.02022058823529412 0.09191176470588236
0 0.7979473039215687 0.3006535947712418 0.018688725490196078 0.09068627450980392
0 0.7757352941176471 0.30187908496732024 0.02144607843137255 0.0923202614379085
0 0.4834558823529412 0.7148692810457516 0.011029411764705883 0.04738562091503268
0 0.7549019607843137 0.29901960784313725 0.01838235294117647 0.08905228758169935
0 0.8641237745098039 0.2992238562091503 0.026041666666666668 0.10008169934640523
0 0.4970894607843137 0.7263071895424836 0.013174019607843137 0.059640522875817
0 0.8089767156862745 0.8533496732026143 0.03829656862745098 0.10784313725490197
0 0.5755208333333334 0.7397875816993464 0.01133578431372549 0.06535947712418301
0 0.7011335784313726 0.3059640522875817 0.013174019607843137 0.07516339869281045
0 0.9085477941176471 0.30269607843137253 0.01991421568627451 0.10049019607843138
0 0.9842218137254902 0.9127859477124183 0.030330882352941176 0.1352124183006536
0 0.8897058823529411 0.9185049019607843 0.028186274509803922 0.01511437908496732
0 0.8556985294117647 0.9017565359477124 0.023284313725490197 0.024918300653594773
0 0.7691482843137255 0.8363970588235294 0.03707107843137255 0.09763071895424837
0 0.5113357843137255 0.7287581699346405 0.014705882352941176 0.07107843137254902
0 0.6927083333333334 0.8022875816993464 0.015318627450980392 0.06045751633986928
0 0.6631433823529411 0.7818627450980392 0.013786764705882353 0.07761437908496732
0 0.6482843137254902 0.7749183006535948 0.013480392156862746 0.08333333333333333
0 0.6338848039215687 0.7630718954248366 0.015931372549019607 0.08496732026143791
0 0.6165747549019608 0.7569444444444444 0.01685049019607843 0.07352941176470588
0 0.6029411764705882 0.7542892156862745 0.00980392156862745 0.0690359477124183
0 0.5900735294117647 0.747140522875817 0.014093137254901961 0.06699346405228758
0 0.6764705882352942 0.7855392156862745 0.012867647058823529 0.07516339869281045
0 0.6839767156862745 0.2977941176470588 0.017463235294117647 0.08415032679738563
0 0.5755208333333334 0.29534313725490197 0.013174019607843137 0.07516339869281045
0 0.6504289215686274 0.29697712418300654 0.018995098039215685 0.08496732026143791
0 0.6724877450980392 0.19873366013071894 0.014705882352941176 0.08047385620915033
0 0.6548713235294118 0.2034313725490196 0.015625 0.06699346405228758
0 0.6395526960784313 0.207312091503268 0.013174019607843137 0.07312091503267974
0 0.6231617647058824 0.20955882352941177 0.018995098039215685 0.06944444444444445
0 0.6069240196078431 0.20833333333333334 0.012867647058823529 0.06862745098039216
0 0.5934436274509803 0.2093545751633987 0.014093137254901961 0.06740196078431372
0 0.5787377450980392 0.2079248366013072 0.014705882352941176 0.06454248366013073
0 0.5096507352941176 0.20772058823529413 0.013174019607843137 0.06413398692810457
0 0.4966299019607843 0.2079248366013072 0.012254901960784314 0.06209150326797386
0 0.4837622549019608 0.20690359477124182 0.012867647058823529 0.06413398692810457
0 0.4699754901960784 0.20812908496732027 0.014705882352941176 0.0690359477124183
0 0.4572610294117647 0.2113970588235294 0.010723039215686275 0.06413398692810457
0 0.44607843137254904 0.20955882352941177 0.009191176470588236 0.061274509803921566
0 0.4333639705882353 0.21119281045751634 0.01011029411764706 0.06045751633986928
0 0.43504901960784315 0.3686683006535948 0.012254901960784314 0.07393790849673203
0 0.6888786764705882 0.198937908496732 0.012561274509803922 0.07598039215686274
0 0.7622549019607843 0.1868872549019608 0.02267156862745098 0.09681372549019608
0 0.7873774509803921 0.17973856209150327 0.025735294117647058 0.10702614379084967
0 0.8114276960784313 0.1787173202614379 0.021139705882352942 0.10661764705882353
0 0.6337316176470589 0.30126633986928103 0.013786764705882353 0.09354575163398693
0 0.6204044117647058 0.3006535947712418 0.013480392156862746 0.0923202614379085
0 0.6053921568627451 0.2992238562091503 0.014705882352941176 0.09109477124183006
0 0.5893075980392157 0.3014705882352941 0.014399509803921568 0.08741830065359477
0 0.5084252450980392 0.28227124183006536 0.012561274509803922 0.08251633986928104
0 0.4944852941176471 0.2847222222222222 0.012867647058823529 0.07924836601307189
0 0.48268995098039214 0.28288398692810457 0.010723039215686275 0.0763888888888889
0 0.6662071078431373 0.29677287581699346 0.011948529411764705 0.08619281045751634
0 0.4696691176470588 0.2890114379084967 0.011029411764705883 0.0763888888888889
0 0.44577205882352944 0.2875816993464052 0.014093137254901961 0.08006535947712418
0 0.4333639705882353 0.28656045751633985 0.008884803921568627 0.07883986928104575
0 0.9430147058823529 0.1670751633986928 0.024509803921568627 0.10457516339869281
0 0.9102328431372549 0.1715686274509804 0.023284313725490197 0.09967320261437909
0 0.8843443627450981 0.17463235294117646 0.02420343137254902 0.10580065359477124
0 0.8578431372549019 0.18075980392156862 0.027573529411764705 0.09191176470588236
0 0.8325674019607843 0.1815767973856209 0.021139705882352942 0.09844771241830065
0 0.45848651960784315 0.2894199346405229 0.009497549019607842 0.0755718954248366
0 0.44699754901960786 0.3727532679738562 0.011029411764705883 0.0821078431372549
0 0.8878676470588235 0.3029003267973856 0.018995098039215685 0.1017156862745098
0 0.6790747549019608 0.4889705882352941 0.013174019607843137 0.07516339869281045
0 0.6891850490196079 0.6832107843137255 0.013786764705882353 0.07720588235294118
0 0.7594975490196079 0.7209967320261438 0.01715686274509804 0.058823529411764705
0 0.7797181372549019 0.7363153594771242 0.020833333333333332 0.06576797385620915
0 0.8060661764705882 0.7512254901960784 0.029411764705882353 0.058823529411764705
0 0.8356311274509803 0.7406045751633987 0.029105392156862746 0.09477124183006536
0 0.8653492647058824 0.7526552287581699 0.03216911764705882 0.11723856209150327
0 0.8970588235294118 0.7626633986928104 0.031862745098039214 0.11601307189542484
0 0.6740196078431373 0.6764705882352942 0.015318627450980392 0.07026143790849673
0 0.9027267156862745 0.8654003267973857 0.026041666666666668 0.023284313725490197
0 0.8610600490196079 0.8772467320261438 0.02542892156862745 0.013480392156862746
0 0.8840379901960784 0.8956290849673203 0.018075980392156864 0.020833333333333332
0 0.9162071078431373 0.9025735294117647 0.02849264705882353 0.023284313725490197
0 0.46292892156862747 0.5392156862745098 0.011642156862745098 0.06781045751633986
0 0.45159313725490197 0.5349264705882353 0.00980392156862745 0.06985294117647059
0 0.43933823529411764 0.5337009803921569 0.00980392156862745 0.06985294117647059
0 0.9223345588235294 0.5275735294117647 0.021139705882352942 0.10334967320261437
0 0.8673406862745098 0.8449754901960784 0.02389705882352941 0.030637254901960783
0 0.657015931372549 0.6666666666666666 0.016237745098039217 0.08088235294117647
0 0.6403186274509803 0.6660539215686274 0.016544117647058824 0.07965686274509803
0 0.6228553921568627 0.6580882352941176 0.01838235294117647 0.08741830065359477
0 0.8080575980392157 0.6186683006535948 0.017463235294117647 0.08700980392156862
0 0.8295036764705882 0.6260212418300654 0.021752450980392156 0.10089869281045752
0 0.8530943627450981 0.6317401960784313 0.024816176470588234 0.08946078431372549
0 0.8771446078431373 0.6382761437908496 0.02022058823529412 0.09926470588235294
0 0.8982843137254902 0.6456290849673203 0.022058823529411766 0.08537581699346405
0 0.9917279411764706 0.5247140522875817 0.015931372549019607 0.09272875816993464
0 0.9918811274509803 0.6337826797385621 0.016237745098039217 0.1017156862745098
0 0.4413296568627451 0.6286764705882353 0.010723039215686275 0.04656862745098039
0 0.4528186274509804 0.6207107843137255 0.012254901960784314 0.0625
0 0.46400122549019607 0.6200980392156863 0.01011029411764706 0.0727124183006536
0 0.4759497549019608 0.6258169934640523 0.012561274509803922 0.07924836601307189
0 0.4882046568627451 0.6286764705882353 0.009497549019607842 0.07679738562091504
0 0.5006127450980392 0.6333741830065359 0.012867647058823529 0.08537581699346405
0 0.5116421568627451 0.6354166666666666 0.010416666666666666 0.07965686274509803
0 0.5793504901960784 0.6437908496732027 0.012254901960784314 0.0727124183006536
0 0.5932904411764706 0.6460375816993464 0.013786764705882353 0.07720588235294118
0 0.6063112745098039 0.6491013071895425 0.013480392156862746 0.07107843137254902
0 0.9022671568627451 0.5261437908496732 0.017769607843137254 0.10702614379084967
0 0.8794424019607843 0.5214460784313726 0.02542892156862745 0.09844771241830065
0 0.8558517156862745 0.5161356209150327 0.021752450980392156 0.08946078431372549
0 0.8328737745098039 0.5122549019607843 0.023590686274509803 0.08251633986928104
0 0.8618259803921569 0.4227941176470588 0.025122549019607844 0.08088235294117647
0 0.8386948529411765 0.4201388888888889 0.021139705882352942 0.07883986928104575
0 0.8166360294117647 0.42054738562091504 0.022365196078431373 0.07883986928104575
0 0.7947303921568627 0.41625816993464054 0.020833333333333332 0.0727124183006536
0 0.7745098039215687 0.414624183006536 0.018995098039215685 0.0718954248366013
0 0.7553615196078431 0.4140114379084967 0.019301470588235295 0.07230392156862746
0 0.6502757352941176 0.38643790849673204 0.01685049019607843 0.07434640522875817
0 0.6346507352941176 0.3866421568627451 0.015625 0.08047385620915033
0 0.6199448529411765 0.3882761437908497 0.012561274509803922 0.07802287581699346
0 0.6056985294117647 0.38786764705882354 0.015318627450980392 0.0755718954248366
0 0.5909926470588235 0.3868464052287582 0.014093137254901961 0.07761437908496732
0 0.5764399509803921 0.38357843137254904 0.015012254901960785 0.0718954248366013
0 0.5058210784313726 0.37602124183006536 0.014705882352941176 0.08374183006535947
0 0.4921875 0.37193627450980393 0.011948529411764705 0.07475490196078431
0 0.48131127450980393 0.3715277777777778 0.007965686274509803 0.08455882352941177
0 0.4699754901960784 0.3713235294117647 0.013480392156862746 0.08415032679738563
0 0.4580269607843137 0.3715277777777778 0.010416666666666666 0.08455882352941177
0 0.8852634803921569 0.4242238562091503 0.020526960784313725 0.07802287581699346
0 0.7861519607843137 0.6109068627450981 0.0196078431372549 0.08946078431372549
0 0.9064031862745098 0.4279003267973856 0.022365196078431373 0.0821078431372549
0 0.4378063725490196 0.4526143790849673 0.010416666666666666 0.07924836601307189
0 0.8091299019607843 0.5093954248366013 0.02144607843137255 0.08823529411764706
0 0.789828431372549 0.5049019607843137 0.01838235294117647 0.08006535947712418
0 0.7709865196078431 0.5020424836601307 0.019301470588235295 0.08741830065359477
0 0.750765931372549 0.4987745098039216 0.019301470588235295 0.08088235294117647
0 0.6922487745098039 0.4877450980392157 0.013174019607843137 0.07761437908496732
0 0.6643688725490197 0.4863153594771242 0.015012254901960785 0.07066993464052287
0 0.649203431372549 0.4875408496732026 0.014705882352941176 0.07230392156862746
0 0.6329656862745098 0.48447712418300654 0.014093137254901961 0.06699346405228758
0 0.6185661764705882 0.4838643790849673 0.013480392156862746 0.06495098039215687
0 0.6038602941176471 0.48508986928104575 0.015318627450980392 0.054330065359477125
0 0.5906862745098039 0.4846813725490196 0.010416666666666666 0.05514705882352941
0 0.5776654411764706 0.48284313725490197 0.015625 0.05228758169934641
0 0.5055147058823529 0.463031045751634 0.012254901960784314 0.08455882352941177
0 0.49142156862745096 0.46200980392156865 0.015931372549019607 0.08660130718954248
0 0.47855392156862747 0.45812908496732024 0.011029411764705883 0.08047385620915033
0 0.4641544117647059 0.4564950980392157 0.012254901960784314 0.08619281045751634
0 0.45098039215686275 0.4562908496732026 0.014093137254901961 0.08741830065359477
0 0.9292279411764706 0.4362745098039216 0.02267156862745098 0.06535947712418301
0 0.7677696078431373 0.608047385620915 0.015931372549019607 0.08292483660130719
0 0.9273897058823529 0.6437908496732027 0.02267156862745098 0.08415032679738563
0 0.6845894607843137 0.5874183006535948 0.013174019607843137 0.0727124183006536
0 0.4765625 0.5428921568627451 0.013786764705882353 0.07516339869281045
0 0.4886642156862745 0.5451388888888888 0.00857843137254902 0.07066993464052287
0 0.5084252450980392 0.548202614379085 0.010723039215686275 0.07352941176470588
0 0.5784313725490197 0.5575980392156863 0.015318627450980392 0.0784313725490196
0 0.7519914215686274 0.6015114379084967 0.012561274509803922 0.08455882352941177
0 0.5926776960784313 0.5602532679738562 0.014399509803921568 0.08455882352941177
0 0.4977022058823529 0.5473856209150327 0.010723039215686275 0.07516339869281045
0 0.6064644607843137 0.565359477124183 0.011948529411764705 0.07434640522875817
0 0.6205575980392157 0.5684232026143791 0.013786764705882353 0.07312091503267974
0 0.6366421568627451 0.576797385620915 0.014093137254901961 0.08660130718954248
0 0.6508884803921569 0.5798611111111112 0.014399509803921568 0.08292483660130719
0 0.6674325980392157 0.5808823529411765 0.019301470588235295 0.0857843137254902
