0 0.2493872549019608 0.4019607843137255 0.034926470588235295 0.08905228758169935
0 0.9319852941176471 0.4883578431372549 0.034926470588235295 0.127859477124183
0 0.9742647058823529 0.4944852941176471 0.03308823529411765 0.11151960784313726
0 0.1485906862745098 0.5690359477124183 0.03125 0.17401960784313725
0 0.19699754901960784 0.545547385620915 0.03431372549019608 0.11968954248366014
0 0.22886029411764705 0.5543300653594772 0.02696078431372549 0.12091503267973856
0 0.27037377450980393 0.5285947712418301 0.04442401960784314 0.07598039215686274
0 0.3235294117647059 0.5582107843137255 0.024509803921568627 0.1352124183006536
0 0.3950674019607843 0.6736111111111112 0.053002450980392156 0.026143790849673203
0 0.3941482843137255 0.6262254901960784 0.05116421568627451 0.06290849673202614
0 0.45174632352941174 0.6294934640522876 0.05606617647058824 0.0718954248366013
0 0.5145526960784313 0.6852532679738562 0.05974264705882353 0.02246732026143791
0 0.5136335784313726 0.6599264705882353 0.06158088235294118 0.02246732026143791
0 0.5134803921568627 0.6209150326797386 0.05943627450980392 0.049836601307189546
0 0.5776654411764706 0.6913807189542484 0.05667892156862745 0.011029411764705883
0 0.5687806372549019 0.6799428104575164 0.045649509803921566 0.009395424836601307
0 0.5709252450980392 0.6633986928104575 0.048100490196078434 0.014705882352941176
0 0.5735294117647058 0.644812091503268 0.05330882352941176 0.013480392156862746
0 0.12959558823529413 0.7992238562091504 0.042279411764705885 0.09191176470588236
0 0.02696078431372549 0.7404003267973857 0.04718137254901961 0.19566993464052287
0 0.09313725490196079 0.7532679738562091 0.027573529411764705 0.16830065359477125
0 0.06479779411764706 0.7967728758169934 0.021752450980392156 0.0755718954248366
0 0.9428615196078431 0.6413398692810458 0.06587009803921569 0.09803921568627451
0 0.8809742647058824 0.6444035947712419 0.05177696078431373 0.1017156862745098
0 0.8877144607843137 0.48590686274509803 0.035845588235294115 0.1352124183006536
0 0.8295036764705882 0.6474673202614379 0.05116421568627451 0.1053921568627451
0 0.7032781862745098 0.6454248366013072 0.0628063725490196 0.10866013071895425
0 0.6366421568627451 0.6139705882352942 0.061274509803921566 0.04084967320261438
0 0.6378676470588235 0.6423611111111112 0.056372549019607844 0.015931372549019607
0 0.6355698529411765 0.6593137254901961 0.05361519607843137 0.013888888888888888
0 0.6386335784313726 0.6762663398692811 0.057904411764705885 0.014297385620915032
0 0.5753676470588235 0.6123366013071896 0.06066176470588235 0.04003267973856209
0 0.7662377450980392 0.6401143790849673 0.06311274509803921 0.10049019607843138
0 0.22962622549019607 0.6672794117647058 0.030943627450980393 0.08292483660130719
0 0.8530943627450981 0.49325980392156865 0.02297794117647059 0.11397058823529412
0 0.7850796568627451 0.4863153594771242 0.02849264705882353 0.13112745098039216
0 0.9577205882352942 0.304125816993464 0.028799019607843136 0.13848039215686275
0 0.03860294117647059 0.553921568627451 0.03553921568627451 0.125
0 0.07567401960784313 0.5520833333333334 0.02696078431372549 0.11397058823529412
0 0.11764705882352941 0.573937908496732 0.026348039215686275 0.1650326797385621
0 0.3538602941176471 0.4826388888888889 0.029411764705882353 0.11887254901960784
0 0.3877144607843137 0.48713235294117646 0.02542892156862745 0.13031045751633988
0 0.4195772058823529 0.48794934640522875 0.0272671568627451 0.1294934640522876
0 0.4543504901960784 0.4944852941176471 0.03615196078431373 0.12540849673202614
0 0.49234068627450983 0.48733660130718953 0.03125 0.12336601307189543
0 0.5225183823529411 0.49407679738562094 0.023590686274509803 0.11315359477124183
0 0.9050245098039216 0.3243464052287582 0.042279411764705885 0.09967320261437909
0 0.20435049019607843 0.4178921568627451 0.049019607843137254 0.11356209150326797
0 0.5674019607843137 0.48876633986928103 0.037377450980392156 0.1213235294117647
0 0.6003370098039216 0.4881535947712418 0.027879901960784315 0.12745098039215685
0 0.6311274509803921 0.48794934640522875 0.02144607843137255 0.1270424836601307
0 0.7057291666666666 0.47814542483660133 0.013786764705882353 0.10008169934640523
0 0.6709558823529411 0.494281045751634 0.049019607843137254 0.1323529411764706
0 0.7567401960784313 0.4840686274509804 0.018995098039215685 0.11437908496732026
0 0.3711703431372549 0.31576797385620914 0.07689950980392157 0.13725490196078433
0 0.44255514705882354 0.3190359477124183 0.05177696078431373 0.13316993464052287
0 0.4869791666666667 0.31842320261437906 0.03155637254901961 0.13112745098039216
0 0.5220588235294118 0.3116830065359477 0.028186274509803922 0.15359477124183007
0 0.5543811274509803 0.31985294117647056 0.02971813725490196 0.1315359477124183
0 0.8187806372549019 0.4826388888888889 0.026041666666666668 0.10416666666666667
0 0.5992647058823529 0.33905228758169936 0.05269607843137255 0.09068627450980392
0 0.7254901960784313 0.28165849673202614 0.04656862745098039 0.07148692810457516
0 0.7199754901960784 0.346609477124183 0.04595588235294118 0.05759803921568627
0 0.7780330882352942 0.30330882352941174 0.050551470588235295 0.15318627450980393
0 0.8275122549019608 0.3055555555555556 0.03676470588235294 0.14787581699346405
0 0.8668811274509803 0.3061683006535948 0.02542892156862745 0.12050653594771242
0 0.7293198529411765 0.49080882352941174 0.0272671568627451 0.12540849673202614
0 0.6626838235294118 0.3084150326797386 0.05575980392156863 0.1323529411764706
0 0.17493872549019607 0.681781045751634 0.02267156862745098 0.051470588235294115
0 0.45143995098039214 0.6758578431372549 0.057291666666666664 0.01838235294117647
0 0.22334558823529413 0.789828431372549 0.04779411764705882 0.10008169934640523
0 0.16850490196078433 0.24591503267973855 0.04534313725490196 0.125
0 0.11917892156862746 0.24754901960784315 0.05330882352941176 0.12009803921568628
0 0.2935049019607843 0.41237745098039214 0.049019607843137254 0.09844771241830065
0 0.5900735294117647 0.2085375816993464 0.03982843137254902 0.03799019607843137
0 0.013174019607843137 0.2506127450980392 0.026348039215686275 0.1147875816993464
0 0.05361519607843137 0.24468954248366012 0.05514705882352941 0.11519607843137254
0 0.9875919117647058 0.30637254901960786 0.021752450980392156 0.12581699346405228
0 0.07199754901960784 0.06842320261437909 0.05392156862745098 0.1294934640522876
0 0.8509497549019608 0.06944444444444445 0.029105392156862746 0.11764705882352941
0 0.19301470588235295 0.06454248366013073 0.05698529411764706 0.12418300653594772
0 0.24632352941176472 0.06311274509803921 0.04840686274509804 0.1090686274509804
0 0.30713848039215685 0.06985294117647059 0.04442401960784314 0.13480392156862744
0 0.3515625 0.07169117647058823 0.03768382352941176 0.13848039215686275
0 0.39047181372549017 0.07026143790849673 0.036458333333333336 0.13316993464052287
0 0.17892156862745098 0.7675653594771242 0.03431372549019608 0.11274509803921569
0 0.43244485294117646 0.06740196078431372 0.04136029411764706 0.1323529411764706
0 0.47058823529411764 0.06883169934640523 0.027573529411764705 0.127859477124183
0 0.8118872549019608 0.06556372549019608 0.026348039215686275 0.12867647058823528
0 0.7705269607843137 0.06372549019607843 0.03553921568627451 0.125
0 0.9339767156862745 0.06454248366013073 0.043198529411764705 0.12663398692810457
0 0.9810049019607843 0.06535947712418301 0.03370098039215686 0.12091503267973856
0 0.024356617647058824 0.40931372549019607 0.023590686274509803 0.09640522875816994
0 0.05974264705882353 0.4089052287581699 0.03860294117647059 0.09803921568627451
0 0.21721813725490197 0.2485702614379085 0.04779411764705882 0.127859477124183
0 0.7282475490196079 0.06678921568627451 0.0428921568627451 0.12867647058823528
0 0.15747549019607843 0.4111519607843137 0.04350490196078431 0.09354575163398693
0 0.6914828431372549 0.0690359477124183 0.028799019607843136 0.13071895424836602
0 0.6536458333333334 0.068218954248366 0.043198529411764705 0.13398692810457516
0 0.6006433823529411 0.06678921568627451 0.057291666666666664 0.13112745098039216
0 0.5484068627450981 0.06290849673202614 0.03553921568627451 0.1184640522875817
0 0.5105698529411765 0.07026143790849673 0.0352328431372549 0.13316993464052287
0 0.10891544117647059 0.4089052287581699 0.043198529411764705 0.09558823529411764
0 0.2693014705882353 0.2536764705882353 0.051470588235294115 0.1380718954248366
0 0.13204656862745098 0.07169117647058823 0.05575980392156863 0.1409313725490196
0 0.9803921568627451 0.7977941176470589 0.03982843137254902 0.12581699346405228
0 0.4653799019607843 0.78125 0.05514705882352941 0.013480392156862746
0 0.4537377450980392 0.7973856209150327 0.05330882352941176 0.014705882352941176
0 0.4537377450980392 0.8157679738562091 0.05330882352941176 0.015522875816993464
0 0.45358455882352944 0.8319035947712419 0.05116421568627451 0.014297385620915032
0 0.4564950980392157 0.8490604575163399 0.05330882352941176 0.014297385620915032
0 0.4016544117647059 0.7506127450980392 0.06066176470588235 0.05024509803921569
0 0.3950674019607843 0.7918709150326797 0.053002450980392156 0.020016339869281044
0 0.3134191176470588 0.2571486928104575 0.03308823529411765 0.1352124183006536
0 0.39736519607843135 0.8084150326797386 0.05392156862745098 0.00980392156862745
0 0.40027573529411764 0.846609477124183 0.05667892156862745 0.02165032679738562
0 0.3428308823529412 0.8229166666666666 0.04350490196078431 0.07066993464052287
0 0.3480392156862745 0.7314133986928104 0.03431372549019608 0.08129084967320262
0 0.2771139705882353 0.8218954248366013 0.036458333333333336 0.03676470588235294
0 0.2852328431372549 0.786968954248366 0.04534313725490196 0.02246732026143791
0 0.28890931372549017 0.7694035947712419 0.04350490196078431 0.011029411764705883
0 0.2971813725490196 0.6926062091503268 0.05269607843137255 0.11397058823529412
0 0.39659926470588236 0.8241421568627451 0.050551470588235295 0.017565359477124183
0 0.46369485294117646 0.7493872549019608 0.053002450980392156 0.04779411764705882
0 0.8904718137254902 0.0661764705882353 0.029105392156862746 0.125
0 0.6348039215686274 0.8388480392156863 0.05392156862745098 0.039624183006535946
0 0.6922487745098039 0.8363970588235294 0.057291666666666664 0.042075163398692814
0 0.5765931372549019 0.7808415032679739 0.04718137254901961 0.09681372549019608
0 0.5211397058823529 0.7634803921568627 0.04963235294117647 0.07107843137254902
0 0.6289828431372549 0.8065767973856209 0.04779411764705882 0.020833333333333332
0 0.6910232843137255 0.7708333333333334 0.04932598039215686 0.0857843137254902
0 0.6337316176470589 0.7632761437908496 0.05912990196078431 0.06331699346405228
0 0.7487745098039216 0.8133169934640523 0.04595588235294118 0.06781045751633986
0 0.8019301470588235 0.8012663398692811 0.04258578431372549 0.13276143790849673
0 0.8651960784313726 0.8480392156862745 0.05392156862745098 0.05065359477124183
0 0.8567708333333334 0.7751225490196079 0.06096813725490196 0.08537581699346405
0 0.9169730392156863 0.7975898692810458 0.04534313725490196 0.13929738562091504
0 0.7521446078431373 0.7546977124183006 0.05269607843137255 0.042075163398692814
