0 0.17034313725490197 0.6709558823529411 0.021241830065359478 0.016544117647058824
0 0.19362745098039216 0.6712622549019608 0.015522875816993464 0.015931372549019607
0 0.21486928104575165 0.672640931372549 0.017973856209150325 0.01685049019607843
0 0.40461601307189543 0.6988357843137255 0.017565359477124183 0.012254901960784314
0 0.19607843137254902 0.6902573529411765 0.02042483660130719 0.014093137254901961
0 0.2167075163398693 0.6913296568627451 0.017565359477124183 0.015625
0 0.14195261437908496 0.7310049019607843 0.020016339869281044 0.016544117647058824
0 0.17238562091503268 0.6887254901960784 0.021241830065359478 0.015931372549019607
0 0.1184640522875817 0.7311580882352942 0.021241830065359478 0.016237745098039217
0 0.40298202614379086 0.7277879901960784 0.02246732026143791 0.013174019607843137
0 0.4491421568627451 0.7129289215686274 0.02246732026143791 0.013480392156862746
0 0.6623774509803921 0.3371629901960784 0.017565359477124183 0.02971813725490196
0 0.09456699346405228 0.7311580882352942 0.020833333333333332 0.01685049019607843
0 0.14338235294117646 0.7132352941176471 0.018790849673202614 0.014093137254901961
0 0.12050653594771242 0.7143075980392157 0.021241830065359478 0.013786764705882353
0 0.1707516339869281 0.7074142156862745 0.017973856209150325 0.017769607843137254
0 0.4293300653594771 0.7280943627450981 0.018790849673202614 0.013174019607843137
0 0.4493464052287582 0.7280943627450981 0.018790849673202614 0.013786764705882353
0 0.42606209150326796 0.7132352941176471 0.02042483660130719 0.012867647058823529
0 0.19362745098039216 0.7089460784313726 0.015522875816993464 0.015318627450980392
0 0.21507352941176472 0.7090992647058824 0.02246732026143791 0.015012254901960785
0 0.16830065359477125 0.7418811274509803 0.01715686274509804 0.017463235294117647
0 0.4485294117647059 0.6838235294117647 0.021241830065359478 0.012254901960784314
0 0.42606209150326796 0.6850490196078431 0.02042483660130719 0.012254901960784314
0 0.4025735294117647 0.6850490196078431 0.02165032679738562 0.011642156862745098
0 0.44812091503267976 0.6989889705882353 0.02042483660130719 0.012561274509803922
0 0.36968954248366015 0.7153799019607843 0.015522875816993464 0.012254901960784314
0 0.34763071895424835 0.7162990196078431 0.02369281045751634 0.012867647058823529
0 0.32536764705882354 0.7146139705882353 0.01919934640522876 0.013786764705882353
0 0.3709150326797386 0.7000612745098039 0.013888888888888888 0.011642156862745098
0 0.34906045751633985 0.7020526960784313 0.01838235294117647 0.01133578431372549
0 0.3270016339869281 0.7008272058823529 0.01838235294117647 0.013174019607843137
0 0.372140522875817 0.6836703431372549 0.02042483660130719 0.015012254901960785
0 0.34906045751633985 0.6845894607843137 0.01838235294117647 0.016237745098039217
0 0.32536764705882354 0.6845894607843137 0.023284313725490197 0.013786764705882353
0 0.29268790849673204 0.7409620098039216 0.017565359477124183 0.012561274509803922
0 0.4258578431372549 0.6999080882352942 0.020016339869281044 0.012561274509803922
0 0.2696078431372549 0.742953431372549 0.0196078431372549 0.013480392156862746
0 0.29268790849673204 0.7250306372549019 0.017565359477124183 0.010723039215686275
0 0.2687908496732026 0.7262561274509803 0.017973856209150325 0.013786764705882353
0 0.24734477124183007 0.7270220588235294 0.01919934640522876 0.014705882352941176
0 0.2945261437908497 0.7075674019607843 0.021241830065359478 0.015012254901960785
0 0.4035947712418301 0.7123161764705882 0.0196078431372549 0.012254901960784314
0 0.24611928104575165 0.7097120098039216 0.020833333333333332 0.013174019607843137
0 0.2949346405228758 0.6924019607843137 0.022058823529411766 0.014705882352941176
0 0.27001633986928103 0.6924019607843137 0.024509803921568627 0.015318627450980392
0 0.24754901960784315 0.6928615196078431 0.0196078431372549 0.015625
0 0.29411764705882354 0.6753982843137255 0.02042483660130719 0.016237745098039217
0 0.2704248366013072 0.6758578431372549 0.021241830065359478 0.015318627450980392
0 0.2455065359477124 0.6744791666666666 0.02287581699346405 0.017463235294117647
0 0.2107843137254902 0.741421568627451 0.022058823529411766 0.016544117647058824
0 0.19138071895424835 0.741421568627451 0.01511437908496732 0.016544117647058824
0 0.24673202614379086 0.7446384803921569 0.022058823529411766 0.013786764705882353
0 0.2689950980392157 0.7074142156862745 0.02246732026143791 0.015318627450980392
0 0.14562908496732027 0.6962316176470589 0.01919934640522876 0.016237745098039217
0 0.40236928104575165 0.7437193627450981 0.021241830065359478 0.015012254901960785
0 0.27961601307189543 0.38419117647058826 0.05269607843137255 0.006740196078431373
0 0.27818627450980393 0.37607230392156865 0.049019607843137254 0.008272058823529412
0 0.278390522875817 0.3681066176470588 0.05106209150326797 0.007659313725490196
0 0.28308823529411764 0.3587622549019608 0.058823529411764705 0.006740196078431373
0 0.27532679738562094 0.3506433823529412 0.05473856209150327 0.008884803921568627
0 0.27736928104575165 0.3405330882352941 0.05718954248366013 0.009497549019607842
0 0.2771650326797386 0.32996323529411764 0.054330065359477125 0.012254901960784314
0 0.2318218954248366 0.38265931372549017 0.024101307189542485 0.023284313725490197
0 0.2034313725490196 0.38235294117647056 0.02696078431372549 0.02389705882352941
0 0.22998366013071894 0.3584558823529412 0.024509803921568627 0.024509803921568627
0 0.2034313725490196 0.3564644607843137 0.02696078431372549 0.021752450980392156
0 0.15584150326797386 0.3716299019607843 0.051879084967320264 0.03553921568627451
0 0.15236928104575165 0.3307291666666667 0.05310457516339869 0.040747549019607844
0 0.09456699346405228 0.3872549019607843 0.05106209150326797 0.00980392156862745
0 0.33251633986928103 0.38235294117647056 0.029411764705882353 0.02389705882352941
0 0.09497549019607843 0.3772977941176471 0.054330065359477125 0.008272058823529412
0 0.09436274509803921 0.3581495098039216 0.05310457516339869 0.00857843137254902
0 0.04146241830065359 0.35753676470588236 0.0428921568627451 0.06433823529411764
0 0.8404820261437909 0.2668504901960784 0.017565359477124183 0.03308823529411765
0 0.821078431372549 0.26776960784313725 0.018790849673202614 0.03431372549019608
0 0.7971813725490197 0.26776960784313725 0.01919934640522876 0.034926470588235295
0 0.7787990196078431 0.26807598039215685 0.014297385620915032 0.03370098039215686
0 0.7608251633986928 0.26700367647058826 0.014297385620915032 0.033394607843137254
0 0.7395833333333334 0.265625 0.020016339869281044 0.032475490196078434
0 0.7207924836601307 0.2650122549019608 0.014297385620915032 0.032475490196078434
0 0.6999591503267973 0.26424632352941174 0.016748366013071895 0.03216911764705882
0 0.6815767973856209 0.2643995098039216 0.015931372549019607 0.03125
0 0.6605392156862745 0.26424632352941174 0.017973856209150325 0.03216911764705882
0 0.6390931372549019 0.26393995098039214 0.01919934640522876 0.033394607843137254
0 0.619281045751634 0.2616421568627451 0.011437908496732025 0.03125
0 0.09436274509803921 0.3668811274509804 0.05555555555555555 0.008272058823529412
0 0.09763071895424837 0.7123161764705882 0.02369281045751634 0.015318627450980392
0 0.346609477124183 0.35784313725490197 0.025735294117647058 0.022058823529411766
0 0.40155228758169936 0.3319546568627451 0.051470588235294115 0.03707107843137255
0 0.12438725490196079 0.696078431372549 0.016748366013071895 0.01715686274509804
0 0.10069444444444445 0.696078431372549 0.02165032679738562 0.012867647058823529
0 0.14767156862745098 0.6781556372549019 0.01919934640522876 0.013174019607843137
0 0.12377450980392157 0.6790747549019608 0.0196078431372549 0.015012254901960785
0 0.10089869281045752 0.680453431372549 0.022058823529411766 0.014705882352941176
0 0.14665032679738563 0.6629901960784313 0.021241830065359478 0.012867647058823529
0 0.12316176470588236 0.6631433823529411 0.02246732026143791 0.01133578431372549
0 0.10191993464052287 0.6636029411764706 0.020016339869281044 0.014093137254901961
0 0.040236928104575166 0.7512254901960784 0.028186274509803922 0.03553921568627451
0 0.01082516339869281 0.7506127450980392 0.02165032679738562 0.031862745098039214
0 0.1875 0.6073835784313726 0.07107843137254902 0.0628063725490196
0 0.11233660130718955 0.6090686274509803 0.06454248366013073 0.0545343137254902
0 0.03370098039215686 0.6145833333333334 0.039624183006535946 0.014705882352941176
0 0.03880718954248366 0.5955882352941176 0.05392156862745098 0.012867647058823529
0 0.3625408496732026 0.38388480392156865 0.02165032679738562 0.02389705882352941
0 0.03819444444444445 0.5755208333333334 0.056781045751633986 0.014399509803921568
0 0.03165849673202614 0.5430453431372549 0.06331699346405228 0.015625
0 0.030433006535947712 0.5252757352941176 0.060866013071895424 0.019301470588235295
0 0.9585375816993464 0.6299019607843137 0.03799019607843137 0.012254901960784314
0 0.9131944444444444 0.6265318627450981 0.039624183006535946 0.014705882352941176
0 0.9607843137254902 0.6158088235294118 0.042483660130718956 0.012867647058823529
0 0.9142156862745098 0.6136642156862745 0.041666666666666664 0.00980392156862745
0 0.9618055555555556 0.6004901960784313 0.04044117647058824 0.013480392156862746
0 0.6286764705882353 0.3714767156862745 0.0457516339869281 0.057904411764705885
0 0.5849673202614379 0.38878676470588236 0.018790849673202614 0.028186274509803922
0 0.5610702614379085 0.38863357843137253 0.030637254901960783 0.023590686274509803
0 0.5118464052287581 0.3794424019607843 0.04411764705882353 0.04197303921568627
0 0.5098039215686274 0.33318014705882354 0.04820261437908497 0.04258578431372549
0 0.45751633986928103 0.3737745098039216 0.051470588235294115 0.05024509803921569
0 0.40379901960784315 0.3776041666666667 0.04779411764705882 0.04136029411764706
0 0.03656045751633987 0.5598958333333334 0.0625 0.013174019607843137
0 0.4258578431372549 0.7441789215686274 0.020016339869281044 0.014093137254901961
0 0.6462418300653595 0.6986825980392157 0.05718954248366013 0.03278186274509804
0 0.47549019607843135 0.6766237745098039 0.0196078431372549 0.013174019607843137
0 0.2581699346405229 0.6060049019607843 0.06045751633986928 0.06985294117647059
0 0.9720179738562091 0.4915747549019608 0.056781045751633986 0.0628063725490196
0 0.8586601307189542 0.4931066176470588 0.049836601307189546 0.05667892156862745
0 0.8031045751633987 0.5131740196078431 0.04493464052287582 0.006740196078431373
0 0.8049428104575164 0.5039828431372549 0.046977124183006536 0.006740196078431373
0 0.8049428104575164 0.4958639705882353 0.0494281045751634 0.008272058823529412
0 0.8031045751633987 0.48544730392156865 0.05065359477124183 0.008272058823529412
0 0.7530637254901961 0.5042892156862745 0.0428921568627451 0.0428921568627451
0 0.7591911764705882 0.46200980392156865 0.046977124183006536 0.0392156862745098
0 0.7028186274509803 0.5021446078431373 0.02246732026143791 0.03002450980392157
0 0.6762663398692811 0.5042892156862745 0.024918300653594773 0.031862745098039214
0 0.6219362745098039 0.5116421568627451 0.06413398692810457 0.015931372549019607
0 0.6088643790849673 0.49693627450980393 0.05024509803921569 0.010416666666666666
0 0.5578022875816994 0.4960171568627451 0.04779411764705882 0.04779411764705882
0 0.49468954248366015 0.45986519607843135 0.022058823529411766 0.026348039215686275
0 0.5224673202614379 0.5027573529411765 0.01715686274509804 0.028186274509803922
0 0.4991830065359477 0.5045955882352942 0.02696078431372549 0.028186274509803922
0 0.4528186274509804 0.5174632352941176 0.04616013071895425 0.012254901960784314
0 0.4536356209150327 0.5059742647058824 0.051879084967320264 0.010723039215686275
0 0.4542483660130719 0.4950980392156863 0.04493464052287582 0.00980392156862745
0 0.4185049019607843 0.4518995098039216 0.037173202614379085 0.03799019607843137
0 0.4050245098039216 0.49463848039215685 0.04616013071895425 0.0389093137254902
0 0.3619281045751634 0.49846813725490197 0.028594771241830064 0.03125
0 0.3300653594771242 0.5 0.032679738562091505 0.028186274509803922
0 0.28860294117647056 0.48192401960784315 0.0494281045751634 0.06433823529411764
0 0.22977941176470587 0.4963235294117647 0.04779411764705882 0.04534313725490196
0 0.24142156862745098 0.44393382352941174 0.0392156862745098 0.0392156862745098
0 0.3292483660130719 0.602328431372549 0.06699346405228758 0.07598039215686274
0 0.11764705882352941 0.48299632352941174 0.04738562091503268 0.0664828431372549
0 0.4040032679738562 0.6058517156862745 0.0727124183006536 0.078125
0 0.47467320261437906 0.5637254901960784 0.017973856209150325 0.017769607843137254
0 0.6495098039215687 0.6038602941176471 0.02369281045751634 0.014093137254901961
0 0.6519607843137255 0.5868566176470589 0.02042483660130719 0.016237745098039217
0 0.7461192810457516 0.5684742647058824 0.016748366013071895 0.018688725490196078
0 0.7238562091503268 0.5704656862745098 0.02042483660130719 0.0196078431372549
0 0.7007761437908496 0.5692401960784313 0.01838235294117647 0.02022058823529412
0 0.6764705882352942 0.569546568627451 0.021241830065359478 0.01838235294117647
0 0.6544117647058824 0.5684742647058824 0.021241830065359478 0.018688725490196078
0 0.619281045751634 0.6367953431372549 0.018790849673202614 0.01133578431372549
0 0.5947712418300654 0.6363357843137255 0.022058823529411766 0.013480392156862746
0 0.5714869281045751 0.6352634803921569 0.0196078431372549 0.014399509803921568
0 0.5490196078431373 0.6383272058823529 0.018790849673202614 0.012561274509803922
0 0.5245098039215687 0.6386335784313726 0.021241830065359478 0.015012254901960785
0 0.6231617647058824 0.6211703431372549 0.023284313725490197 0.016237745098039217
0 0.5974264705882353 0.6202512254901961 0.023284313725490197 0.015625
0 0.5725081699346405 0.6197916666666666 0.02165032679738562 0.015931372549019607
0 0.5494281045751634 0.6213235294117647 0.0196078431372549 0.016544117647058824
0 0.5232843137254902 0.6196384803921569 0.02287581699346405 0.018688725490196078
0 0.4957107843137255 0.6343443627450981 0.020016339869281044 0.012561274509803922
0 0.47201797385620914 0.6349571078431373 0.020833333333333332 0.016237745098039217
0 0.45036764705882354 0.6357230392156863 0.01919934640522876 0.016544117647058824
0 0.49550653594771243 0.6014093137254902 0.0196078431372549 0.015318627450980392
0 0.4736519607843137 0.5997242647058824 0.015931372549019607 0.015012254901960785
0 0.4513888888888889 0.6004901960784313 0.02287581699346405 0.016544117647058824
0 0.4944852941176471 0.5816482843137255 0.017565359477124183 0.015012254901960785
0 0.47324346405228757 0.5825674019607843 0.01919934640522876 0.016237745098039217
0 0.45098039215686275 0.5818014705882353 0.018790849673202614 0.015318627450980392
0 0.49754901960784315 0.5635723039215687 0.0196078431372549 0.017463235294117647
0 0.4505718954248366 0.5628063725490197 0.021241830065359478 0.018995098039215685
0 0.9797794117647058 0.39261642156862747 0.04044117647058824 0.033394607843137254
0 0.9383169934640523 0.3867953431372549 0.03349673202614379 0.0389093137254902
0 0.8972630718954249 0.3716299019607843 0.03553921568627451 0.06862745098039216
0 0.22569444444444445 0.8379289215686274 0.05923202614379085 0.0661764705882353
0 0.1548202614379085 0.8546262254901961 0.06535947712418301 0.060355392156862746
0 0.03533496732026144 0.8720894607843137 0.026552287581699346 0.018688725490196078
0 0.012050653594771242 0.8722426470588235 0.020016339869281044 0.02022058823529412
0 0.08884803921568628 0.8474264705882353 0.04616013071895425 0.0545343137254902
0 0.03901143790849673 0.8465073529411765 0.025735294117647058 0.028186274509803922
0 0.014297385620915032 0.8451286764705882 0.024509803921568627 0.029105392156862746
0 0.9609885620915033 0.7185968137254902 0.05514705882352941 0.07689950980392157
0 0.8972630718954249 0.7192095588235294 0.06331699346405228 0.09221813725490197
0 0.8412990196078431 0.7329963235294118 0.03145424836601307 0.05361519607843137
0 0.8045343137254902 0.7342218137254902 0.03390522875816993 0.0548406862745098
0 0.7696078431372549 0.7317708333333334 0.031862745098039214 0.057291666666666664
0 0.6444035947712419 0.7334558823529411 0.04534313725490196 0.03676470588235294
0 0.5947712418300654 0.7578125 0.026143790849673203 0.007659313725490196
0 0.5573937908496732 0.7555147058823529 0.023284313725490197 0.00857843137254902
0 0.5953839869281046 0.7389705882352942 0.027369281045751634 0.00857843137254902
0 0.5622957516339869 0.7372855392156863 0.03308823529411765 0.008272058823529412
0 0.5943627450980392 0.7261029411764706 0.03349673202614379 0.012867647058823529
0 0.5590277777777778 0.7271752450980392 0.026552287581699346 0.008884803921568627
0 0.525531045751634 0.7447916666666666 0.01919934640522876 0.02022058823529412
0 0.5051062091503268 0.7444852941176471 0.01838235294117647 0.018995098039215685
0 0.4797794117647059 0.7440257352941176 0.024101307189542485 0.018688725490196078
0 0.5243055555555556 0.6933210784313726 0.020833333333333332 0.013480392156862746
0 0.5020424836601307 0.6933210784313726 0.02042483660130719 0.013480392156862746
0 0.4797794117647059 0.6922487745098039 0.020016339869281044 0.014399509803921568
0 0.5241013071895425 0.6770833333333334 0.02042483660130719 0.014093137254901961
0 0.5 0.6770833333333334 0.02042483660130719 0.012867647058823529
0 0.29758986928104575 0.8399203431372549 0.0755718954248366 0.07567401960784313
0 0.43729575163398693 0.8417585784313726 0.06331699346405228 0.08241421568627451
0 0.8531454248366013 0.6331188725490197 0.05106209150326797 0.024816176470588234
0 0.5816993464052288 0.8511029411764706 0.06781045751633986 0.07720588235294118
0 0.8568218954248366 0.3622855392156863 0.042075163398692814 0.08792892156862746
0 0.8022875816993464 0.3877144607843137 0.041666666666666664 0.04013480392156863
0 0.7512254901960784 0.3857230392156863 0.02696078431372549 0.03370098039215686
0 0.7113970588235294 0.3946078431372549 0.027369281045751634 0.023284313725490197
0 0.6750408496732027 0.39629289215686275 0.02246732026143791 0.021752450980392156
0 0.7013888888888888 0.36795343137254904 0.027777777777777776 0.025735294117647058
0 0.6748366013071896 0.36994485294117646 0.02042483660130719 0.0272671568627451
0 0.6501225490196079 0.6188725490196079 0.020833333333333332 0.011642156862745098
0 0.6491013071895425 0.6366421568627451 0.018790849673202614 0.014093137254901961
0 0.6713643790849673 0.6367953431372549 0.01919934640522876 0.012561274509803922
0 0.6934232026143791 0.6386335784313726 0.01919934640522876 0.015012254901960785
0 0.7165032679738562 0.6369485294117647 0.022058823529411766 0.015318627450980392
0 0.7395833333333334 0.6363357843137255 0.020016339869281044 0.016544117647058824
0 0.45016339869281047 0.7449448529411765 0.02042483660130719 0.014399509803921568
0 0.7422385620915033 0.6205575980392157 0.01715686274509804 0.015012254901960785
0 0.7436683006535948 0.5865502450980392 0.024101307189542485 0.012561274509803922
0 0.7928921568627451 0.5738357843137255 0.05473856209150327 0.04718137254901961
0 0.7896241830065359 0.6240808823529411 0.05228758169934641 0.04595588235294118
0 0.8515114379084967 0.6098345588235294 0.04779411764705882 0.014399509803921568
0 0.6027369281045751 0.26056985294117646 0.014297385620915032 0.03216911764705882
0 0.9407679738562091 0.8676470588235294 0.042483660130718956 0.04105392156862745
0 0.920751633986928 0.8155637254901961 0.03022875816993464 0.0392156862745098
0 0.8858251633986928 0.8333333333333334 0.028186274509803922 0.042279411764705885
0 0.8837826797385621 0.8702512254901961 0.03227124183006536 0.03155637254901961
0 0.840890522875817 0.8599877450980392 0.04125816993464052 0.03799019607843137
0 0.8445669934640523 0.8223039215686274 0.042075163398692814 0.03125
0 0.7622549019607843 0.8368566176470589 0.06535947712418301 0.05177696078431373
0 0.6597222222222222 0.8439031862745098 0.06781045751633986 0.08731617647058823
0 0.7440767973856209 0.602328431372549 0.020833333333333332 0.01715686274509804
0 0.5831290849673203 0.2613357843137255 0.01919934640522876 0.031862745098039214
0 0.5089869281045751 0.8514093137254902 0.0661764705882353 0.07230392156862746
0 0.5424836601307189 0.25980392156862747 0.01715686274509804 0.031862745098039214
0 0.7716503267973857 0.1715686274509804 0.03594771241830065 0.13602941176470587
0 0.7340686274509803 0.17386642156862744 0.04084967320261438 0.13511029411764705
0 0.6952614379084967 0.17064950980392157 0.02696078431372549 0.13725490196078433
0 0.6572712418300654 0.1721813725490196 0.0392156862745098 0.13541666666666666
0 0.6229575163398693 0.16605392156862744 0.026143790849673203 0.13725490196078433
0 0.5857843137254902 0.16819852941176472 0.04411764705882353 0.1403186274509804
0 0.5488153594771242 0.16819852941176472 0.02246732026143791 0.14154411764705882
0 0.5151143790849673 0.16636029411764705 0.03839869281045752 0.13786764705882354
0 0.4750816993464052 0.1637561274509804 0.03431372549019608 0.14430147058823528
0 0.8155637254901961 0.18612132352941177 0.04370915032679738 0.12224264705882353
0 0.4366830065359477 0.16222426470588236 0.041666666666666664 0.140625
0 0.36233660130718953 0.16222426470588236 0.032679738562091505 0.140625
0 0.3255718954248366 0.15931372549019607 0.035130718954248366 0.14460784313725492
0 0.28799019607843135 0.15962009803921567 0.031862745098039214 0.14215686274509803
0 0.24673202614379086 0.15808823529411764 0.03349673202614379 0.14276960784313725
0 0.9156454248366013 0.5989583333333334 0.044526143790849675 0.016544117647058824
0 0.2042483660130719 0.1559436274509804 0.032679738562091505 0.14399509803921567
0 0.16196895424836602 0.15625 0.03227124183006536 0.13725490196078433
0 0.12663398692810457 0.15104166666666666 0.029411764705882353 0.14644607843137256
0 0.5631127450980392 0.2616421568627451 0.01511437908496732 0.03431372549019608
0 0.3954248366013072 0.16176470588235295 0.035130718954248366 0.1403186274509804
0 0.8743872549019608 0.17570465686274508 0.03390522875816993 0.11917892156862746
0 0.8870506535947712 0.5628063725490197 0.0428921568627451 0.012867647058823529
0 0.9419934640522876 0.24693627450980393 0.04084967320261438 0.08333333333333333
0 0.9722222222222222 0.10876225490196079 0.0457516339869281 0.08517156862745098
0 0.5018382352941176 0.25919117647058826 0.020016339869281044 0.03308823529411765
0 0.4818218954248366 0.2590379901960784 0.015931372549019607 0.03216911764705882
0 0.44424019607843135 0.2575061274509804 0.016748366013071895 0.03829656862745098
0 0.4236111111111111 0.25735294117647056 0.015522875816993464 0.03431372549019608
0 0.4025735294117647 0.25566789215686275 0.02165032679738562 0.03768382352941176
0 0.3827614379084967 0.25597426470588236 0.017973856209150325 0.0352328431372549
0 0.35927287581699346 0.2568933823529412 0.01919934640522876 0.0352328431372549
0 0.3382352941176471 0.2565870098039216 0.01715686274509804 0.036458333333333336
0 0.318218954248366 0.2545955882352941 0.02042483660130719 0.030637254901960783
0 0.2992238562091503 0.2532169117647059 0.01838235294117647 0.03278186274509804
0 0.46262254901960786 0.2587316176470588 0.017565359477124183 0.03400735294117647
0 0.9844771241830066 0.25566789215686275 0.03431372549019608 0.06709558823529412
0 0.5234885620915033 0.25888480392156865 0.01919934640522876 0.034926470588235295
0 0.12969771241830066 0.24831495098039216 0.01919934640522876 0.03768382352941176
0 0.1693218954248366 0.2493872549019608 0.01919934640522876 0.03370098039215686
0 0.19178921568627452 0.2498468137254902 0.020016339869281044 0.03400735294117647
0 0.14930555555555555 0.24816176470588236 0.01511437908496732 0.03431372549019608
0 0.23508986928104575 0.2529105392156863 0.02246732026143791 0.03707107843137255
0 0.2571486928104575 0.25275735294117646 0.01838235294117647 0.03799019607843137
0 0.2761437908496732 0.25536151960784315 0.02042483660130719 0.0352328431372549
0 0.21200980392156862 0.25045955882352944 0.02042483660130719 0.035845588235294115
