0 0.04309640522875817 0.9371936274509803 0.08619281045751634 0.06311274509803921
0 0.8169934640522876 0.4102328431372549 0.0718954248366013 0.04840686274509804
0 0.2181372549019608 0.6744791666666666 0.07107843137254902 0.04932598039215686
0 0.2908496732026144 0.6741727941176471 0.07107843137254902 0.04932598039215686
0 0.36376633986928103 0.6732536764705882 0.07148692810457516 0.04932598039215686
0 0.4383169934640523 0.6721813725490197 0.06944444444444445 0.049019607843137254
0 0.5108251633986928 0.6715686274509803 0.06576797385620915 0.049019607843137254
0 0.5790441176470589 0.672640931372549 0.06576797385620915 0.04503676470588235
0 0.6491013071895425 0.6720281862745098 0.06535947712418301 0.04503676470588235
0 0.7179330065359477 0.6712622549019608 0.06576797385620915 0.04534313725490196
0 0.7871732026143791 0.6715686274509803 0.06862745098039216 0.04350490196078431
0 0.21405228758169934 0.624234068627451 0.07107843137254902 0.046875
0 0.29044117647058826 0.6231617647058824 0.07107843137254902 0.04718137254901961
0 0.3639705882352941 0.6228553921568627 0.07107843137254902 0.04718137254901961
0 0.43566176470588236 0.6240808823529411 0.0690359477124183 0.044730392156862746
0 0.5063316993464052 0.6245404411764706 0.0690359477124183 0.04503676470588235
0 0.5774101307189542 0.6243872549019608 0.06576797385620915 0.04350490196078431
0 0.7434640522875817 0.40839460784313725 0.0718954248366013 0.04840686274509804
0 0.6709558823529411 0.4065563725490196 0.06740196078431372 0.04963235294117647
0 0.5998774509803921 0.40410539215686275 0.06658496732026144 0.04963235294117647
0 0.5275735294117647 0.40379901960784315 0.07066993464052287 0.04963235294117647
0 0.08129084967320262 0.029564950980392156 0.16258169934640523 0.05912990196078431
0 0.08190359477124183 0.08869485294117647 0.16380718954248366 0.05667892156862745
0 0.08251633986928104 0.14522058823529413 0.1650326797385621 0.04963235294117647
0 0.08190359477124183 0.19332107843137256 0.16380718954248366 0.044730392156862746
0 0.06719771241830065 0.24479166666666666 0.1343954248366013 0.052083333333333336
0 0.049223856209150325 0.3049938725490196 0.09844771241830065 0.0664828431372549
0 0.052083333333333336 0.3716299019607843 0.10416666666666667 0.061274509803921566
0 0.05392156862745098 0.4352022058823529 0.10784313725490197 0.06158088235294118
0 0.061274509803921566 0.49923406862745096 0.10294117647058823 0.05974264705882353
0 0.05535130718954248 0.5612745098039216 0.11070261437908496 0.061274509803921566
0 0.03676470588235294 0.6663602941176471 0.07352941176470588 0.06740196078431372
0 0.6670751633986928 0.4575674019607843 0.06699346405228758 0.04932598039215686
0 0.7367238562091504 0.4583333333333333 0.06740196078431372 0.04963235294117647
0 0.8108660130718954 0.46139705882352944 0.07026143790849673 0.04779411764705882
0 0.2113970588235294 0.39629289215686275 0.07475490196078431 0.05177696078431373
0 0.29187091503267976 0.3993566176470588 0.07475490196078431 0.05177696078431373
0 0.44505718954248363 0.40058210784313725 0.07475490196078431 0.05177696078431373
0 0.6468545751633987 0.6262254901960784 0.06576797385620915 0.04350490196078431
0 0.04125816993464052 0.8716299019607843 0.08006535947712418 0.06372549019607843
0 0.71875 0.6243872549019608 0.06576797385620915 0.04350490196078431
0 0.21180555555555555 0.5732230392156863 0.0690359477124183 0.04963235294117647
0 0.5866013071895425 0.7352941176470589 0.06535947712418301 0.04656862745098039
0 0.6542075163398693 0.7325367647058824 0.06576797385620915 0.04656862745098039
0 0.7224264705882353 0.734375 0.06576797385620915 0.04656862745098039
0 0.7912581699346405 0.7362132352941176 0.06535947712418301 0.04595588235294118
0 0.3776552287581699 0.07107843137254902 0.0763888888888889 0.05698529411764706
0 0.3000408496732026 0.07215073529411764 0.0763888888888889 0.05116421568627451
0 0.21650326797385622 0.06341911764705882 0.08169934640522876 0.0545343137254902
0 0.8423202614379085 0.1479779411764706 0.07352941176470588 0.05392156862745098
0 0.7671568627450981 0.14399509803921567 0.07352941176470588 0.05392156862745098
0 0.6926062091503268 0.14139093137254902 0.07148692810457516 0.0548406862745098
0 0.6145833333333334 0.13909313725490197 0.07148692810457516 0.05514705882352941
0 0.5386029411764706 0.13648897058823528 0.0755718954248366 0.05606617647058824
0 0.45894607843137253 0.13526348039215685 0.07802287581699346 0.057291666666666664
0 0.3790849673202614 0.13051470588235295 0.07761437908496732 0.05759803921568627
0 0.2986111111111111 0.12806372549019607 0.07761437908496732 0.05759803921568627
0 0.21303104575163398 0.12316176470588236 0.07802287581699346 0.05759803921568627
0 0.04105392156862745 0.9868259803921569 0.0821078431372549 0.02696078431372549
0 0.5175653594771242 0.7348345588235294 0.06535947712418301 0.046875
0 0.792687908496732 0.6253063725490197 0.06576797385620915 0.04350490196078431
0 0.4477124183006536 0.7378982843137255 0.06535947712418301 0.046875
0 0.28737745098039214 0.7412683823529411 0.068218954248366 0.048100490196078434
0 0.28717320261437906 0.5726102941176471 0.06944444444444445 0.04963235294117647
0 0.36560457516339867 0.5723039215686274 0.06944444444444445 0.04963235294117647
0 0.43933823529411764 0.5747549019607843 0.0690359477124183 0.04963235294117647
0 0.5098039215686274 0.5753676470588235 0.06944444444444445 0.04963235294117647
0 0.5837418300653595 0.5756740196078431 0.06944444444444445 0.04963235294117647
0 0.03656045751633987 0.7374387254901961 0.07312091503267974 0.06740196078431372
0 0.7271241830065359 0.5755208333333334 0.06862745098039216 0.04993872549019608
0 0.21323529411764705 0.7896752450980392 0.06862745098039216 0.046875
0 0.2863562091503268 0.7933517156862745 0.06862745098039216 0.046875
0 0.3743872549019608 0.7915134803921569 0.06576797385620915 0.03768382352941176
0 0.4452614379084967 0.7852328431372549 0.06454248366013073 0.044730392156862746
0 0.5134803921568627 0.7838541666666666 0.06454248366013073 0.04503676470588235
0 0.5837418300653595 0.7818627450980392 0.06454248366013073 0.044730392156862746
0 0.6511437908496732 0.7826286764705882 0.06454248366013073 0.04503676470588235
0 0.03982843137254902 0.805453431372549 0.07965686274509803 0.06311274509803921
0 0.7845179738562091 0.7817095588235294 0.06413398692810457 0.04258578431372549
0 0.21384803921568626 0.7406556372549019 0.068218954248366 0.048100490196078434
0 0.37806372549019607 0.7455575980392157 0.068218954248366 0.048100490196078434
0 0.6556372549019608 0.5761335784313726 0.06862745098039216 0.04993872549019608
0 0.71875 0.7814031862745098 0.06413398692810457 0.04258578431372549
0 0.4583333333333333 0.07628676470588236 0.07598039215686274 0.05698529411764706
0 0.5957924836601307 0.4566482843137255 0.06740196078431372 0.04932598039215686
0 0.9446486928104575 0.6412377450980392 0.0298202614379085 0.04411764705882353
0 0.9080882352941176 0.6421568627450981 0.03022875816993464 0.04411764705882353
0 0.8752042483660131 0.640625 0.0298202614379085 0.04411764705882353
0 0.8417075163398693 0.6420036764705882 0.0298202614379085 0.04381127450980392
0 0.9752859477124183 0.4808517156862745 0.03145424836601307 0.048100490196078434
0 0.9779411764705882 0.6430759803921569 0.03022875816993464 0.04411764705882353
0 0.9424019607843137 0.47962622549019607 0.031862745098039214 0.048100490196078434
0 0.5241013071895425 0.4557291666666667 0.06699346405228758 0.04932598039215686
0 0.9078839869281046 0.47870710784313725 0.03145424836601307 0.048100490196078434
0 0.9703839869281046 0.5301776960784313 0.03145424836601307 0.048100490196078434
0 0.9377042483660131 0.5297181372549019 0.03145424836601307 0.04779411764705882
0 0.9037990196078431 0.5289522058823529 0.03145424836601307 0.048100490196078434
0 0.8678513071895425 0.5271139705882353 0.03145424836601307 0.048100490196078434
0 0.9656862745098039 0.3564644607843137 0.03104575163398693 0.05116421568627451
0 0.9301470588235294 0.3567708333333333 0.03594771241830065 0.050551470588235295
0 0.8923611111111112 0.3544730392156863 0.03553921568627451 0.05024509803921569
0 0.9926470588235294 0.35631127450980393 0.014705882352941176 0.04656862745098039
0 0.8719362745098039 0.4788602941176471 0.03145424836601307 0.04779411764705882
0 0.9901960784313726 0.40931372549019607 0.0196078431372549 0.05392156862745098
0 0.4520016339869281 0.4566482843137255 0.07066993464052287 0.04932598039215686
0 0.3020833333333333 0.4528186274509804 0.07066993464052287 0.049019607843137254
0 0.8782679738562091 0.5952818627450981 0.03022875816993464 0.04411764705882353
0 0.9129901960784313 0.5952818627450981 0.03022875816993464 0.04411764705882353
0 0.9477124183006536 0.5952818627450981 0.03022875816993464 0.04411764705882353
0 0.9814133986928104 0.5971200980392157 0.0298202614379085 0.04411764705882353
0 0.8515114379084967 0.7458639705882353 0.044526143790849675 0.11366421568627451
0 0.9017565359477124 0.7452512254901961 0.044526143790849675 0.11366421568627451
0 0.9513888888888888 0.7447916666666666 0.0457516339869281 0.1170343137254902
0 0.9891748366013072 0.7418811274509803 0.02165032679738562 0.11795343137254902
0 0.37806372549019607 0.45327818627450983 0.07066993464052287 0.04932598039215686
0 0.22732843137254902 0.5021446078431373 0.07230392156862746 0.0508578431372549
0 0.3815359477124183 0.5055147058823529 0.0727124183006536 0.0508578431372549
0 0.4534313725490196 0.5075061274509803 0.0661764705882353 0.047487745098039214
0 0.5234885620915033 0.5071997549019608 0.06576797385620915 0.047487745098039214
0 0.5964052287581699 0.5075061274509803 0.0661764705882353 0.047487745098039214
0 0.6658496732026143 0.5090379901960784 0.0661764705882353 0.047487745098039214
0 0.7381535947712419 0.5093443627450981 0.0661764705882353 0.047487745098039214
0 0.8112745098039216 0.5099571078431373 0.0661764705882353 0.047487745098039214
0 0.22651143790849673 0.4502144607843137 0.07066993464052287 0.04932598039215686
0 0.3055555555555556 0.5049019607843137 0.0727124183006536 0.0508578431372549
0 0.9626225490196079 0.4097732843137255 0.0298202614379085 0.053002450980392156
0 0.8451797385620915 0.5952818627450981 0.03022875816993464 0.04411764705882353
0 0.8878676470588235 0.40732230392156865 0.03553921568627451 0.05177696078431373
0 0.38255718954248363 0.21476715686274508 0.07312091503267974 0.05514705882352941
0 0.3059640522875817 0.21231617647058823 0.0718954248366013 0.05392156862745098
0 0.6145833333333334 0.0821078431372549 0.0690359477124183 0.05575980392156863
0 0.6924019607843137 0.08363970588235294 0.07679738562091504 0.05698529411764706
0 0.7704248366013072 0.08731617647058823 0.0718954248366013 0.0545343137254902
0 0.8455882352941176 0.09252450980392157 0.0718954248366013 0.0545343137254902
0 0.35927287581699346 0.02022058823529412 0.0755718954248366 0.04044117647058824
0 0.4624183006535948 0.02267156862745098 0.07598039215686274 0.04534313725490196
0 0.7655228758169934 0.02772671568627451 0.07516339869281045 0.05545343137254902
0 0.9089052287581699 0.11182598039215687 0.04820261437908497 0.12622549019607843
0 0.9683415032679739 0.11289828431372549 0.06004901960784314 0.13020833333333334
0 0.22181372549019607 0.32107843137254904 0.07598039215686274 0.056372549019607844
0 0.2992238562091503 0.3235294117647059 0.0755718954248366 0.056372549019607844
0 0.3786764705882353 0.32827818627450983 0.07516339869281045 0.05361519607843137
0 0.9272875816993464 0.4088541666666667 0.035130718954248366 0.05177696078431373
0 0.4562908496732026 0.3275122549019608 0.07516339869281045 0.05330882352941176
0 0.5355392156862745 0.32950367647058826 0.0727124183006536 0.050551470588235295
0 0.6096813725490197 0.3322610294117647 0.07230392156862746 0.050551470588235295
0 0.6870915032679739 0.33440563725490197 0.0727124183006536 0.050551470588235295
0 0.7640931372549019 0.33318014705882354 0.07230392156862746 0.050551470588235295
0 0.8366013071895425 0.33486519607843135 0.06535947712418301 0.052083333333333336
0 0.22303921568627452 0.26393995098039214 0.0784313725490196 0.05422794117647059
0 0.2232434640522876 0.20818014705882354 0.08047385620915033 0.0548406862745098
0 0.5371732026143791 0.2760416666666667 0.0718954248366013 0.0508578431372549
0 0.380718954248366 0.27267156862745096 0.0718954248366013 0.05392156862745098
0 0.5371732026143791 0.0782781862745098 0.07598039215686274 0.05667892156862745
0 0.6123366013071896 0.21997549019607843 0.0784313725490196 0.05759803921568627
0 0.9697712418300654 0.22794117647058823 0.03349673202614379 0.0508578431372549
0 0.9336192810457516 0.22809436274509803 0.03308823529411765 0.050551470588235295
0 0.8970588235294118 0.2265625 0.03349673202614379 0.050551470588235295
0 0.9930555555555556 0.28262867647058826 0.013888888888888888 0.050551470588235295
0 0.9648692810457516 0.28232230392156865 0.032679738562091505 0.05361519607843137
0 0.9287173202614379 0.28140318627450983 0.03227124183006536 0.05361519607843137
0 0.8929738562091504 0.2806372549019608 0.03349673202614379 0.05392156862745098
0 0.8400735294117647 0.22564338235294118 0.068218954248366 0.0548406862745098
0 0.7671568627450981 0.22472426470588236 0.0718954248366013 0.057291666666666664
0 0.6921977124183006 0.22365196078431374 0.07148692810457516 0.05759803921568627
0 0.30269607843137253 0.26761642156862747 0.07598039215686274 0.05177696078431373
0 0.7640931372549019 0.28109681372549017 0.07230392156862746 0.05116421568627451
0 0.6891339869281046 0.27879901960784315 0.0718954248366013 0.0508578431372549
0 0.6127450980392157 0.2775735294117647 0.0718954248366013 0.0508578431372549
0 0.8388480392156863 0.2818627450980392 0.07230392156862746 0.0508578431372549
