0 0.38359375 0.2455078125 0.058854166666666666 0.126953125
0 0.5161458333333333 0.2484375 0.078125 0.13984375
0 0.32447916666666665 0.2443359375 0.053125 0.129296875
0 0.26484375 0.242578125 0.06510416666666667 0.13046875
0 0.1515625 0.242578125 0.078125 0.12578125
0 0.07578125 0.2404296875 0.0703125 0.126953125
0 0.44583333333333336 0.2478515625 0.06354166666666666 0.131640625
0 0.72265625 0.5501953125 0.0671875 0.126171875
0 0.27369791666666665 0.7357421875 0.059895833333333336 0.032421875
0 0.5864583333333333 0.2474609375 0.059375 0.123046875
0 0.3380208333333333 0.736328125 0.06354166666666666 0.0328125
0 0.33645833333333336 0.7015625 0.06354166666666666 0.0328125
0 0.33541666666666664 0.66875 0.06354166666666666 0.0328125
0 0.4036458333333333 0.665234375 0.06354166666666666 0.0328125
0 0.4041666666666667 0.699609375 0.06354166666666666 0.0328125
0 0.4046875 0.733984375 0.06354166666666666 0.0328125
0 0.46979166666666666 0.733984375 0.06354166666666666 0.0328125
0 0.27265625 0.7025390625 0.059895833333333336 0.032421875
0 0.64921875 0.2478515625 0.06302083333333333 0.126171875
0 0.853125 0.2451171875 0.078125 0.126171875
0 0.796875 0.5474609375 0.06354166666666666 0.129296875
0 0.96328125 0.3951171875 0.05260416666666667 0.128515625
0 0.9213541666666667 0.3931640625 0.034375 0.126953125
0 0.87421875 0.3919921875 0.0546875 0.123046875
0 0.8190104166666666 0.3923828125 0.0453125 0.123046875
0 0.7697916666666667 0.39375 0.042708333333333334 0.12265625
0 0.7270833333333333 0.3921875 0.03958333333333333 0.12265625
0 0.6822916666666666 0.39296875 0.04583333333333333 0.12578125
0 0.6348958333333333 0.3935546875 0.046875 0.125390625
0 0.5153645833333333 0.3978515625 0.0609375 0.115234375
0 0.7177083333333333 0.2478515625 0.06770833333333333 0.126171875
0 0.4484375 0.396484375 0.059375 0.1171875
0 0.3338541666666667 0.39453125 0.053125 0.11328125
0 0.2752604166666667 0.3931640625 0.0546875 0.122265625
0 0.215625 0.3888671875 0.058333333333333334 0.126953125
0 0.15598958333333332 0.3951171875 0.0546875 0.111328125
0 0.09765625 0.3955078125 0.059895833333333336 0.116015625
0 0.03515625 0.4345703125 0.05677083333333333 0.078515625
0 0.023697916666666666 0.2677734375 0.03177083333333333 0.091796875
0 0.9768229166666667 0.246484375 0.04739583333333333 0.12890625
0 0.9221354166666667 0.24296875 0.05677083333333333 0.1234375
0 0.39140625 0.3984375 0.05260416666666667 0.115625
0 0.46927083333333336 0.699609375 0.06354166666666666 0.0328125
0 0.471875 0.666015625 0.06354166666666666 0.0328125
0 0.5380208333333333 0.665625 0.06354166666666666 0.0328125
0 0.7145833333333333 0.832421875 0.071875 0.09453125
0 0.7890625 0.8328125 0.071875 0.09453125
0 0.9182291666666667 0.828515625 0.071875 0.09453125
0 0.9768229166666667 0.82734375 0.04635416666666667 0.08984375
0 0.8536458333333333 0.863671875 0.05416666666666667 0.03125
0 0.8520833333333333 0.8310546875 0.05520833333333333 0.028515625
0 0.8526041666666667 0.801171875 0.05416666666666667 0.02734375
0 0.12317708333333334 0.963671875 0.07552083333333333 0.071875
0 0.19765625 0.9638671875 0.07135416666666666 0.067578125
0 0.26848958333333334 0.965234375 0.07135416666666666 0.0671875
0 0.34296875 0.9658203125 0.07135416666666666 0.067578125
0 0.4158854166666667 0.9662109375 0.07135416666666666 0.067578125
0 0.4861979166666667 0.9662109375 0.07135416666666666 0.067578125
0 0.5596354166666667 0.9662109375 0.07135416666666666 0.067578125
0 0.6330729166666667 0.936328125 0.07552083333333333 0.040625
0 0.6328125 0.9796875 0.075 0.040625
0 0.7065104166666667 0.93828125 0.06822916666666666 0.03828125
0 0.7067708333333333 0.978125 0.06770833333333333 0.03828125
0 0.83671875 0.9146484375 0.0671875 0.030078125
0 0.7752604166666667 0.9314453125 0.058854166666666666 0.041015625
0 0.7716145833333333 0.974609375 0.059895833333333336 0.040625
0 0.9013020833333333 0.9822265625 0.0640625 0.035546875
0 0.90234375 0.94453125 0.0640625 0.0359375
0 0.6421875 0.833203125 0.071875 0.09453125
0 0.09244791666666667 0.548828125 0.06302083333333333 0.1234375
0 0.55625 0.83203125 0.071875 0.09453125
0 0.40572916666666664 0.832421875 0.06979166666666667 0.0953125
0 0.5338541666666666 0.7 0.06354166666666666 0.0328125
0 0.5338541666666666 0.7328125 0.06354166666666666 0.0328125
0 0.5973958333333333 0.734765625 0.06354166666666666 0.0328125
0 0.5958333333333333 0.7015625 0.06354166666666666 0.0328125
0 0.6002604166666666 0.666796875 0.05677083333333333 0.0328125
0 0.6627604166666666 0.666796875 0.06302083333333333 0.03203125
0 0.6609375 0.70234375 0.0625 0.03203125
0 0.6614583333333334 0.73515625 0.0625 0.03203125
0 0.7283854166666667 0.66953125 0.06302083333333333 0.03203125
0 0.79296875 0.66875 0.06302083333333333 0.03203125
0 0.8596354166666667 0.671875 0.06302083333333333 0.03203125
0 0.7260416666666667 0.7015625 0.0625 0.03203125
0 0.7911458333333333 0.704296875 0.0625 0.03203125
0 0.8591145833333333 0.70390625 0.06302083333333333 0.03203125
0 0.8557291666666667 0.737109375 0.0625 0.03203125
0 0.7921875 0.738671875 0.0625 0.03203125
0 0.7265625 0.736328125 0.0625 0.03203125
0 0.9299479166666667 0.70390625 0.0734375 0.084375
0 0.05859375 0.855078125 0.044270833333333336 0.0890625
0 0.11979166666666667 0.8296875 0.07395833333333333 0.09296875
0 0.19296875 0.8302734375 0.06822916666666666 0.092578125
0 0.2638020833333333 0.8302734375 0.06822916666666666 0.092578125
0 0.33541666666666664 0.830859375 0.06979166666666667 0.0953125
0 0.48072916666666665 0.832421875 0.071875 0.09453125
0 0.15625 0.548046875 0.06145833333333333 0.12109375
0 0.7822916666666667 0.2501953125 0.05416666666666667 0.121484375
0 0.8369791666666667 0.9470703125 0.06770833333333333 0.030078125
0 0.028385416666666666 0.6154296875 0.050520833333333334 0.038671875
0 0.030989583333333334 0.76953125 0.06197916666666667 0.02265625
0 0.08776041666666666 0.734765625 0.059895833333333336 0.02734375
0 0.08567708333333333 0.7048828125 0.0609375 0.030078125
0 0.22005208333333334 0.5482421875 0.05677083333333333 0.117578125
0 0.28984375 0.5498046875 0.0609375 0.123046875
0 0.98046875 0.5478515625 0.04114583333333333 0.121484375
0 0.14453125 0.6716796875 0.0609375 0.030078125
0 0.14973958333333334 0.7345703125 0.0609375 0.030078125
0 0.21015625 0.7322265625 0.0609375 0.030078125
0 0.20885416666666667 0.7001953125 0.06041666666666667 0.030078125
0 0.20598958333333334 0.6673828125 0.0609375 0.030078125
0 0.27057291666666666 0.6662109375 0.059895833333333336 0.032421875
0 0.8372395833333334 0.9794921875 0.0671875 0.030078125
0 0.14661458333333333 0.7033203125 0.0609375 0.030078125
0 0.92109375 0.550390625 0.0640625 0.1234375
0 0.08359375 0.6728515625 0.0609375 0.030078125
0 0.8596354166666667 0.5494140625 0.05364583333333333 0.124609375
0 0.6588541666666666 0.5484375 0.05520833333333333 0.11796875
0 0.5986979166666667 0.5458984375 0.0609375 0.122265625
0 0.5338541666666666 0.5484375 0.06354166666666666 0.128125
0 0.46796875 0.5462890625 0.05677083333333333 0.125390625
0 0.4109375 0.5484375 0.052083333333333336 0.11796875
0 0.3528645833333333 0.551171875 0.0546875 0.1265625
