0 0.22628205128205128 0.8858127376425855 0.10192307692307692 0.019724334600760455
0 0.027083333333333334 0.4704134980988593 0.05416666666666667 0.08531368821292776
0 0.8482371794871795 0.4060123574144487 0.14967948717948718 0.023051330798479087
0 0.8349358974358975 0.37975285171102663 0.14807692307692308 0.02328897338403042
0 0.8383012820512821 0.3524239543726236 0.1451923076923077 0.02614068441064639
0 0.545352564102564 0.4060123574144487 0.13173076923076923 0.015922053231939164
0 0.4125 0.37725760456273766 0.12564102564102564 0.024952471482889736
0 0.41394230769230766 0.40256653992395436 0.12275641025641025 0.022813688212927757
0 0.4094551282051282 0.3506416349809886 0.12596153846153846 0.02685361216730038
0 0.2826923076923077 0.3990019011406844 0.13525641025641025 0.025190114068441065
0 0.2766025641025641 0.37250475285171103 0.1294871794871795 0.022576045627376425
0 0.33653846153846156 0.844819391634981 0.12564102564102564 0.022338403041825095
0 0.15416666666666667 0.39745722433460073 0.11346153846153846 0.022100760456273766
0 0.15128205128205127 0.3784458174904943 0.10448717948717949 0.013545627376425855
0 0.541826923076923 0.3821292775665399 0.12788461538461537 0.025665399239543727
0 0.2762820512820513 0.345532319391635 0.13525641025641025 0.028041825095057035
0 0.59375 0.8643060836501901 0.14198717948717948 0.022338403041825095
0 0.3403846153846154 0.8861692015209125 0.12115384615384615 0.01758555133079848
0 0.5764423076923076 0.4749287072243346 0.12596153846153846 0.030180608365019013
0 0.45256410256410257 0.5053469581749049 0.11538461538461539 0.017347908745247147
0 0.4517628205128205 0.4841967680608365 0.11442307692307692 0.02115019011406844
0 0.3193910256410256 0.47504752851711024 0.14711538461538462 0.02709125475285171
0 0.32051282051282054 0.5034458174904943 0.14615384615384616 0.027328897338403043
0 0.17291666666666666 0.4995247148288973 0.14198717948717948 0.03136882129277566
0 0.07580128205128205 0.4704134980988593 0.03108974358974359 0.08436311787072244
0 0.33974358974358976 0.8666825095057035 0.12179487179487179 0.01758555133079848
0 0.8192307692307692 0.8873574144486692 0.023717948717948717 0.024714828897338403
0 0.7349358974358975 0.8853374524714829 0.13846153846153847 0.018298479087452472
0 0.735897435897436 0.8605038022813688 0.13525641025641025 0.02614068441064639
0 0.6076923076923076 0.8919914448669202 0.1076923076923077 0.01782319391634981
0 0.1482371794871795 0.3591967680608365 0.11698717948717949 0.02352661596958175
0 0.46121794871794874 0.8881891634980988 0.11474358974358974 0.017347908745247147
0 0.46089743589743587 0.8689401140684411 0.11730769230769231 0.01782319391634981
0 0.4581730769230769 0.8492157794676806 0.11506410256410256 0.021625475285171104
0 0.826602564102564 0.8615731939163498 0.026282051282051282 0.02352661596958175
0 0.1451923076923077 0.3369771863117871 0.1076923076923077 0.01568441064638783
0 0.8591346153846153 0.2988355513307985 0.1439102564102564 0.02637832699619772
0 0.03637820512820513 0.36525665399239543 0.041987179487179484 0.08127376425855513
0 0.22003205128205128 0.8366207224334601 0.09967948717948719 0.010218631178707225
0 0.1548076923076923 0.8581273764258555 0.025 0.07271863117870722
0 0.1296474358974359 0.8613355513307985 0.01826923076923077 0.06677756653992395
0 0.05961538461538462 0.8897338403041825 0.11923076923076924 0.022813688212927757
0 0.05977564102564103 0.8658507604562737 0.11955128205128206 0.023051330798479087
0 0.05977564102564103 0.8382842205323194 0.11955128205128206 0.032081749049429654
0 0.9496794871794871 0.7912309885931559 0.10192307692307692 0.02067490494296578
0 0.9483974358974359 0.7660408745247148 0.10256410256410256 0.023051330798479087
0 0.8690705128205128 0.7565351711026616 0.03365384615384615 0.02923003802281369
0 0.8798076923076923 0.7880228136882129 0.03012820512820513 0.025665399239543727
0 0.8397435897435898 0.7862404942965779 0.021153846153846155 0.02637832699619772
0 0.8342948717948718 0.7523764258555133 0.016666666666666666 0.02328897338403042
0 0.7482371794871795 0.7879039923954373 0.14903846153846154 0.023051330798479087
0 0.15913461538461537 0.2523764258555133 0.11121794871794871 0.02091254752851711
0 0.1564102564102564 0.23324619771863117 0.11153846153846154 0.01449619771863118
0 0.22147435897435896 0.8539686311787072 0.09807692307692308 0.019724334600760455
0 0.22580128205128205 0.8698906844106464 0.10224358974358974 0.010218631178707225
0 0.15336538461538463 0.2712690114068441 0.11506410256410256 0.01497148288973384
0 0.1560897435897436 0.2905180608365019 0.11730769230769231 0.021625475285171104
0 0.9804487179487179 0.23930608365019013 0.03974358974358974 0.04277566539923954
0 0.9435897435897436 0.23978136882129278 0.025 0.04847908745247148
0 0.9511217948717948 0.29075570342205326 0.027884615384615386 0.04919201520912547
0 0.8565705128205128 0.2508317490494297 0.13237179487179487 0.02352661596958175
0 0.8613782051282052 0.2741207224334601 0.1387820512820513 0.022100760456273766
0 0.5786858974358975 0.502495247148289 0.1266025641025641 0.02352661596958175
0 0.7043269230769231 0.2975285171102662 0.14967948717948718 0.02614068441064639
0 0.07596153846153846 0.3643060836501901 0.025 0.07889733840304182
0 0.5565705128205128 0.24536596958174905 0.1387820512820513 0.024952471482889736
0 0.5565705128205128 0.2976473384030418 0.13557692307692307 0.02637832699619772
0 0.42243589743589743 0.2949144486692015 0.13012820512820514 0.02328897338403042
0 0.42419871794871794 0.26996197718631176 0.13365384615384615 0.02376425855513308
0 0.421474358974359 0.2427519011406844 0.13141025641025642 0.02923003802281369
0 0.29951923076923076 0.23550380228136883 0.10416666666666667 0.028517110266159697
0 0.2860576923076923 0.29206273764258556 0.1362179487179487 0.026615969581749048
0 0.2844551282051282 0.2652091254752852 0.1330128205128205 0.025665399239543727
0 0.5596153846153846 0.27150665399239543 0.13525641025641025 0.024477186311787073
0 0.7158653846153846 0.4606701520912547 0.12916666666666668 0.02352661596958175
0 0.9628205128205128 0.45175855513307983 0.07564102564102564 0.025190114068441065
0 0.7094551282051282 0.4841967680608365 0.12916666666666668 0.02352661596958175
0 0.9495192307692307 0.6448431558935361 0.1016025641025641 0.02352661596958175
0 0.8780448717948718 0.6752614068441065 0.02980769230769231 0.02923003802281369
0 0.8798076923076923 0.7009268060836502 0.027564102564102563 0.02115019011406844
0 0.8391025641025641 0.7004515209125475 0.023076923076923078 0.020199619771863117
0 0.8424679487179487 0.6775190114068441 0.02403846153846154 0.019961977186311788
0 0.7594551282051282 0.6506653992395437 0.13942307692307693 0.02376425855513308
0 0.950801282051282 0.6788260456273765 0.0983974358974359 0.024952471482889736
0 0.7541666666666667 0.6973621673003803 0.14358974358974358 0.018773764258555134
0 0.6064102564102564 0.6933222433460076 0.1391025641025641 0.024477186311787073
0 0.6041666666666666 0.6661121673003803 0.14102564102564102 0.02709125475285171
0 0.4684294871794872 0.6966492395437263 0.12403846153846154 0.021625475285171104
0 0.47115384615384615 0.6732414448669202 0.11923076923076924 0.02091254752851711
0 0.33221153846153845 0.6940351711026616 0.14134615384615384 0.02115019011406844
0 0.704647435897436 0.5070104562737643 0.12532051282051282 0.027328897338403043
0 0.7541666666666667 0.6744296577946768 0.14423076923076922 0.025665399239543727
0 0.9504807692307692 0.7036596958174905 0.10032051282051282 0.019486692015209126
0 0.05753205128205128 0.7336026615969582 0.10865384615384616 0.019961977186311788
0 0.06025641025641026 0.7572480988593155 0.1141025641025641 0.02352661596958175
0 0.7459935897435898 0.7610503802281369 0.14967948717948718 0.031131178707224334
0 0.5897435897435898 0.784458174904943 0.11666666666666667 0.022813688212927757
0 0.5988782051282051 0.7611692015209125 0.11826923076923077 0.019961977186311788
0 0.46330128205128207 0.7427519011406845 0.12211538461538461 0.019724334600760455
0 0.4618589743589744 0.7656844106463878 0.12179487179487179 0.02138783269961977
0 0.461698717948718 0.78481463878327 0.1189102564102564 0.01449619771863118
0 0.3386217948717949 0.7839828897338403 0.1233974358974359 0.021863117870722433
0 0.3370192307692308 0.7603374524714829 0.12403846153846154 0.02067490494296578
0 0.334775641025641 0.7382366920152091 0.12211538461538461 0.020199619771863117
0 0.21458333333333332 0.785171102661597 0.10608974358974359 0.01758555133079848
0 0.21298076923076922 0.7675855513307985 0.10737179487179487 0.009980988593155894
0 0.20977564102564103 0.7513070342205324 0.1125 0.020199619771863117
0 0.2046474358974359 0.7331273764258555 0.10288461538461538 0.014258555133079848
0 0.1360576923076923 0.7602186311787072 0.02467948717948718 0.06653992395437262
0 0.058653846153846154 0.783032319391635 0.1141025641025641 0.024714828897338403
0 0.3349358974358974 0.6690826996197718 0.1467948717948718 0.02400190114068441
0 0.18637820512820513 0.6926093155893536 0.1439102564102564 0.023051330798479087
0 0.3371794871794872 0.6437737642585551 0.1423076923076923 0.017110266159695818
0 0.8541666666666666 0.8568203422053232 0.022435897435897436 0.025427756653992394
0 0.8532051282051282 0.8859315589353612 0.023717948717948717 0.021863117870722433
0 0.32403846153846155 0.5756891634980988 0.14358974358974358 0.02067490494296578
0 0.3230769230769231 0.5487167300380228 0.14487179487179488 0.028517110266159697
0 0.1751602564102564 0.5993346007604563 0.14006410256410257 0.026615969581749048
0 0.17612179487179488 0.5743821292775665 0.14903846153846154 0.02043726235741445
0 0.17612179487179488 0.5484790874524715 0.1483974358974359 0.025665399239543727
0 0.4584935897435897 0.6012357414448669 0.12788461538461537 0.019961977186311788
0 0.07067307692307692 0.5705798479087453 0.058012820512820515 0.07224334600760456
0 0.9629807692307693 0.5062975285171103 0.07596153846153846 0.02637832699619772
0 0.9608974358974359 0.4765922053231939 0.0782051282051282 0.022100760456273766
0 0.06682692307692308 0.2551093155893536 0.04391025641025641 0.09529467680608365
0 0.8517628205128205 0.5085551330798479 0.13493589743589743 0.02376425855513308
0 0.8503205128205128 0.4859790874524715 0.13525641025641025 0.019961977186311788
0 0.8520833333333333 0.4593631178707224 0.1387820512820513 0.02899239543726236
0 0.01939102564102564 0.5711739543726235 0.03878205128205128 0.07105513307984791
0 0.45913461538461536 0.5790161596958175 0.1233974358974359 0.022576045627376425
0 0.32099358974358977 0.5990969581749049 0.1407051282051282 0.02376425855513308
0 0.5863782051282052 0.5781844106463878 0.12083333333333333 0.02091254752851711
0 0.9360576923076923 0.8494534220532319 0.12724358974358974 0.020199619771863117
0 0.9357371794871795 0.8701283269961977 0.12980769230769232 0.01782319391634981
0 0.9365384615384615 0.8902091254752852 0.1282051282051282 0.019011406844106463
0 0.9684294871794872 0.40506178707224333 0.06506410256410257 0.02352661596958175
0 0.4594551282051282 0.5550142585551331 0.12403846153846154 0.023051330798479087
0 0.07756410256410257 0.6689638783269962 0.06217948717948718 0.0679657794676806
0 0.022596153846153846 0.6675380228136882 0.04519230769230769 0.07129277566539924
0 0.18621794871794872 0.6670627376425855 0.1467948717948718 0.026615969581749048
0 0.9596153846153846 0.5819866920152091 0.08205128205128205 0.02423954372623574
0 0.9584935897435898 0.5540636882129277 0.08237179487179487 0.0278041825095057
0 0.8434294871794872 0.6002851711026616 0.12788461538461537 0.02376425855513308
0 0.8350961538461539 0.5710551330798479 0.1201923076923077 0.027566539923954372
0 0.7104166666666667 0.6020674904942965 0.12596153846153846 0.015922053231939164
0 0.708974358974359 0.5796102661596958 0.11858974358974358 0.02376425855513308
0 0.5852564102564103 0.6014733840304183 0.12243589743589743 0.019486692015209126
0 0.958173076923077 0.6070579847908745 0.08493589743589744 0.025903041825095056
0 0.01987179487179487 0.2573669201520912 0.03974358974358974 0.0903041825095057
