0 0.1670751633986928 0.7115502450980392 0.059640522875817 0.09037990196078431
0 0.22732843137254902 0.6285232843137255 0.017565359477124183 0.06403186274509803
0 0.18137254901960784 0.6050857843137255 0.02287581699346405 0.052083333333333336
0 0.20465686274509803 0.6150428921568627 0.0196078431372549 0.06832107843137254
0 0.05044934640522876 0.7083333333333334 0.08129084967320262 0.08517156862745098
0 0.41380718954248363 0.4027267156862745 0.03022875816993464 0.07996323529411764
0 0.21895424836601307 0.7135416666666666 0.03676470588235294 0.08517156862745098
0 0.13827614379084968 0.7924325980392157 0.05106209150326797 0.06158088235294118
0 0.5802696078431373 0.31556372549019607 0.015931372549019607 0.07965686274509803
0 0.3137254901960784 0.4010416666666667 0.03349673202614379 0.08088235294117647
0 0.5363562091503268 0.5142463235294118 0.049836601307189546 0.02297794117647059
0 0.5381944444444444 0.5367647058823529 0.05106209150326797 0.02022058823529412
0 0.47263071895424835 0.5384497549019608 0.06781045751633986 0.013174019607843137
0 0.48161764705882354 0.5203737745098039 0.041666666666666664 0.013786764705882353
0 0.4795751633986928 0.5018382352941176 0.042483660130718956 0.02144607843137255
0 0.44424019607843135 0.49080882352941174 0.024918300653594773 0.011642156862745098
0 0.43709150326797386 0.5067401960784313 0.032679738562091505 0.011642156862745098
0 0.349468954248366 0.4019607843137255 0.03227124183006536 0.08088235294117647
0 0.3382352941176471 0.5212928921568627 0.0661764705882353 0.03707107843137255
0 0.5692401960784313 0.4728860294117647 0.03227124183006536 0.026041666666666668
0 0.5222630718954249 0.47181372549019607 0.05514705882352941 0.028186274509803922
0 0.4025735294117647 0.47150735294117646 0.0298202614379085 0.020833333333333332
0 0.3654003267973856 0.4693627450980392 0.037173202614379085 0.02144607843137255
0 0.3257761437908497 0.4699754901960784 0.03880718954248366 0.024509803921568627
0 0.5535130718954249 0.4030330882352941 0.031862745098039214 0.08057598039215687
0 0.5175653594771242 0.40379901960784315 0.03349673202614379 0.0784313725490196
0 0.4810049019607843 0.40471813725490197 0.03390522875816993 0.0784313725490196
0 0.445874183006536 0.40517769607843135 0.0298202614379085 0.07996323529411764
0 0.3819444444444444 0.40425857843137253 0.029411764705882353 0.07873774509803921
0 0.5512663398692811 0.3147977941176471 0.03227124183006536 0.0744485294117647
0 0.516748366013072 0.31326593137254904 0.03022875816993464 0.07567401960784313
0 0.37826797385620914 0.6107536764705882 0.12091503267973856 0.030330882352941176
0 0.42463235294117646 0.5586703431372549 0.07720588235294118 0.022365196078431373
0 0.1977124183006536 0.7971813725490197 0.061274509803921566 0.07107843137254902
0 0.30249183006535946 0.22181372549019607 0.030637254901960783 0.07965686274509803
0 0.3341503267973856 0.22120098039215685 0.027777777777777776 0.08026960784313726
0 0.36519607843137253 0.22242647058823528 0.031862745098039214 0.07536764705882353
0 0.39685457516339867 0.21997549019607843 0.02900326797385621 0.07598039215686274
0 0.431781045751634 0.2189031862745098 0.031862745098039214 0.07261029411764706
0 0.4636437908496732 0.2192095588235294 0.03022875816993464 0.07322303921568628
0 0.4934640522875817 0.21798406862745098 0.02696078431372549 0.07567401960784313
0 0.5230800653594772 0.21951593137254902 0.027369281045751634 0.07567401960784313
0 0.5571895424836601 0.2189031862745098 0.029411764705882353 0.07567401960784313
0 0.09456699346405228 0.78125 0.030637254901960783 0.05575980392156863
0 0.5831290849673203 0.21691176470588236 0.017565359477124183 0.07536764705882353
0 0.3429330065359477 0.31326593137254904 0.0298202614379085 0.07261029411764706
0 0.3756127450980392 0.31525735294117646 0.03227124183006536 0.07291666666666667
0 0.4076797385620915 0.3137254901960784 0.027777777777777776 0.07291666666666667
0 0.443218954248366 0.31449142156862747 0.031862745098039214 0.07506127450980392
0 0.4810049019607843 0.31326593137254904 0.0363562091503268 0.0744485294117647
0 0.3174019607843137 0.6724877450980392 0.031862745098039214 0.06985294117647059
0 0.5635212418300654 0.6115196078431373 0.034722222222222224 0.011029411764705883
0 0.5598447712418301 0.6282169117647058 0.04370915032679738 0.01685049019607843
0 0.5191993464052288 0.5940563725490197 0.028594771241830064 0.07965686274509803
0 0.4769199346405229 0.6125919117647058 0.04534313725490196 0.035845588235294115
0 0.30800653594771243 0.31387867647058826 0.03349673202614379 0.07199754901960784
0 0.3974673202614379 0.4996936274509804 0.04003267973856209 0.025735294117647058
0 0.46548202614379086 0.6672794117647058 0.020833333333333332 0.05821078431372549
0 0.3999183006535948 0.6757046568627451 0.025326797385620915 0.06954656862745098
0 0.7837009803921569 0.4039522058823529 0.030637254901960783 0.0818014705882353
0 0.7479575163398693 0.4027267156862745 0.03022875816993464 0.0818014705882353
0 0.7132352941176471 0.4039522058823529 0.03022875816993464 0.0818014705882353
0 0.681781045751634 0.40456495098039214 0.03022875816993464 0.0818014705882353
0 0.6511437908496732 0.4039522058823529 0.026143790849673203 0.07996323529411764
0 0.9466911764705882 0.5183823529411765 0.04861111111111111 0.0821078431372549
0 0.8962418300653595 0.5165441176470589 0.042483660130718956 0.0821078431372549
0 0.8441584967320261 0.5159313725490197 0.044526143790849675 0.0784313725490196
0 0.8188316993464052 0.39889705882352944 0.0363562091503268 0.08517156862745098
0 0.8000408496732027 0.5150122549019608 0.037173202614379085 0.0784313725490196
0 0.7062908496732027 0.49862132352941174 0.041666666666666664 0.10018382352941177
0 0.954452614379085 0.6161151960784313 0.03390522875816993 0.07659313725490197
0 0.9162581699346405 0.6132046568627451 0.03839869281045752 0.07689950980392157
0 0.8768382352941176 0.6113664215686274 0.037173202614379085 0.07751225490196079
0 0.8374183006535948 0.6106004901960784 0.03676470588235294 0.08026960784313726
0 0.797998366013072 0.6081495098039216 0.03553921568627451 0.07720588235294118
0 0.7593954248366013 0.6069240196078431 0.03349673202614379 0.07291666666666667
0 0.7224264705882353 0.6046262254901961 0.03227124183006536 0.07261029411764706
0 0.7510212418300654 0.5021446078431373 0.039624183006535946 0.10294117647058823
0 0.8549836601307189 0.4022671568627451 0.03349673202614379 0.08700980392156862
0 0.8921568627450981 0.4028799019607843 0.031862745098039214 0.08272058823529412
0 0.9264705882352942 0.40410539215686275 0.031862745098039214 0.08272058823529412
0 0.9814133986928104 0.20726102941176472 0.03553921568627451 0.06893382352941177
0 0.9385212418300654 0.20756740196078433 0.03553921568627451 0.06893382352941177
0 0.897671568627451 0.20726102941176472 0.037173202614379085 0.06770833333333333
0 0.8572303921568627 0.20787377450980393 0.03553921568627451 0.06954656862745098
0 0.8157679738562091 0.20971200980392157 0.03839869281045752 0.06893382352941177
0 0.7736928104575164 0.2103247549019608 0.03349673202614379 0.06770833333333333
0 0.738562091503268 0.21323529411764705 0.032679738562091505 0.06495098039215687
0 0.6997549019607843 0.23621323529411764 0.026143790849673203 0.023284313725490197
0 0.6636029411764706 0.21001838235294118 0.02900326797385621 0.07506127450980392
0 0.9691584967320261 0.3008578431372549 0.03880718954248366 0.08946078431372549
0 0.9266748366013072 0.3017769607843137 0.03880718954248366 0.08946078431372549
0 0.8860294117647058 0.30392156862745096 0.03594771241830065 0.08946078431372549
0 0.8441584967320261 0.30315563725490197 0.04044117647058824 0.0897671568627451
0 0.8031045751633987 0.3040747549019608 0.03349673202614379 0.09037990196078431
0 0.7638888888888888 0.30652573529411764 0.03349673202614379 0.09037990196078431
0 0.7275326797385621 0.3053002450980392 0.03431372549019608 0.09037990196078431
0 0.6915849673202614 0.3037683823529412 0.03022875816993464 0.09160539215686274
0 0.6566584967320261 0.3049938725490196 0.030637254901960783 0.09037990196078431
0 0.9656862745098039 0.40379901960784315 0.04003267973856209 0.08517156862745098
0 0.6868872549019608 0.6000306372549019 0.03308823529411765 0.07138480392156862
0 0.6529820261437909 0.5984987745098039 0.03227124183006536 0.06832107843137254
0 0.9505718954248366 0.7002144607843137 0.03349673202614379 0.06464460784313726
0 0.9156454248366013 0.6992953431372549 0.03390522875816993 0.06464460784313726
0 0.6815767973856209 0.8432904411764706 0.03390522875816993 0.0628063725490196
0 0.6456290849673203 0.8426776960784313 0.023284313725490197 0.06587009803921569
0 0.5447303921568627 0.8408394607843137 0.024918300653594773 0.04503676470588235
0 0.5147058823529411 0.8265931372549019 0.026143790849673203 0.058823529411764705
0 0.47855392156862747 0.8293504901960784 0.02900326797385621 0.06004901960784314
0 0.4438316993464052 0.8261335784313726 0.026552287581699346 0.06158088235294118
0 0.41237745098039214 0.8247549019607843 0.024918300653594773 0.061274509803921566
0 0.380718954248366 0.8215379901960784 0.026143790849673203 0.06096813725490196
0 0.3492647058823529 0.8198529411764706 0.02696078431372549 0.05575980392156863
0 0.31862745098039214 0.8174019607843137 0.02696078431372549 0.05698529411764706
0 0.5582107843137255 0.7542892156862745 0.03227124183006536 0.05392156862745098
0 0.5220588235294118 0.7627144607843137 0.03022875816993464 0.05422794117647059
0 0.4881535947712418 0.7564338235294118 0.031862745098039214 0.056372549019607844
0 0.45751633986928103 0.7449448529411765 0.02369281045751634 0.04993872549019608
0 0.5590277777777778 0.6704963235294118 0.025735294117647058 0.0664828431372549
0 0.53125 0.6703431372549019 0.025735294117647058 0.0661764705882353
0 0.4910130718954248 0.6818321078431373 0.026143790849673203 0.06587009803921569
0 0.10825163398692811 0.6194852941176471 0.05473856209150327 0.08333333333333333
0 0.42892156862745096 0.6775428921568627 0.025326797385620915 0.06954656862745098
0 0.7191584967320261 0.8477328431372549 0.03390522875816993 0.06556372549019608
0 0.372140522875817 0.6753982843137255 0.025326797385620915 0.06954656862745098
0 0.7622549019607843 0.8512561274509803 0.0392156862745098 0.06587009803921569
0 0.886437908496732 0.8558517156862745 0.04003267973856209 0.07935049019607843
0 0.8796977124183006 0.6973039215686274 0.03145424836601307 0.061274509803921566
0 0.8435457516339869 0.6965379901960784 0.031862745098039214 0.06158088235294118
0 0.8084150326797386 0.7022058823529411 0.028594771241830064 0.04779411764705882
0 0.7732843137254902 0.6924019607843137 0.025326797385620915 0.05330882352941176
0 0.7395833333333334 0.6908700980392157 0.026552287581699346 0.0545343137254902
0 0.7066993464052288 0.688265931372549 0.028594771241830064 0.057904411764705885
0 0.672998366013072 0.6850490196078431 0.030637254901960783 0.05759803921568627
0 0.6462418300653595 0.6845894607843137 0.018790849673202614 0.0548406862745098
0 0.9438316993464052 0.7789522058823529 0.02900326797385621 0.05974264705882353
0 0.9101307189542484 0.7700674019607843 0.026143790849673203 0.060355392156862746
0 0.8780637254901961 0.7752757352941176 0.03145424836601307 0.06464460784313726
0 0.8423202614379085 0.7719056372549019 0.031862745098039214 0.06219362745098039
0 0.8088235294117647 0.7598039215686274 0.02696078431372549 0.06066176470588235
0 0.775531045751634 0.7683823529411765 0.024101307189542485 0.05943627450980392
0 0.747140522875817 0.765625 0.026143790849673203 0.06004901960784314
0 0.7154820261437909 0.7647058823529411 0.03227124183006536 0.06433823529411764
0 0.6821895424836601 0.7622549019607843 0.02696078431372549 0.06372549019607843
0 0.6503267973856209 0.7576593137254902 0.03022875816993464 0.06678921568627451
0 0.9287173202614379 0.8595281862745098 0.03227124183006536 0.07199754901960784
0 0.8406862745098039 0.8547794117647058 0.0457516339869281 0.07107843137254902
0 0.06209150326797386 0.6233149509803921 0.029411764705882353 0.0701593137254902
0 0.0494281045751634 0.23100490196078433 0.027777777777777776 0.07169117647058823
0 0.2107843137254902 0.5343137254901961 0.026143790849673203 0.05759803921568627
0 0.028186274509803922 0.3831188725490196 0.025326797385620915 0.05545343137254902
0 0.007148692810457516 0.3825061274509804 0.014297385620915032 0.05422794117647059
0 0.1940359477124183 0.31050857843137253 0.028594771241830064 0.05912990196078431
0 0.16237745098039216 0.3098958333333333 0.03227124183006536 0.057904411764705885
0 0.12867647058823528 0.32613357843137253 0.026143790849673203 0.02297794117647059
0 0.07373366013071896 0.30974264705882354 0.028186274509803922 0.05759803921568627
0 0.05535130718954248 0.38465073529411764 0.024101307189542485 0.0548406862745098
0 0.04411764705882353 0.3098958333333333 0.026143790849673203 0.05912990196078431
0 0.20526960784313725 0.2264093137254902 0.023284313725490197 0.0784313725490196
0 0.1766748366013072 0.22870710784313725 0.0298202614379085 0.07383578431372549
0 0.14297385620915032 0.22931985294117646 0.03022875816993464 0.07383578431372549
0 0.11049836601307189 0.22977941176470587 0.0298202614379085 0.0741421568627451
0 0.07945261437908496 0.23069852941176472 0.027369281045751634 0.07230392156862746
0 0.026143790849673203 0.6156556372549019 0.03594771241830065 0.0860906862745098
0 0.016339869281045753 0.3079044117647059 0.026143790849673203 0.05943627450980392
0 0.08374183006535947 0.38434436274509803 0.025326797385620915 0.05606617647058824
0 0.02144607843137255 0.23253676470588236 0.02246732026143791 0.0704656862745098
0 0.1431781045751634 0.38434436274509803 0.02165032679738562 0.057904411764705885
0 0.11233660130718955 0.38296568627450983 0.02696078431372549 0.05514705882352941
0 0.13970588235294118 0.5349264705882353 0.02696078431372549 0.06801470588235294
0 0.11642156862745098 0.5338541666666666 0.015522875816993464 0.06464460784313726
0 0.07965686274509803 0.5358455882352942 0.03676470588235294 0.0661764705882353
0 0.0196078431372549 0.5327818627450981 0.0392156862745098 0.06004901960784314
0 0.21793300653594772 0.4638480392156863 0.020833333333333332 0.04779411764705882
0 0.19321895424836602 0.4647671568627451 0.02696078431372549 0.04963235294117647
0 0.1597222222222222 0.4557291666666667 0.029411764705882353 0.06219362745098039
0 0.1715686274509804 0.5370710784313726 0.03022875816993464 0.06740196078431372
0 0.09620098039215687 0.4574142156862745 0.024918300653594773 0.0545343137254902
0 0.06433823529411764 0.4574142156862745 0.025735294117647058 0.04963235294117647
0 0.03451797385620915 0.4580269607843137 0.027369281045751634 0.0508578431372549
0 0.007761437908496732 0.4569546568627451 0.015522875816993464 0.053002450980392156
0 0.20261437908496732 0.38495710784313725 0.031862745098039214 0.06158088235294118
0 0.12622549019607843 0.45358455882352944 0.029411764705882353 0.06219362745098039
0 0.16952614379084968 0.3854166666666667 0.029411764705882353 0.06004901960784314
