0 0.4973958333333333 0.150390625 0.06666666666666667 0.08359375
0 0.6091145833333333 0.1529296875 0.05364583333333333 0.076953125
0 0.66328125 0.1560546875 0.05364583333333333 0.080078125
0 0.7216145833333333 0.09609375 0.06197916666666667 0.04140625
0 0.7203125 0.1572265625 0.059375 0.079296875
0 0.7875 0.15546875 0.06145833333333333 0.07890625
0 0.8518229166666667 0.1578125 0.06510416666666667 0.08359375
0 0.5138020833333333 0.5951171875 0.09947916666666666 0.045703125
0 0.09557291666666666 0.1521484375 0.04635416666666667 0.108203125
0 0.38229166666666664 0.3490234375 0.05416666666666667 0.014453125
0 0.32526041666666666 0.348828125 0.05260416666666667 0.0140625
0 0.2721354166666667 0.346875 0.050520833333333334 0.01328125
0 0.7299479166666667 0.5181640625 0.0546875 0.069140625
0 0.7942708333333334 0.5177734375 0.058333333333333334 0.074609375
0 0.85546875 0.51875 0.059895833333333336 0.0734375
0 0.971875 0.521875 0.05625 0.06796875
0 0.91796875 0.5177734375 0.05677083333333333 0.066015625
0 0.8703125 0.3556640625 0.06145833333333333 0.024609375
0 0.9416666666666667 0.4056640625 0.06041666666666667 0.064453125
0 0.8786458333333333 0.4041015625 0.0625 0.067578125
0 0.4359375 0.3505859375 0.04895833333333333 0.014453125
0 0.8130208333333333 0.4037109375 0.06354166666666666 0.069140625
0 0.6895833333333333 0.405078125 0.06145833333333333 0.06953125
0 0.6268229166666667 0.4041015625 0.05677083333333333 0.067578125
0 0.5653645833333333 0.403515625 0.058854166666666666 0.06640625
0 0.5986979166666667 0.3556640625 0.05677083333333333 0.024609375
0 0.5041666666666667 0.40390625 0.06041666666666667 0.07265625
0 0.43697916666666664 0.39765625 0.058333333333333334 0.078125
0 0.3734375 0.397265625 0.06041666666666667 0.08046875
0 0.30833333333333335 0.3943359375 0.0625 0.074609375
0 0.24583333333333332 0.3951171875 0.065625 0.079296875
0 0.06536458333333334 0.4693359375 0.13072916666666667 0.067578125
0 0.1796875 0.3939453125 0.06666666666666667 0.080078125
0 0.7513020833333334 0.4037109375 0.05677083333333333 0.069140625
0 0.6375 0.46796875 0.05 0.0234375
0 0.5822916666666667 0.46796875 0.052083333333333336 0.0234375
0 0.52890625 0.462890625 0.049479166666666664 0.01953125
0 0.6192708333333333 0.5939453125 0.10208333333333333 0.046484375
0 0.51796875 0.6408203125 0.10052083333333334 0.043359375
0 0.6184895833333334 0.6404296875 0.10052083333333334 0.042578125
0 0.725 0.6384765625 0.10416666666666667 0.048046875
0 0.8317708333333333 0.639453125 0.10104166666666667 0.046875
0 0.9369791666666667 0.59453125 0.11041666666666666 0.04765625
0 0.9421875 0.6404296875 0.10104166666666667 0.042578125
0 0.9364583333333333 0.70625 0.10208333333333333 0.0421875
0 0.9330729166666667 0.7509765625 0.10260416666666666 0.044140625
0 0.8341145833333333 0.7072265625 0.1015625 0.041015625
0 0.8317708333333333 0.7525390625 0.10104166666666667 0.041015625
0 0.72734375 0.70625 0.10885416666666667 0.0421875
0 0.7268229166666667 0.749609375 0.1046875 0.04140625
0 0.3078125 0.6404296875 0.10208333333333333 0.045703125
0 0.3065104166666667 0.5935546875 0.10260416666666666 0.048828125
0 0.20104166666666667 0.6310546875 0.10520833333333333 0.072265625
0 0.03697916666666667 0.6826171875 0.07083333333333333 0.077734375
0 0.054427083333333334 0.5783203125 0.1078125 0.078515625
0 0.23489583333333333 0.5111328125 0.06458333333333334 0.076171875
0 0.30078125 0.5146484375 0.059895833333333336 0.080859375
0 0.36223958333333334 0.5125 0.0578125 0.07890625
0 0.42604166666666665 0.5130859375 0.057291666666666664 0.080078125
0 0.48880208333333336 0.5119140625 0.0578125 0.077734375
0 0.6111979166666667 0.519140625 0.06197916666666667 0.065625
0 0.6739583333333333 0.5166015625 0.058333333333333334 0.072265625
0 0.04453125 0.3076171875 0.08072916666666667 0.130078125
0 0.15286458333333333 0.2701171875 0.0609375 0.082421875
0 0.21901041666666668 0.2736328125 0.0640625 0.080078125
0 0.2869791666666667 0.2767578125 0.05625 0.083984375
0 0.9145833333333333 0.8638671875 0.10208333333333333 0.047265625
0 0.9111979166666667 0.8201171875 0.10364583333333334 0.041015625
0 0.8078125 0.819140625 0.10520833333333333 0.0421875
0 0.61015625 0.8650390625 0.10364583333333334 0.049609375
0 0.6065104166666667 0.819140625 0.09635416666666667 0.0421875
0 0.5033854166666667 0.86484375 0.10364583333333334 0.04296875
0 0.40390625 0.8650390625 0.09739583333333333 0.049609375
0 0.4231770833333333 0.7044921875 0.09947916666666666 0.047265625
0 0.41875 0.7521484375 0.09895833333333333 0.046484375
0 0.31640625 0.7044921875 0.0984375 0.047265625
0 0.3078125 0.7560546875 0.09791666666666667 0.036328125
0 0.20234375 0.7435546875 0.10364583333333334 0.032421875
0 0.07786458333333333 0.8 0.09947916666666666 0.096875
0 0.20364583333333333 0.8208984375 0.10625 0.048046875
0 0.30546875 0.81875 0.09322916666666667 0.046875
0 0.20364583333333333 0.865625 0.10208333333333333 0.04140625
0 0.30703125 0.86796875 0.09635416666666667 0.0375
0 0.4125 0.6345703125 0.09375 0.067578125
0 0.4940104166666667 0.0849609375 0.06822916666666666 0.040234375
0 0.42916666666666664 0.1515625 0.06354166666666666 0.0859375
0 0.3645833333333333 0.1470703125 0.06666666666666667 0.086328125
0 0.29765625 0.14921875 0.06510416666666667 0.084375
0 0.23203125 0.150390625 0.058854166666666666 0.08359375
0 0.23385416666666667 0.0861328125 0.06979166666666667 0.039453125
0 0.165625 0.146875 0.06979166666666667 0.0921875
0 0.8065104166666667 0.8625 0.1109375 0.04453125
0 0.045572916666666664 0.152734375 0.050520833333333334 0.109375
0 0.9744791666666667 0.95 0.053125 0.075
0 0.8989583333333333 0.9744140625 0.09479166666666666 0.039453125
0 0.35390625 0.2748046875 0.0609375 0.082421875
0 0.41770833333333335 0.27578125 0.05625 0.08203125
0 0.4783854166666667 0.27734375 0.05677083333333333 0.07890625
0 0.5416666666666666 0.2763671875 0.06354166666666666 0.085546875
0 0.6111979166666667 0.276953125 0.06614583333333333 0.084375
0 0.6802083333333333 0.2751953125 0.06354166666666666 0.077734375
0 0.7484375 0.2767578125 0.06666666666666667 0.083984375
0 0.81796875 0.2794921875 0.06197916666666667 0.083203125
0 0.8815104166666666 0.287109375 0.059895833333333336 0.06796875
0 0.946875 0.2884765625 0.0625 0.062109375
0 0.9794270833333333 0.11171875 0.043229166666666666 0.0578125
0 0.91796875 0.1611328125 0.0609375 0.081640625
0 0.6197916666666666 0.7095703125 0.09895833333333333 0.045703125
0 0.6197916666666666 0.7537109375 0.09895833333333333 0.043359375
0 0.5192708333333333 0.7052734375 0.09479166666666666 0.045703125
0 0.5205729166666667 0.752734375 0.09322916666666667 0.04765625
0 0.03177083333333333 0.9216796875 0.06145833333333333 0.102734375
0 0.10572916666666667 0.9150390625 0.07083333333333333 0.083203125
0 0.20520833333333333 0.9712890625 0.125 0.051171875
0 0.32369791666666664 0.966015625 0.1015625 0.0671875
0 0.4348958333333333 0.9634765625 0.103125 0.071484375
0 0.5510416666666667 0.9443359375 0.11041666666666666 0.066015625
0 0.6690104166666667 0.9544921875 0.12135416666666667 0.083984375
0 0.790625 0.977734375 0.11145833333333334 0.03984375
0 0.7940104166666667 0.934375 0.10989583333333333 0.04921875
0 0.8955729166666667 0.92890625 0.09635416666666667 0.04140625
0 0.5486979166666667 0.5203125 0.0609375 0.0734375
0 0.50546875 0.817578125 0.09947916666666666 0.04453125
0 0.40338541666666666 0.8177734375 0.10364583333333334 0.044921875
