0 0.5602532679738562 0.42922794117647056 0.05923202614379085 0.12009803921568628
0 0.6186683006535948 0.43642769607843135 0.05759803921568627 0.1056985294117647
0 0.6658496732026143 0.43704044117647056 0.03676470588235294 0.10692401960784313
0 0.7122140522875817 0.43474264705882354 0.0559640522875817 0.11151960784313726
0 0.8033088235294118 0.43106617647058826 0.0494281045751634 0.11642156862745098
0 0.8529411764705882 0.43581495098039214 0.04656862745098039 0.12591911764705882
0 0.9646650326797386 0.43596813725490197 0.07148692810457516 0.11397058823529412
0 0.04064542483660131 0.5503982843137255 0.0494281045751634 0.1173406862745098
0 0.09660947712418301 0.5510110294117647 0.0625 0.11611519607843138
0 0.7593954248366013 0.43045343137254904 0.03839869281045752 0.11764705882352941
0 0.4930555555555556 0.4267769607843137 0.0718954248366013 0.11519607843137254
0 0.3341503267973856 0.42386642156862747 0.04820261437908497 0.11611519607843138
0 0.38623366013071897 0.42202818627450983 0.05923202614379085 0.12224264705882353
0 0.2749183006535948 0.42264093137254904 0.06699346405228758 0.11856617647058823
0 0.21343954248366012 0.42202818627450983 0.0559640522875817 0.11979166666666667
0 0.15665849673202614 0.4195772058823529 0.05759803921568627 0.11979166666666667
0 0.8913398692810458 0.3002450980392157 0.04003267973856209 0.11397058823529412
0 0.8474264705882353 0.30330882352941174 0.04779411764705882 0.12009803921568628
0 0.7939133986928104 0.2991727941176471 0.05923202614379085 0.13082107843137256
0 0.7283496732026143 0.29856004901960786 0.0718954248366013 0.12714460784313725
0 0.6627859477124183 0.30269607843137253 0.05923202614379085 0.11887254901960784
0 0.6043709150326797 0.3008578431372549 0.05759803921568627 0.11519607843137254
0 0.9234068627450981 0.9102328431372549 0.054330065359477125 0.06004901960784314
0 0.43647875816993464 0.4250919117647059 0.04125816993464052 0.11856617647058823
0 0.09109477124183006 0.41544117647058826 0.07352941176470588 0.12806372549019607
0 0.8725490196078431 0.9140625 0.04738562091503268 0.05177696078431373
0 0.49407679738562094 0.29151348039215685 0.060866013071895424 0.1246936274509804
0 0.5784313725490197 0.9169730392156863 0.05718954248366013 0.03308823529411765
0 0.5714869281045751 0.8769914215686274 0.05555555555555555 0.04197303921568627
0 0.6309232026143791 0.8717830882352942 0.037173202614379085 0.043198529411764705
0 0.6315359477124183 0.9100796568627451 0.035130718954248366 0.033394607843137254
0 0.6664624183006536 0.9085477941176471 0.03145424836601307 0.036458333333333336
0 0.6654411764705882 0.8700980392156863 0.03104575163398693 0.0392156862745098
0 0.7009803921568627 0.9071691176470589 0.03022875816993464 0.044730392156862746
0 0.7491830065359477 0.9074754901960784 0.0661764705882353 0.04595588235294118
0 0.8139297385620915 0.8973651960784313 0.054330065359477125 0.03431372549019608
0 0.8165849673202614 0.9313725490196079 0.05473856209150327 0.025735294117647058
0 0.37336601307189543 0.7757352941176471 0.06862745098039216 0.08639705882352941
0 0.5042892156862745 0.7847732843137255 0.0625 0.09221813725490197
0 0.3102532679738562 0.7745098039215687 0.05759803921568627 0.08884803921568628
0 0.2455065359477124 0.7738970588235294 0.0718954248366013 0.08762254901960784
0 0.18075980392156862 0.7763480392156863 0.05759803921568627 0.08272058823529412
0 0.11601307189542484 0.7794117647058824 0.0718954248366013 0.08884803921568628
0 0.04554738562091503 0.7806372549019608 0.0690359477124183 0.08639705882352941
0 0.5138888888888888 0.9077818627450981 0.056372549019607844 0.026348039215686275
0 0.8960375816993464 0.6822916666666666 0.11968954248366014 0.08884803921568628
0 0.5500408496732027 0.29381127450980393 0.05106209150326797 0.12928921568627452
0 0.45179738562091504 0.8668811274509803 0.058823529411764705 0.040747549019607844
0 0.5690359477124183 0.7859987745098039 0.07026143790849673 0.09712009803921569
0 0.639501633986928 0.7853860294117647 0.07066993464052287 0.09834558823529412
0 0.7075163398692811 0.7841605392156863 0.06535947712418301 0.09589460784313726
0 0.7722630718954249 0.7872242647058824 0.06413398692810457 0.0897671568627451
0 0.8394607843137255 0.7872242647058824 0.07026143790849673 0.0897671568627451
0 0.9113562091503268 0.7864583333333334 0.07352941176470588 0.08639705882352941
0 0.15665849673202614 0.8711703431372549 0.054330065359477125 0.04197303921568627
0 0.159109477124183 0.9071691176470589 0.0494281045751634 0.03002450980392157
0 0.21180555555555555 0.9010416666666666 0.06576797385620915 0.032475490196078434
0 0.21343954248366012 0.8734681372549019 0.05923202614379085 0.02267156862745098
0 0.27655228758169936 0.8687193627450981 0.06372549019607843 0.03952205882352941
0 0.27736928104575165 0.907015931372549 0.06209150326797386 0.03707107843137255
0 0.3349673202614379 0.9047181372549019 0.049836601307189546 0.034926470588235295
0 0.33578431372549017 0.8668811274509803 0.04820261437908497 0.040747549019607844
0 0.3901143790849673 0.8676470588235294 0.05392156862745098 0.03799019607843137
0 0.39276960784313725 0.9037990196078431 0.04861111111111111 0.03308823529411765
0 0.45036764705882354 0.9050245098039216 0.06331699346405228 0.031862745098039214
0 0.5126633986928104 0.8794424019607843 0.056372549019607844 0.03216911764705882
0 0.7769607843137255 0.6835171568627451 0.12173202614379085 0.08884803921568628
0 0.440359477124183 0.7817095588235294 0.06535947712418301 0.09834558823529412
0 0.548202614379085 0.6727941176470589 0.07352941176470588 0.08149509803921569
0 0.26062091503267976 0.1409313725490196 0.18218954248366012 0.13051470588235295
0 0.1358251633986928 0.14200367647058823 0.06413398692810457 0.12346813725490197
0 0.06311274509803921 0.14568014705882354 0.07802287581699346 0.11611519607843138
0 0.1542075163398693 0.5481004901960784 0.05269607843137255 0.11029411764705882
0 0.21098856209150327 0.5491727941176471 0.060866013071895424 0.10814950980392157
0 0.2653186274509804 0.5502450980392157 0.04779411764705882 0.11029411764705882
0 0.3292483660130719 0.5520833333333334 0.08006535947712418 0.10661764705882353
0 0.3925653594771242 0.5520833333333334 0.04330065359477124 0.11151960784313726
0 0.44362745098039214 0.5503982843137255 0.058823529411764705 0.11488970588235294
0 0.49468954248366015 0.5510110294117647 0.04330065359477124 0.11611519607843138
0 0.5443218954248366 0.5557598039215687 0.0559640522875817 0.10661764705882353
0 0.6011029411764706 0.553921568627451 0.04779411764705882 0.10049019607843138
0 0.6658496732026143 0.5582107843137255 0.0718954248366013 0.10661764705882353
0 0.7297794117647058 0.5612745098039216 0.0559640522875817 0.11274509803921569
0 0.8457924836601307 0.561734068627451 0.05759803921568627 0.11611519607843138
0 0.9360702614379085 0.5654105392156863 0.0690359477124183 0.11856617647058823
0 0.6809640522875817 0.6793811274509803 0.07026143790849673 0.09712009803921569
0 0.3852124183006536 0.15287990196078433 0.06699346405228758 0.13051470588235295
0 0.4499591503267974 0.14996936274509803 0.0625 0.1246936274509804
0 0.7873774509803921 0.5623468137254902 0.05923202614379085 0.1173406862745098
0 0.5690359477124183 0.15471813725490197 0.07352941176470588 0.12009803921568628
0 0.4172794117647059 0.6720281862745098 0.06740196078431372 0.078125
0 0.3547794117647059 0.6755514705882353 0.060866013071895424 0.08517156862745098
0 0.4812091503267974 0.6715686274509803 0.06045751633986928 0.07904411764705882
0 0.2949346405228758 0.6672794117647058 0.058823529411764705 0.1017156862745098
0 0.23508986928104575 0.6654411764705882 0.06413398692810457 0.09375
0 0.13991013071895425 0.6697303921568627 0.12622549019607843 0.08517156862745098
0 0.5067401960784313 0.15349264705882354 0.05106209150326797 0.11764705882352941
0 0.3845996732026144 0.29013480392156865 0.0559640522875817 0.11764705882352941
0 0.33905228758169936 0.2919730392156863 0.041666666666666664 0.11887254901960784
0 0.4381127450980392 0.2925857843137255 0.05106209150326797 0.12254901960784313
0 0.19730392156862744 0.2806372549019608 0.0784313725490196 0.13664215686274508
0 0.13255718954248366 0.2800245098039216 0.05106209150326797 0.13541666666666666
0 0.07434640522875817 0.28170955882352944 0.06535947712418301 0.13204656862745098
0 0.9789624183006536 0.1564031862745098 0.0428921568627451 0.13082107843137256
0 0.9295343137254902 0.15517769607843138 0.0559640522875817 0.12837009803921567
0 0.8735702614379085 0.1557904411764706 0.0559640522875817 0.12714460784313725
0 0.7530637254901961 0.14751838235294118 0.176062091503268 0.1173406862745098
0 0.27736928104575165 0.29074754901960786 0.08169934640522876 0.11642156862745098
