0 0.031862745098039214 0.8261335784313726 0.035130718954248366 0.0818014705882353
0 0.525531045751634 0.8339460784313726 0.027369281045751634 0.06311274509803921
0 0.5727124183006536 0.9862132352941176 0.04411764705882353 0.02144607843137255
0 0.43729575163398693 0.9833026960784313 0.06331699346405228 0.02420343137254902
0 0.3729575163398693 0.9833026960784313 0.049019607843137254 0.0272671568627451
0 0.1999591503267974 0.9747242647058824 0.037173202614379085 0.050551470588235295
0 0.16115196078431374 0.9747242647058824 0.03308823529411765 0.04442401960784314
0 0.12602124183006536 0.9782475490196079 0.03145424836601307 0.04350490196078431
0 0.08598856209150327 0.975796568627451 0.037173202614379085 0.04840686274509804
0 0.05249183006535948 0.9722732843137255 0.04370915032679738 0.04932598039215686
0 0.18321078431372548 0.16727941176470587 0.028186274509803922 0.08455882352941177
0 0.238562091503268 0.17034313725490197 0.04084967320261438 0.026348039215686275
0 0.24468954248366012 0.1959252450980392 0.049019607843137254 0.02420343137254902
0 0.8206699346405228 0.9886642156862745 0.04330065359477124 0.0196078431372549
0 0.42401960784313725 0.29993872549019607 0.03676470588235294 0.0974264705882353
0 0.5222630718954249 0.29013480392156865 0.04534313725490196 0.11090686274509803
0 0.6225490196078431 0.29518995098039214 0.03839869281045752 0.0977328431372549
0 0.6678921568627451 0.29013480392156865 0.04330065359477124 0.10784313725490197
0 0.7220179738562091 0.28860294117647056 0.0494281045751634 0.11090686274509803
0 0.8794934640522876 0.28707107843137253 0.05065359477124183 0.11090686274509803
0 0.9328022875816994 0.2928921568627451 0.0428921568627451 0.10232843137254902
0 0.9834558823529411 0.29503676470588236 0.03390522875816993 0.0857843137254902
0 0.9699754901960784 0.43826593137254904 0.06004901960784314 0.10202205882352941
0 0.9166666666666666 0.43826593137254904 0.0392156862745098 0.09589460784313726
0 0.8651960784313726 0.4368872549019608 0.058823529411764705 0.1017156862745098
0 0.8065767973856209 0.43443627450980393 0.04370915032679738 0.10049019607843138
0 0.4699754901960784 0.29212622549019607 0.046977124183006536 0.10998774509803921
0 0.7028186274509803 0.9866727941176471 0.03553921568627451 0.023590686274509803
0 0.6503267973856209 0.9722732843137255 0.049019607843137254 0.046262254901960786
0 0.9536356209150327 0.8190870098039216 0.0559640522875817 0.09283088235294118
0 0.20526960784313725 0.3011642156862745 0.039624183006535946 0.09803921568627451
0 0.13909313725490197 0.3322610294117647 0.03799019607843137 0.03278186274509804
0 0.099468954248366 0.3131127450980392 0.03553921568627451 0.06801470588235294
0 0.056576797385620915 0.2856924019607843 0.03145424836601307 0.12591911764705882
0 0.015727124183006536 0.2916666666666667 0.03145424836601307 0.12009803921568628
0 0.07883986928104575 0.8409926470588235 0.0392156862745098 0.04595588235294118
0 0.09211601307189543 0.7948835784313726 0.04125816993464052 0.04013480392156863
0 0.12479575163398693 0.8259803921568627 0.025735294117647058 0.07598039215686274
0 0.15849673202614378 0.8236825980392157 0.031862745098039214 0.08363970588235294
0 0.2875816993464052 0.8339460784313726 0.049019607843137254 0.032475490196078434
0 0.2930964052287582 0.8602941176470589 0.03553921568627451 0.013480392156862746
0 0.33639705882352944 0.8442095588235294 0.0363562091503268 0.03952205882352941
0 0.3756127450980392 0.8331801470588235 0.03390522875816993 0.021752450980392156
0 0.3770424836601307 0.8595281862745098 0.028594771241830064 0.015012254901960785
0 0.41891339869281047 0.8540134803921569 0.034722222222222224 0.026041666666666668
0 0.4591503267973856 0.8609068627450981 0.03349673202614379 0.015318627450980392
0 0.45894607843137253 0.8368566176470589 0.024918300653594773 0.017463235294117647
0 0.49142156862745096 0.8403799019607843 0.024509803921568627 0.056372549019607844
0 0.3758169934640523 0.29442401960784315 0.042483660130718956 0.10845588235294118
0 0.5688316993464052 0.8276654411764706 0.028186274509803922 0.06341911764705882
0 0.605187908496732 0.8177083333333334 0.04044117647058824 0.09558823529411764
0 0.6523692810457516 0.8178615196078431 0.04084967320261438 0.09834558823529412
0 0.6964869281045751 0.8166360294117647 0.0392156862745098 0.09589460784313726
0 0.7448937908496732 0.8164828431372549 0.04616013071895425 0.10416666666666667
0 0.9001225490196079 0.8183210784313726 0.046977124183006536 0.09436274509803921
0 0.7559232026143791 0.43933823529411764 0.039624183006535946 0.08762254901960784
0 0.2800245098039216 0.3008578431372549 0.03799019607843137 0.09865196078431372
0 0.7040441176470589 0.43995098039215685 0.05024509803921569 0.09558823529411764
0 0.5910947712418301 0.44577205882352944 0.04084967320261438 0.09313725490196079
0 0.9227941176470589 0.7310049019607843 0.02287581699346405 0.030637254901960783
0 0.8886846405228758 0.7078737745098039 0.028186274509803922 0.07383578431372549
0 0.8492647058823529 0.7075674019607843 0.035130718954248366 0.0744485294117647
0 0.8184232026143791 0.7066482843137255 0.030637254901960783 0.08241421568627451
0 0.7075163398692811 0.6613051470588235 0.04493464052287582 0.0352328431372549
0 0.7099673202614379 0.7202818627450981 0.0457516339869281 0.03676470588235294
0 0.6425653594771242 0.7112438725490197 0.049836601307189546 0.04258578431372549
0 0.6468545751633987 0.6688112745098039 0.03799019607843137 0.03860294117647059
0 0.5919117647058824 0.6642156862745098 0.03839869281045752 0.03553921568627451
0 0.590890522875817 0.7140012254901961 0.0363562091503268 0.043198529411764705
0 0.5443218954248366 0.7181372549019608 0.04044117647058824 0.04105392156862745
0 0.9583333333333334 0.7274816176470589 0.032679738562091505 0.03768382352941176
0 0.5469771241830066 0.6672794117647058 0.03349673202614379 0.041666666666666664
0 0.4542483660130719 0.6798406862745098 0.041666666666666664 0.03002450980392157
0 0.4499591503267974 0.7284007352941176 0.04370915032679738 0.03278186274509804
0 0.4979575163398693 0.7244178921568627 0.041666666666666664 0.02849264705882353
0 0.3929738562091503 0.7294730392156863 0.04003267973856209 0.024509803921568627
0 0.30943627450980393 0.6999080882352942 0.03145424836601307 0.03768382352941176
0 0.3459967320261438 0.6521139705882353 0.04738562091503268 0.026041666666666668
0 0.07066993464052287 0.710171568627451 0.03104575163398693 0.0784313725490196
0 0.12928921568627452 0.6885723039215687 0.042075163398692814 0.08792892156862746
0 0.1656454248366013 0.6917892156862745 0.02165032679738562 0.08762254901960784
0 0.19281045751633988 0.7066482843137255 0.02287581699346405 0.08547794117647059
0 0.22712418300653595 0.6985294117647058 0.03431372549019608 0.09558823529411764
0 0.4991830065359477 0.6744791666666666 0.04411764705882353 0.033394607843137254
0 0.9897875816993464 0.7228860294117647 0.022058823529411766 0.03768382352941176
0 0.9599673202614379 0.5951286764705882 0.031862745098039214 0.05422794117647059
0 0.8488562091503268 0.5625 0.05065359477124183 0.11948529411764706
0 0.49387254901960786 0.43918504901960786 0.049836601307189546 0.10324754901960784
0 0.4426062091503268 0.4419424019607843 0.037173202614379085 0.08854166666666667
0 0.39358660130718953 0.43826593137254904 0.0494281045751634 0.09895833333333333
0 0.006331699346405229 0.8291973039215687 0.012663398692810458 0.07873774509803921
0 0.3449754901960784 0.44424019607843135 0.037173202614379085 0.08700980392156862
0 0.2563316993464052 0.4414828431372549 0.039624183006535946 0.09558823529411764
0 0.1576797385620915 0.43612132352941174 0.05065359477124183 0.11243872549019608
0 0.07291666666666667 0.4384191176470588 0.03553921568627451 0.10784313725490197
0 0.03349673202614379 0.4342830882352941 0.03022875816993464 0.11611519607843138
0 0.008169934640522876 0.4488357843137255 0.016339869281045753 0.07169117647058823
0 0.015318627450980392 0.5758272058823529 0.030637254901960783 0.10508578431372549
0 0.06781045751633986 0.5793504901960784 0.03349673202614379 0.10110294117647059
0 0.10988562091503268 0.5764399509803921 0.04003267973856209 0.10386029411764706
0 0.2079248366013072 0.5778186274509803 0.032679738562091505 0.09803921568627451
0 0.2434640522875817 0.5848651960784313 0.03022875816993464 0.0778186274509804
0 0.29064542483660133 0.577359068627451 0.05106209150326797 0.10202205882352941
0 0.4311683006535948 0.5813419117647058 0.026552287581699346 0.07873774509803921
0 0.4709967320261438 0.571078431372549 0.04084967320261438 0.10232843137254902
0 0.5130718954248366 0.5782781862745098 0.035130718954248366 0.0818014705882353
0 0.5610702614379085 0.5689338235294118 0.04125816993464052 0.10355392156862746
0 0.6074346405228758 0.5816482843137255 0.04084967320261438 0.08118872549019608
0 0.6521650326797386 0.5719975490196079 0.04044117647058824 0.09436274509803921
0 0.6975081699346405 0.5801164215686274 0.04044117647058824 0.08670343137254902
0 0.7459150326797386 0.5732230392156863 0.05065359477124183 0.10355392156862746
0 0.7971813725490197 0.5729166666666666 0.044526143790849675 0.1017156862745098
0 0.6439950980392157 0.4401041666666667 0.04861111111111111 0.09528186274509803
0 0.32659313725490197 0.2933517156862745 0.04534313725490196 0.10753676470588236
