0 0.6292892156862745 0.0390625 0.042075163398692814 0.078125
0 0.5843545751633987 0.0390625 0.04616013071895425 0.078125
0 0.5334967320261438 0.03936887254901961 0.051470588235294115 0.07873774509803921
0 0.1919934640522876 0.42493872549019607 0.0661764705882353 0.0974264705882353
0 0.9695669934640523 0.3086703431372549 0.0625 0.08854166666666667
0 0.8770424836601307 0.31066176470588236 0.0661764705882353 0.08333333333333333
0 0.5149101307189542 0.8425245098039216 0.03880718954248366 0.06740196078431372
0 0.7289624183006536 0.3163296568627451 0.05106209150326797 0.07628676470588236
0 0.6701388888888888 0.26639093137254904 0.0559640522875817 0.02542892156862745
0 0.6548202614379085 0.3180147058823529 0.05392156862745098 0.07352941176470588
0 0.5890522875816994 0.30300245098039214 0.06862745098039216 0.10661764705882353
0 0.5529003267973857 0.8422181372549019 0.034722222222222224 0.06985294117647059
0 0.45608660130718953 0.3082107843137255 0.068218954248366 0.10294117647058823
0 0.6799428104575164 0.03875612745098039 0.053513071895424834 0.07751225490196079
0 0.7945261437908496 0.3166360294117647 0.0718954248366013 0.07383578431372549
0 0.7510212418300654 0.030637254901960783 0.07475490196078431 0.027573529411764705
0 0.23794934640522875 0.1951593137254902 0.0559640522875817 0.08455882352941177
0 0.8645833333333334 0.06004901960784314 0.09436274509803921 0.03431372549019608
0 0.9636437908496732 0.8379289215686274 0.04738562091503268 0.08884803921568628
0 0.40012254901960786 0.4375 0.054330065359477125 0.0704656862745098
0 0.9152369281045751 0.8376225490196079 0.04534313725490196 0.08517156862745098
0 0.8686683006535948 0.8474264705882353 0.04125816993464052 0.08026960784313726
0 0.3425245098039216 0.42325367647058826 0.060866013071895424 0.10324754901960784
0 0.2824754901960784 0.4397977941176471 0.046977124183006536 0.06893382352941177
0 0.38929738562091504 0.30269607843137253 0.05718954248366013 0.1096813725490196
0 0.3176062091503268 0.30667892156862747 0.0763888888888889 0.10294117647058823
0 0.17524509803921567 0.3125 0.06944444444444445 0.09313725490196079
0 0.0835375816993464 0.2919730392156863 0.09763071895424837 0.06433823529411764
0 0.9532271241830066 0.19224877450980393 0.05514705882352941 0.06341911764705882
0 0.8907271241830066 0.19071691176470587 0.04861111111111111 0.07873774509803921
0 0.8359885620915033 0.18903186274509803 0.053513071895424834 0.08149509803921569
0 0.7802287581699346 0.19071691176470587 0.05555555555555555 0.07873774509803921
0 0.7530637254901961 0.06204044117647059 0.07802287581699346 0.03216911764705882
0 0.7181372549019608 0.19347426470588236 0.05392156862745098 0.078125
0 0.6486928104575164 0.13710171568627452 0.05392156862745098 0.02420343137254902
0 0.5804738562091504 0.19607843137254902 0.05555555555555555 0.08026960784313726
0 0.5104166666666666 0.13955269607843138 0.054330065359477125 0.03768382352941176
0 0.5104166666666666 0.2026654411764706 0.06658496732026144 0.06893382352941177
0 0.4383169934640523 0.1957720588235294 0.05718954248366013 0.07965686274509803
0 0.37254901960784315 0.20143995098039216 0.056372549019607844 0.06954656862745098
0 0.3047385620915033 0.1870404411764706 0.06699346405228758 0.09895833333333333
0 0.17830882352941177 0.1954656862745098 0.05514705882352941 0.0821078431372549
0 0.1294934640522876 0.20052083333333334 0.03839869281045752 0.06464460784313726
0 0.07618464052287582 0.20082720588235295 0.05024509803921569 0.07138480392156862
0 0.025326797385620915 0.2034313725490196 0.05065359477124183 0.061274509803921566
0 0.9585375816993464 0.06464460784313726 0.08292483660130719 0.028799019607843136
0 0.9607843137254902 0.02803308823529412 0.0784313725490196 0.03952205882352941
0 0.8654003267973857 0.023590686274509803 0.09191176470588236 0.031862745098039214
0 0.6548202614379085 0.19286151960784315 0.06209150326797386 0.07996323529411764
0 0.8247549019607843 0.8420649509803921 0.035130718954248366 0.0818014705882353
0 0.5216503267973857 0.31816789215686275 0.05228758169934641 0.0860906862745098
0 0.46262254901960786 0.421875 0.060866013071895424 0.10049019607843138
0 0.6987336601307189 0.6530330882352942 0.039624183006535946 0.07689950980392157
0 0.6544117647058824 0.6455269607843137 0.04084967320261438 0.08517156862745098
0 0.6117238562091504 0.6484375 0.04125816993464052 0.08302696078431372
0 0.5727124183006536 0.6508884803921569 0.024509803921568627 0.08363970588235294
0 0.5406454248366013 0.6530330882352942 0.03308823529411765 0.07689950980392157
0 0.5063316993464052 0.6519607843137255 0.03390522875816993 0.07536764705882353
0 0.46834150326797386 0.6545649509803921 0.03145424836601307 0.07689950980392157
0 0.4311683006535948 0.6544117647058824 0.030637254901960783 0.07659313725490197
0 0.3974673202614379 0.655484068627451 0.028594771241830064 0.07567401960784313
0 0.36356209150326796 0.6536458333333334 0.03022875816993464 0.078125
0 0.32883986928104575 0.6484375 0.03349673202614379 0.09221813725490197
0 0.29473039215686275 0.6472120098039216 0.030637254901960783 0.0940563725490196
0 0.24571078431372548 0.6499693627450981 0.03880718954248366 0.09221813725490197
0 0.2079248366013072 0.6501225490196079 0.024509803921568627 0.09436274509803921
0 0.1815767973856209 0.6715686274509803 0.024918300653594773 0.04963235294117647
0 0.1576797385620915 0.6637561274509803 0.017973856209150325 0.0585171568627451
0 0.5915032679738562 0.8452818627450981 0.03758169934640523 0.07291666666666667
0 0.6315359477124183 0.8322610294117647 0.03594771241830065 0.08670343137254902
0 0.6727941176470589 0.8330269607843137 0.03676470588235294 0.08823529411764706
0 0.12193627450980392 0.6626838235294118 0.027369281045751634 0.0625
0 0.08272058823529412 0.6636029411764706 0.026552287581699346 0.06433823529411764
0 0.024918300653594773 0.6591605392156863 0.049836601307189546 0.057904411764705885
0 0.9679330065359477 0.5337009803921569 0.06413398692810457 0.09803921568627451
0 0.9044117647058824 0.5379901960784313 0.05555555555555555 0.08823529411764706
0 0.8192401960784313 0.5384497549019608 0.0886437908496732 0.1014093137254902
0 0.7393790849673203 0.6488970588235294 0.035130718954248366 0.08149509803921569
0 0.8558006535947712 0.6591605392156863 0.06045751633986928 0.06464460784313726
0 0.9421977124183006 0.6582414215686274 0.08619281045751634 0.05361519607843137
0 0.032066993464052285 0.7495404411764706 0.06413398692810457 0.060355392156862746
0 0.47630718954248363 0.8452818627450981 0.035130718954248366 0.06985294117647059
0 0.43770424836601307 0.8491115196078431 0.03553921568627451 0.07138480392156862
0 0.39215686274509803 0.8504901960784313 0.03839869281045752 0.07107843137254902
0 0.346609477124183 0.8497242647058824 0.04044117647058824 0.06954656862745098
0 0.3014705882352941 0.8344056372549019 0.04003267973856209 0.08792892156862746
0 0.24918300653594772 0.8360906862745098 0.04738562091503268 0.09313725490196079
0 0.19362745098039216 0.8368566176470589 0.03839869281045752 0.09466911764705882
0 0.1503267973856209 0.8380821078431373 0.04084967320261438 0.09160539215686274
0 0.10559640522875817 0.8373161764705882 0.042075163398692814 0.08823529411764706
0 0.06045751633986928 0.8373161764705882 0.04411764705882353 0.09129901960784313
0 0.01919934640522876 0.8390012254901961 0.03839869281045752 0.09160539215686274
0 0.9197303921568627 0.7360600490196079 0.04125816993464052 0.05606617647058824
0 0.7387663398692811 0.5405943627450981 0.0625 0.08425245098039216
0 0.8745915032679739 0.7385110294117647 0.04084967320261438 0.0548406862745098
0 0.7271241830065359 0.7457107843137255 0.0392156862745098 0.044730392156862746
0 0.6809640522875817 0.7389705882352942 0.032679738562091505 0.05269607843137255
0 0.6468545751633987 0.7449448529411765 0.025735294117647058 0.046262254901960786
0 0.608047385620915 0.7449448529411765 0.04616013071895425 0.046262254901960786
0 0.5433006535947712 0.7472426470588235 0.07516339869281045 0.04779411764705882
0 0.47038398692810457 0.7406556372549019 0.06004901960784314 0.05912990196078431
0 0.39562908496732024 0.7437193627450981 0.06576797385620915 0.05606617647058824
0 0.3306781045751634 0.7411151960784313 0.061683006535947715 0.05698529411764706
0 0.27124183006535946 0.7475490196078431 0.049019607843137254 0.0545343137254902
0 0.21650326797385622 0.742953431372549 0.05800653594771242 0.05759803921568627
0 0.15155228758169934 0.7487745098039216 0.06290849673202614 0.05698529411764706
0 0.09313725490196079 0.7481617647058824 0.051470588235294115 0.05575980392156863
0 0.8366013071895425 0.7454044117647058 0.026143790849673203 0.04411764705882353
0 0.7775735294117647 0.8353247549019608 0.042075163398692814 0.09283088235294118
0 0.2602124183006536 0.040747549019607844 0.06781045751633986 0.023284313725490197
0 0.5202205882352942 0.4021139705882353 0.0494281045751634 0.030330882352941176
0 0.2085375816993464 0.5444240196078431 0.06004901960784314 0.08639705882352941
0 0.10375816993464053 0.4882046568627451 0.08741830065359477 0.0628063725490196
0 0.028186274509803922 0.48682598039215685 0.056372549019607844 0.0661764705882353
0 0.9709967320261438 0.4332107843137255 0.05800653594771242 0.08026960784313726
0 0.903390522875817 0.43443627450980393 0.07393790849673203 0.08272058823529412
0 0.838031045751634 0.43137254901960786 0.053513071895424834 0.07659313725490197
0 0.7736928104575164 0.4336703431372549 0.06699346405228758 0.08118872549019608
0 0.7122140522875817 0.43504901960784315 0.04616013071895425 0.07475490196078431
0 0.650531045751634 0.4333639705882353 0.06576797385620915 0.07751225490196079
0 0.5814950980392157 0.42202818627450983 0.06740196078431372 0.10079656862745098
0 0.4483251633986928 0.5447303921568627 0.07312091503267974 0.08639705882352941
0 0.2710375816993464 0.5415134803921569 0.05841503267973856 0.0934436274509804
0 0.5204248366013072 0.44577205882352944 0.049836601307189546 0.05698529411764706
0 0.5179738562091504 0.5438112745098039 0.05718954248366013 0.08455882352941177
0 0.061683006535947715 0.05652573529411765 0.05228758169934641 0.057291666666666664
0 0.16993464052287582 0.041666666666666664 0.04738562091503268 0.08333333333333333
0 0.20874183006535948 0.04136029411764706 0.025326797385620915 0.08272058823529412
0 0.25735294117647056 0.06847426470588236 0.0661764705882353 0.02665441176470588
0 0.7189542483660131 0.8336397058823529 0.04738562091503268 0.09252450980392157
0 0.3243464052287582 0.0507046568627451 0.04738562091503268 0.06770833333333333
0 0.26266339869281047 0.018688725490196078 0.06454248366013073 0.012867647058823529
0 0.6329656862745098 0.5436580882352942 0.05923202614379085 0.078125
0 0.4464869281045752 0.0430453431372549 0.032679738562091505 0.07689950980392157
0 0.48570261437908496 0.03875612745098039 0.04493464052287582 0.07751225490196079
0 0.017361111111111112 0.05821078431372549 0.034722222222222224 0.05759803921568627
0 0.3819444444444444 0.5485600490196079 0.05473856209150327 0.07873774509803921
