0 0.6213235294117647 0.6833639705882353 0.05800653594771242 0.08241421568627451
0 0.8676470588235294 0.7591911764705882 0.06045751633986928 0.09681372549019608
0 0.9538398692810458 0.6326593137254902 0.06535947712418301 0.1017156862745098
0 0.8784722222222222 0.6321997549019608 0.07883986928104575 0.10079656862745098
0 0.8073937908496732 0.6841299019607843 0.06004901960784314 0.07904411764705882
0 0.7440767973856209 0.6835171568627451 0.06004901960784314 0.08272058823529412
0 0.03370098039215686 0.04963235294117647 0.04861111111111111 0.09926470588235294
0 0.08741830065359477 0.05116421568627451 0.051470588235294115 0.09987745098039216
0 0.15604575163398693 0.05223651960784314 0.07516339869281045 0.09712009803921569
0 0.24509803921568626 0.052083333333333336 0.08251633986928104 0.1017156862745098
0 0.3176062091503268 0.05193014705882353 0.06331699346405228 0.09650735294117647
0 0.3786764705882353 0.0507046568627451 0.049836601307189546 0.09650735294117647
0 0.4352532679738562 0.05039828431372549 0.05841503267973856 0.09834558823529412
0 0.49673202614379086 0.05177696078431373 0.05800653594771242 0.09865196078431372
0 0.8053513071895425 0.7928921568627451 0.05269607843137255 0.07169117647058823
0 0.5563725490196079 0.05193014705882353 0.051470588235294115 0.09650735294117647
0 0.6550245098039216 0.05621936274509804 0.04616013071895425 0.0934436274509804
0 0.7032271241830066 0.056372549019607844 0.04779411764705882 0.09129901960784313
0 0.8993055555555556 0.051011029411764705 0.06740196078431372 0.09957107843137254
0 0.9607843137254902 0.061274509803921566 0.051470588235294115 0.0778186274509804
0 0.7767565359477124 0.19194240196078433 0.0428921568627451 0.09712009803921569
0 0.8286356209150327 0.19332107843137256 0.0494281045751634 0.09068627450980392
0 0.7238562091503268 0.1870404411764706 0.051470588235294115 0.1014093137254902
0 0.6674836601307189 0.18949142156862744 0.049019607843137254 0.10631127450980392
0 0.6147875816993464 0.1878063725490196 0.05065359477124183 0.10294117647058823
0 0.5531045751633987 0.18428308823529413 0.05718954248366013 0.11488970588235294
0 0.4912173202614379 0.18566176470588236 0.053513071895424834 0.11274509803921569
0 0.4293300653594771 0.18489583333333334 0.059640522875817 0.11366421568627451
0 0.3735702614379085 0.18428308823529413 0.0428921568627451 0.10324754901960784
0 0.6072303921568627 0.05606617647058824 0.03553921568627451 0.09313725490196079
0 0.7448937908496732 0.7924325980392157 0.05841503267973856 0.07322303921568628
0 0.6687091503267973 0.7890625 0.08333333333333333 0.078125
0 0.5833333333333334 0.7875306372549019 0.0857843137254902 0.07996323529411764
0 0.6832107843137255 0.6836703431372549 0.05841503267973856 0.08057598039215687
0 0.9789624183006536 0.8713235294117647 0.0428921568627451 0.09803921568627451
0 0.9223856209150327 0.8746936274509803 0.0661764705882353 0.09558823529411764
0 0.8543709150326797 0.8751531862745098 0.0625 0.09160539215686274
0 0.7959558823529411 0.8875612745098039 0.04370915032679738 0.026348039215686275
0 0.7969771241830066 0.9116115196078431 0.0457516339869281 0.022365196078431373
0 0.7438725490196079 0.9142156862745098 0.04411764705882353 0.02267156862745098
0 0.7455065359477124 0.8878676470588235 0.04411764705882353 0.024509803921568627
0 0.6678921568627451 0.8871017156862745 0.08496732026143791 0.08670343137254902
0 0.5763888888888888 0.8844975490196079 0.08169934640522876 0.07475490196078431
0 0.5038807189542484 0.8973651960784313 0.06004901960784314 0.05330882352941176
0 0.44730392156862747 0.8779105392156863 0.04820261437908497 0.023590686274509803
0 0.4411764705882353 0.9027267156862745 0.04493464052287582 0.023590686274509803
0 0.39276960784313725 0.9010416666666666 0.04616013071895425 0.025122549019607844
0 0.3903186274509804 0.8717830882352942 0.04779411764705882 0.027879901960784315
0 0.3402777777777778 0.9015012254901961 0.0457516339869281 0.026041666666666668
0 0.34375 0.8713235294117647 0.0428921568627451 0.029411764705882353
0 0.28982843137254904 0.8970588235294118 0.051879084967320264 0.04779411764705882
0 0.2867647058823529 0.8587622549019608 0.05555555555555555 0.023284313725490197
0 0.21568627450980393 0.8828125 0.08496732026143791 0.07138480392156862
0 0.125 0.8838848039215687 0.0923202614379085 0.07107843137254902
0 0.03901143790849673 0.8880208333333334 0.07802287581699346 0.07199754901960784
0 0.08884803921568628 0.788296568627451 0.08946078431372549 0.08149509803921569
0 0.02042483660130719 0.7909007352941176 0.04084967320261438 0.08425245098039216
0 0.17973856209150327 0.7915134803921569 0.08496732026143791 0.08547794117647059
0 0.24428104575163398 0.7890625 0.03349673202614379 0.08731617647058823
0 0.3214869281045752 0.7870710784313726 0.08333333333333333 0.08333333333333333
0 0.40461601307189543 0.7852328431372549 0.07965686274509803 0.0821078431372549
0 0.49325980392156865 0.7872242647058824 0.08619281045751634 0.08363970588235294
0 0.3214869281045752 0.18489583333333334 0.05228758169934641 0.10447303921568628
0 0.26552287581699346 0.18566176470588236 0.04738562091503268 0.10600490196078431
0 0.9395424836601307 0.7599571078431373 0.0718954248366013 0.09589460784313726
0 0.16013071895424835 0.18321078431372548 0.05473856209150327 0.10110294117647059
0 0.6529820261437909 0.5690870098039216 0.04861111111111111 0.10018382352941177
0 0.21548202614379086 0.17800245098039216 0.04861111111111111 0.1096813725490196
0 0.7015931372549019 0.5707720588235294 0.04370915032679738 0.09865196078431372
0 0.7536764705882353 0.5667892156862745 0.05065359477124183 0.1053921568627451
0 0.06229575163398693 0.4540441176470588 0.04534313725490196 0.09313725490196079
0 0.10804738562091504 0.4563419117647059 0.042075163398692814 0.0977328431372549
0 0.1548202614379085 0.45511642156862747 0.04411764705882353 0.09283088235294118
0 0.20118464052287582 0.45297181372549017 0.04861111111111111 0.0934436274509804
0 0.2536764705882353 0.4568014705882353 0.0457516339869281 0.09129901960784313
0 0.30575980392156865 0.45557598039215685 0.0428921568627451 0.09129901960784313
0 0.4362745098039216 0.4572610294117647 0.041666666666666664 0.09466911764705882
0 0.3972630718954248 0.4577205882352941 0.0363562091503268 0.09313725490196079
0 0.352124183006536 0.4566482843137255 0.04411764705882353 0.09099264705882353
0 0.47937091503267976 0.453125 0.04534313725490196 0.10294117647058823
0 0.5304330065359477 0.4571078431372549 0.037173202614379085 0.09436274509803921
0 0.6027369281045751 0.5700061274509803 0.039624183006535946 0.09528186274509803
0 0.5778186274509803 0.45159313725490197 0.04044117647058824 0.09987745098039216
0 0.5571895424836601 0.5698529411764706 0.04003267973856209 0.10416666666666667
0 0.4665032679738562 0.5715379901960784 0.0392156862745098 0.09834558823529412
0 0.45445261437908496 0.6842830882352942 0.08782679738562091 0.08425245098039216
0 0.3662173202614379 0.6842830882352942 0.08782679738562091 0.08670343137254902
0 0.26858660130718953 0.6839767156862745 0.0821078431372549 0.07628676470588236
0 0.18729575163398693 0.688265931372549 0.07720588235294118 0.078125
0 0.10518790849673203 0.6924019607843137 0.08047385620915033 0.07904411764705882
0 0.032066993464052285 0.6910232843137255 0.06413398692810457 0.08363970588235294
0 0.01838235294117647 0.5729166666666666 0.03676470588235294 0.09375
0 0.06352124183006536 0.5753676470588235 0.044526143790849675 0.09620098039215687
0 0.1198937908496732 0.5738357843137255 0.05024509803921569 0.09558823529411764
0 0.17095588235294118 0.5724571078431373 0.044526143790849675 0.09528186274509803
0 0.2246732026143791 0.5738357843137255 0.051470588235294115 0.09803921568627451
0 0.2763480392156863 0.5747549019607843 0.04044117647058824 0.09497549019607843
0 0.32516339869281047 0.5738357843137255 0.04656862745098039 0.09558823529411764
0 0.37520424836601307 0.5724571078431373 0.04616013071895425 0.10018382352941177
0 0.4221813725490196 0.571078431372549 0.042075163398692814 0.0974264705882353
0 0.5124591503267973 0.5723039215686274 0.03880718954248366 0.09987745098039216
0 0.6229575163398693 0.4571078431372549 0.042483660130718956 0.09191176470588236
0 0.016952614379084966 0.45419730392156865 0.03390522875816993 0.10018382352941177
0 0.3886846405228758 0.33394607843137253 0.03145424836601307 0.09191176470588236
0 0.5046977124183006 0.3239889705882353 0.0494281045751634 0.11243872549019608
0 0.5578022875816994 0.3319546568627451 0.044526143790849675 0.09528186274509803
0 0.6068218954248366 0.3310355392156863 0.044526143790849675 0.10018382352941177
0 0.6621732026143791 0.3255208333333333 0.05228758169934641 0.10814950980392157
0 0.7140522875816994 0.32965686274509803 0.04084967320261438 0.09987745098039216
0 0.7616421568627451 0.32965686274509803 0.044526143790849675 0.09987745098039216
0 0.4426062091503268 0.3242953431372549 0.05759803921568627 0.11060049019607843
0 0.8190359477124183 0.32230392156862747 0.05228758169934641 0.11825980392156862
0 0.9546568627450981 0.20909926470588236 0.03594771241830065 0.0628063725490196
0 0.911968954248366 0.3056066176470588 0.04534313725490196 0.08057598039215687
0 0.9626225490196079 0.30422794117647056 0.03880718954248366 0.0821078431372549
0 0.9256535947712419 0.4186580882352941 0.03758169934640523 0.07689950980392157
0 0.9712009803921569 0.41620710784313725 0.046977124183006536 0.07873774509803921
0 0.9397467320261438 0.5225183823529411 0.037173202614379085 0.06893382352941177
0 0.9131944444444444 0.1957720588235294 0.04125816993464052 0.08333333333333333
0 0.6711601307189542 0.4560355392156863 0.04084967320261438 0.09221813725490197
0 0.7659313725490197 0.4508272058823529 0.03758169934640523 0.1056985294117647
0 0.2826797385620915 0.32567401960784315 0.059640522875817 0.10661764705882353
0 0.22181372549019607 0.32705269607843135 0.05800653594771242 0.10447303921568628
0 0.7175245098039216 0.45113357843137253 0.044526143790849675 0.1014093137254902
0 0.1527777777777778 0.32766544117647056 0.06535947712418301 0.09834558823529412
0 0.08496732026143791 0.32077205882352944 0.05310457516339869 0.11090686274509803
0 0.06433823529411764 0.18045343137254902 0.12867647058823528 0.11213235294117647
0 0.34558823529411764 0.33440563725490197 0.04656862745098039 0.09037990196078431
0 0.5441176470588235 0.6824448529411765 0.08660130718954248 0.09221813725490197
