0 0.5723039215686274 0.5513174019607843 0.03594771241830065 0.0664828431372549
0 0.6072303921568627 0.5533088235294118 0.027369281045751634 0.061887254901960786
0 0.636437908496732 0.5574448529411765 0.025326797385620915 0.06832107843137254
0 0.6678921568627451 0.5620404411764706 0.03022875816993464 0.06219362745098039
0 0.6975081699346405 0.5660232843137255 0.025735294117647058 0.06770833333333333
0 0.7291666666666666 0.569546568627451 0.03349673202614379 0.06433823529411764
0 0.7683823529411765 0.5733762254901961 0.0392156862745098 0.07383578431372549
0 0.8345588235294118 0.5988051470588235 0.08169934640522876 0.053002450980392156
0 0.917687908496732 0.6079963235294118 0.07393790849673203 0.04381127450980392
0 0.006944444444444444 0.5566789215686274 0.013888888888888888 0.051470588235294115
0 0.8543709150326797 0.4684436274509804 0.06331699346405228 0.02267156862745098
0 0.4528186274509804 0.5245098039215687 0.02900326797385621 0.06495098039215687
0 0.8511029411764706 0.49463848039215685 0.07393790849673203 0.016237745098039217
0 0.9426062091503268 0.4684436274509804 0.0951797385620915 0.03615196078431373
0 0.9481209150326797 0.49984681372549017 0.09722222222222222 0.024816176470588234
0 0.01491013071895425 0.47411151960784315 0.0298202614379085 0.04932598039215686
0 0.046772875816993464 0.4762561274509804 0.026552287581699346 0.05177696078431373
0 0.07332516339869281 0.47870710784313725 0.01919934640522876 0.04993872549019608
0 0.5216503267973857 0.5361519607843137 0.0392156862745098 0.05821078431372549
0 0.10089869281045752 0.48330269607843135 0.027777777777777776 0.047487745098039214
0 0.20751633986928106 0.4961703431372549 0.02369281045751634 0.04993872549019608
0 0.2412173202614379 0.5012254901960784 0.0298202614379085 0.0508578431372549
0 0.27941176470588236 0.5049019607843137 0.03349673202614379 0.058823529411764705
0 0.3161764705882353 0.5145526960784313 0.026143790849673203 0.05606617647058824
0 0.3478349673202614 0.5143995098039216 0.03145424836601307 0.05514705882352941
0 0.42177287581699346 0.5258884803921569 0.028186274509803922 0.05912990196078431
0 0.1352124183006536 0.4885110294117647 0.029411764705882353 0.043198529411764705
0 0.7992238562091504 0.44607843137254904 0.034722222222222224 0.08026960784313726
0 0.0872140522875817 0.21583946078431374 0.026552287581699346 0.07261029411764706
0 0.7606209150326797 0.4430147058823529 0.03839869281045752 0.08272058823529412
0 0.08496732026143791 0.39568014705882354 0.018790849673202614 0.06158088235294118
0 0.0661764705882353 0.3946078431372549 0.016339869281045753 0.06004901960784314
0 0.04861111111111111 0.39169730392156865 0.016339869281045753 0.05667892156862745
0 0.03022875816993464 0.39200367647058826 0.01715686274509804 0.057291666666666664
0 0.012867647058823529 0.3958333333333333 0.014297385620915032 0.04718137254901961
0 0.7702205882352942 0.32536764705882354 0.037173202614379085 0.08455882352941177
0 0.7308006535947712 0.3241421568627451 0.03676470588235294 0.08700980392156862
0 0.693218954248366 0.3232230392156863 0.03431372549019608 0.08272058823529412
0 0.6589052287581699 0.3239889705882353 0.029411764705882353 0.08241421568627451
0 0.6239787581699346 0.32766544117647056 0.034722222222222224 0.07383578431372549
0 0.5878267973856209 0.32506127450980393 0.035130718954248366 0.0778186274509804
0 0.5547385620915033 0.3246017156862745 0.02696078431372549 0.06893382352941177
0 0.5216503267973857 0.3235294117647059 0.027777777777777776 0.07230392156862746
0 0.494281045751634 0.3249080882352941 0.022058823529411766 0.07077205882352941
0 0.46691176470588236 0.3242953431372549 0.028594771241830064 0.07199754901960784
0 0.10191993464052287 0.39629289215686275 0.01511437908496732 0.06341911764705882
0 0.12050653594771242 0.39797794117647056 0.02042483660130719 0.05698529411764706
0 0.14215686274509803 0.3993566176470588 0.01715686274509804 0.06219362745098039
0 0.16115196078431374 0.39950980392156865 0.017565359477124183 0.061274509803921566
0 0.6962826797385621 0.4416360294117647 0.034722222222222224 0.07996323529411764
0 0.6368464052287581 0.4424019607843137 0.03758169934640523 0.07291666666666667
0 0.6017156862745098 0.43964460784313725 0.025326797385620915 0.07598039215686274
0 0.573937908496732 0.43596813725490197 0.024509803921568627 0.08394607843137254
0 0.5236928104575164 0.4306066176470588 0.026143790849673203 0.07261029411764706
0 0.4977532679738562 0.42953431372549017 0.020833333333333332 0.07107843137254902
0 0.4591503267973856 0.42922794117647056 0.03594771241830065 0.07291666666666667
0 0.023284313725490197 0.5589767156862745 0.014705882352941176 0.04871323529411765
0 0.37888071895424835 0.42049632352941174 0.023284313725490197 0.0664828431372549
0 0.3220996732026144 0.41881127450980393 0.020016339869281044 0.058823529411764705
0 0.30106209150326796 0.41651348039215685 0.016339869281045753 0.05606617647058824
0 0.2806372549019608 0.421875 0.021241830065359478 0.04963235294117647
0 0.2571486928104575 0.41988357843137253 0.020833333333333332 0.046262254901960786
0 0.23672385620915032 0.41881127450980393 0.017565359477124183 0.04963235294117647
0 0.20220588235294118 0.4028799019607843 0.02696078431372549 0.06556372549019608
0 0.17912581699346405 0.40119485294117646 0.015931372549019607 0.06158088235294118
0 0.3508986928104575 0.41973039215686275 0.028594771241830064 0.06495098039215687
0 0.040236928104575166 0.5614276960784313 0.016748366013071895 0.05422794117647059
0 0.8799019607843137 0.7360600490196079 0.06209150326797386 0.04932598039215686
0 0.0755718954248366 0.5690870098039216 0.017973856209150325 0.05667892156862745
0 0.23937908496732027 0.3167892156862745 0.026143790849673203 0.061274509803921566
0 0.2028186274509804 0.3196997549019608 0.03145424836601307 0.05912990196078431
0 0.16789215686274508 0.3167892156862745 0.03104575163398693 0.058823529411764705
0 0.13480392156862744 0.31449142156862747 0.028594771241830064 0.0585171568627451
0 0.10232843137254902 0.3163296568627451 0.027369281045751634 0.057904411764705885
0 0.04513888888888889 0.3161764705882353 0.03553921568627451 0.05330882352941176
0 0.8574346405228758 0.20955882352941177 0.035130718954248366 0.03370098039215686
0 0.8658088235294118 0.1714154411764706 0.037173202614379085 0.03829656862745098
0 0.7996323529411765 0.1870404411764706 0.04125816993464052 0.08241421568627451
0 0.7475490196078431 0.18949142156862744 0.04738562091503268 0.08670343137254902
0 0.6993464052287581 0.1957720588235294 0.03758169934640523 0.0784313725490196
0 0.6597222222222222 0.19822303921568626 0.03104575163398693 0.08026960784313726
0 0.6111111111111112 0.19745710784313725 0.032679738562091505 0.07935049019607843
0 0.5731209150326797 0.20082720588235295 0.03758169934640523 0.0818014705882353
0 0.26286764705882354 0.3180147058823529 0.01511437908496732 0.06556372549019608
0 0.534109477124183 0.2028186274509804 0.03553921568627451 0.07291666666666667
0 0.46977124183006536 0.20833333333333334 0.025326797385620915 0.07107843137254902
0 0.43913398692810457 0.20450367647058823 0.025326797385620915 0.08057598039215687
0 0.4117647058823529 0.20511642156862744 0.025326797385620915 0.07935049019607843
0 0.3792892156862745 0.20021446078431374 0.027369281045751634 0.08486519607843138
0 0.35437091503267976 0.20220588235294118 0.01838235294117647 0.07659313725490197
0 0.33169934640522875 0.20572916666666666 0.025326797385620915 0.06954656862745098
0 0.3053513071895425 0.20680147058823528 0.02165032679738562 0.06740196078431372
0 0.28308823529411764 0.20772058823529413 0.02042483660130719 0.06740196078431372
0 0.2589869281045752 0.2110906862745098 0.022058823529411766 0.0741421568627451
0 0.23366013071895425 0.2112438725490196 0.02369281045751634 0.07628676470588236
0 0.2093545751633987 0.21200980392156862 0.024101307189542485 0.08026960784313726
0 0.17851307189542484 0.21292892156862744 0.031862745098039214 0.07659313725490197
0 0.014093137254901961 0.21951593137254902 0.028186274509803922 0.07138480392156862
0 0.054330065359477125 0.2193627450980392 0.03022875816993464 0.0704656862745098
0 0.49979575163398693 0.20603553921568626 0.030637254901960783 0.0701593137254902
0 0.2834967320261438 0.31755514705882354 0.021241830065359478 0.06587009803921569
0 0.3098447712418301 0.31832107843137253 0.027369281045751634 0.0661764705882353
0 0.3541666666666667 0.3272058823529412 0.031862745098039214 0.06004901960784314
0 0.09538398692810457 0.5686274509803921 0.016748366013071895 0.05514705882352941
0 0.11437908496732026 0.5741421568627451 0.013888888888888888 0.05821078431372549
0 0.1358251633986928 0.5779718137254902 0.01919934640522876 0.047487745098039214
0 0.15502450980392157 0.5814950980392157 0.016748366013071895 0.05330882352941176
0 0.176062091503268 0.5837928921568627 0.018790849673202614 0.05116421568627451
0 0.20016339869281047 0.5880821078431373 0.02287581699346405 0.06219362745098039
0 0.2354983660130719 0.5940563725490197 0.027369281045751634 0.06311274509803921
0 0.2638888888888889 0.5968137254901961 0.02287581699346405 0.05759803921568627
0 0.28594771241830064 0.6020220588235294 0.017973856209150325 0.06556372549019608
0 0.3118872549019608 0.6061580882352942 0.02900326797385621 0.0585171568627451
0 0.3560049019607843 0.6162683823529411 0.027369281045751634 0.06587009803921569
0 0.38500816993464054 0.6197916666666666 0.024101307189542485 0.06372549019607843
0 0.40931372549019607 0.6262254901960784 0.02369281045751634 0.07720588235294118
0 0.43504901960784315 0.6311274509803921 0.02287581699346405 0.06985294117647059
0 0.4660947712418301 0.6389399509803921 0.02696078431372549 0.09160539215686274
0 0.49244281045751637 0.6439950980392157 0.02165032679738562 0.07659313725490197
0 0.5157271241830066 0.6493566176470589 0.02165032679738562 0.08241421568627451
0 0.38296568627450983 0.32598039215686275 0.023284313725490197 0.061887254901960786
0 0.4105392156862745 0.3232230392156863 0.026143790849673203 0.06985294117647059
0 0.9632352941176471 0.7665441176470589 0.06372549019607843 0.03553921568627451
0 0.9616013071895425 0.7170649509803921 0.07761437908496732 0.0585171568627451
0 0.14869281045751634 0.2115502450980392 0.024509803921568627 0.07506127450980392
0 0.8084150326797386 0.7325367647058824 0.058823529411764705 0.04411764705882353
0 0.05718954248366013 0.5649509803921569 0.013071895424836602 0.04963235294117647
0 0.815359477124183 0.6833639705882353 0.06372549019607843 0.04993872549019608
0 0.7091503267973857 0.6986825980392157 0.03104575163398693 0.06525735294117647
0 0.6754493464052288 0.6907169117647058 0.030637254901960783 0.053002450980392156
0 0.6403186274509803 0.6824448529411765 0.0298202614379085 0.06158088235294118
0 0.6086601307189542 0.6776960784313726 0.027777777777777776 0.05698529411764706
0 0.5755718954248366 0.671875 0.03104575163398693 0.06433823529411764
0 0.5449346405228758 0.6660539215686274 0.027777777777777776 0.05392156862745098
0 0.7426470588235294 0.7048100490196079 0.031862745098039214 0.057291666666666664
0 0.43770424836601307 0.3232230392156863 0.024918300653594773 0.07169117647058823
0 0.013276143790849673 0.32506127450980393 0.023284313725490197 0.031862745098039214
