0 0.3837962962962963 0.3787760416666667 0.028703703703703703 0.06171875
0 0.6747685185185185 0.380859375 0.06342592592592593 0.055989583333333336
0 0.2412037037037037 0.3983072916666667 0.0787037037037037 0.023177083333333334
0 0.24004629629629629 0.37916666666666665 0.07916666666666666 0.015104166666666667
0 0.24467592592592594 0.3587239583333333 0.07546296296296297 0.019010416666666665
0 0.15578703703703703 0.39817708333333335 0.08472222222222223 0.025520833333333333
0 0.1537037037037037 0.3717447916666667 0.08518518518518518 0.02734375
0 0.06458333333333334 0.3963541666666667 0.08842592592592592 0.0265625
0 0.06296296296296296 0.37005208333333334 0.09074074074074075 0.0265625
0 0.4511574074074074 0.37864583333333335 0.04027777777777778 0.06145833333333333
0 0.8601851851851852 0.263671875 0.09814814814814815 0.08828125
0 0.7615740740740741 0.27252604166666666 0.09444444444444444 0.07213541666666666
0 0.5509259259259259 0.28216145833333334 0.04722222222222222 0.05130208333333333
0 0.5081018518518519 0.28203125 0.03287037037037037 0.05364583333333333
0 0.47175925925925927 0.28177083333333336 0.032407407407407406 0.05416666666666667
0 0.4284722222222222 0.27096354166666664 0.043055555555555555 0.07109375
0 0.3907407407407407 0.271875 0.03425925925925926 0.071875
0 0.3145833333333333 0.273828125 0.09490740740740741 0.06432291666666666
0 0.24305555555555555 0.2694010416666667 0.037037037037037035 0.07317708333333334
0 0.2074074074074074 0.26953125 0.03333333333333333 0.0765625
0 0.48703703703703705 0.377734375 0.030555555555555555 0.06536458333333334
0 0.5247685185185185 0.37734375 0.034722222222222224 0.06614583333333333
0 0.5611111111111111 0.38671875 0.03611111111111111 0.04739583333333333
0 0.4134259259259259 0.3787760416666667 0.030555555555555555 0.061197916666666664
0 0.9523148148148148 0.2716145833333333 0.08425925925925926 0.07239583333333334
0 0.6270833333333333 0.4479166666666667 0.03935185185185185 0.0421875
0 0.7513888888888889 0.379296875 0.025 0.05755208333333333
0 0.32013888888888886 0.6494791666666667 0.03935185185185185 0.0203125
0 0.27361111111111114 0.6490885416666666 0.044444444444444446 0.019010416666666665
0 0.22685185185185186 0.6486979166666667 0.044444444444444446 0.021875
0 0.18125 0.6505208333333333 0.04675925925925926 0.019270833333333334
0 0.13472222222222222 0.6498697916666667 0.04722222222222222 0.01953125
0 0.08842592592592592 0.65 0.04814814814814815 0.020833333333333332
0 0.23148148148148148 0.626171875 0.044444444444444446 0.021614583333333333
0 0.18449074074074073 0.6265625 0.04861111111111111 0.020833333333333332
0 0.13402777777777777 0.62734375 0.04583333333333333 0.021875
0 0.08287037037037037 0.6265625 0.05 0.021354166666666667
0 0.9680555555555556 0.578125 0.058333333333333334 0.025
0 0.8858796296296296 0.5537760416666667 0.04490740740740741 0.023697916666666666
0 0.3662037037037037 0.649609375 0.04722222222222222 0.020052083333333335
0 0.8395833333333333 0.5545572916666667 0.0412037037037037 0.024739583333333332
0 0.7472222222222222 0.5571614583333333 0.04814814814814815 0.022135416666666668
0 0.69375 0.55703125 0.047685185185185185 0.025
0 0.6486111111111111 0.558203125 0.04259259259259259 0.020052083333333335
0 0.6034722222222222 0.558203125 0.04583333333333333 0.020052083333333335
0 0.55625 0.559765625 0.04861111111111111 0.022135416666666668
0 0.5064814814814815 0.5580729166666667 0.04259259259259259 0.022395833333333334
0 0.46041666666666664 0.558203125 0.04398148148148148 0.02265625
0 0.412962962962963 0.5563802083333333 0.04259259259259259 0.023697916666666666
0 0.8875 0.5807291666666666 0.04814814814814815 0.019791666666666666
0 0.8414351851851852 0.5799479166666667 0.04490740740740741 0.020833333333333332
0 0.7462962962962963 0.58125 0.046296296296296294 0.020833333333333332
0 0.7 0.5811197916666667 0.04722222222222222 0.021614583333333333
0 0.7921296296296296 0.557421875 0.03981481481481482 0.023697916666666666
0 0.6520833333333333 0.5817708333333333 0.04490740740740741 0.021875
0 0.4125 0.64921875 0.046296296296296294 0.020833333333333332
0 0.5078703703703704 0.6498697916666667 0.04537037037037037 0.022135416666666668
0 0.9710648148148148 0.69609375 0.02824074074074074 0.043229166666666666
0 0.8986111111111111 0.7009114583333333 0.04814814814814815 0.029947916666666668
0 0.8530092592592593 0.6994791666666667 0.03287037037037037 0.03229166666666667
0 0.8074074074074075 0.6983072916666667 0.04814814814814815 0.032552083333333336
0 0.7541666666666667 0.6975260416666667 0.03981481481481482 0.03567708333333333
0 0.6173611111111111 0.703125 0.04675925925925926 0.030729166666666665
0 0.5712962962962963 0.7010416666666667 0.04351851851851852 0.030208333333333334
0 0.51875 0.7018229166666666 0.038425925925925926 0.030729166666666665
0 0.47685185185185186 0.703515625 0.041666666666666664 0.027864583333333335
0 0.42615740740740743 0.7018229166666666 0.038425925925925926 0.030729166666666665
0 0.38101851851851853 0.703125 0.04537037037037037 0.0296875
0 0.33402777777777776 0.6993489583333333 0.04027777777777778 0.03307291666666667
0 0.45925925925925926 0.6502604166666667 0.046296296296296294 0.021354166666666667
0 0.2875 0.6994791666666667 0.04537037037037037 0.034895833333333334
0 0.18773148148148147 0.698828125 0.04583333333333333 0.030989583333333334
0 0.13564814814814816 0.7072916666666667 0.044444444444444446 0.024479166666666666
0 0.08703703703703704 0.7057291666666666 0.04351851851851852 0.03229166666666667
0 0.9851851851851852 0.6377604166666667 0.030555555555555555 0.03854166666666667
0 0.9490740740740741 0.6381510416666667 0.03796296296296296 0.03984375
0 0.8337962962962963 0.64921875 0.04814814814814815 0.019270833333333334
0 0.7861111111111111 0.6501302083333333 0.046296296296296294 0.021614583333333333
0 0.7402777777777778 0.649609375 0.04351851851851852 0.02265625
0 0.694212962962963 0.6501302083333333 0.04490740740740741 0.021614583333333333
0 0.6462962962962963 0.6498697916666667 0.04259259259259259 0.020572916666666666
0 0.6011574074074074 0.6498697916666667 0.04490740740740741 0.01953125
0 0.555324074074074 0.6484375 0.038425925925925926 0.0203125
0 0.23287037037037037 0.6981770833333333 0.04259259259259259 0.030208333333333334
0 0.7243055555555555 0.38033854166666664 0.029166666666666667 0.05807291666666667
0 0.6046296296296296 0.5815104166666667 0.04814814814814815 0.020833333333333332
0 0.5099537037037037 0.5830729166666667 0.04953703703703704 0.022916666666666665
0 0.3525462962962963 0.5015625 0.04675925925925926 0.035416666666666666
0 0.3127314814814815 0.5 0.024537037037037038 0.033854166666666664
0 0.1425925925925926 0.5109375 0.058333333333333334 0.024479166666666666
0 0.07546296296296297 0.509765625 0.07037037037037037 0.02578125
0 0.9793981481481482 0.4473958333333333 0.0412037037037037 0.036458333333333336
0 0.9372685185185186 0.44830729166666666 0.0412037037037037 0.03723958333333333
0 0.8962962962962963 0.4471354166666667 0.03518518518518519 0.03802083333333333
0 0.8592592592592593 0.44752604166666665 0.040740740740740744 0.038802083333333334
0 0.8122685185185186 0.448046875 0.04490740740740741 0.04244791666666667
0 0.768287037037037 0.444140625 0.03287037037037037 0.03515625
0 0.7277777777777777 0.44635416666666666 0.044444444444444446 0.036458333333333336
0 0.4912037037037037 0.446875 0.05648148148148148 0.04010416666666667
0 0.3891203703703704 0.4998697916666667 0.02638888888888889 0.03359375
0 0.43287037037037035 0.446875 0.05185185185185185 0.04010416666666667
0 0.3138888888888889 0.445703125 0.058333333333333334 0.040364583333333336
0 0.25439814814814815 0.44622395833333334 0.059722222222222225 0.038802083333333334
0 0.19398148148148148 0.44557291666666665 0.05462962962962963 0.04010416666666667
0 0.13680555555555557 0.445703125 0.056018518518518516 0.03984375
0 0.0724537037037037 0.44557291666666665 0.060648148148148145 0.04010416666666667
0 0.6678240740740741 0.44817708333333334 0.04027777777777778 0.03958333333333333
0 0.1650462962962963 0.26953125 0.0412037037037037 0.07604166666666666
0 0.5872685185185185 0.44635416666666666 0.03935185185185185 0.03854166666666667
0 0.544212962962963 0.447265625 0.043055555555555555 0.03619791666666667
0 0.9840277777777777 0.3809895833333333 0.03194444444444444 0.05364583333333333
0 0.8965277777777778 0.378515625 0.03564814814814815 0.05859375
0 0.8208333333333333 0.373046875 0.11574074074074074 0.07265625
0 0.37430555555555556 0.44635416666666666 0.0587962962962963 0.03854166666666667
0 0.5567129629629629 0.581640625 0.04583333333333333 0.01953125
0 0.45 0.499609375 0.040740740740740744 0.03307291666666667
0 0.5516203703703704 0.5045572916666666 0.04861111111111111 0.03515625
0 0.462037037037037 0.58359375 0.04722222222222222 0.0234375
0 0.4136574074074074 0.5821614583333333 0.04398148148148148 0.022135416666666668
0 0.3659722222222222 0.5815104166666667 0.04212962962962963 0.021354166666666667
0 0.2710648148148148 0.5834635416666667 0.04398148148148148 0.008072916666666667
0 0.28032407407407406 0.5692708333333333 0.04861111111111111 0.007291666666666667
0 0.324537037037037 0.56796875 0.03518518518518519 0.0171875
0 0.3685185185185185 0.5477864583333333 0.03796296296296296 0.019010416666666665
0 0.3282407407407407 0.5466145833333333 0.04259259259259259 0.015625
0 0.2789351851851852 0.5479166666666667 0.04212962962962963 0.019270833333333334
0 0.2337962962962963 0.547265625 0.044444444444444446 0.01953125
0 0.1824074074074074 0.5479166666666667 0.03981481481481482 0.011979166666666667
0 0.22314814814814815 0.57734375 0.041666666666666664 0.024479166666666666
0 0.49675925925925923 0.5 0.05 0.03125
0 0.17662037037037037 0.5813802083333334 0.04212962962962963 0.01640625
0 0.12800925925925927 0.580859375 0.04212962962962963 0.024739583333333332
0 0.06898148148148148 0.5834635416666667 0.053703703703703705 0.023177083333333334
0 0.13032407407407406 0.5540364583333334 0.04675925925925926 0.023177083333333334
0 0.07893518518518519 0.5541666666666667 0.05138888888888889 0.021875
0 0.968287037037037 0.49661458333333336 0.04953703703703704 0.021875
0 0.9143518518518519 0.50625 0.05277777777777778 0.036458333333333336
0 0.8625 0.5065104166666666 0.04722222222222222 0.034375
0 0.8106481481481481 0.5049479166666667 0.05 0.03125
0 0.7590277777777777 0.504296875 0.04953703703703704 0.032552083333333336
0 0.7074074074074074 0.5055989583333333 0.05277777777777778 0.03515625
0 0.6564814814814814 0.50625 0.049074074074074076 0.033854166666666664
0 0.6030092592592593 0.50625 0.04861111111111111 0.033854166666666664
0 0.17662037037037037 0.566015625 0.04212962962962963 0.008072916666666667
0 0.12708333333333333 0.2701822916666667 0.03657407407407407 0.07526041666666666
0 0.7944444444444444 0.5813802083333334 0.044444444444444446 0.02109375
0 0.06875 0.27682291666666664 0.02175925925925926 0.059375
0 0.30648148148148147 0.17278645833333334 0.021296296296296296 0.032552083333333336
0 0.2849537037037037 0.17239583333333333 0.022685185185185187 0.034375
0 0.23564814814814813 0.17760416666666667 0.022222222222222223 0.0421875
0 0.20972222222222223 0.180859375 0.023148148148148147 0.03619791666666667
0 0.18680555555555556 0.17981770833333333 0.02175925925925926 0.03671875
0 0.16319444444444445 0.17903645833333334 0.02361111111111111 0.03515625
0 0.1388888888888889 0.1796875 0.024074074074074074 0.033854166666666664
0 0.11296296296296296 0.176171875 0.021296296296296296 0.008072916666666667
0 0.11226851851851852 0.18411458333333333 0.01990740740740741 0.007291666666666667
0 0.11087962962962963 0.19322916666666667 0.02175925925925926 0.008854166666666666
0 0.08564814814814815 0.177734375 0.028703703703703703 0.03984375
0 0.3275462962962963 0.17369791666666667 0.01898148148148148 0.034375
0 0.058333333333333334 0.19440104166666666 0.021296296296296296 0.008072916666666667
0 0.030787037037037036 0.17916666666666667 0.03009259259259259 0.03802083333333333
0 0.00787037037037037 0.17747395833333332 0.01574074074074074 0.03619791666666667
0 0.2710648148148148 0.11315104166666666 0.03009259259259259 0.04088541666666667
0 0.23819444444444443 0.11263020833333333 0.03564814814814815 0.03984375
0 0.20439814814814813 0.11419270833333334 0.034722222222222224 0.03567708333333333
0 0.4233796296296296 0.117578125 0.03657407407407407 0.03515625
0 0.3039351851851852 0.11510416666666666 0.029166666666666667 0.034895833333333334
0 0.12638888888888888 0.11770833333333333 0.030555555555555555 0.0375
0 0.09652777777777778 0.11510416666666666 0.02824074074074074 0.042708333333333334
0 0.06273148148148149 0.110546875 0.03657407407407407 0.046614583333333334
0 0.028009259259259258 0.112890625 0.029166666666666667 0.040364583333333336
0 0.06041666666666667 0.18502604166666667 0.018055555555555554 0.009635416666666667
0 0.3472222222222222 0.173828125 0.017592592592592594 0.03307291666666667
0 0.25949074074074074 0.17734375 0.020833333333333332 0.043229166666666666
0 0.38425925925925924 0.17057291666666666 0.019444444444444445 0.03177083333333333
0 0.027314814814814816 0.27734375 0.05462962962962963 0.058333333333333334
0 0.9523148148148148 0.18346354166666667 0.05555555555555555 0.03463541666666667
0 0.9520833333333333 0.15416666666666667 0.02638888888888889 0.018229166666666668
0 0.9273148148148148 0.155078125 0.021296296296296296 0.020052083333333335
0 0.905787037037037 0.15598958333333332 0.022685185185185187 0.019270833333333334
0 0.8805555555555555 0.16158854166666667 0.025925925925925925 0.03203125
0 0.8555555555555555 0.160546875 0.020370370370370372 0.030989583333333334
0 0.7611111111111111 0.194921875 0.049074074074074076 0.015885416666666666
0 0.36435185185185187 0.17213541666666668 0.016666666666666666 0.028645833333333332
0 0.6509259259259259 0.19596354166666666 0.05185185185185185 0.015885416666666666
0 0.5986111111111111 0.196484375 0.049074074074074076 0.017447916666666667
0 0.788425925925926 0.14635416666666667 0.046296296296296294 0.025
0 0.7726851851851851 0.17330729166666667 0.05925925925925926 0.023697916666666666
0 0.7083333333333334 0.19427083333333334 0.046296296296296294 0.015625
0 0.6583333333333333 0.17447916666666666 0.05277777777777778 0.023958333333333335
0 0.7136574074074075 0.1734375 0.047685185185185185 0.023958333333333335
0 0.38101851851851853 0.19557291666666668 0.03981481481481482 0.014583333333333334
0 0.4326388888888889 0.19479166666666667 0.04675925925925926 0.013541666666666667
0 0.430787037037037 0.169140625 0.020833333333333332 0.03515625
0 0.44930555555555557 0.17005208333333333 0.01712962962962963 0.0328125
0 0.4064814814814815 0.17044270833333333 0.025 0.03307291666666667
0 0.48356481481481484 0.19544270833333333 0.050462962962962966 0.015364583333333333
0 0.54375 0.17278645833333334 0.050462962962962966 0.025260416666666667
0 0.5444444444444444 0.19557291666666668 0.05185185185185185 0.015625
0 0.6006944444444444 0.17317708333333334 0.04861111111111111 0.026041666666666668
0 0.48819444444444443 0.17278645833333334 0.050462962962962966 0.025260416666666667
0 0.09305555555555556 0.27786458333333336 0.025925925925925925 0.059895833333333336
