0 0.9444444444444444 0.8071384803921569 0.049019607843137254 0.10631127450980392
0 0.9869281045751634 0.8028492647058824 0.02696078431372549 0.10018382352941177
0 0.10334967320261437 0.7360600490196079 0.03594771241830065 0.047487745098039214
0 0.1388888888888889 0.7305453431372549 0.031862745098039214 0.057291666666666664
0 0.16850490196078433 0.7443321078431373 0.02165032679738562 0.02849264705882353
0 0.4401552287581699 0.6878063725490197 0.05024509803921569 0.06433823529411764
0 0.8921568627450981 0.8068321078431373 0.049019607843137254 0.1014093137254902
0 0.26715686274509803 0.7022058823529411 0.05473856209150327 0.09558823529411764
0 0.5549428104575164 0.43183210784313725 0.0494281045751634 0.013786764705882353
0 0.5008169934640523 0.43045343137254904 0.05473856209150327 0.013480392156862746
0 0.10498366013071896 0.8419117647058824 0.03676470588235294 0.017769607843137254
0 0.2107843137254902 0.7015931372549019 0.05555555555555555 0.09436274509803921
0 0.838031045751634 0.8077512254901961 0.056781045751633986 0.10079656862745098
0 0.47610294117647056 0.8212316176470589 0.08129084967320262 0.10386029411764706
0 0.7348856209150327 0.8120404411764706 0.04330065359477124 0.109375
0 0.6854575163398693 0.8147977941176471 0.05065359477124183 0.10386029411764706
0 0.5978349673202614 0.8157169117647058 0.11968954248366014 0.09528186274509803
0 0.1031454248366013 0.8244485294117647 0.042075163398692814 0.013480392156862746
0 0.3929738562091503 0.8192401960784313 0.07598039215686274 0.10477941176470588
0 0.06495098039215687 0.6939338235294118 0.04820261437908497 0.03615196078431373
0 0.054330065359477125 0.742953431372549 0.03594771241830065 0.03982843137254902
0 0.903390522875817 0.49816176470588236 0.04616013071895425 0.028186274509803922
0 0.28656045751633985 0.8224571078431373 0.03308823529411765 0.10631127450980392
0 0.9013480392156863 0.4681372549019608 0.03553921568627451 0.027573529411764705
0 0.9042075163398693 0.43964460784313725 0.03799019607843137 0.02696078431372549
0 0.7849264705882353 0.8120404411764706 0.04534313725490196 0.09957107843137254
0 0.1511437908496732 0.8466605392156863 0.04330065359477124 0.015012254901960785
0 0.15359477124183007 0.8258272058823529 0.04493464052287582 0.016237745098039217
0 0.028799019607843136 0.8702512254901961 0.05106209150326797 0.036458333333333336
0 0.821078431372549 0.5830269607843137 0.05473856209150327 0.09865196078431372
0 0.7524509803921569 0.5821078431372549 0.056372549019607844 0.09436274509803921
0 0.6946486928104575 0.5808823529411765 0.05106209150326797 0.08946078431372549
0 0.6401143790849673 0.5844056372549019 0.049836601307189546 0.09160539215686274
0 0.5870098039215687 0.5859375 0.05392156862745098 0.09037990196078431
0 0.5194035947712419 0.5860906862745098 0.05759803921568627 0.09068627450980392
0 0.8772467320261438 0.5825674019607843 0.053513071895424834 0.09528186274509803
0 0.4556781045751634 0.586703431372549 0.06576797385620915 0.08700980392156862
0 0.33231209150326796 0.5903799019607843 0.05841503267973856 0.08700980392156862
0 0.27124183006535946 0.5911458333333334 0.059640522875817 0.0818014705882353
0 0.21262254901960784 0.5848651960784313 0.04616013071895425 0.05759803921568627
0 0.14583333333333334 0.6075367647058824 0.05800653594771242 0.06004901960784314
0 0.07965686274509803 0.6125919117647058 0.06781045751633986 0.05606617647058824
0 0.4948937908496732 0.6940870098039216 0.0559640522875817 0.07935049019607843
0 0.3937908496732026 0.5879289215686274 0.058823529411764705 0.08455882352941177
0 0.38623366013071897 0.6839767156862745 0.046977124183006536 0.05667892156862745
0 0.5514705882352942 0.6931678921568627 0.05228758169934641 0.07996323529411764
0 0.6685049019607843 0.6962316176470589 0.0559640522875817 0.09099264705882353
0 0.3341503267973856 0.6835171568627451 0.05310457516339869 0.06066176470588235
0 0.14930555555555555 0.8734681372549019 0.05841503267973856 0.026348039215686275
0 0.015318627450980392 0.7066482843137255 0.027369281045751634 0.05238970588235294
0 0.9307598039215687 0.5798100490196079 0.05024509803921569 0.0897671568627451
0 0.15298202614379086 0.8030024509803921 0.04370915032679738 0.015318627450980392
0 0.10110294117647059 0.8031556372549019 0.03799019607843137 0.020526960784313725
0 0.6094771241830066 0.6982230392156863 0.05800653594771242 0.0900735294117647
0 0.04820261437908497 0.8434436274509803 0.03676470588235294 0.015931372549019607
0 0.04656862745098039 0.8020833333333334 0.03349673202614379 0.023284313725490197
0 0.9750816993464052 0.6749387254901961 0.03431372549019608 0.06004901960784314
0 0.9160539215686274 0.6706495098039216 0.0363562091503268 0.04656862745098039
0 0.8743872549019608 0.6721813725490197 0.04125816993464052 0.04963235294117647
0 0.7802287581699346 0.6951593137254902 0.06781045751633986 0.09068627450980392
0 0.7207924836601307 0.6924019607843137 0.04370915032679738 0.08333333333333333
0 0.04718137254901961 0.8255208333333334 0.037173202614379085 0.018075980392156864
0 0.3272058823529412 0.8209252450980392 0.04820261437908497 0.09895833333333333
0 0.2565359477124183 0.8223039215686274 0.02369281045751634 0.10845588235294118
0 0.7522467320261438 0.4690563725490196 0.04616013071895425 0.02696078431372549
0 0.5296160130718954 0.4915747549019608 0.0559640522875817 0.012561274509803922
0 0.5253267973856209 0.4684436274509804 0.04738562091503268 0.015931372549019607
0 0.5175653594771242 0.4488357843137255 0.04084967320261438 0.0196078431372549
0 0.40318627450980393 0.4918811274509804 0.061274509803921566 0.03707107843137255
0 0.34068627450980393 0.4909620098039216 0.059640522875817 0.0352328431372549
0 0.2722630718954248 0.4990808823529412 0.061683006535947715 0.03002450980392157
0 0.19873366013071894 0.49923406862745096 0.06576797385620915 0.030330882352941176
0 0.5265522875816994 0.507046568627451 0.05555555555555555 0.015318627450980392
0 0.2743055555555556 0.4649203431372549 0.0625 0.0352328431372549
0 0.11008986928104575 0.4961703431372549 0.10008169934640523 0.03829656862745098
0 0.9607843137254902 0.3556985294117647 0.04411764705882353 0.08394607843137254
0 0.9095179738562091 0.35462622549019607 0.05514705882352941 0.07996323529411764
0 0.8633578431372549 0.35355392156862747 0.03553921568627451 0.0821078431372549
0 0.7773692810457516 0.35401348039215685 0.02287581699346405 0.08057598039215687
0 0.8000408496732027 0.35830269607843135 0.01919934640522876 0.07261029411764706
0 0.8280228758169934 0.3555453431372549 0.03431372549019608 0.07689950980392157
0 0.19852941176470587 0.4632352941176471 0.06535947712418301 0.03431372549019608
0 0.7359068627450981 0.35110294117647056 0.05841503267973856 0.08700980392156862
0 0.5868055555555556 0.49923406862745096 0.0559640522875817 0.030330882352941176
0 0.5827205882352942 0.4756433823529412 0.04861111111111111 0.016237745098039217
0 0.855187908496732 0.4993872549019608 0.03799019607843137 0.028186274509803922
0 0.855187908496732 0.4693627450980392 0.04370915032679738 0.025122549019607844
0 0.8578431372549019 0.44025735294117646 0.04656862745098039 0.028186274509803922
0 0.8018790849673203 0.4401041666666667 0.04493464052287582 0.027879901960784315
0 0.8020833333333334 0.46920955882352944 0.04534313725490196 0.0272671568627451
0 0.8084150326797386 0.5 0.04820261437908497 0.02696078431372549
0 0.7587826797385621 0.49862132352941174 0.04370915032679738 0.029105392156862746
0 0.5776143790849673 0.4525122549019608 0.04738562091503268 0.024509803921568627
0 0.7524509803921569 0.44056372549019607 0.04656862745098039 0.02696078431372549
0 0.6946486928104575 0.4554227941176471 0.04779411764705882 0.021139705882352942
0 0.7009803921568627 0.48238357843137253 0.04820261437908497 0.0272671568627451
0 0.7046568627450981 0.5071997549019608 0.05555555555555555 0.018075980392156864
0 0.6450163398692811 0.5038296568627451 0.05310457516339869 0.020526960784313725
0 0.6421568627450981 0.46369485294117646 0.056372549019607844 0.021139705882352942
0 0.6309232026143791 0.4404105392156863 0.04370915032679738 0.02420343137254902
0 0.6491013071895425 0.48452818627450983 0.05473856209150327 0.017463235294117647
0 0.6836192810457516 0.43244485294117646 0.042075163398692814 0.015012254901960785
0 0.6811683006535948 0.35232843137254904 0.03390522875816993 0.0821078431372549
0 0.4652777777777778 0.49325980392156865 0.059640522875817 0.032475490196078434
0 0.596609477124183 0.37699142156862747 0.056781045751633986 0.03216911764705882
0 0.797998366013072 0.22319240196078433 0.04616013071895425 0.08915441176470588
0 0.733047385620915 0.21476715686274508 0.05514705882352941 0.09987745098039216
0 0.6703431372549019 0.21645220588235295 0.04084967320261438 0.09466911764705882
0 0.622140522875817 0.21599264705882354 0.05473856209150327 0.09558823529411764
0 0.5565767973856209 0.22196691176470587 0.04370915032679738 0.0818014705882353
0 0.511437908496732 0.2270220588235294 0.031862745098039214 0.06372549019607843
0 0.445874183006536 0.17754289215686275 0.08047385620915033 0.026041666666666668
0 0.3625408496732026 0.17647058823529413 0.08129084967320262 0.02144607843137255
0 0.46772875816993464 0.22503063725490197 0.0457516339869281 0.06403186274509803
0 0.4164624183006536 0.22319240196078433 0.056781045751633986 0.06525735294117647
0 0.3678513071895425 0.22288602941176472 0.04125816993464052 0.057904411764705885
0 0.31781045751633985 0.22150735294117646 0.05473856209150327 0.06433823529411764
0 0.6437908496732027 0.35370710784313725 0.03758169934640523 0.07996323529411764
0 0.1315359477124183 0.21645220588235295 0.051470588235294115 0.06587009803921569
0 0.08394607843137254 0.21706495098039216 0.03880718954248366 0.06464460784313726
0 0.032066993464052285 0.21706495098039216 0.05759803921568627 0.06464460784313726
0 0.03370098039215686 0.15410539215686275 0.042075163398692814 0.05759803921568627
0 0.8390522875816994 0.22778799019607843 0.03431372549019608 0.0818014705882353
0 0.869281045751634 0.23789828431372548 0.022058823529411766 0.06893382352941177
0 0.22589869281045752 0.20465686274509803 0.11437908496732026 0.09926470588235294
0 0.9044117647058824 0.23590686274509803 0.035130718954248366 0.0741421568627451
0 0.21466503267973855 0.8290441176470589 0.056781045751633986 0.10294117647058823
0 0.5919117647058824 0.3431372549019608 0.05065359477124183 0.030637254901960783
0 0.5337009803921569 0.37545955882352944 0.05759803921568627 0.03155637254901961
0 0.471609477124183 0.37224264705882354 0.05923202614379085 0.03676470588235294
0 0.4074754901960784 0.37193627450980393 0.060866013071895424 0.03860294117647059
0 0.46875 0.3353247549019608 0.056781045751633986 0.03400735294117647
0 0.4070669934640523 0.33425245098039214 0.056781045751633986 0.03431372549019608
0 0.3457924836601307 0.3711703431372549 0.06004901960784314 0.03707107843137255
0 0.5308415032679739 0.3405330882352941 0.05841503267973856 0.03462009803921569
0 0.2790032679738562 0.3707107843137255 0.06290849673202614 0.03615196078431373
0 0.21405228758169934 0.36917892156862747 0.06209150326797386 0.03799019607843137
0 0.27961601307189543 0.33409926470588236 0.06413398692810457 0.03400735294117647
0 0.21507352941176472 0.3313419117647059 0.05759803921568627 0.0352328431372549
0 0.2798202614379085 0.29518995098039214 0.06454248366013073 0.036458333333333336
0 0.21446078431372548 0.2936580882352941 0.06290849673202614 0.03829656862745098
0 0.34395424836601307 0.33287377450980393 0.059640522875817 0.036458333333333336
0 0.9681372549019608 0.23069852941176472 0.0457516339869281 0.0900735294117647
