0 0.7065104166666667 0.8333984375 0.0453125 0.081640625
0 0.65 0.833203125 0.04895833333333333 0.07890625
0 0.6078125 0.8484375 0.026041666666666668 0.05
0 0.57421875 0.83359375 0.030729166666666665 0.08515625
0 0.92109375 0.4716796875 0.0484375 0.073046875
0 0.9005208333333333 0.600390625 0.036458333333333336 0.07109375
0 0.65390625 0.94453125 0.043229166666666666 0.0296875
0 0.6916666666666667 0.9267578125 0.025 0.060546875
0 0.72734375 0.9099609375 0.0421875 0.027734375
0 0.7278645833333334 0.9408203125 0.0421875 0.030078125
0 0.7747395833333334 0.912109375 0.049479166666666664 0.03125
0 0.7736979166666667 0.94453125 0.04739583333333333 0.02890625
0 0.8231770833333333 0.94375 0.04739583333333333 0.02890625
0 0.8705729166666667 0.9427734375 0.044270833333333336 0.030859375
0 0.9190104166666667 0.94375 0.044270833333333336 0.03125
0 0.4088541666666667 0.9359375 0.027083333333333334 0.05
0 0.43802083333333336 0.9314453125 0.029166666666666667 0.064453125
0 0.4674479166666667 0.9349609375 0.024479166666666666 0.048828125
0 0.4942708333333333 0.93359375 0.025 0.046875
0 0.025260416666666667 0.1298828125 0.050520833333333334 0.114453125
0 0.6520833333333333 0.9130859375 0.03958333333333333 0.030859375
0 0.75546875 0.8283203125 0.044270833333333336 0.095703125
0 0.9721354166666667 0.4703125 0.04635416666666667 0.07578125
0 0.8234375 0.8458984375 0.028125 0.055859375
0 0.18984375 0.60859375 0.05260416666666667 0.0578125
0 0.24479166666666666 0.609765625 0.05520833333333333 0.0578125
0 0.2986979166666667 0.5875 0.049479166666666664 0.09921875
0 0.35208333333333336 0.5876953125 0.053125 0.100390625
0 0.40703125 0.58984375 0.05260416666666667 0.1015625
0 0.46380208333333334 0.5822265625 0.05260416666666667 0.109765625
0 0.13619791666666667 0.6103515625 0.049479166666666664 0.056640625
0 0.5557291666666667 0.584375 0.052083333333333336 0.109375
0 0.6666666666666666 0.5830078125 0.057291666666666664 0.104296875
0 0.7229166666666667 0.59765625 0.04375 0.08203125
0 0.7671875 0.596875 0.03958333333333333 0.078125
0 0.8114583333333333 0.5986328125 0.041666666666666664 0.076171875
0 0.85546875 0.5994140625 0.043229166666666666 0.077734375
0 0.3375 0.9333984375 0.036458333333333336 0.060546875
0 0.609375 0.58203125 0.052083333333333336 0.109375
0 0.0828125 0.611328125 0.05416666666666667 0.05546875
0 0.016927083333333332 0.75625 0.033854166666666664 0.11875
0 0.062239583333333334 0.7208984375 0.0515625 0.078515625
0 0.9411458333333333 0.5958984375 0.0375 0.069921875
0 0.8533854166666667 0.8421875 0.024479166666666666 0.0640625
0 0.8890625 0.8259765625 0.035416666666666666 0.099609375
0 0.9302083333333333 0.84296875 0.03854166666666667 0.07109375
0 0.8596354166666667 0.708203125 0.06197916666666667 0.10078125
0 0.9393229166666667 0.70859375 0.05260416666666667 0.09609375
0 0.66796875 0.708203125 0.0421875 0.10078125
0 0.60625 0.7203125 0.07395833333333333 0.0765625
0 0.54765625 0.708984375 0.03697916666666667 0.1015625
0 0.5033854166666667 0.70859375 0.0390625 0.1
0 0.45234375 0.709765625 0.04739583333333333 0.103125
0 0.4010416666666667 0.7076171875 0.05 0.101953125
0 0.33307291666666666 0.7201171875 0.0703125 0.080078125
0 0.25755208333333335 0.716796875 0.07447916666666667 0.0890625
0 0.17942708333333332 0.7177734375 0.07239583333333334 0.087109375
0 0.7953125 0.838671875 0.023958333333333335 0.06796875
0 0.115625 0.7189453125 0.04895833333333333 0.081640625
0 0.37578125 0.9314453125 0.0359375 0.058984375
0 0.53359375 0.834375 0.0421875 0.08359375
0 0.06145833333333333 0.8453125 0.03333333333333333 0.0703125
0 0.8395833333333333 0.3630859375 0.022916666666666665 0.065234375
0 0.81328125 0.364453125 0.025520833333333333 0.065625
0 0.7427083333333333 0.2556640625 0.05520833333333333 0.061328125
0 0.6796875 0.254296875 0.05520833333333333 0.0640625
0 0.6182291666666667 0.2546875 0.05416666666666667 0.06484375
0 0.7408854166666666 0.3419921875 0.058854166666666666 0.061328125
0 0.6770833333333334 0.3427734375 0.053125 0.062890625
0 0.023177083333333334 0.9009765625 0.0359375 0.098828125
0 0.6174479166666667 0.3427734375 0.05572916666666667 0.060546875
0 0.42421875 0.1693359375 0.050520833333333334 0.037890625
0 0.42239583333333336 0.12109375 0.046875 0.053125
0 0.37447916666666664 0.1201171875 0.04479166666666667 0.056640625
0 0.37265625 0.1673828125 0.0484375 0.034765625
0 0.29609375 0.1509765625 0.09635416666666667 0.073046875
0 0.17291666666666666 0.1544921875 0.140625 0.063671875
0 0.0765625 0.1349609375 0.04791666666666667 0.105078125
0 0.5203125 0.3404296875 0.041666666666666664 0.125390625
0 0.4713541666666667 0.1205078125 0.03854166666666667 0.136328125
0 0.07161458333333333 0.943359375 0.0296875 0.040625
0 0.10546875 0.9287109375 0.03697916666666667 0.064453125
0 0.1515625 0.9501953125 0.04895833333333333 0.026953125
0 0.86484375 0.3634765625 0.025520833333333333 0.065234375
0 0.91171875 0.362890625 0.025520833333333333 0.06328125
0 0.93828125 0.3625 0.022395833333333334 0.0625
0 0.96484375 0.362890625 0.024479166666666666 0.0640625
0 0.7927083333333333 0.28125 0.027083333333333334 0.059375
0 0.9166666666666666 0.275 0.026041666666666668 0.06328125
0 0.9442708333333333 0.2734375 0.023958333333333335 0.0640625
0 0.9697916666666667 0.273046875 0.023958333333333335 0.0640625
0 0.9151041666666667 0.1310546875 0.11458333333333333 0.107421875
0 0.8205729166666667 0.125 0.06927083333333334 0.11953125
0 0.7559895833333333 0.1240234375 0.0546875 0.126953125
0 0.6950520833333333 0.143359375 0.059895833333333336 0.08828125
0 0.6291666666666667 0.1427734375 0.059375 0.088671875
0 0.5677083333333334 0.142578125 0.059375 0.08984375
0 0.51640625 0.1248046875 0.04114583333333333 0.127734375
0 0.3046875 0.9294921875 0.027083333333333334 0.060546875
0 0.27760416666666665 0.9369140625 0.022916666666666665 0.042578125
0 0.24166666666666667 0.9310546875 0.04479166666666667 0.061328125
0 0.19869791666666667 0.9337890625 0.03697916666666667 0.051171875
0 0.47552083333333334 0.3421875 0.04479166666666667 0.12109375
0 0.4283854166666667 0.34296875 0.04739583333333333 0.1203125
0 0.5643229166666667 0.33984375 0.043229166666666666 0.121875
0 0.3294270833333333 0.341015625 0.0484375 0.11953125
0 0.7846354166666667 0.4732421875 0.03697916666666667 0.066796875
0 0.8263020833333333 0.469921875 0.04010416666666667 0.0765625
0 0.5213541666666667 0.9349609375 0.025 0.048828125
0 0.5549479166666667 0.9294921875 0.03697916666666667 0.059765625
0 0.3796875 0.3421875 0.04791666666666667 0.1171875
0 0.08932291666666667 0.8484375 0.0203125 0.0609375
0 0.11875 0.85234375 0.03229166666666667 0.05234375
0 0.15625 0.8529296875 0.035416666666666666 0.053515625
0 0.19921875 0.8318359375 0.0359375 0.083984375
0 0.24114583333333334 0.8345703125 0.04375 0.087109375
0 0.28854166666666664 0.83984375 0.04479166666666667 0.08125
0 0.3419270833333333 0.830859375 0.0546875 0.10078125
0 0.39010416666666664 0.8287109375 0.036458333333333336 0.096484375
0 0.43385416666666665 0.829296875 0.04479166666666667 0.09765625
0 0.48515625 0.8515625 0.04635416666666667 0.0453125
0 0.7458333333333333 0.4875 0.03958333333333333 0.0359375
0 0.684375 0.4818359375 0.07604166666666666 0.044140625
0 0.6127604166666667 0.9275390625 0.028645833333333332 0.061328125
0 0.58125 0.490234375 0.07083333333333333 0.03203125
0 0.63125 0.462890625 0.023958333333333335 0.0875
0 0.07760416666666667 0.3234375 0.051041666666666666 0.159375
0 0.023958333333333335 0.3271484375 0.04791666666666667 0.147265625
0 0.03671875 0.4876953125 0.0734375 0.037109375
0 0.11484375 0.490234375 0.0765625 0.034375
0 0.27447916666666666 0.491015625 0.07604166666666666 0.03203125
0 0.3528645833333333 0.491015625 0.07552083333333333 0.03203125
0 0.19739583333333333 0.490625 0.078125 0.03203125
0 0.15833333333333333 0.3404296875 0.041666666666666664 0.119921875
0 0.20416666666666666 0.33671875 0.04583333333333333 0.13203125
0 0.5057291666666667 0.48984375 0.06979166666666667 0.0328125
0 0.24140625 0.3478515625 0.022395833333333334 0.108984375
0 0.2786458333333333 0.34140625 0.05 0.11875
0 0.43020833333333336 0.4833984375 0.07291666666666667 0.044140625
0 0.1203125 0.3384765625 0.030208333333333334 0.118359375
