0 0.10845588235294118 0.3393075980392157 0.05514705882352941 0.07077205882352941
0 0.1664624183006536 0.3396139705882353 0.06331699346405228 0.07261029411764706
0 0.2890114379084967 0.3397671568627451 0.056781045751633986 0.06740196078431372
0 0.3457924836601307 0.33838848039215685 0.05514705882352941 0.0701593137254902
0 0.4021650326797386 0.33639705882352944 0.056781045751633986 0.0661764705882353
0 0.3402777777777778 0.29381127450980393 0.058823529411764705 0.018995098039215685
0 0.4646650326797386 0.3347120098039216 0.06331699346405228 0.06832107843137254
0 0.5277777777777778 0.3347120098039216 0.059640522875817 0.0664828431372549
0 0.5919117647058824 0.3353247549019608 0.058823529411764705 0.06954656862745098
0 0.6609477124183006 0.3318014705882353 0.06372549019607843 0.06678921568627451
0 0.7252859477124183 0.33118872549019607 0.06331699346405228 0.07230392156862746
0 0.7879901960784313 0.33348651960784315 0.059640522875817 0.06893382352941177
0 0.8537581699346405 0.32965686274509803 0.06535947712418301 0.07169117647058823
0 0.9170751633986928 0.3287377450980392 0.04820261437908497 0.06740196078431372
0 0.48366013071895425 0.7602634803921569 0.0857843137254902 0.05177696078431373
0 0.5757761437908496 0.7633272058823529 0.08455882352941177 0.047487745098039214
0 0.664828431372549 0.7601102941176471 0.09354575163398693 0.056372549019607844
0 0.044526143790849675 0.3394607843137255 0.06781045751633986 0.07230392156862746
0 0.9409722222222222 0.7567401960784313 0.09109477124183006 0.04963235294117647
0 0.9087009803921569 0.6810661764705882 0.056781045751633986 0.05024509803921569
0 0.8549836601307189 0.6776960784313726 0.049836601307189546 0.058823529411764705
0 0.29901960784313725 0.21338848039215685 0.04493464052287582 0.1014093137254902
0 0.24285130718954248 0.21645220588235295 0.04616013071895425 0.10386029411764706
0 0.18504901960784315 0.21691176470588236 0.05718954248366013 0.10232843137254902
0 0.13194444444444445 0.21507352941176472 0.041666666666666664 0.09865196078431372
0 0.0798611111111111 0.21798406862745098 0.05269607843137255 0.10018382352941177
0 0.023488562091503268 0.21798406862745098 0.04616013071895425 0.10202205882352941
0 0.16033496732026145 0.686734068627451 0.061683006535947715 0.06587009803921569
0 0.22426470588235295 0.6842830882352942 0.06372549019607843 0.06158088235294118
0 0.28145424836601307 0.6876531862745098 0.05228758169934641 0.05606617647058824
0 0.33394607843137253 0.6865808823529411 0.0494281045751634 0.05759803921568627
0 0.440359477124183 0.6786151960784313 0.05392156862745098 0.06311274509803921
0 0.49060457516339867 0.6806066176470589 0.04656862745098039 0.06464460784313726
0 0.5410539215686274 0.6824448529411765 0.05106209150326797 0.06096813725490196
0 0.5941584967320261 0.6798406862745098 0.05269607843137255 0.05759803921568627
0 0.6480800653594772 0.6801470588235294 0.0559640522875817 0.05759803921568627
0 0.7481617647058824 0.6806066176470589 0.05514705882352941 0.05912990196078431
0 0.8037173202614379 0.6807598039215687 0.05106209150326797 0.058823529411764705
0 0.7587826797385621 0.758578431372549 0.09272875816993464 0.0545343137254902
0 0.9603758169934641 0.3268995098039216 0.03758169934640523 0.06372549019607843
0 0.9609885620915033 0.42233455882352944 0.04779411764705882 0.0664828431372549
0 0.9142156862745098 0.4231004901960784 0.03676470588235294 0.061887254901960786
0 0.2201797385620915 0.5333946078431373 0.049019607843137254 0.0508578431372549
0 0.2708333333333333 0.5337009803921569 0.042483660130718956 0.04595588235294118
0 0.3131127450980392 0.5309436274509803 0.04370915032679738 0.04044117647058824
0 0.3574346405228758 0.5307904411764706 0.03594771241830065 0.03829656862745098
0 0.4074754901960784 0.5310968137254902 0.03880718954248366 0.03768382352941176
0 0.4507761437908497 0.5307904411764706 0.04616013071895425 0.03829656862745098
0 0.4991830065359477 0.5272671568627451 0.0457516339869281 0.03982843137254902
0 0.5379901960784313 0.5283394607843137 0.03758169934640523 0.043198529411764705
0 0.5802696078431373 0.5300245098039216 0.039624183006535946 0.03982843137254902
0 0.6198937908496732 0.5283394607843137 0.039624183006535946 0.03768382352941176
0 0.6633986928104575 0.5280330882352942 0.04003267973856209 0.03829656862745098
0 0.7062908496732027 0.5281862745098039 0.04330065359477124 0.04044117647058824
0 0.7489787581699346 0.5269607843137255 0.042075163398692814 0.0428921568627451
0 0.7947303921568627 0.5269607843137255 0.04370915032679738 0.0428921568627451
0 0.835171568627451 0.5281862745098039 0.03880718954248366 0.04044117647058824
0 0.9334150326797386 0.5231311274509803 0.04084967320261438 0.057291666666666664
0 0.9783496732026143 0.5166973039215687 0.04084967320261438 0.06341911764705882
0 0.17524509803921567 0.5321691176470589 0.041666666666666664 0.049019607843137254
0 0.13827614379084968 0.5275735294117647 0.03227124183006536 0.05759803921568627
0 0.1053921568627451 0.5261948529411765 0.03431372549019608 0.05545343137254902
0 0.06147875816993464 0.5284926470588235 0.03308823529411765 0.049019607843137254
0 0.8711192810457516 0.43443627450980393 0.04044117647058824 0.03676470588235294
0 0.8286356209150327 0.4352022058823529 0.04616013071895425 0.03768382352941176
0 0.7810457516339869 0.4365808823529412 0.03758169934640523 0.04044117647058824
0 0.7399918300653595 0.4339767156862745 0.04044117647058824 0.045649509803921566
0 0.6956699346405228 0.43504901960784315 0.035130718954248366 0.04350490196078431
0 0.6535947712418301 0.4348958333333333 0.03676470588235294 0.04258578431372549
0 0.6090686274509803 0.4345894607843137 0.04330065359477124 0.04197303921568627
0 0.5645424836601307 0.43933823529411764 0.031862745098039214 0.051470588235294115
0 0.35375816993464054 0.21216299019607843 0.05473856209150327 0.10079656862745098
0 0.4765114379084967 0.44316789215686275 0.04044117647058824 0.04381127450980392
0 0.3429330065359477 0.44424019607843135 0.04044117647058824 0.042279411764705885
0 0.30044934640522875 0.4410232843137255 0.042075163398692814 0.048100490196078434
0 0.25919117647058826 0.43964460784313725 0.03145424836601307 0.04350490196078431
0 0.21241830065359477 0.43964460784313725 0.0457516339869281 0.04779411764705882
0 0.17116013071895425 0.4417892156862745 0.035130718954248366 0.0508578431372549
0 0.12724673202614378 0.4417892156862745 0.04370915032679738 0.051470588235294115
0 0.08517156862745098 0.4401041666666667 0.03799019607843137 0.053002450980392156
0 0.025122549019607844 0.6202512254901961 0.046977124183006536 0.10202205882352941
0 0.38848039215686275 0.4407169117647059 0.042483660130718956 0.043198529411764705
0 0.4111519607843137 0.21277573529411764 0.054330065359477125 0.10018382352941177
0 0.22303921568627452 0.3397671568627451 0.04738562091503268 0.06740196078431372
0 0.5208333333333334 0.21216299019607843 0.05800653594771242 0.1014093137254902
0 0.6723856209150327 0.8393075980392157 0.05800653594771242 0.06525735294117647
0 0.7295751633986928 0.8385416666666666 0.05065359477124183 0.0625
0 0.7881944444444444 0.8342524509803921 0.06331699346405228 0.06985294117647059
0 0.8470179738562091 0.8331801470588235 0.051879084967320264 0.06770833333333333
0 0.9078839869281046 0.8318014705882353 0.0690359477124183 0.06433823529411764
0 0.9685457516339869 0.8307291666666666 0.05065359477124183 0.0628063725490196
0 0.9642565359477124 0.8892463235294118 0.05923202614379085 0.048100490196078434
0 0.9017565359477124 0.8936887254901961 0.05841503267973856 0.049019607843137254
0 0.6109068627450981 0.8417585784313726 0.05759803921568627 0.06341911764705882
0 0.8445669934640523 0.8924632352941176 0.05024509803921569 0.0508578431372549
0 0.02287581699346405 0.7484681372549019 0.04411764705882353 0.11764705882352941
0 0.0727124183006536 0.6067708333333334 0.03104575163398693 0.04258578431372549
0 0.10620915032679738 0.6043198529411765 0.03594771241830065 0.046875
0 0.1423611111111111 0.6040134803921569 0.03145424836601307 0.04258578431372549
0 0.18137254901960784 0.6047794117647058 0.03594771241830065 0.04534313725490196
0 0.3459967320261438 0.600796568627451 0.03758169934640523 0.04105392156862745
0 0.3895016339869281 0.6018688725490197 0.03308823529411765 0.047487745098039214
0 0.4679330065359477 0.5975796568627451 0.03799019607843137 0.03952205882352941
0 0.09456699346405228 0.6873468137254902 0.07066993464052287 0.06464460784313726
0 0.5520833333333334 0.8452818627450981 0.061683006535947715 0.06433823529411764
0 0.48651960784313725 0.8434436274509803 0.06045751633986928 0.06678921568627451
0 0.42810457516339867 0.8431372549019608 0.05800653594771242 0.06556372549019608
0 0.5819035947712419 0.06924019607843138 0.0494281045751634 0.11458333333333333
0 0.5212418300653595 0.07352941176470588 0.06454248366013073 0.10661764705882353
0 0.4650735294117647 0.07475490196078431 0.04616013071895425 0.10661764705882353
0 0.4097222222222222 0.07138480392156862 0.061274509803921566 0.1133578431372549
0 0.35518790849673204 0.0703125 0.04534313725490196 0.10998774509803921
0 0.29187091503267976 0.054074754901960786 0.05514705882352941 0.09221813725490197
0 0.23304738562091504 0.05499387254901961 0.056781045751633986 0.09221813725490197
0 0.17136437908496732 0.06862745098039216 0.0625 0.10784313725490197
0 0.1156045751633987 0.0706188725490196 0.04820261437908497 0.11182598039215687
0 0.05473856209150327 0.0744485294117647 0.0661764705882353 0.10845588235294118
0 0.39072712418300654 0.7633272058823529 0.09926470588235294 0.047487745098039214
0 0.2928921568627451 0.7677696078431373 0.09313725490196079 0.044730392156862746
0 0.19709967320261437 0.7679227941176471 0.09844771241830065 0.046262254901960786
0 0.09660947712418301 0.7679227941176471 0.08700980392156862 0.04258578431372549
0 0.12152777777777778 0.8509497549019608 0.06331699346405228 0.06587009803921569
0 0.19117647058823528 0.8431372549019608 0.051470588235294115 0.06066176470588235
0 0.2455065359477124 0.8426776960784313 0.049019607843137254 0.06525735294117647
0 0.309640522875817 0.8455882352941176 0.0661764705882353 0.05821078431372549
0 0.372140522875817 0.8400735294117647 0.05392156862745098 0.07107843137254902
0 0.5473856209150327 0.5981924019607843 0.04084967320261438 0.04258578431372549
0 0.4660947712418301 0.21461397058823528 0.049019607843137254 0.0977328431372549
0 0.8502859477124183 0.758578431372549 0.08946078431372549 0.05330882352941176
0 0.7518382352941176 0.0666360294117647 0.0625 0.10631127450980392
0 0.19240196078431374 0.9005821078431373 0.05392156862745098 0.050551470588235295
0 0.24734477124183007 0.9013480392156863 0.05514705882352941 0.0508578431372549
0 0.31209150326797386 0.9024203431372549 0.058823529411764705 0.0548406862745098
0 0.3727532679738562 0.9034926470588235 0.05269607843137255 0.052083333333333336
0 0.4266748366013072 0.9044117647058824 0.0559640522875817 0.05392156862745098
0 0.4848856209150327 0.9041053921568627 0.05800653594771242 0.05330882352941176
0 0.5469771241830066 0.9002757352941176 0.059640522875817 0.045649509803921566
0 0.6086601307189542 0.8998161764705882 0.04738562091503268 0.05024509803921569
0 0.667687908496732 0.8939950980392157 0.05514705882352941 0.044730392156862746
0 0.6744281045751634 0.5986519607843137 0.041666666666666664 0.037377450980392156
0 0.7183415032679739 0.5968137254901961 0.04370915032679738 0.03982843137254902
0 0.721609477124183 0.8943014705882353 0.05514705882352941 0.04411764705882353
0 0.8584558823529411 0.20940563725490197 0.05106209150326797 0.09589460784313726
0 0.9127859477124183 0.20726102941176472 0.05759803921568627 0.09895833333333333
0 0.7849264705882353 0.8959865196078431 0.05841503267973856 0.05361519607843137
0 0.6350081699346405 0.06341911764705882 0.05514705882352941 0.10232843137254902
0 0.6954656862745098 0.0666360294117647 0.05024509803921569 0.10692401960784313
0 0.5876225490196079 0.5997242647058824 0.039624183006535946 0.03768382352941176
0 0.8106617647058824 0.06939338235294118 0.05106209150326797 0.1014093137254902
0 0.8639705882352942 0.06801470588235294 0.05310457516339869 0.10355392156862746
0 0.9189133986928104 0.06878063725490197 0.051879084967320264 0.10508578431372549
0 0.12663398692810457 0.9105392156862745 0.06699346405228758 0.05575980392156863
0 0.9726307189542484 0.06770833333333333 0.05473856209150327 0.10294117647058823
0 0.9638480392156863 0.20664828431372548 0.04534313725490196 0.09589460784313726
0 0.6333741830065359 0.5986519607843137 0.03799019607843137 0.03799019607843137
0 0.5833333333333334 0.20909926470588236 0.051470588235294115 0.10018382352941177
0 0.7571486928104575 0.5975796568627451 0.034722222222222224 0.04197303921568627
0 0.6891339869281046 0.21262254901960784 0.041666666666666664 0.1017156862745098
0 0.7375408496732027 0.20833333333333334 0.05269607843137255 0.09803921568627451
0 0.8024918300653595 0.20588235294117646 0.05923202614379085 0.09375
0 0.6356209150326797 0.20787377450980393 0.04738562091503268 0.09650735294117647
0 0.8790849673202614 0.6015625 0.042483660130718956 0.053002450980392156
0 0.8374183006535948 0.5965073529411765 0.0392156862745098 0.03860294117647059
0 0.795751633986928 0.5998774509803921 0.03676470588235294 0.04044117647058824
0 0.9605800653594772 0.5994178921568627 0.04534313725490196 0.06403186274509803
