0 0.7767565359477124 0.5965073529411765 0.0690359477124183 0.03615196078431373
0 0.1875 0.39705882352941174 0.08415032679738563 0.0392156862745098
0 0.8901143790849673 0.32306985294117646 0.07679738562091504 0.035845588235294115
0 0.8106617647058824 0.32276348039215685 0.07965686274509803 0.036458333333333336
0 0.7279411764705882 0.3226102941176471 0.08333333333333333 0.03676470588235294
0 0.6611519607843137 0.32215073529411764 0.0494281045751634 0.03707107843137255
0 0.6621732026143791 0.2841605392156863 0.05555555555555555 0.03400735294117647
0 0.7228349673202614 0.2864583333333333 0.056781045751633986 0.03370098039215686
0 0.8061683006535948 0.28278186274509803 0.08782679738562091 0.03982843137254902
0 0.8878676470588235 0.28370098039215685 0.07475490196078431 0.0392156862745098
0 0.9636437908496732 0.28308823529411764 0.07434640522875817 0.04044117647058824
0 0.19464869281045752 0.2818627450980392 0.06740196078431372 0.03799019607843137
0 0.2716503267973856 0.2841605392156863 0.08169934640522876 0.040747549019607844
0 0.3574346405228758 0.28232230392156865 0.08333333333333333 0.0389093137254902
0 0.4348447712418301 0.2850796568627451 0.06495098039215687 0.033394607843137254
0 0.4362745098039216 0.3252144607843137 0.0784313725490196 0.03400735294117647
0 0.35661764705882354 0.32337622549019607 0.08088235294117647 0.03768382352941176
0 0.27369281045751637 0.3236825980392157 0.08006535947712418 0.03707107843137255
0 0.18770424836601307 0.3226102941176471 0.08455882352941177 0.03860294117647059
0 0.09844771241830065 0.3242953431372549 0.0923202614379085 0.0389093137254902
0 0.025735294117647058 0.32276348039215685 0.051470588235294115 0.04197303921568627
0 0.0247140522875817 0.2821691176470588 0.0494281045751634 0.03860294117647059
0 0.9709967320261438 0.20833333333333334 0.059640522875817 0.042279411764705885
0 0.9699754901960784 0.1634497549019608 0.056781045751633986 0.04381127450980392
0 0.6501225490196079 0.20756740196078433 0.08700980392156862 0.03768382352941176
0 0.9644607843137255 0.32138480392156865 0.07107843137254902 0.03370098039215686
0 0.7342728758169934 0.20818014705882354 0.08047385620915033 0.0389093137254902
0 0.10457516339869281 0.3952205882352941 0.0727124183006536 0.04105392156862745
0 0.43933823529411764 0.39537377450980393 0.07720588235294118 0.035845588235294115
0 0.3525326797385621 0.5405943627450981 0.07107843137254902 0.029105392156862746
0 0.4311683006535948 0.5369178921568627 0.0755718954248366 0.04136029411764706
0 0.42769607843137253 0.49754901960784315 0.08251633986928104 0.03553921568627451
0 0.34681372549019607 0.5027573529411765 0.0718954248366013 0.04044117647058824
0 0.2710375816993464 0.5039828431372549 0.07475490196078431 0.034926470588235295
0 0.19362745098039216 0.5050551470588235 0.07107843137254902 0.03829656862745098
0 0.11294934640522876 0.5061274509803921 0.0821078431372549 0.0392156862745098
0 0.03451797385620915 0.5050551470588235 0.06576797385620915 0.04258578431372549
0 0.5561683006535948 0.6205575980392157 0.15645424836601307 0.6994485294117647
0 0.8713235294117647 0.42386642156862747 0.06535947712418301 0.04993872549019608
0 0.9436274509803921 0.4224877450980392 0.07516339869281045 0.05269607843137255
0 0.9440359477124183 0.38082107843137253 0.06944444444444445 0.03125
0 0.8727532679738562 0.38265931372549017 0.0690359477124183 0.03002450980392157
0 0.7984068627450981 0.43213848039215685 0.07066993464052287 0.03400735294117647
0 0.7975898692810458 0.3932291666666667 0.07148692810457516 0.03952205882352941
0 0.7214052287581699 0.4319852941176471 0.0784313725490196 0.03431372549019608
0 0.7212009803921569 0.39537377450980393 0.0763888888888889 0.035845588235294115
0 0.031862745098039214 0.4362745098039216 0.06372549019607843 0.03982843137254902
0 0.11049836601307189 0.4371936274509804 0.07720588235294118 0.03615196078431373
0 0.1926062091503268 0.4371936274509804 0.0821078431372549 0.03370098039215686
0 0.27450980392156865 0.4368872549019608 0.08006535947712418 0.03799019607843137
0 0.3613153594771242 0.4348958333333333 0.0821078431372549 0.035845588235294115
0 0.440359477124183 0.4336703431372549 0.07516339869281045 0.03707107843137255
0 0.27328431372549017 0.39736519607843135 0.08333333333333333 0.03799019607843137
0 0.2743055555555556 0.5418198529411765 0.07312091503267974 0.0352328431372549
0 0.8159722222222222 0.20940563725490197 0.0821078431372549 0.036458333333333336
0 0.8960375816993464 0.16237745098039216 0.08129084967320262 0.044730392156862746
0 0.5808823529411765 0.08134191176470588 0.05473856209150327 0.014399509803921568
0 0.5827205882352942 0.09727328431372549 0.056781045751633986 0.013786764705882353
0 0.6464460784313726 0.029564950980392156 0.07475490196078431 0.016237745098039217
0 0.650531045751634 0.04656862745098039 0.068218954248366 0.014705882352941176
0 0.6501225490196079 0.0626531862745098 0.06413398692810457 0.015012254901960785
0 0.6517565359477124 0.08854166666666667 0.06576797385620915 0.03431372549019608
0 0.7177287581699346 0.05560661764705882 0.06290849673202614 0.01685049019607843
0 0.7236519607843137 0.08915441176470588 0.06740196078431372 0.032475490196078434
0 0.7924836601307189 0.09451593137254902 0.06454248366013073 0.021139705882352942
0 0.7945261437908496 0.07460171568627451 0.06454248366013073 0.018075980392156864
0 0.7965686274509803 0.05713848039215686 0.06944444444444445 0.015012254901960785
0 0.7890114379084967 0.040747549019607844 0.068218954248366 0.015318627450980392
0 0.8980800653594772 0.04044117647058824 0.08537581699346405 0.04840686274509804
0 0.8960375816993464 0.08517156862745098 0.08047385620915033 0.03982843137254902
0 0.9677287581699346 0.08700980392156862 0.06290849673202614 0.041666666666666664
0 0.9707924836601307 0.04243259803921569 0.056781045751633986 0.04197303921568627
0 0.0835375816993464 0.16069240196078433 0.0951797385620915 0.04381127450980392
0 0.08333333333333333 0.203125 0.0915032679738562 0.03982843137254902
0 0.17401960784313725 0.15946691176470587 0.08169934640522876 0.04381127450980392
0 0.26000816993464054 0.16099877450980393 0.08537581699346405 0.04197303921568627
0 0.34987745098039214 0.16130514705882354 0.08537581699346405 0.04503676470588235
0 0.43586601307189543 0.16176470588235295 0.08006535947712418 0.042279411764705885
0 0.5149101307189542 0.16099877450980393 0.07720588235294118 0.04197303921568627
0 0.5866013071895425 0.06587009803921569 0.059640522875817 0.015931372549019607
0 0.8968545751633987 0.20603553921568626 0.07883986928104575 0.04258578431372549
0 0.5874183006535948 0.049479166666666664 0.05392156862745098 0.015625
0 0.5149101307189542 0.06449142156862746 0.08129084967320262 0.015625
0 0.8135212418300654 0.16835171568627452 0.07802287581699346 0.04013480392156863
0 0.7316176470588235 0.16727941176470587 0.07924836601307189 0.03982843137254902
0 0.6482843137254902 0.16559436274509803 0.08169934640522876 0.04258578431372549
0 0.5796568627450981 0.20542279411764705 0.04493464052287582 0.04442401960784314
0 0.5808823529411765 0.16130514705882354 0.04738562091503268 0.04258578431372549
0 0.17585784313725492 0.2035845588235294 0.08946078431372549 0.043198529411764705
0 0.26572712418300654 0.20542279411764705 0.08700980392156862 0.04197303921568627
0 0.35130718954248363 0.20649509803921567 0.08088235294117647 0.04105392156862745
0 0.07005718954248366 0.02696078431372549 0.09354575163398693 0.04595588235294118
0 0.1627859477124183 0.02971813725490196 0.08455882352941177 0.04044117647058824
0 0.2555147058823529 0.03002450980392157 0.09027777777777778 0.049019607843137254
0 0.349468954248366 0.03308823529411765 0.08455882352941177 0.041666666666666664
0 0.3492647058823529 0.0778186274509804 0.08496732026143791 0.04350490196078431
0 0.2622549019607843 0.07766544117647059 0.08986928104575163 0.04136029411764706
0 0.17258986928104575 0.07460171568627451 0.08619281045751634 0.04136029411764706
0 0.0755718954248366 0.07460171568627451 0.10049019607843138 0.04197303921568627
0 0.434640522875817 0.032475490196078434 0.08251633986928104 0.016544117647058824
0 0.43443627450980393 0.049019607843137254 0.07965686274509803 0.014705882352941176
0 0.4323937908496732 0.06433823529411764 0.07802287581699346 0.015318627450980392
0 0.4340277777777778 0.07889093137254902 0.07720588235294118 0.011948529411764705
0 0.43218954248366015 0.0934436274509804 0.07761437908496732 0.014093137254901961
0 0.5116421568627451 0.0935968137254902 0.07802287581699346 0.012561274509803922
0 0.5126633986928104 0.07889093137254902 0.07434640522875817 0.015012254901960785
0 0.516748366013072 0.04825367647058824 0.08088235294117647 0.013174019607843137
0 0.5165441176470589 0.20450367647058823 0.07720588235294118 0.04258578431372549
0 0.19873366013071894 0.5448835784313726 0.07720588235294118 0.029105392156862746
0 0.03799019607843137 0.5462622549019608 0.07516339869281045 0.03125
0 0.6987336601307189 0.8653492647058824 0.06740196078431372 0.02420343137254902
0 0.4187091503267974 0.9319852941176471 0.06454248366013073 0.02267156862745098
0 0.35110294117647056 0.9336703431372549 0.0625 0.021139705882352942
0 0.3515114379084967 0.9056372549019608 0.05923202614379085 0.024509803921568627
0 0.4201388888888889 0.905484068627451 0.0690359477124183 0.021139705882352942
0 0.42401960784313725 0.8782169117647058 0.06454248366013073 0.02849264705882353
0 0.3539624183006536 0.875765931372549 0.068218954248366 0.021139705882352942
0 0.19076797385620914 0.9417892156862745 0.0784313725490196 0.026348039215686275
0 0.27267156862745096 0.9390318627450981 0.07965686274509803 0.026348039215686275
0 0.2771650326797386 0.9090073529411765 0.07965686274509803 0.03125
0 0.19076797385620914 0.9108455882352942 0.08333333333333333 0.026348039215686275
0 0.1096813725490196 0.9442401960784313 0.07883986928104575 0.028186274509803922
0 0.03370098039215686 0.9425551470588235 0.06413398692810457 0.027879901960784315
0 0.03451797385620915 0.9123774509803921 0.06576797385620915 0.029411764705882353
0 0.05821078431372549 0.8360906862745098 0.07393790849673203 0.028186274509803922
0 0.1329656862745098 0.8325674019607843 0.0755718954248366 0.029105392156862746
0 0.21037581699346405 0.8285845588235294 0.0718954248366013 0.03155637254901961
0 0.28451797385620914 0.8307291666666666 0.07393790849673203 0.02542892156862745
0 0.36070261437908496 0.8264399509803921 0.0727124183006536 0.0272671568627451
0 0.42197712418300654 0.8236825980392157 0.04003267973856209 0.030330882352941176
0 0.4221813725490196 0.7945772058823529 0.039624183006535946 0.02297794117647059
0 0.36213235294117646 0.7933517156862745 0.07393790849673203 0.02849264705882353
0 0.2863562091503268 0.797640931372549 0.0661764705882353 0.03278186274509804
0 0.7712418300653595 0.8647365196078431 0.0727124183006536 0.02542892156862745
0 0.2113970588235294 0.797640931372549 0.07393790849673203 0.029105392156862746
0 0.7030228758169934 0.7824754901960784 0.06535947712418301 0.03125
0 0.8376225490196079 0.7719056372549019 0.061683006535947715 0.021139705882352942
0 0.8400735294117647 0.9220281862745098 0.056781045751633986 0.015012254901960785
0 0.8988970588235294 0.9151348039215687 0.0494281045751634 0.018995098039215685
0 0.9599673202614379 0.9123774509803921 0.06045751633986928 0.018995098039215685
0 0.9585375816993464 0.8953737745098039 0.05514705882352941 0.014399509803921568
0 0.8970588235294118 0.8941482843137255 0.04738562091503268 0.01991421568627451
0 0.8412990196078431 0.9024203431372549 0.05841503267973856 0.018075980392156864
0 0.7702205882352942 0.9186580882352942 0.07393790849673203 0.02542892156862745
0 0.7003676470588235 0.9191176470588235 0.06413398692810457 0.024509803921568627
0 0.7734885620915033 0.8903186274509803 0.06985294117647059 0.025735294117647058
0 0.6997549019607843 0.8932291666666666 0.0661764705882353 0.029105392156862746
0 0.8433415032679739 0.8789828431372549 0.0559640522875817 0.024509803921568627
0 0.9007352941176471 0.8737745098039216 0.05310457516339869 0.017769607843137254
0 0.9618055555555556 0.8725490196078431 0.06413398692810457 0.025122549019607844
0 0.9605800653594772 0.8518688725490197 0.06331699346405228 0.016237745098039217
0 0.8960375816993464 0.8538602941176471 0.0559640522875817 0.01715686274509804
0 0.8359885620915033 0.8573835784313726 0.054330065359477125 0.019301470588235295
0 0.7038398692810458 0.8118872549019608 0.0661764705882353 0.025122549019607844
0 0.7730800653594772 0.8111213235294118 0.06740196078431372 0.029105392156862746
0 0.8415032679738562 0.8059129901960784 0.059640522875817 0.040747549019607844
0 0.9044117647058824 0.8040747549019608 0.059640522875817 0.0389093137254902
0 0.9671160130718954 0.8045343137254902 0.06413398692810457 0.02696078431372549
0 0.9685457516339869 0.7745098039215687 0.05718954248366013 0.03125
0 0.9052287581699346 0.7711397058823529 0.06372549019607843 0.020833333333333332
0 0.7732843137254902 0.7803308823529411 0.0661764705882353 0.032475490196078434
0 0.11907679738562091 0.5454963235294118 0.07475490196078431 0.03462009803921569
0 0.13255718954248366 0.7991727941176471 0.07475490196078431 0.03216911764705882
0 0.7064950980392157 0.7242647058823529 0.0690359477124183 0.027573529411764705
0 0.8459967320261438 0.5840992647058824 0.06372549019607843 0.022365196078431373
0 0.707312091503268 0.5971200980392157 0.068218954248366 0.03676470588235294
0 0.03594771241830065 0.6461397058823529 0.0718954248366013 0.03125
0 0.10988562091503268 0.6447610294117647 0.07107843137254902 0.033394607843137254
0 0.18443627450980393 0.6420036764705882 0.07312091503267974 0.03400735294117647
0 0.2624591503267974 0.6423100490196079 0.0755718954248366 0.03155637254901961
0 0.34211601307189543 0.6381740196078431 0.07393790849673203 0.030637254901960783
0 0.4199346405228758 0.6387867647058824 0.0661764705882353 0.029411764705882353
0 0.4195261437908497 0.6032475490196079 0.0661764705882353 0.030637254901960783
0 0.34211601307189543 0.6027879901960784 0.07720588235294118 0.03278186274509804
0 0.9107434640522876 0.5840992647058824 0.06413398692810457 0.02297794117647059
0 0.2604166666666667 0.6050857843137255 0.0755718954248366 0.034926470588235295
0 0.1053921568627451 0.6075367647058824 0.07761437908496732 0.03553921568627451
0 0.034109477124183 0.6064644607843137 0.06495098039215687 0.0352328431372549
0 0.715890522875817 0.5355392156862745 0.07066993464052287 0.03125
0 0.7859477124183006 0.5366115196078431 0.07026143790849673 0.030330882352941176
0 0.8602941176470589 0.5289522058823529 0.06535947712418301 0.04197303921568627
0 0.9264705882352942 0.5277267156862745 0.0661764705882353 0.04197303921568627
0 0.9268790849673203 0.4878982843137255 0.06372549019607843 0.02971813725490196
0 0.860702614379085 0.4895833333333333 0.06454248366013073 0.027573529411764705
0 0.7863562091503268 0.5010723039215687 0.07026143790849673 0.03278186274509804
0 0.7132352941176471 0.4990808823529412 0.0718954248366013 0.03615196078431373
0 0.1854575163398693 0.6058517156862745 0.07598039215686274 0.03400735294117647
0 0.05575980392156863 0.8036151960784313 0.0755718954248366 0.027573529411764705
0 0.9709967320261438 0.5935968137254902 0.04820261437908497 0.033394607843137254
0 0.9142156862745098 0.6199448529411765 0.05473856209150327 0.045649509803921566
0 0.772671568627451 0.7233455882352942 0.06495098039215687 0.027573529411764705
0 0.8412990196078431 0.7159926470588235 0.07148692810457516 0.04105392156862745
0 0.9068627450980392 0.7146139705882353 0.058823529411764705 0.03707107843137255
0 0.9699754901960784 0.7162990196078431 0.05841503267973856 0.03125
0 0.9728349673202614 0.6842830882352942 0.05514705882352941 0.029105392156862746
0 0.9123774509803921 0.6821384803921569 0.06413398692810457 0.021139705882352942
0 0.8425245098039216 0.6816789215686274 0.06740196078431372 0.020833333333333332
0 0.778390522875817 0.6910232843137255 0.061683006535947715 0.03278186274509804
0 0.707312091503268 0.6922487745098039 0.07066993464052287 0.03400735294117647
0 0.035130718954248366 0.7412683823529411 0.07026143790849673 0.0352328431372549
0 0.11029411764705882 0.7398897058823529 0.07434640522875817 0.032475490196078434
0 0.9722222222222222 0.6282169117647058 0.05392156862745098 0.03278186274509804
0 0.19281045751633988 0.7352941176470589 0.07761437908496732 0.03125
0 0.35866013071895425 0.7340686274509803 0.08088235294117647 0.03125
0 0.43423202614379086 0.7322303921568627 0.06454248366013073 0.02696078431372549
0 0.3562091503267974 0.6977634803921569 0.09068627450980392 0.03462009803921569
0 0.26838235294117646 0.7017463235294118 0.07679738562091504 0.033394607843137254
0 0.18321078431372548 0.7018995098039216 0.08619281045751634 0.031862745098039214
0 0.10273692810457516 0.7054227941176471 0.0690359477124183 0.03400735294117647
0 0.03022875816993464 0.7071078431372549 0.06045751633986928 0.03125
0 0.7026143790849673 0.6329656862745098 0.06862745098039216 0.03125
0 0.7767565359477124 0.6305147058823529 0.07475490196078431 0.03002450980392157
0 0.8480392156862745 0.6245404411764706 0.06454248366013073 0.04442401960784314
0 0.27389705882352944 0.7337622549019608 0.08129084967320262 0.030637254901960783
0 0.43566176470588236 0.20526960784313725 0.08455882352941177 0.03982843137254902
