0 0.755859375 0.5015869140625 0.10112847222222222 0.062744140625
0 0.3016493055555556 0.818359375 0.10590277777777778 0.0654296875
0 0.20052083333333334 0.827392578125 0.0954861111111111 0.083984375
0 0.1056857638888889 0.8299560546875 0.09678819444444445 0.079833984375
0 0.9166666666666666 0.701171875 0.035590277777777776 0.03515625
0 0.9288194444444444 0.6683349609375 0.043402777777777776 0.031494140625
0 0.8569878472222222 0.7034912109375 0.0759548611111111 0.032958984375
0 0.8569878472222222 0.671630859375 0.07508680555555555 0.02880859375
0 0.7797309027777778 0.7066650390625 0.06380208333333333 0.037353515625
0 0.7816840277777778 0.6724853515625 0.059027777777777776 0.030517578125
0 0.7016059027777778 0.7119140625 0.08463541666666667 0.041015625
0 0.7042100694444444 0.6754150390625 0.07942708333333333 0.031982421875
0 0.615234375 0.6759033203125 0.0724826388888889 0.028564453125
0 0.2879774305555556 0.734619140625 0.1150173611111111 0.03564453125
0 0.4084201388888889 0.727294921875 0.1076388888888889 0.03466796875
0 0.5262586805555556 0.720703125 0.08897569444444445 0.03759765625
0 0.5238715277777778 0.6832275390625 0.09375 0.033447265625
0 0.2185329861111111 0.0810546875 0.19053819444444445 0.09765625
0 0.3728298611111111 0.11083984375 0.109375 0.0625
0 0.6037326388888888 0.1270751953125 0.1640625 0.082763671875
0 0.7743055555555556 0.154296875 0.1701388888888889 0.06884765625
0 0.9246961805555556 0.173095703125 0.12890625 0.06884765625
0 0.8532986111111112 0.5025634765625 0.0920138888888889 0.059326171875
0 0.6128472222222222 0.242919921875 0.09635416666666667 0.03857421875
0 0.4027777777777778 0.8095703125 0.09635416666666667 0.08251953125
0 0.5848524305555556 0.799072265625 0.08897569444444445 0.07177734375
0 0.6480034722222222 0.8956298828125 0.0685763888888889 0.038818359375
0 0.9615885416666666 0.6070556640625 0.0759548611111111 0.039794921875
0 0.5668402777777778 0.908447265625 0.06770833333333333 0.0380859375
0 0.4722222222222222 0.9188232421875 0.07552083333333333 0.038330078125
0 0.4045138888888889 0.9193115234375 0.059027777777777776 0.035888671875
0 0.5705295138888888 0.8736572265625 0.08463541666666667 0.026123046875
0 0.4921875 0.882080078125 0.07118055555555555 0.03173828125
0 0.41796875 0.88720703125 0.07725694444444445 0.02197265625
0 0.3352864583333333 0.9183349609375 0.07161458333333333 0.023681640625
0 0.2510850694444444 0.9287109375 0.07421875 0.02490234375
0 0.1684027777777778 0.9412841796875 0.0798611111111111 0.032470703125
0 0.08268229166666667 0.947509765625 0.0881076388888889 0.02099609375
0 0.2530381944444444 0.9027099609375 0.09461805555555555 0.021240234375
0 0.1636284722222222 0.908935546875 0.08246527777777778 0.029296875
0 0.08289930555555555 0.9151611328125 0.0798611111111111 0.034423828125
0 0.9672309027777778 0.7833251953125 0.06727430555555555 0.034423828125
0 0.9611545138888888 0.75048828125 0.07942708333333333 0.02392578125
0 0.8739149305555556 0.7911376953125 0.08723958333333333 0.040771484375
0 0.8726128472222222 0.756591796875 0.08550347222222222 0.0224609375
0 0.7788628472222222 0.7982177734375 0.09765625 0.041259765625
0 0.7816840277777778 0.7637939453125 0.09114583333333333 0.027587890625
0 0.6805555555555556 0.805908203125 0.09461805555555555 0.03857421875
0 0.6814236111111112 0.77197265625 0.09027777777777778 0.0302734375
0 0.4950086805555556 0.8016357421875 0.08897569444444445 0.066650390625
0 0.6848958333333334 0.284912109375 0.08159722222222222 0.0400390625
0 0.6124131944444444 0.7103271484375 0.0798611111111111 0.039794921875
0 0.8763020833333334 0.25830078125 0.08072916666666667 0.03857421875
0 0.4069010416666667 0.6878662109375 0.11241319444444445 0.037353515625
0 0.2877604166666667 0.6964111328125 0.10677083333333333 0.034912109375
0 0.8578559027777778 0.6102294921875 0.10112847222222222 0.040771484375
0 0.7738715277777778 0.609619140625 0.06336805555555555 0.04052734375
0 0.7827690972222222 0.2486572265625 0.08984375 0.043212890625
0 0.6328125 0.613525390625 0.07118055555555555 0.04150390625
0 0.8680555555555556 0.5701904296875 0.09722222222222222 0.036376953125
0 0.783203125 0.57177734375 0.07421875 0.03369140625
0 0.7139756944444444 0.572265625 0.06163194444444445 0.03515625
0 0.6373697916666666 0.57275390625 0.09244791666666667 0.0400390625
0 0.5028211805555556 0.6197509765625 0.10026041666666667 0.040283203125
0 0.4053819444444444 0.62109375 0.0954861111111111 0.0380859375
0 0.2918836805555556 0.6221923828125 0.09071180555555555 0.040283203125
0 0.2013888888888889 0.6258544921875 0.08506944444444445 0.048583984375
0 0.12890625 0.627197265625 0.058159722222222224 0.0458984375
0 0.5110677083333334 0.578857421875 0.0881076388888889 0.03955078125
0 0.412109375 0.58056640625 0.10286458333333333 0.03955078125
0 0.2996961805555556 0.5775146484375 0.08116319444444445 0.045166015625
0 0.21223958333333334 0.578369140625 0.09461805555555555 0.044921875
0 0.13368055555555555 0.580322265625 0.06336805555555555 0.0390625
0 0.9555121527777778 0.504150390625 0.09244791666666667 0.05859375
0 0.9739583333333334 0.4119873046875 0.052083333333333336 0.041748046875
0 0.18294270833333334 0.4468994140625 0.1540798611111111 0.056884765625
0 0.14713541666666666 0.4942626953125 0.1597222222222222 0.035400390625
0 0.33203125 0.4990234375 0.20225694444444445 0.0439453125
0 0.8940972222222222 0.408935546875 0.09461805555555555 0.0380859375
0 0.7942708333333334 0.4068603515625 0.0920138888888889 0.043212890625
0 0.7029079861111112 0.6119384765625 0.0724826388888889 0.044677734375
0 0.5434027777777778 0.3555908203125 0.09635416666666667 0.048095703125
0 0.9539930555555556 0.268310546875 0.06510416666666667 0.03662109375
0 0.7723524305555556 0.292724609375 0.08897569444444445 0.03955078125
0 0.8591579861111112 0.2984619140625 0.07942708333333333 0.034423828125
0 0.9357638888888888 0.305908203125 0.06597222222222222 0.0361328125
0 0.1447482638888889 0.3309326171875 0.10199652777777778 0.052001953125
0 0.2552083333333333 0.336669921875 0.1111111111111111 0.04443359375
0 0.4207899305555556 0.34814453125 0.07942708333333333 0.0380859375
0 0.6369357638888888 0.359619140625 0.08463541666666667 0.0390625
0 0.7161458333333334 0.363525390625 0.06597222222222222 0.0390625
0 0.8244357638888888 0.354736328125 0.11588541666666667 0.021484375
0 0.8125 0.3734130859375 0.0920138888888889 0.017333984375
0 0.9696180555555556 0.3662109375 0.06336805555555555 0.046875
0 0.240234375 0.379638671875 0.10112847222222222 0.0390625
0 0.14149305555555555 0.3785400390625 0.0954861111111111 0.041259765625
0 0.4353298611111111 0.390380859375 0.09635416666666667 0.0380859375
0 0.5353732638888888 0.3988037109375 0.0802951388888889 0.036376953125
0 0.6187065972222222 0.4005126953125 0.08723958333333333 0.033935546875
0 0.703125 0.4027099609375 0.08072916666666667 0.039306640625
0 0.3422309027777778 0.3873291015625 0.08897569444444445 0.043212890625
