0 0.6608796296296297 0.7713758680555556 0.04938271604938271 0.07183159722222222
0 0.6149691358024691 0.7785373263888888 0.03935185185185185 0.060112847222222224
0 0.705054012345679 0.7669270833333334 0.02816358024691358 0.05555555555555555
0 0.5106095679012346 0.7766927083333334 0.03819444444444445 0.04774305555555555
0 0.7374614197530864 0.7666015625 0.027391975308641976 0.054036458333333336
0 0.47183641975308643 0.7930772569444444 0.03009259259259259 0.04014756944444445
0 0.4373070987654321 0.7973090277777778 0.03896604938271605 0.029079861111111112
0 0.39718364197530864 0.7879774305555556 0.02353395061728395 0.043402777777777776
0 0.36882716049382713 0.7917751736111112 0.02854938271604938 0.035807291666666664
0 0.33468364197530864 0.7775607638888888 0.028935185185185185 0.062065972222222224
0 0.29378858024691357 0.7901475694444444 0.028935185185185185 0.0390625
0 0.2619598765432099 0.7826605902777778 0.026234567901234566 0.04709201388888889
0 0.2326388888888889 0.7834201388888888 0.029320987654320986 0.036458333333333336
0 0.5617283950617284 0.7693142361111112 0.05478395061728395 0.059895833333333336
0 0.783179012345679 0.7686631944444444 0.04938271604938271 0.0681423611111111
0 0.7349537037037037 0.3207465277777778 0.034722222222222224 0.021267361111111112
0 0.8356481481481481 0.7723524305555556 0.04861111111111111 0.014756944444444444
0 0.7797067901234568 0.3186848958333333 0.034722222222222224 0.021050347222222224
0 0.8159722222222222 0.3205295138888889 0.033950617283950615 0.014756944444444444
0 0.8204089506172839 0.3051215277777778 0.02199074074074074 0.009114583333333334
0 0.8516589506172839 0.3042534722222222 0.02353395061728395 0.010850694444444444
0 0.8516589506172839 0.3217230902777778 0.027391975308641976 0.014973958333333334
0 0.8979552469135802 0.3121744791666667 0.03819444444444445 0.020182291666666668
0 0.8605324074074074 0.2455512152777778 0.03742283950617284 0.013671875
0 0.8161651234567902 0.2294921875 0.03819444444444445 0.04318576388888889
0 0.7658179012345679 0.23111979166666666 0.0470679012345679 0.04470486111111111
0 0.7150848765432098 0.2309027777777778 0.03973765432098766 0.049479166666666664
0 0.6626157407407407 0.2306857638888889 0.04513888888888889 0.04774305555555555
0 0.6086033950617284 0.2275390625 0.0466820987654321 0.056206597222222224
0 0.5489969135802469 0.23079427083333334 0.05401234567901234 0.04969618055555555
0 0.4809027777777778 0.22840711805555555 0.04822530864197531 0.050130208333333336
0 0.4174382716049383 0.2306857638888889 0.047839506172839504 0.04774305555555555
0 0.3643904320987654 0.22721354166666666 0.04359567901234568 0.0546875
0 0.30960648148148145 0.23046875 0.04050925925925926 0.057291666666666664
0 0.2550154320987654 0.23524305555555555 0.04938271604938271 0.043402777777777776
0 0.9469521604938271 0.7600911458333334 0.055169753086419755 0.07139756944444445
0 0.8888888888888888 0.7635633680555556 0.04861111111111111 0.0740017361111111
0 0.8335262345679012 0.7918836805555556 0.04050925925925926 0.01953125
0 0.8366126543209876 0.7506510416666666 0.0466820987654321 0.023871527777777776
0 0.6994598765432098 0.3213975694444444 0.02854938271604938 0.015625
0 0.1388888888888889 0.2312282986111111 0.06172839506172839 0.051432291666666664
0 0.04089506172839506 0.5533854166666666 0.04089506172839506 0.028645833333333332
0 0.19753086419753085 0.7873263888888888 0.032407407407407406 0.04470486111111111
0 0.16550925925925927 0.7852647569444444 0.033179012345679014 0.04665798611111111
0 0.6711033950617284 0.6620008680555556 0.04128086419753087 0.07269965277777778
0 0.11786265432098765 0.7864583333333334 0.03973765432098766 0.044270833333333336
0 0.0470679012345679 0.6687282986111112 0.037037037037037035 0.029730902777777776
0 0.049575617283950615 0.6981336805555556 0.045910493827160496 0.021267361111111112
0 0.6238425925925926 0.6644965277777778 0.044753086419753084 0.06987847222222222
0 0.01253858024691358 0.7022569444444444 0.02507716049382716 0.013020833333333334
0 0.11979166666666667 0.6815321180555556 0.03587962962962963 0.06141493055555555
0 0.16300154320987653 0.6758897569444444 0.04436728395061729 0.0700954861111111
0 0.21006944444444445 0.6726345486111112 0.04128086419753087 0.06532118055555555
0 0.2517361111111111 0.6765407986111112 0.02662037037037037 0.05967881944444445
0 0.28684413580246915 0.6744791666666666 0.03510802469135803 0.06380208333333333
0 0.6560570987654321 0.3234592013888889 0.027391975308641976 0.018012152777777776
0 0.012152777777777778 0.6797960069444444 0.024305555555555556 0.025824652777777776
0 0.5740740740740741 0.6680772569444444 0.043209876543209874 0.06532118055555555
0 0.5283564814814815 0.6463758680555556 0.04128086419753087 0.021484375
0 0.20023148148148148 0.2341579861111111 0.05015432098765432 0.04991319444444445
0 0.25848765432098764 0.4855685763888889 0.05246913580246913 0.07703993055555555
0 0.2017746913580247 0.4852430555555556 0.05324074074074074 0.08246527777777778
0 0.14641203703703703 0.4854600694444444 0.052083333333333336 0.07942708333333333
0 0.09220679012345678 0.4907769097222222 0.05015432098765432 0.07573784722222222
0 0.024691358024691357 0.4339192708333333 0.04938271604938271 0.033637152777777776
0 0.027777777777777776 0.4662543402777778 0.05555555555555555 0.030598958333333332
0 0.6649305555555556 0.5694444444444444 0.03742283950617284 0.06076388888888889
0 0.016396604938271605 0.6176215277777778 0.03279320987654321 0.01953125
0 0.059027777777777776 0.6183810763888888 0.04089506172839506 0.022352430555555556
0 0.1097608024691358 0.5756293402777778 0.03973765432098766 0.027560763888888888
0 0.11651234567901235 0.6043836805555556 0.04552469135802469 0.025173611111111112
0 0.16878858024691357 0.5984157986111112 0.04976851851851852 0.031901041666666664
0 0.22550154320987653 0.5858289930555556 0.04359567901234568 0.06228298611111111
0 0.5270061728395061 0.6917317708333334 0.034722222222222224 0.018012152777777776
0 0.5260416666666666 0.6681857638888888 0.04050925925925926 0.019097222222222224
0 0.6597222222222222 0.302734375 0.023148148148148147 0.016059027777777776
0 0.32253086419753085 0.5170355902777778 0.05401234567901234 0.014105902777777778
0 0.6174768518518519 0.3171657986111111 0.02816358024691358 0.008029513888888888
0 0.5783179012345679 0.3224826388888889 0.031635802469135804 0.017795138888888888
0 0.3323688271604938 0.666015625 0.03279320987654321 0.06944444444444445
0 0.3643904320987654 0.6646050347222222 0.027391975308641976 0.06966145833333333
0 0.39911265432098764 0.6794704861111112 0.024305555555555556 0.03689236111111111
0 0.4376929012345679 0.6689453125 0.047453703703703706 0.0705295138888889
0 0.7800925925925926 0.5700954861111112 0.02700617283950617 0.0546875
0 0.7407407407407407 0.5684678819444444 0.03009259259259259 0.057942708333333336
0 0.32330246913580246 0.3110894097222222 0.03935185185185185 0.047526041666666664
0 0.27044753086419754 0.5822482638888888 0.03935185185185185 0.04861111111111111
0 0.36516203703703703 0.5802951388888888 0.03742283950617284 0.048177083333333336
0 0.4104938271604938 0.5787760416666666 0.033950617283950615 0.04904513888888889
0 0.46412037037037035 0.5710720486111112 0.043209876543209874 0.0666232638888889
0 0.5129243827160493 0.5721571180555556 0.047453703703703706 0.06228298611111111
0 0.5638503086419753 0.5782335069444444 0.04282407407407408 0.068359375
0 0.6149691358024691 0.57421875 0.043209876543209874 0.06944444444444445
0 0.31925154320987653 0.5848524305555556 0.047453703703703706 0.062065972222222224
0 0.36246141975308643 0.3100043402777778 0.027391975308641976 0.044921875
0 0.39351851851851855 0.3092447916666667 0.02854938271604938 0.046440972222222224
0 0.43171296296296297 0.3125 0.035493827160493825 0.049479166666666664
0 0.5613425925925926 0.3038194444444444 0.02546296296296296 0.016059027777777776
0 0.5393518518518519 0.3243272569444444 0.02700617283950617 0.016276041666666668
0 0.7199074074074074 0.6642795138888888 0.04552469135802469 0.07291666666666667
0 0.7644675925925926 0.6602647569444444 0.03665123456790124 0.076171875
0 0.8130787037037037 0.6612413194444444 0.052083333333333336 0.07421875
0 0.8688271604938271 0.6599392361111112 0.04938271604938271 0.06987847222222222
0 0.966820987654321 0.6564670138888888 0.05401234567901234 0.05164930555555555
0 0.9870756172839507 0.5698784722222222 0.02507716049382716 0.034722222222222224
0 0.9330632716049383 0.57421875 0.047453703703703706 0.046440972222222224
0 0.8865740740740741 0.5723741319444444 0.032407407407407406 0.07096354166666667
0 0.8495370370370371 0.5730251736111112 0.031635802469135804 0.06966145833333333
0 0.8128858024691358 0.5674913194444444 0.031635802469135804 0.059895833333333336
0 0.5036651234567902 0.3228081597222222 0.024305555555555556 0.017144097222222224
0 0.46662808641975306 0.3243272569444444 0.02816358024691358 0.014105902777777778
0 0.48823302469135804 0.3081597222222222 0.030478395061728395 0.014322916666666666
0 0.6188271604938271 0.3298611111111111 0.02700617283950617 0.0078125
0 0.32195216049382713 0.4994574652777778 0.056712962962962965 0.014973958333333334
0 0.7064043209876543 0.5680338541666666 0.030864197530864196 0.060980902777777776
0 0.3784722222222222 0.4875217013888889 0.043209876543209874 0.07096354166666667
0 0.20582561728395063 0.3082682291666667 0.03279320987654321 0.057942708333333336
0 0.24266975308641975 0.3127170138888889 0.032407407407407406 0.04904513888888889
0 0.2787422839506173 0.3096788194444444 0.03587962962962963 0.048177083333333336
0 0.6927083333333334 0.06304253472222222 0.052083333333333336 0.08702256944444445
0 0.6284722222222222 0.054361979166666664 0.06635802469135803 0.10698784722222222
0 0.5623070987654321 0.06293402777777778 0.05594135802469136 0.08723958333333333
0 0.5005787037037037 0.06293402777777778 0.058256172839506175 0.08506944444444445
0 0.4402006172839506 0.07899305555555555 0.05709876543209876 0.05772569444444445
0 0.15952932098765432 0.3033854166666667 0.03742283950617284 0.06076388888888889
0 0.3767361111111111 0.06477864583333333 0.05594135802469136 0.08832465277777778
0 0.22839506172839505 0.06846788194444445 0.06095679012345679 0.08311631944444445
0 0.04822530864197531 0.053168402777777776 0.08024691358024691 0.03602430555555555
0 0.045717592592592594 0.09016927083333333 0.07908950617283951 0.03537326388888889
0 0.16994598765432098 0.3974609375 0.018132716049382717 0.04665798611111111
0 0.19714506172839505 0.3955078125 0.031635802469135804 0.048394097222222224
0 0.24575617283950618 0.3995225694444444 0.05555555555555555 0.017361111111111112
0 0.3107638888888889 0.3956163194444444 0.059027777777777776 0.018229166666666668
0 0.24768518518518517 0.4188368055555556 0.05478395061728395 0.017795138888888888
0 0.28896604938271603 0.078125 0.05169753086419753 0.06163194444444445
0 0.11844135802469136 0.306640625 0.037037037037037035 0.06336805555555555
0 0.07908950617283951 0.3064236111111111 0.035493827160493825 0.05685763888888889
0 0.01716820987654321 0.3461371527777778 0.03433641975308642 0.027777777777777776
0 0.0785108024691358 0.23253038194444445 0.055169753086419755 0.053168402777777776
0 0.023919753086419752 0.2944878472222222 0.047839506172839504 0.030381944444444444
0 0.9625771604938271 0.2823350694444444 0.04552469135802469 0.04296875
0 0.9878472222222222 0.16536458333333334 0.02662037037037037 0.07291666666666667
0 0.9230324074074074 0.16493055555555555 0.03125 0.06684027777777778
0 0.9066358024691358 0.08832465277777778 0.031635802469135804 0.023003472222222224
0 0.8582175925925926 0.09168836805555555 0.03279320987654321 0.023220486111111112
0 0.904320987654321 0.06499565972222222 0.02700617283950617 0.018880208333333332
0 0.8576388888888888 0.06260850694444445 0.031635802469135804 0.021484375
0 0.8003472222222222 0.078125 0.04282407407407408 0.05946180555555555
0 0.7469135802469136 0.07877604166666667 0.046296296296296294 0.05555555555555555
0 0.13271604938271606 0.3758680555555556 0.033179012345679014 0.019097222222222224
0 0.12924382716049382 0.3967013888888889 0.05015432098765432 0.016059027777777776
0 0.12943672839506173 0.4180772569444444 0.055169753086419755 0.021484375
0 0.08140432098765432 0.4227430555555556 0.023919753086419752 0.009982638888888888
0 0.07966820987654322 0.4108072916666667 0.028935185185185185 0.008680555555555556
0 0.07561728395061729 0.3993055555555556 0.037037037037037035 0.010850694444444444
0 0.07889660493827161 0.3857421875 0.027391975308641976 0.010633680555555556
0 0.018518518518518517 0.3741319444444444 0.037037037037037035 0.026909722222222224
0 0.3117283950617284 0.4167751736111111 0.05632716049382716 0.019748263888888888
0 0.31905864197530864 0.48046875 0.05941358024691358 0.018229166666666668
0 0.36516203703703703 0.3917100694444444 0.04128086419753087 0.0720486111111111
0 0.4591049382716049 0.3911675347222222 0.041666666666666664 0.0661892361111111
0 0.9475308641975309 0.4996744791666667 0.047839506172839504 0.04405381944444445
0 0.8819444444444444 0.4810112847222222 0.03935185185185185 0.07486979166666667
0 0.8404706790123457 0.4803602430555556 0.03742283950617284 0.076171875
0 0.7982253086419753 0.4811197916666667 0.038580246913580245 0.07465277777777778
0 0.4097222222222222 0.3910590277777778 0.04089506172839506 0.07118055555555555
0 0.7476851851851852 0.5 0.05324074074074074 0.03211805555555555
0 0.6959876543209876 0.4847005208333333 0.033950617283950615 0.06966145833333333
0 0.6597222222222222 0.4884982638888889 0.02700617283950617 0.06640625
0 0.6280864197530864 0.4889322916666667 0.02854938271604938 0.06553819444444445
0 0.5839120370370371 0.4829644097222222 0.03433641975308642 0.059244791666666664
0 0.5372299382716049 0.4899088541666667 0.03896604938271605 0.0705295138888889
0 0.4849537037037037 0.4838324652777778 0.05246913580246913 0.0783420138888889
0 0.4288194444444444 0.4841579861111111 0.05439814814814815 0.07769097222222222
0 0.9660493827160493 0.3602430555555556 0.04861111111111111 0.036458333333333336
0 0.8859953703703703 0.3833550347222222 0.05131172839506173 0.07964409722222222
0 0.8323688271604939 0.3782552083333333 0.04205246913580247 0.0625
0 0.7808641975308642 0.3854166666666667 0.044753086419753084 0.07552083333333333
0 0.25733024691358025 0.3815104166666667 0.041666666666666664 0.014322916666666666
0 0.3169367283950617 0.3709852430555556 0.04282407407407408 0.021918402777777776
0 0.2611882716049383 0.3645833333333333 0.05787037037037037 0.016059027777777776
0 0.6873070987654321 0.3872612847222222 0.04128086419753087 0.07660590277777778
0 0.6462191358024691 0.3871527777777778 0.032407407407407406 0.07421875
0 0.6032021604938271 0.3905164930555556 0.03202160493827161 0.072265625
0 0.5607638888888888 0.3899739583333333 0.04128086419753087 0.07118055555555555
0 0.5098379629629629 0.3939887152777778 0.04128086419753087 0.06315104166666667
0 0.9868827160493827 0.4197048611111111 0.02854938271604938 0.03428819444444445
